#!ascii label  , from subject 3068 vox2ras=TkReg
1428
72942  -45.243  -20.390  63.727 0.0000000000
84714  -58.055  -8.810  55.194 0.0000000000
78772  -51.436  -14.935  58.194 0.0000000000
46317  -15.341  -43.454  82.667 0.0000000000
70682  -44.082  -21.322  68.628 0.0000000000
52199  -31.366  -38.061  81.483 0.0000000000
60165  -39.012  -31.104  79.957 0.0000000000
62503  -45.838  -29.530  74.168 0.0000000000
66083  -49.032  -25.703  73.069 0.0000000000
52275  -23.334  -37.648  77.306 0.0000000000
51101  -27.230  -38.982  83.139 0.0000000000
53284  -28.337  -36.876  77.746 0.0000000000
61395  -34.867  -29.865  75.179 0.0000000000
60290  -39.574  -30.787  74.668 0.0000000000
72801  -48.473  -19.290  69.938 0.0000000000
75127  -51.186  -18.160  66.622 0.0000000000
80083  -55.532  -13.550  55.373 0.0000000000
75209  -48.573  -17.738  60.599 0.0000000000
85842  -55.517  -8.466  52.112 0.0000000000
43133  -12.799  -46.203  83.554 0.0000000000
71664  -47.175  -20.853  72.788 0.0000000000
73983  -43.629  -18.954  67.530 0.0000000000
55425  -32.376  -34.362  75.684 0.0000000000
56485  -34.919  -34.079  79.755 0.0000000000
76313  -53.863  -17.274  62.930 0.0000000000
95317  -60.433  -1.003  48.996 0.0000000000
61456  -43.706  -29.568  72.165 0.0000000000
63665  -46.087  -27.518  71.279 0.0000000000
53281  -25.678  -37.454  77.127 0.0000000000
61450  -37.921  -30.193  72.768 0.0000000000
61437  -40.580  -29.940  73.307 0.0000000000
61401  -42.982  -29.906  74.702 0.0000000000
72874  -46.455  -19.562  66.740 0.0000000000
72834  -50.071  -19.659  68.335 0.0000000000
74034  -48.650  -19.097  65.358 0.0000000000
82510  -57.699  -11.591  54.636 0.0000000000
81293  -58.874  -12.534  57.419 0.0000000000
88114  -59.364  -6.895  55.659 0.0000000000
46395  -14.429  -43.737  78.777 0.0000000000
45235  -14.252  -44.886  82.855 0.0000000000
68516  -47.457  -23.024  70.435 0.0000000000
69556  -48.127  -22.592  72.878 0.0000000000
70650  -45.465  -21.048  70.501 0.0000000000
73938  -45.499  -19.402  69.701 0.0000000000
72813  -43.043  -19.897  68.631 0.0000000000
51120  -28.856  -38.353  82.259 0.0000000000
50035  -28.813  -39.554  85.295 0.0000000000
51092  -30.912  -38.810  84.610 0.0000000000
52156  -33.269  -38.582  84.148 0.0000000000
55495  -30.489  -34.200  72.765 0.0000000000
59046  -32.008  -31.689  72.731 0.0000000000
60229  -36.508  -31.084  77.826 0.0000000000
60227  -35.451  -32.089  77.588 0.0000000000
58934  -36.628  -32.574  79.661 0.0000000000
55328  -36.156  -35.369  80.896 0.0000000000
50112  -19.163  -40.588  80.749 0.0000000000
50062  -20.057  -40.296  83.318 0.0000000000
48816  -20.199  -40.902  87.478 0.0000000000
77527  -49.905  -16.646  59.953 0.0000000000
75183  -51.781  -17.634  62.119 0.0000000000
77512  -52.965  -16.217  61.069 0.0000000000
95330  -61.760  0.120  47.121 0.0000000000
45169  -14.618  -43.511  86.441 0.0000000000
61405  -47.692  -29.765  76.078 0.0000000000
64814  -49.284  -27.154  75.391 0.0000000000
63651  -47.692  -27.722  72.651 0.0000000000
66134  -47.340  -25.816  70.138 0.0000000000
51136  -22.654  -39.323  80.814 0.0000000000
50067  -24.557  -39.938  83.326 0.0000000000
51157  -25.542  -38.789  80.181 0.0000000000
52213  -27.801  -38.277  80.320 0.0000000000
53246  -29.774  -37.500  79.198 0.0000000000
62497  -32.956  -28.954  73.429 0.0000000000
62499  -35.041  -28.939  74.184 0.0000000000
60287  -36.993  -30.569  75.453 0.0000000000
60232  -39.180  -31.651  77.415 0.0000000000
60235  -42.092  -30.638  76.733 0.0000000000
61358  -44.646  -29.742  77.146 0.0000000000
53259  -20.921  -37.763  77.094 0.0000000000
73892  -49.470  -19.413  72.762 0.0000000000
73877  -52.197  -19.547  73.495 0.0000000000
73927  -50.905  -18.758  71.613 0.0000000000
75098  -52.830  -18.128  69.564 0.0000000000
78789  -53.514  -14.433  56.663 0.0000000000
78740  -54.287  -14.993  59.909 0.0000000000
80043  -56.200  -13.686  58.351 0.0000000000
39147  -6.899  -49.566  86.156 0.0000000000
74097  -47.504  -18.975  61.655 0.0000000000
76383  -47.152  -16.317  58.527 0.0000000000
78797  -50.839  -14.653  56.386 0.0000000000
80080  -52.966  -13.406  54.595 0.0000000000
82507  -54.431  -11.862  53.891 0.0000000000
84727  -55.933  -9.456  54.890 0.0000000000
86950  -56.490  -7.832  54.597 0.0000000000
85828  -54.732  -9.156  52.991 0.0000000000
43111  -12.799  -45.385  87.024 0.0000000000
43108  -10.273  -46.722  87.553 0.0000000000
42069  -8.214  -47.191  87.126 0.0000000000
70569  -50.239  -22.935  76.732 0.0000000000
67302  -49.393  -24.894  74.908 0.0000000000
70604  -49.027  -22.386  74.813 0.0000000000
72714  -49.522  -20.931  74.356 0.0000000000
73908  -47.488  -19.401  71.629 0.0000000000
73971  -46.220  -18.982  68.907 0.0000000000
72896  -44.785  -19.836  65.740 0.0000000000
50018  -26.694  -40.084  85.245 0.0000000000
54326  -30.416  -35.932  75.843 0.0000000000
53265  -32.447  -36.790  77.516 0.0000000000
60267  -34.049  -31.529  74.887 0.0000000000
56536  -34.134  -34.049  77.299 0.0000000000
54250  -34.780  -36.060  79.830 0.0000000000
54215  -35.133  -36.989  82.507 0.0000000000
47592  -16.200  -42.825  79.591 0.0000000000
48947  -17.591  -41.094  79.628 0.0000000000
47546  -16.807  -41.817  83.657 0.0000000000
75170  -49.910  -18.503  63.575 0.0000000000
75147  -52.258  -17.551  64.854 0.0000000000
77452  -55.364  -16.281  66.615 0.0000000000
77514  -55.444  -15.834  61.586 0.0000000000
89329  -57.602  -5.961  54.027 0.0000000000
89332  -60.367  -5.567  53.379 0.0000000000
92889  -61.674  -3.279  52.408 0.0000000000
92919  -59.334  -3.079  50.004 0.0000000000
95260  -62.550  -1.434  51.743 0.0000000000
62533  -42.627  -29.448  71.422 0.0000000000
62583  -43.769  -28.824  70.406 0.0000000000
62581  -41.936  -28.635  69.986 0.0000000000
61470  -39.150  -29.635  71.731 0.0000000000
61472  -41.108  -29.448  71.472 0.0000000000
61454  -41.926  -29.663  72.148 0.0000000000
72923  -46.420  -19.879  64.876 0.0000000000
72899  -47.670  -19.590  65.548 0.0000000000
72944  -46.849  -19.736  64.061 0.0000000000
84743  -58.037  -10.049  54.509 0.0000000000
82498  -59.567  -11.613  55.615 0.0000000000
83646  -60.023  -10.165  55.522 0.0000000000
85808  -60.207  -8.628  55.781 0.0000000000
85806  -58.508  -8.269  55.640 0.0000000000
46336  -15.594  -43.454  81.453 0.0000000000
45265  -14.719  -44.812  81.299 0.0000000000
46316  -15.020  -43.997  83.040 0.0000000000
70684  -45.336  -21.599  69.426 0.0000000000
69574  -46.664  -21.591  70.834 0.0000000000
70666  -45.053  -21.121  69.664 0.0000000000
71705  -44.513  -20.610  69.367 0.0000000000
71704  -43.774  -20.272  68.683 0.0000000000
48861  -22.506  -40.696  85.525 0.0000000000
52180  -30.597  -38.248  82.166 0.0000000000
51104  -29.851  -38.656  83.607 0.0000000000
51123  -31.147  -38.626  83.231 0.0000000000
51107  -32.340  -38.812  84.124 0.0000000000
52182  -32.694  -38.410  82.368 0.0000000000
60185  -37.827  -31.905  79.020 0.0000000000
60184  -37.161  -32.168  78.882 0.0000000000
60163  -37.640  -32.225  79.540 0.0000000000
57651  -37.727  -33.106  80.274 0.0000000000
50079  -21.179  -40.042  82.316 0.0000000000
50049  -21.193  -40.347  83.965 0.0000000000
48876  -20.958  -40.438  84.751 0.0000000000
70582  -51.112  -22.851  76.067 0.0000000000
77546  -50.661  -15.977  59.263 0.0000000000
77529  -51.426  -16.379  60.375 0.0000000000
77548  -52.306  -15.594  59.724 0.0000000000
62489  -46.827  -29.634  75.248 0.0000000000
62505  -47.862  -29.320  74.318 0.0000000000
62520  -46.791  -28.965  73.320 0.0000000000
64880  -46.211  -26.914  70.947 0.0000000000
66133  -46.439  -25.852  69.518 0.0000000000
67394  -46.572  -24.127  69.132 0.0000000000
51172  -23.489  -38.544  79.375 0.0000000000
51155  -23.935  -38.939  80.054 0.0000000000
51173  -24.384  -38.597  79.408 0.0000000000
53310  -26.591  -37.001  76.805 0.0000000000
52279  -26.786  -37.711  78.318 0.0000000000
53261  -28.063  -37.389  78.702 0.0000000000
52236  -29.178  -37.667  79.820 0.0000000000
53262  -29.114  -37.227  78.437 0.0000000000
63634  -33.748  -28.071  72.361 0.0000000000
61435  -38.658  -30.310  73.644 0.0000000000
61419  -37.284  -30.483  74.184 0.0000000000
60289  -38.702  -30.825  74.762 0.0000000000
60252  -38.325  -31.438  76.550 0.0000000000
60272  -39.492  -31.244  75.418 0.0000000000
60234  -41.285  -31.396  76.926 0.0000000000
60255  -41.299  -30.718  75.936 0.0000000000
62486  -44.096  -29.788  74.503 0.0000000000
61376  -43.775  -29.873  75.613 0.0000000000
62471  -44.770  -29.639  75.578 0.0000000000
61379  -46.186  -29.657  76.694 0.0000000000
52230  -22.117  -37.905  78.523 0.0000000000
73925  -48.813  -19.185  71.165 0.0000000000
73912  -50.826  -19.125  72.611 0.0000000000
73943  -49.281  -19.340  70.505 0.0000000000
73990  -50.496  -18.928  67.346 0.0000000000
73974  -51.273  -18.830  68.557 0.0000000000
75115  -51.786  -18.257  67.927 0.0000000000
75099  -53.507  -17.795  69.242 0.0000000000
75116  -52.378  -17.679  67.248 0.0000000000
80053  -54.232  -14.071  56.328 0.0000000000
80042  -55.179  -13.949  57.783 0.0000000000
80055  -55.887  -13.728  57.152 0.0000000000
82446  -60.064  -11.991  58.497 0.0000000000
78808  -51.844  -14.219  55.369 0.0000000000
81314  -50.142  -12.715  54.437 0.0000000000
82493  -53.365  -11.763  53.912 0.0000000000
83641  -53.789  -10.767  53.920 0.0000000000
83642  -54.769  -10.498  53.814 0.0000000000
84725  -54.252  -9.977  53.566 0.0000000000
85815  -55.130  -9.420  53.495 0.0000000000
44169  -13.647  -46.239  81.732 0.0000000000
42095  -11.431  -46.941  83.336 0.0000000000
45129  -13.441  -43.375  89.148 0.0000000000
44131  -13.600  -44.196  86.964 0.0000000000
44120  -12.654  -43.959  89.059 0.0000000000
43104  -11.347  -46.146  88.792 0.0000000000
43102  -9.689  -46.728  88.752 0.0000000000
42070  -9.062  -47.269  87.232 0.0000000000
41116  -8.581  -47.535  88.480 0.0000000000
40172  -7.906  -48.308  88.148 0.0000000000
64831  -49.039  -27.028  74.394 0.0000000000
66054  -49.141  -25.987  75.182 0.0000000000
67317  -49.433  -24.729  73.822 0.0000000000
69555  -47.708  -22.095  73.290 0.0000000000
69545  -48.393  -22.406  73.793 0.0000000000
70602  -48.362  -21.766  73.947 0.0000000000
71622  -49.118  -21.787  74.791 0.0000000000
71651  -48.243  -21.072  73.664 0.0000000000
72753  -48.121  -20.157  72.786 0.0000000000
72771  -46.910  -19.758  72.297 0.0000000000
73952  -44.387  -19.238  68.746 0.0000000000
73954  -45.755  -19.011  69.411 0.0000000000
73984  -44.433  -18.943  67.726 0.0000000000
72873  -45.253  -19.268  66.830 0.0000000000
72871  -43.727  -19.279  66.214 0.0000000000
50068  -25.554  -39.759  83.225 0.0000000000
48881  -25.509  -40.218  84.538 0.0000000000
50032  -26.574  -39.880  84.645 0.0000000000
55448  -31.585  -34.667  74.380 0.0000000000
54351  -30.529  -35.694  74.764 0.0000000000
54327  -31.444  -35.574  75.608 0.0000000000
53287  -31.461  -36.824  77.025 0.0000000000
54282  -32.855  -35.737  77.178 0.0000000000
61394  -34.197  -30.152  74.692 0.0000000000
60286  -33.383  -30.787  74.251 0.0000000000
60268  -34.163  -30.858  75.393 0.0000000000
57685  -35.112  -33.678  78.895 0.0000000000
57698  -35.007  -33.953  77.937 0.0000000000
56505  -34.383  -33.856  78.910 0.0000000000
54263  -33.993  -35.574  79.196 0.0000000000
55345  -34.731  -34.988  79.997 0.0000000000
54227  -34.760  -36.559  81.863 0.0000000000
55326  -35.467  -35.057  80.753 0.0000000000
60190  -42.888  -31.197  79.204 0.0000000000
50125  -18.392  -40.817  80.087 0.0000000000
48919  -17.795  -41.039  81.937 0.0000000000
48918  -17.020  -41.323  81.624 0.0000000000
48801  -20.022  -41.119  88.434 0.0000000000
74098  -48.479  -18.687  61.776 0.0000000000
74080  -48.395  -18.912  62.724 0.0000000000
75180  -49.065  -18.623  62.232 0.0000000000
76312  -53.096  -17.382  62.566 0.0000000000
75162  -52.350  -17.615  63.787 0.0000000000
76284  -53.080  -17.186  64.394 0.0000000000
76263  -53.953  -16.768  66.111 0.0000000000
76302  -54.778  -16.838  64.363 0.0000000000
78742  -56.094  -14.542  60.612 0.0000000000
78717  -54.839  -15.408  60.751 0.0000000000
77515  -56.204  -15.396  61.751 0.0000000000
88138  -56.399  -7.405  53.809 0.0000000000
89328  -57.268  -6.481  54.495 0.0000000000
86968  -57.293  -7.622  53.085 0.0000000000
88171  -59.440  -6.481  51.979 0.0000000000
90508  -60.260  -5.276  51.961 0.0000000000
90501  -61.350  -4.431  53.007 0.0000000000
91707  -60.489  -4.182  51.504 0.0000000000
92946  -58.371  -2.065  48.313 0.0000000000
92932  -58.369  -2.555  49.087 0.0000000000
92933  -59.440  -2.170  49.463 0.0000000000
94123  -61.024  -2.132  51.070 0.0000000000
95289  -61.352  -0.977  50.106 0.0000000000
96412  -61.625  -0.303  49.494 0.0000000000
95332  -62.680  -0.459  47.181 0.0000000000
62501  -44.226  -29.745  73.412 0.0000000000
62537  -45.854  -28.962  72.409 0.0000000000
62560  -44.683  -28.959  71.379 0.0000000000
63680  -44.270  -28.117  70.305 0.0000000000
52276  -24.264  -37.768  77.402 0.0000000000
61469  -38.103  -29.827  71.867 0.0000000000
61451  -38.879  -29.850  72.719 0.0000000000
61422  -40.398  -29.990  74.191 0.0000000000
61399  -41.111  -29.922  74.798 0.0000000000
61423  -41.280  -29.860  74.062 0.0000000000
61425  -43.291  -30.013  73.754 0.0000000000
72832  -48.277  -19.533  68.633 0.0000000000
72818  -48.984  -19.563  69.274 0.0000000000
72853  -48.504  -19.575  67.532 0.0000000000
73988  -49.183  -19.340  66.879 0.0000000000
74036  -49.929  -18.571  66.030 0.0000000000
81320  -57.024  -12.853  55.382 0.0000000000
81302  -57.398  -12.911  56.790 0.0000000000
81322  -58.603  -12.464  56.174 0.0000000000
81294  -59.604  -12.333  57.163 0.0000000000
89284  -60.118  -6.379  56.140 0.0000000000
44170  -14.193  -45.764  81.906 0.0000000000
44157  -13.389  -45.833  83.666 0.0000000000
68505  -48.430  -23.504  71.463 0.0000000000
67333  -49.014  -23.949  72.330 0.0000000000
69567  -48.109  -22.569  71.835 0.0000000000
70639  -46.819  -21.532  71.854 0.0000000000
70638  -46.405  -21.048  72.190 0.0000000000
72769  -45.844  -20.239  72.064 0.0000000000
72799  -45.389  -20.118  69.951 0.0000000000
72814  -44.328  -19.706  68.796 0.0000000000
73967  -43.010  -18.976  68.058 0.0000000000
51102  -28.094  -38.717  83.147 0.0000000000
51088  -27.588  -38.986  83.788 0.0000000000
51103  -28.974  -38.645  83.351 0.0000000000
51076  -29.574  -39.252  84.991 0.0000000000
51080  -32.866  -39.501  85.344 0.0000000000
56596  -31.290  -33.238  73.016 0.0000000000
57763  -32.125  -32.788  74.032 0.0000000000
60249  -35.861  -30.676  77.057 0.0000000000
60248  -35.297  -31.056  76.836 0.0000000000
60228  -35.810  -31.346  77.830 0.0000000000
58947  -36.151  -33.021  78.762 0.0000000000
57670  -35.767  -33.275  79.637 0.0000000000
56437  -35.592  -34.163  80.589 0.0000000000
57650  -36.591  -33.302  80.275 0.0000000000
51168  -20.332  -39.259  78.386 0.0000000000
50113  -20.128  -40.246  80.157 0.0000000000
50061  -19.440  -40.515  83.555 0.0000000000
48857  -18.932  -40.776  85.606 0.0000000000
48858  -19.795  -40.494  85.634 0.0000000000
76351  -48.966  -17.231  60.210 0.0000000000
75194  -50.131  -17.754  61.358 0.0000000000
76337  -50.598  -17.235  60.986 0.0000000000
76323  -52.207  -17.232  61.642 0.0000000000
76325  -53.613  -17.028  62.183 0.0000000000
86992  -55.053  -7.415  51.260 0.0000000000
86978  -56.853  -8.056  52.113 0.0000000000
88168  -56.360  -6.849  50.791 0.0000000000
94160  -59.003  -1.729  47.883 0.0000000000
94162  -60.708  -0.695  47.993 0.0000000000
94173  -59.757  -1.558  47.153 0.0000000000
95358  -61.153  -0.952  45.912 0.0000000000
46287  -15.718  -42.883  84.596 0.0000000000
46286  -15.011  -43.298  84.559 0.0000000000
62473  -48.937  -29.124  76.586 0.0000000000
62491  -48.578  -29.351  75.707 0.0000000000
63637  -48.752  -27.732  73.822 0.0000000000
64864  -48.568  -26.366  72.613 0.0000000000
63650  -46.933  -28.185  72.285 0.0000000000
64882  -47.685  -26.402  71.657 0.0000000000
67364  -48.393  -25.224  71.390 0.0000000000
67382  -47.721  -24.547  70.125 0.0000000000
69600  -46.606  -23.067  69.184 0.0000000000
50080  -22.084  -40.152  82.245 0.0000000000
50066  -23.568  -40.285  83.079 0.0000000000
50082  -24.020  -39.890  82.282 0.0000000000
50083  -25.103  -39.641  82.257 0.0000000000
51117  -25.939  -39.333  81.724 0.0000000000
52255  -25.547  -38.166  78.481 0.0000000000
51158  -26.416  -38.750  80.243 0.0000000000
51140  -27.565  -38.721  81.284 0.0000000000
52195  -28.244  -38.255  80.993 0.0000000000
52197  -29.708  -37.913  81.270 0.0000000000
52217  -31.224  -37.727  80.585 0.0000000000
62498  -33.804  -28.813  73.413 0.0000000000
62485  -34.873  -29.439  74.634 0.0000000000
62516  -36.431  -29.829  73.078 0.0000000000
61432  -35.966  -29.886  74.071 0.0000000000
61396  -35.530  -29.907  75.520 0.0000000000
60269  -36.875  -30.635  76.153 0.0000000000
60231  -38.286  -31.526  77.398 0.0000000000
60209  -38.888  -31.494  78.344 0.0000000000
60166  -40.046  -31.508  79.986 0.0000000000
60188  -40.570  -31.563  79.164 0.0000000000
60189  -41.865  -31.312  78.978 0.0000000000
61328  -42.961  -30.835  78.333 0.0000000000
60256  -42.021  -30.168  76.062 0.0000000000
61357  -43.786  -29.978  76.763 0.0000000000
61343  -43.759  -30.046  77.840 0.0000000000
61359  -45.480  -29.669  77.401 0.0000000000
51169  -20.915  -38.884  78.554 0.0000000000
73854  -50.831  -20.019  74.033 0.0000000000
73875  -51.067  -19.405  74.003 0.0000000000
75062  -52.013  -19.099  72.496 0.0000000000
75063  -52.804  -18.567  72.382 0.0000000000
73944  -50.391  -19.350  70.278 0.0000000000
75086  -52.301  -18.671  71.028 0.0000000000
78773  -52.491  -14.739  58.078 0.0000000000
78739  -53.291  -15.063  59.943 0.0000000000
80033  -54.387  -14.182  58.341 0.0000000000
78758  -55.472  -14.201  59.587 0.0000000000
80036  -56.382  -13.798  60.014 0.0000000000
81291  -57.269  -13.027  57.935 0.0000000000
81272  -57.678  -13.041  59.650 0.0000000000
72954  -44.357  -20.702  62.122 0.0000000000
72956  -46.037  -19.870  62.956 0.0000000000
74096  -46.160  -19.648  61.814 0.0000000000
74111  -46.616  -18.806  60.753 0.0000000000
75207  -46.898  -18.131  60.115 0.0000000000
76350  -48.218  -17.300  59.992 0.0000000000
77544  -48.228  -16.329  59.053 0.0000000000
77558  -48.797  -15.820  58.506 0.0000000000
78771  -50.407  -15.262  58.207 0.0000000000
78786  -50.694  -14.826  57.332 0.0000000000
78798  -51.810  -14.567  56.237 0.0000000000
78799  -52.776  -14.442  55.874 0.0000000000
80067  -54.115  -13.820  55.484 0.0000000000
81316  -52.523  -12.624  54.146 0.0000000000
81317  -53.457  -12.731  54.156 0.0000000000
81330  -54.939  -12.698  54.416 0.0000000000
82508  -55.533  -11.865  54.186 0.0000000000
83644  -56.339  -10.105  54.665 0.0000000000
84728  -57.269  -9.248  54.893 0.0000000000
85804  -57.038  -8.182  55.438 0.0000000000
85816  -55.637  -8.873  54.565 0.0000000000
86959  -55.510  -8.568  53.236 0.0000000000
85835  -55.312  -8.563  52.581 0.0000000000
85850  -54.193  -8.159  51.661 0.0000000000
45184  -13.995  -44.107  85.466 0.0000000000
44149  -13.705  -45.018  84.603 0.0000000000
43122  -12.782  -46.153  85.571 0.0000000000
44125  -12.055  -45.220  88.791 0.0000000000
43116  -11.961  -46.324  86.593 0.0000000000
43121  -11.783  -46.682  85.478 0.0000000000
42083  -10.862  -46.867  85.317 0.0000000000
42081  -8.750  -47.324  85.353 0.0000000000
42080  -7.966  -47.656  85.392 0.0000000000
41119  -7.240  -48.451  86.718 0.0000000000
71611  -50.396  -22.065  75.632 0.0000000000
67290  -49.439  -24.805  76.247 0.0000000000
68482  -49.108  -23.746  73.633 0.0000000000
68456  -49.333  -23.980  75.570 0.0000000000
70578  -49.766  -22.520  75.719 0.0000000000
71609  -49.743  -22.104  75.538 0.0000000000
72698  -49.915  -20.921  74.985 0.0000000000
72736  -49.985  -20.336  73.818 0.0000000000
73891  -48.661  -19.605  72.430 0.0000000000
73924  -47.959  -19.005  71.071 0.0000000000
73922  -46.458  -19.492  70.776 0.0000000000
73940  -46.864  -19.370  70.263 0.0000000000
73972  -46.869  -19.327  68.950 0.0000000000
72851  -45.942  -19.335  67.497 0.0000000000
72897  -45.886  -19.758  65.791 0.0000000000
72922  -45.489  -20.068  64.795 0.0000000000
71729  -42.595  -20.807  68.186 0.0000000000
72829  -41.791  -19.831  68.098 0.0000000000
73966  -42.117  -19.075  67.924 0.0000000000
74003  -41.796  -19.232  66.444 0.0000000000
74031  -42.500  -19.326  65.972 0.0000000000
72920  -43.245  -20.225  64.456 0.0000000000
72940  -42.835  -20.611  63.540 0.0000000000
72941  -43.997  -20.637  63.269 0.0000000000
50019  -27.314  -40.072  85.628 0.0000000000
54349  -28.288  -36.010  75.384 0.0000000000
54350  -29.432  -35.994  75.074 0.0000000000
53313  -29.342  -36.583  76.921 0.0000000000
53286  -30.502  -36.893  77.420 0.0000000000
53264  -31.468  -37.291  78.024 0.0000000000
53233  -32.377  -37.674  80.260 0.0000000000
61431  -31.995  -29.904  73.205 0.0000000000
60285  -33.242  -31.474  73.869 0.0000000000
57746  -33.270  -33.234  75.217 0.0000000000
58992  -34.992  -32.685  76.167 0.0000000000
57713  -34.347  -33.516  76.572 0.0000000000
56535  -33.577  -33.891  76.616 0.0000000000
54283  -33.529  -35.478  77.724 0.0000000000
53234  -33.673  -36.866  79.537 0.0000000000
53220  -32.839  -37.750  80.868 0.0000000000
52183  -33.520  -38.096  82.219 0.0000000000
53188  -34.297  -38.104  82.998 0.0000000000
46378  -15.804  -43.315  78.950 0.0000000000
47575  -16.021  -42.687  80.794 0.0000000000
50136  -18.160  -40.499  78.754 0.0000000000
48984  -17.062  -41.224  77.407 0.0000000000
48946  -16.925  -41.611  79.253 0.0000000000
47576  -16.424  -41.922  81.279 0.0000000000
47545  -16.135  -42.404  83.530 0.0000000000
47534  -16.333  -42.233  84.696 0.0000000000
48815  -19.293  -41.088  87.521 0.0000000000
74068  -48.320  -19.354  63.789 0.0000000000
74055  -48.863  -18.872  64.621 0.0000000000
75145  -50.314  -18.315  65.635 0.0000000000
75171  -50.788  -18.257  63.316 0.0000000000
75161  -51.495  -17.913  64.129 0.0000000000
75128  -52.229  -17.599  66.025 0.0000000000
76244  -53.126  -17.175  66.644 0.0000000000
77532  -53.979  -15.480  60.507 0.0000000000
77513  -54.202  -16.186  61.418 0.0000000000
76327  -55.360  -16.705  62.827 0.0000000000
88125  -57.464  -6.982  55.493 0.0000000000
89309  -58.627  -6.398  55.040 0.0000000000
89310  -59.473  -5.934  55.015 0.0000000000
88151  -58.522  -7.147  52.668 0.0000000000
89331  -59.582  -6.062  53.515 0.0000000000
90485  -59.981  -5.277  54.806 0.0000000000
91656  -61.215  -4.120  54.865 0.0000000000
92863  -61.967  -3.168  54.899 0.0000000000
91723  -59.179  -3.796  50.322 0.0000000000
92905  -60.741  -3.239  51.165 0.0000000000
94092  -62.298  -2.370  52.637 0.0000000000
96425  -61.922  0.008  48.633 0.0000000000
62556  -41.436  -28.941  70.749 0.0000000000
62557  -42.352  -28.972  70.740 0.0000000000
62555  -40.496  -29.017  70.794 0.0000000000
61473  -41.878  -29.342  71.291 0.0000000000
72943  -46.143  -20.087  63.978 0.0000000000
84729  -58.513  -9.480  54.797 0.0000000000
84745  -59.217  -10.337  54.728 0.0000000000
84730  -59.530  -9.980  55.003 0.0000000000
84731  -59.892  -9.846  55.424 0.0000000000
84715  -59.103  -8.983  55.344 0.0000000000
85807  -59.781  -8.145  55.683 0.0000000000
46335  -15.241  -44.143  82.148 0.0000000000
70683  -44.831  -21.666  68.907 0.0000000000
70665  -44.346  -21.132  69.210 0.0000000000
71718  -43.841  -20.800  68.846 0.0000000000
48878  -22.819  -40.689  84.635 0.0000000000
52181  -31.602  -38.486  82.513 0.0000000000
52165  -32.256  -38.564  83.020 0.0000000000
60186  -38.561  -31.504  79.143 0.0000000000
60164  -38.355  -31.751  79.677 0.0000000000
60142  -38.783  -31.545  80.236 0.0000000000
48877  -21.822  -40.521  84.523 0.0000000000
78754  -51.208  -15.403  58.861 0.0000000000
77547  -51.754  -15.803  59.557 0.0000000000
78755  -52.288  -15.033  59.247 0.0000000000
62504  -46.706  -29.502  74.339 0.0000000000
64918  -45.239  -26.655  69.356 0.0000000000
64919  -45.920  -26.265  69.542 0.0000000000
52253  -23.676  -38.001  78.040 0.0000000000
53311  -27.577  -36.673  76.722 0.0000000000
53283  -27.207  -37.426  77.819 0.0000000000
61420  -39.020  -30.597  74.257 0.0000000000
60301  -38.602  -30.594  74.206 0.0000000000
60254  -40.417  -31.542  76.081 0.0000000000
60273  -40.433  -30.878  75.166 0.0000000000
62502  -45.023  -29.657  73.853 0.0000000000
62470  -44.412  -29.712  75.161 0.0000000000
62487  -44.977  -29.723  74.822 0.0000000000
62488  -45.689  -29.603  75.407 0.0000000000
52252  -22.662  -37.809  78.078 0.0000000000
52231  -22.473  -38.009  78.594 0.0000000000
73926  -49.762  -19.111  71.323 0.0000000000
74012  -50.800  -18.620  67.017 0.0000000000
73991  -51.054  -18.686  67.588 0.0000000000
80068  -54.888  -13.803  55.836 0.0000000000
80054  -55.019  -13.917  56.760 0.0000000000
80069  -55.687  -13.726  56.176 0.0000000000
82431  -60.004  -11.914  59.406 0.0000000000
80078  -50.786  -13.718  55.083 0.0000000000
84742  -54.174  -9.440  53.337 0.0000000000
43141  -12.899  -46.384  82.589 0.0000000000
43140  -12.081  -46.495  82.448 0.0000000000
43132  -12.104  -46.492  83.429 0.0000000000
45139  -13.221  -43.791  88.657 0.0000000000
45128  -12.909  -43.637  89.563 0.0000000000
42065  -9.143  -47.075  88.234 0.0000000000
41111  -8.277  -47.786  88.692 0.0000000000
66069  -49.375  -25.920  74.101 0.0000000000
70624  -47.173  -21.305  72.726 0.0000000000
69544  -48.073  -22.077  73.719 0.0000000000
71650  -47.654  -21.042  73.375 0.0000000000
71637  -48.325  -21.512  73.839 0.0000000000
72733  -47.622  -20.795  73.211 0.0000000000
72752  -47.161  -20.532  72.780 0.0000000000
73968  -43.914  -19.021  68.205 0.0000000000
73969  -44.714  -18.995  68.442 0.0000000000
74006  -44.309  -18.915  67.030 0.0000000000
74005  -43.453  -19.099  66.625 0.0000000000
50069  -26.454  -39.532  83.192 0.0000000000
50052  -26.052  -39.879  84.085 0.0000000000
50053  -26.895  -39.341  84.075 0.0000000000
55449  -32.144  -34.306  74.953 0.0000000000
55424  -31.834  -34.859  75.270 0.0000000000
54328  -31.980  -34.897  76.037 0.0000000000
54302  -32.194  -35.620  76.358 0.0000000000
61370  -34.688  -30.588  75.842 0.0000000000
57684  -34.941  -33.864  78.584 0.0000000000
56484  -34.525  -34.041  79.413 0.0000000000
55363  -34.439  -34.641  79.527 0.0000000000
55364  -34.735  -34.645  79.959 0.0000000000
55346  -34.972  -35.045  80.365 0.0000000000
60169  -43.294  -31.326  79.791 0.0000000000
48890  -18.064  -40.908  83.804 0.0000000000
75192  -48.107  -18.266  61.081 0.0000000000
75193  -49.089  -18.147  61.459 0.0000000000
76300  -53.133  -17.401  63.404 0.0000000000
76301  -53.904  -17.082  63.898 0.0000000000
76285  -53.914  -16.746  64.956 0.0000000000
78718  -55.750  -15.102  61.025 0.0000000000
86967  -56.093  -7.985  52.996 0.0000000000
86977  -56.134  -8.321  52.292 0.0000000000
90524  -59.921  -4.800  51.332 0.0000000000
90525  -60.383  -4.719  51.767 0.0000000000
94147  -59.228  -1.903  48.769 0.0000000000
94148  -60.031  -1.409  49.371 0.0000000000
95288  -60.602  -1.318  49.911 0.0000000000
95303  -60.743  -0.928  49.438 0.0000000000
62517  -44.303  -29.492  72.502 0.0000000000
62535  -44.249  -29.287  71.729 0.0000000000
62582  -43.107  -28.595  69.976 0.0000000000
62553  -38.422  -29.167  70.965 0.0000000000
61452  -39.851  -29.735  72.564 0.0000000000
61436  -39.633  -29.936  73.460 0.0000000000
61455  -42.972  -29.743  72.168 0.0000000000
61439  -42.582  -29.965  73.005 0.0000000000
61440  -43.516  -29.803  72.845 0.0000000000
72852  -47.117  -19.374  67.961 0.0000000000
72875  -47.627  -19.555  66.578 0.0000000000
74033  -48.164  -19.445  65.277 0.0000000000
72876  -48.507  -19.455  66.596 0.0000000000
74009  -48.905  -19.024  66.133 0.0000000000
74010  -49.618  -18.857  66.381 0.0000000000
82495  -57.362  -12.205  54.854 0.0000000000
81321  -58.052  -12.594  55.929 0.0000000000
82496  -57.953  -12.181  55.165 0.0000000000
82469  -60.113  -11.885  56.870 0.0000000000
82461  -60.663  -11.883  57.881 0.0000000000
82470  -60.578  -11.773  57.170 0.0000000000
88100  -59.767  -6.973  56.174 0.0000000000
88101  -60.068  -6.705  56.324 0.0000000000
88115  -59.806  -6.744  56.072 0.0000000000
45251  -14.846  -44.694  81.999 0.0000000000
45264  -14.397  -45.173  81.115 0.0000000000
45250  -14.505  -45.200  82.015 0.0000000000
44158  -13.691  -45.175  83.684 0.0000000000
68517  -47.993  -23.692  70.673 0.0000000000
69576  -47.734  -22.969  71.177 0.0000000000
70651  -46.227  -21.303  71.161 0.0000000000
70652  -46.759  -21.515  71.366 0.0000000000
71693  -45.875  -20.847  71.833 0.0000000000
71679  -45.787  -20.446  71.952 0.0000000000
71692  -45.637  -20.615  71.100 0.0000000000
72798  -44.235  -20.111  68.795 0.0000000000
73951  -43.524  -19.432  68.403 0.0000000000
51105  -30.700  -38.675  83.767 0.0000000000
51091  -30.044  -38.852  84.446 0.0000000000
51077  -30.247  -39.059  85.242 0.0000000000
52166  -32.986  -38.576  83.480 0.0000000000
51094  -32.848  -39.027  84.546 0.0000000000
57778  -31.732  -32.605  73.174 0.0000000000
59035  -32.474  -32.027  73.477 0.0000000000
60162  -36.973  -32.406  79.310 0.0000000000
60183  -36.668  -32.432  78.783 0.0000000000
60161  -36.578  -32.605  79.186 0.0000000000
58933  -36.175  -32.902  79.420 0.0000000000
58916  -36.289  -32.747  79.932 0.0000000000
57649  -35.857  -33.298  80.180 0.0000000000
58917  -36.657  -32.707  80.100 0.0000000000
51151  -20.575  -39.588  79.253 0.0000000000
50127  -20.075  -39.933  79.041 0.0000000000
50114  -20.871  -39.869  80.053 0.0000000000
50078  -20.321  -40.131  82.397 0.0000000000
50047  -19.862  -40.350  84.060 0.0000000000
48874  -19.305  -40.508  84.585 0.0000000000
48875  -20.149  -40.346  84.792 0.0000000000
48860  -21.570  -40.567  85.573 0.0000000000
48839  -21.312  -40.630  86.518 0.0000000000
76372  -49.220  -16.864  59.936 0.0000000000
76352  -49.889  -17.075  60.312 0.0000000000
76353  -50.782  -16.827  60.601 0.0000000000
77511  -52.104  -16.321  60.911 0.0000000000
76339  -51.733  -16.707  61.121 0.0000000000
76340  -52.553  -16.728  61.369 0.0000000000
76324  -52.920  -17.163  61.880 0.0000000000
76341  -53.379  -16.711  61.599 0.0000000000
86993  -55.927  -7.505  51.106 0.0000000000
94159  -58.035  -1.954  47.573 0.0000000000
94172  -58.755  -1.913  46.969 0.0000000000
46271  -15.761  -42.617  85.686 0.0000000000
46231  -14.616  -42.456  89.896 0.0000000000
61381  -48.062  -29.818  76.648 0.0000000000
62490  -47.753  -29.622  75.376 0.0000000000
63636  -47.903  -28.309  73.372 0.0000000000
63625  -48.298  -28.776  74.001 0.0000000000
64844  -48.699  -26.973  73.224 0.0000000000
64843  -48.020  -27.472  72.859 0.0000000000
63649  -45.717  -28.468  71.706 0.0000000000
64903  -47.018  -26.417  70.540 0.0000000000
64881  -47.116  -26.878  71.112 0.0000000000
66113  -47.358  -26.216  70.787 0.0000000000
66098  -47.852  -26.142  71.888 0.0000000000
66135  -47.891  -25.223  70.617 0.0000000000
68538  -46.603  -23.627  69.175 0.0000000000
50081  -23.062  -40.302  82.155 0.0000000000
50100  -23.462  -39.734  81.459 0.0000000000
51156  -24.763  -38.854  80.065 0.0000000000
50101  -24.436  -39.617  81.307 0.0000000000
51137  -25.059  -39.253  80.689 0.0000000000
50102  -25.307  -39.501  81.343 0.0000000000
51138  -25.780  -38.984  80.934 0.0000000000
52254  -24.610  -38.054  78.155 0.0000000000
52234  -27.468  -37.973  79.536 0.0000000000
52233  -26.659  -38.204  79.441 0.0000000000
52212  -27.154  -38.526  79.941 0.0000000000
51159  -27.163  -38.792  80.543 0.0000000000
52215  -29.472  -37.834  80.584 0.0000000000
52237  -30.101  -37.714  79.989 0.0000000000
52216  -30.285  -37.787  80.675 0.0000000000
52238  -30.694  -37.656  80.202 0.0000000000
62514  -34.535  -28.657  72.629 0.0000000000
62513  -33.795  -28.354  72.842 0.0000000000
62484  -34.454  -29.380  74.349 0.0000000000
61468  -37.291  -29.838  72.224 0.0000000000
62532  -36.488  -29.653  72.424 0.0000000000
61449  -37.022  -30.064  72.930 0.0000000000
61418  -36.593  -30.311  74.658 0.0000000000
61417  -35.710  -29.703  74.747 0.0000000000
61397  -36.268  -30.220  75.603 0.0000000000
61373  -36.400  -30.425  76.252 0.0000000000
58994  -38.767  -31.619  76.803 0.0000000000
58977  -38.752  -31.618  77.114 0.0000000000
60210  -39.889  -31.656  78.296 0.0000000000
60211  -41.025  -31.562  78.085 0.0000000000
60212  -42.114  -31.149  77.724 0.0000000000
61342  -42.936  -30.424  77.313 0.0000000000
61400  -41.951  -29.906  74.764 0.0000000000
61374  -41.626  -30.105  75.422 0.0000000000
61375  -42.516  -29.976  75.518 0.0000000000
61377  -44.614  -29.650  76.233 0.0000000000
61344  -44.717  -29.905  78.151 0.0000000000
61404  -46.920  -29.616  76.039 0.0000000000
61380  -47.045  -29.841  76.735 0.0000000000
51187  -20.989  -38.144  78.086 0.0000000000
51135  -22.193  -39.296  80.714 0.0000000000
73874  -50.604  -19.764  73.821 0.0000000000
73855  -50.984  -19.883  74.178 0.0000000000
73893  -50.218  -19.164  73.209 0.0000000000
75061  -51.395  -19.360  72.813 0.0000000000
75074  -51.416  -18.914  72.288 0.0000000000
75075  -52.020  -18.651  71.848 0.0000000000
72833  -49.223  -19.654  68.440 0.0000000000
72819  -49.838  -19.687  69.219 0.0000000000
73958  -50.669  -19.428  69.027 0.0000000000
75107  -52.071  -18.455  69.039 0.0000000000
73959  -51.394  -18.992  69.635 0.0000000000
75097  -52.186  -18.536  70.097 0.0000000000
75076  -53.186  -18.452  71.523 0.0000000000
75087  -53.093  -18.323  70.508 0.0000000000
75088  -53.522  -18.113  69.944 0.0000000000
76218  -54.246  -17.499  68.934 0.0000000000
78774  -53.475  -14.499  57.722 0.0000000000
80034  -55.368  -14.125  58.788 0.0000000000
80035  -56.110  -13.780  59.438 0.0000000000
81270  -56.456  -13.599  59.486 0.0000000000
81292  -58.017  -12.642  57.659 0.0000000000
81273  -58.563  -12.645  59.353 0.0000000000
40182  -6.854  -49.063  85.717 0.0000000000
40188  -6.724  -49.197  85.034 0.0000000000
39157  -6.562  -49.753  85.295 0.0000000000
75206  -45.991  -18.213  60.019 0.0000000000
75226  -47.136  -17.717  59.688 0.0000000000
76370  -47.377  -17.050  59.190 0.0000000000
76371  -48.595  -16.892  59.613 0.0000000000
77543  -47.588  -16.344  58.819 0.0000000000
78770  -49.281  -15.232  57.921 0.0000000000
77559  -49.847  -15.734  58.658 0.0000000000
78796  -50.173  -14.650  56.683 0.0000000000
78787  -51.637  -14.691  57.218 0.0000000000
78809  -52.584  -13.973  55.102 0.0000000000
80066  -53.329  -13.920  55.243 0.0000000000
82506  -53.846  -12.277  53.970 0.0000000000
81329  -54.158  -12.754  54.223 0.0000000000
81331  -55.847  -12.580  54.628 0.0000000000
83643  -55.578  -10.297  54.302 0.0000000000
85817  -56.734  -8.443  55.124 0.0000000000
86949  -55.580  -8.661  53.908 0.0000000000
42094  -10.604  -47.518  83.174 0.0000000000
45202  -14.584  -43.911  84.596 0.0000000000
45168  -13.955  -43.864  86.358 0.0000000000
44130  -12.926  -44.762  87.546 0.0000000000
44136  -13.688  -44.540  86.419 0.0000000000
44135  -13.303  -45.195  86.452 0.0000000000
44141  -13.482  -45.597  85.583 0.0000000000
43117  -12.870  -45.857  86.525 0.0000000000
44118  -11.285  -45.022  89.529 0.0000000000
43109  -11.141  -46.467  87.661 0.0000000000
43115  -10.927  -46.947  86.642 0.0000000000
42077  -10.692  -46.949  86.067 0.0000000000
42075  -8.902  -47.083  86.277 0.0000000000
42074  -8.047  -47.294  86.202 0.0000000000
41125  -7.478  -47.912  86.103 0.0000000000
41120  -7.798  -47.793  86.946 0.0000000000
39129  -8.510  -48.657  88.212 0.0000000000
70570  -50.473  -23.197  76.471 0.0000000000
70581  -50.585  -22.645  75.982 0.0000000000
70580  -50.136  -22.778  76.084 0.0000000000
63611  -49.126  -28.218  75.894 0.0000000000
63597  -49.305  -28.093  76.678 0.0000000000
64800  -49.439  -27.216  76.266 0.0000000000
66043  -49.437  -26.096  76.067 0.0000000000
67289  -49.340  -25.028  75.836 0.0000000000
66044  -49.507  -25.239  76.324 0.0000000000
68495  -48.692  -23.445  72.454 0.0000000000
68496  -48.962  -23.623  73.046 0.0000000000
68481  -48.579  -23.160  73.385 0.0000000000
69534  -48.831  -22.522  74.464 0.0000000000
68466  -48.831  -23.089  74.178 0.0000000000
69535  -49.187  -23.019  74.928 0.0000000000
69527  -49.443  -23.150  75.660 0.0000000000
69516  -49.709  -22.959  75.958 0.0000000000
70593  -49.265  -22.281  75.280 0.0000000000
71639  -49.263  -21.428  74.658 0.0000000000
71623  -49.500  -21.526  75.108 0.0000000000
71624  -49.950  -21.436  75.350 0.0000000000
72735  -49.060  -20.390  73.573 0.0000000000
72772  -47.887  -19.700  72.164 0.0000000000
73909  -48.328  -19.344  71.743 0.0000000000
72785  -46.068  -19.875  71.377 0.0000000000
72800  -45.891  -19.655  70.398 0.0000000000
73970  -45.498  -18.957  68.686 0.0000000000
73939  -46.106  -19.336  70.045 0.0000000000
73955  -46.486  -19.220  69.561 0.0000000000
73956  -47.403  -19.334  69.660 0.0000000000
73987  -46.563  -19.216  68.517 0.0000000000
73986  -46.102  -19.130  68.234 0.0000000000
72921  -44.390  -20.222  64.642 0.0000000000
71716  -42.347  -20.139  68.474 0.0000000000
72828  -41.157  -19.909  67.626 0.0000000000
73980  -41.283  -19.513  66.836 0.0000000000
73981  -41.865  -18.960  67.220 0.0000000000
74002  -41.107  -19.505  66.107 0.0000000000
74030  -41.729  -19.528  65.672 0.0000000000
72893  -41.582  -19.901  64.900 0.0000000000
72894  -42.472  -19.793  65.172 0.0000000000
72919  -42.242  -20.303  64.307 0.0000000000
48895  -23.957  -40.434  83.826 0.0000000000
48880  -24.714  -40.429  84.394 0.0000000000
48865  -26.062  -39.994  85.041 0.0000000000
50055  -28.350  -39.379  84.615 0.0000000000
50054  -27.678  -39.365  84.410 0.0000000000
50034  -27.900  -39.680  85.161 0.0000000000
54299  -29.840  -36.565  76.983 0.0000000000
54300  -30.507  -36.492  76.626 0.0000000000
53232  -31.584  -37.605  80.136 0.0000000000
53248  -32.682  -37.175  78.739 0.0000000000
62496  -32.519  -29.442  73.402 0.0000000000
60266  -33.591  -32.177  74.482 0.0000000000
59006  -33.250  -32.664  74.792 0.0000000000
59007  -33.870  -32.573  75.269 0.0000000000
60247  -34.817  -31.728  76.326 0.0000000000
60226  -35.283  -32.368  77.102 0.0000000000
57714  -34.819  -33.737  77.235 0.0000000000
55408  -33.566  -34.461  77.139 0.0000000000
55393  -33.322  -34.993  77.324 0.0000000000
55394  -33.948  -34.812  77.814 0.0000000000
53221  -33.665  -37.550  80.932 0.0000000000
53209  -34.195  -37.266  82.008 0.0000000000
53197  -34.861  -36.855  82.420 0.0000000000
53196  -34.519  -37.408  82.568 0.0000000000
55327  -35.752  -34.999  80.874 0.0000000000
60167  -41.128  -31.393  79.999 0.0000000000
46359  -15.626  -43.339  80.152 0.0000000000
50126  -19.246  -40.299  79.293 0.0000000000
50137  -19.049  -40.284  77.917 0.0000000000
48964  -17.461  -41.184  78.329 0.0000000000
47560  -16.566  -41.870  82.508 0.0000000000
47559  -15.951  -42.687  82.246 0.0000000000
48837  -19.512  -40.757  86.569 0.0000000000
73858  -52.235  -19.955  73.754 0.0000000000
74078  -46.482  -19.756  62.558 0.0000000000
74079  -47.161  -19.646  62.988 0.0000000000
74081  -49.300  -18.701  62.914 0.0000000000
74069  -49.059  -18.754  63.713 0.0000000000
75159  -49.741  -18.581  64.675 0.0000000000
75160  -50.576  -18.185  64.438 0.0000000000
75195  -51.041  -17.516  61.525 0.0000000000
75182  -50.870  -17.853  62.320 0.0000000000
75146  -51.282  -17.801  65.293 0.0000000000
76262  -53.049  -17.062  65.489 0.0000000000
76264  -54.738  -16.562  66.780 0.0000000000
77496  -55.114  -16.424  62.081 0.0000000000
77495  -54.621  -16.542  61.882 0.0000000000
86951  -56.809  -7.725  55.229 0.0000000000
88112  -57.411  -7.264  55.635 0.0000000000
88124  -56.924  -7.002  55.356 0.0000000000
89318  -57.717  -6.271  54.735 0.0000000000
89319  -58.502  -6.007  54.530 0.0000000000
86979  -57.907  -7.559  52.450 0.0000000000
86996  -58.201  -7.381  51.986 0.0000000000
89338  -59.968  -6.101  52.528 0.0000000000
88142  -59.498  -6.452  52.994 0.0000000000
89321  -59.986  -5.572  53.984 0.0000000000
90492  -59.986  -5.420  54.376 0.0000000000
90493  -60.448  -4.947  54.131 0.0000000000
90486  -60.554  -4.591  55.017 0.0000000000
91669  -61.037  -4.301  54.309 0.0000000000
91694  -61.338  -4.125  52.625 0.0000000000
91670  -61.622  -3.769  54.350 0.0000000000
92878  -61.999  -3.180  53.470 0.0000000000
91671  -62.561  -3.406  54.187 0.0000000000
92904  -60.096  -3.229  50.521 0.0000000000
94124  -61.660  -1.656  51.389 0.0000000000
94106  -61.789  -2.209  52.003 0.0000000000
94107  -62.266  -1.824  52.118 0.0000000000
94093  -62.751  -2.179  52.740 0.0000000000
95246  -62.887  -1.675  52.192 0.0000000000
95329  -61.289  -0.261  47.545 0.0000000000
96435  -61.499  -0.003  48.328 0.0000000000
96436  -61.926  0.159  47.647 0.0000000000
62534  -43.503  -29.424  71.521 0.0000000000
62558  -43.244  -29.086  70.827 0.0000000000
62554  -39.500  -29.059  70.879 0.0000000000
61471  -40.147  -29.444  71.644 0.0000000000
61453  -40.847  -29.742  72.385 0.0000000000
72898  -46.886  -19.749  65.742 0.0000000000
72924  -47.225  -19.742  64.885 0.0000000000
74053  -47.816  -19.588  64.907 0.0000000000
83660  -58.299  -10.829  54.428 0.0000000000
83661  -59.209  -10.799  54.688 0.0000000000
83645  -59.852  -10.909  55.454 0.0000000000
84702  -60.788  -9.715  56.164 0.0000000000
85793  -60.545  -8.518  55.933 0.0000000000
86940  -59.032  -7.494  55.616 0.0000000000
46358  -15.215  -44.273  80.803 0.0000000000
46376  -14.329  -43.801  80.031 0.0000000000
45236  -14.648  -44.409  82.911 0.0000000000
69585  -46.906  -22.486  69.856 0.0000000000
69584  -46.406  -21.801  70.341 0.0000000000
70667  -45.709  -21.458  70.036 0.0000000000
71706  -45.331  -20.694  70.087 0.0000000000
48840  -22.240  -40.768  86.474 0.0000000000
52179  -29.784  -38.075  81.935 0.0000000000
51121  -29.769  -38.424  82.714 0.0000000000
51122  -30.603  -38.576  82.980 0.0000000000
51093  -31.788  -39.065  84.701 0.0000000000
51106  -31.714  -38.703  83.688 0.0000000000
60207  -37.212  -31.641  78.412 0.0000000000
58935  -37.110  -32.445  79.787 0.0000000000
58918  -37.631  -32.540  80.068 0.0000000000
58901  -38.350  -32.509  80.307 0.0000000000
50063  -20.792  -40.220  83.226 0.0000000000
50048  -20.476  -40.303  84.024 0.0000000000
77528  -50.331  -16.492  60.047 0.0000000000
77530  -52.424  -16.049  60.213 0.0000000000
62521  -47.347  -29.097  73.754 0.0000000000
63635  -47.197  -28.474  73.005 0.0000000000
63681  -45.428  -27.340  70.389 0.0000000000
64902  -46.189  -26.606  70.279 0.0000000000
67381  -46.982  -24.942  69.265 0.0000000000
67380  -46.347  -25.378  69.090 0.0000000000
51154  -22.921  -38.944  80.232 0.0000000000
50116  -23.686  -39.380  80.728 0.0000000000
53282  -26.112  -37.426  77.299 0.0000000000
52278  -26.242  -37.727  78.009 0.0000000000
52257  -27.228  -37.677  78.781 0.0000000000
52258  -27.767  -37.709  79.115 0.0000000000
52235  -28.274  -37.778  79.506 0.0000000000
53244  -28.386  -37.580  79.094 0.0000000000
53245  -28.810  -37.554  79.111 0.0000000000
61434  -37.568  -30.431  73.518 0.0000000000
60300  -38.071  -30.623  74.187 0.0000000000
60288  -37.680  -30.712  74.967 0.0000000000
60270  -37.639  -30.917  75.925 0.0000000000
60271  -38.506  -31.175  75.660 0.0000000000
60253  -39.240  -31.676  76.470 0.0000000000
60233  -40.213  -31.816  77.207 0.0000000000
61378  -45.419  -29.566  76.358 0.0000000000
61402  -45.705  -29.561  75.945 0.0000000000
61403  -46.111  -29.597  75.982 0.0000000000
51170  -21.573  -38.302  78.800 0.0000000000
51171  -22.525  -38.370  79.076 0.0000000000
73910  -49.180  -19.284  71.964 0.0000000000
73911  -50.042  -19.096  72.277 0.0000000000
72855  -50.184  -19.400  67.670 0.0000000000
75108  -52.743  -17.796  68.480 0.0000000000
76229  -53.223  -17.185  67.739 0.0000000000
80041  -54.292  -14.178  57.272 0.0000000000
81284  -59.519  -12.473  58.046 0.0000000000
81283  -58.701  -12.603  58.369 0.0000000000
81274  -59.350  -12.231  58.982 0.0000000000
90468  -62.313  -4.990  55.437 0.0000000000
80064  -49.940  -14.150  55.995 0.0000000000
80065  -50.633  -14.366  55.726 0.0000000000
80079  -51.979  -13.481  54.665 0.0000000000
83656  -54.389  -11.048  54.078 0.0000000000
83657  -55.122  -11.067  54.073 0.0000000000
84726  -55.310  -9.768  53.950 0.0000000000
42103  -11.416  -46.905  82.301 0.0000000000
45140  -13.825  -43.303  88.569 0.0000000000
45151  -13.170  -44.150  88.089 0.0000000000
43099  -10.904  -45.776  89.547 0.0000000000
43103  -10.093  -46.588  88.485 0.0000000000
42066  -9.778  -46.820  87.962 0.0000000000
43114  -10.192  -46.823  87.013 0.0000000000
42064  -8.442  -47.209  87.719 0.0000000000
41115  -7.936  -47.535  88.104 0.0000000000
40168  -8.798  -48.229  88.701 0.0000000000
70613  -48.313  -22.110  73.928 0.0000000000
70603  -48.669  -21.971  74.374 0.0000000000
70592  -49.032  -22.018  74.877 0.0000000000
71638  -48.787  -21.307  74.174 0.0000000000
72713  -48.864  -20.835  73.963 0.0000000000
72734  -48.161  -20.776  73.477 0.0000000000
72815  -44.935  -19.443  69.265 0.0000000000
73953  -45.054  -19.068  69.139 0.0000000000
73985  -45.283  -19.019  67.761 0.0000000000
72850  -45.496  -19.196  67.359 0.0000000000
74007  -44.825  -18.944  67.319 0.0000000000
72872  -44.181  -19.292  66.348 0.0000000000
50051  -25.244  -39.973  83.940 0.0000000000
50020  -28.146  -39.925  86.015 0.0000000000
56576  -31.169  -33.926  73.106 0.0000000000
55471  -30.752  -34.756  73.478 0.0000000000
55447  -30.956  -35.220  74.253 0.0000000000
54352  -31.328  -35.273  74.832 0.0000000000
54301  -31.378  -36.155  76.373 0.0000000000
53288  -32.110  -36.252  76.867 0.0000000000
61415  -33.803  -29.483  73.870 0.0000000000
61414  -33.417  -30.028  73.868 0.0000000000
61393  -33.780  -30.653  74.653 0.0000000000
58961  -35.664  -33.175  78.092 0.0000000000
58960  -35.436  -33.394  77.769 0.0000000000
57699  -35.249  -33.657  78.299 0.0000000000
56521  -34.546  -34.300  78.039 0.0000000000
55380  -33.912  -34.583  78.778 0.0000000000
54238  -34.767  -36.639  81.000 0.0000000000
54251  -35.248  -36.094  80.279 0.0000000000
54239  -35.446  -36.124  80.799 0.0000000000
54228  -35.408  -36.370  81.424 0.0000000000
50111  -18.321  -40.761  81.278 0.0000000000
48932  -17.615  -40.976  80.840 0.0000000000
48931  -16.929  -41.384  80.452 0.0000000000
48904  -17.199  -41.323  82.731 0.0000000000
47535  -17.146  -41.760  84.785 0.0000000000
48802  -20.897  -40.730  88.394 0.0000000000
75172  -51.638  -17.869  63.081 0.0000000000
75173  -52.436  -17.623  62.849 0.0000000000
76286  -55.006  -16.358  65.603 0.0000000000
78741  -55.279  -14.639  60.211 0.0000000000
88130  -56.264  -7.091  54.292 0.0000000000
88131  -56.786  -6.817  54.691 0.0000000000
88139  -56.816  -6.880  53.885 0.0000000000
88140  -58.019  -6.967  53.477 0.0000000000
89339  -60.590  -5.344  52.661 0.0000000000
90500  -60.997  -4.819  53.212 0.0000000000
90509  -60.797  -4.597  52.309 0.0000000000
91693  -61.003  -3.739  52.010 0.0000000000
92945  -57.363  -2.480  48.099 0.0000000000
94136  -60.300  -2.051  50.039 0.0000000000
94122  -60.341  -2.704  50.503 0.0000000000
94137  -60.930  -1.585  50.376 0.0000000000
95275  -62.089  -1.232  50.923 0.0000000000
96388  -62.434  -0.801  50.599 0.0000000000
96453  -62.144  0.215  46.709 0.0000000000
96437  -62.489  0.052  47.141 0.0000000000
96438  -62.864  -0.125  46.575 0.0000000000
62519  -45.820  -29.273  73.244 0.0000000000
62518  -45.044  -29.376  72.896 0.0000000000
62536  -45.038  -29.008  71.889 0.0000000000
63648  -45.247  -28.634  71.540 0.0000000000
62559  -44.208  -28.917  70.950 0.0000000000
63663  -44.543  -28.475  70.773 0.0000000000
63664  -44.986  -28.323  71.179 0.0000000000
63696  -44.829  -27.461  69.787 0.0000000000
53309  -25.545  -37.238  76.629 0.0000000000
53328  -26.896  -36.725  76.288 0.0000000000
54323  -27.625  -36.471  76.195 0.0000000000
62552  -37.053  -29.198  71.244 0.0000000000
61421  -39.582  -30.355  74.101 0.0000000000
60291  -40.167  -30.528  74.519 0.0000000000
61398  -40.638  -30.297  74.784 0.0000000000
61424  -42.264  -29.879  73.927 0.0000000000
61438  -41.566  -29.977  73.144 0.0000000000
72817  -48.185  -19.346  69.572 0.0000000000
72854  -49.532  -19.553  67.650 0.0000000000
73989  -49.871  -19.043  67.120 0.0000000000
74011  -50.371  -18.617  66.544 0.0000000000
80084  -56.211  -13.459  55.632 0.0000000000
80070  -56.524  -13.447  56.409 0.0000000000
81303  -58.331  -12.598  56.740 0.0000000000
82497  -58.875  -12.089  55.607 0.0000000000
81304  -59.079  -12.333  56.515 0.0000000000
82447  -60.675  -11.870  58.763 0.0000000000
85794  -61.173  -8.789  56.257 0.0000000000
88102  -60.777  -6.658  56.197 0.0000000000
89285  -60.432  -6.037  56.072 0.0000000000
46357  -14.578  -44.618  80.619 0.0000000000
44185  -13.667  -45.418  80.278 0.0000000000
44178  -14.014  -45.647  80.920 0.0000000000
44163  -13.604  -46.123  82.752 0.0000000000
67350  -48.747  -24.958  71.748 0.0000000000
67334  -49.122  -24.431  72.659 0.0000000000
67349  -48.859  -24.124  71.911 0.0000000000
69575  -47.276  -21.841  71.009 0.0000000000
69566  -47.486  -21.990  72.313 0.0000000000
70623  -46.732  -20.942  72.480 0.0000000000
71663  -46.590  -20.658  72.564 0.0000000000
72751  -46.464  -20.380  72.706 0.0000000000
72784  -45.688  -20.266  71.610 0.0000000000
73982  -42.736  -18.976  67.376 0.0000000000
51089  -28.273  -38.974  83.963 0.0000000000
51090  -29.114  -39.061  84.321 0.0000000000
50036  -29.630  -39.473  85.674 0.0000000000
56577  -31.672  -33.402  73.573 0.0000000000
56559  -32.106  -33.756  74.320 0.0000000000
56560  -32.645  -33.784  75.103 0.0000000000
61371  -35.329  -30.349  76.154 0.0000000000
60206  -36.503  -31.763  78.461 0.0000000000
60205  -36.018  -32.303  78.408 0.0000000000
60204  -35.856  -32.579  78.174 0.0000000000
58946  -35.861  -33.281  78.834 0.0000000000
57669  -35.474  -33.497  79.381 0.0000000000
57648  -35.460  -33.607  79.922 0.0000000000
56463  -35.384  -34.113  80.436 0.0000000000
56464  -35.502  -33.827  80.631 0.0000000000
56438  -36.052  -34.193  80.576 0.0000000000
56465  -36.908  -34.118  80.115 0.0000000000
55347  -37.187  -35.073  80.331 0.0000000000
50096  -19.788  -40.308  81.564 0.0000000000
48891  -18.777  -40.735  83.759 0.0000000000
48838  -20.408  -40.606  86.552 0.0000000000
48859  -20.678  -40.488  85.638 0.0000000000
75210  -49.320  -17.567  60.801 0.0000000000
76354  -51.267  -16.719  60.816 0.0000000000
76338  -51.180  -17.069  61.069 0.0000000000
75196  -51.608  -17.286  61.458 0.0000000000
75184  -52.512  -17.484  62.182 0.0000000000
85852  -55.607  -8.063  51.514 0.0000000000
85843  -56.088  -8.342  51.852 0.0000000000
85853  -56.265  -7.996  51.507 0.0000000000
86994  -56.808  -7.546  51.226 0.0000000000
94161  -60.107  -1.260  48.317 0.0000000000
94174  -60.627  -0.989  47.339 0.0000000000
94185  -59.525  -2.101  45.946 0.0000000000
94186  -60.522  -1.265  46.341 0.0000000000
95341  -61.223  -0.684  46.567 0.0000000000
46302  -15.497  -43.032  83.535 0.0000000000
46270  -15.000  -42.999  85.532 0.0000000000
46230  -13.863  -42.822  89.385 0.0000000000
62506  -48.364  -29.296  74.946 0.0000000000
63626  -48.797  -28.441  74.581 0.0000000000
62538  -46.392  -28.933  72.764 0.0000000000
63666  -46.855  -27.559  71.546 0.0000000000
64862  -47.238  -27.413  71.770 0.0000000000
64863  -47.798  -26.899  72.227 0.0000000000
66099  -48.568  -25.802  72.062 0.0000000000
66115  -48.415  -25.448  71.609 0.0000000000
67363  -48.367  -24.634  71.071 0.0000000000
68527  -47.631  -23.697  70.155 0.0000000000
68526  -47.039  -23.677  69.700 0.0000000000
69599  -45.765  -22.262  69.093 0.0000000000
69598  -45.095  -22.064  68.675 0.0000000000
48894  -23.158  -40.544  83.837 0.0000000000
50084  -25.988  -39.557  82.504 0.0000000000
51118  -26.842  -39.232  82.165 0.0000000000
51191  -24.779  -38.419  78.796 0.0000000000
51174  -25.309  -38.653  79.342 0.0000000000
52256  -26.411  -37.941  78.699 0.0000000000
51175  -26.001  -38.587  79.656 0.0000000000
51139  -26.622  -39.027  81.138 0.0000000000
51119  -27.794  -38.696  82.279 0.0000000000
51141  -28.277  -38.405  81.621 0.0000000000
52214  -28.641  -37.939  80.430 0.0000000000
52196  -28.909  -38.011  81.290 0.0000000000
52178  -29.314  -38.076  81.692 0.0000000000
52198  -30.493  -37.926  81.368 0.0000000000
63633  -33.157  -28.202  72.721 0.0000000000
63621  -32.969  -28.507  73.254 0.0000000000
62515  -35.763  -29.419  73.288 0.0000000000
61433  -36.627  -30.094  73.665 0.0000000000
62500  -35.544  -29.516  74.082 0.0000000000
61416  -35.174  -29.592  74.834 0.0000000000
61372  -35.970  -30.286  76.296 0.0000000000
60250  -36.619  -30.639  76.928 0.0000000000
60251  -37.482  -31.077  76.769 0.0000000000
60230  -37.346  -31.211  77.666 0.0000000000
60208  -38.016  -31.683  78.332 0.0000000000
60187  -39.448  -31.385  79.245 0.0000000000
61329  -43.856  -30.573  78.907 0.0000000000
60274  -41.010  -30.297  75.247 0.0000000000
61356  -42.836  -30.117  76.365 0.0000000000
61360  -46.306  -29.794  77.532 0.0000000000
51186  -20.445  -38.421  77.881 0.0000000000
51152  -21.288  -39.314  79.389 0.0000000000
72716  -50.840  -20.283  74.517 0.0000000000
73894  -51.014  -19.446  73.335 0.0000000000
75050  -51.359  -19.488  73.102 0.0000000000
75043  -52.005  -19.398  73.189 0.0000000000
75052  -52.487  -18.979  72.913 0.0000000000
72803  -49.481  -19.533  69.855 0.0000000000
73945  -51.487  -18.863  70.697 0.0000000000
73928  -51.675  -18.737  71.344 0.0000000000
78756  -53.513  -14.552  59.002 0.0000000000
78757  -54.707  -14.429  59.313 0.0000000000
80027  -55.956  -14.064  60.132 0.0000000000
80028  -56.781  -14.018  60.568 0.0000000000
80056  -56.699  -13.414  57.463 0.0000000000
80044  -56.817  -13.399  58.154 0.0000000000
81282  -57.829  -12.794  58.651 0.0000000000
81281  -56.943  -13.169  58.844 0.0000000000
81271  -56.798  -13.514  59.826 0.0000000000
41133  -7.919  -48.166  83.977 0.0000000000
72955  -45.107  -20.396  62.701 0.0000000000
72973  -45.610  -19.986  62.343 0.0000000000
74110  -45.510  -18.885  60.630 0.0000000000
74112  -47.401  -18.467  60.696 0.0000000000
75208  -47.676  -17.808  60.187 0.0000000000
75225  -46.501  -17.699  59.459 0.0000000000
77545  -49.517  -16.488  59.429 0.0000000000
77560  -50.400  -15.630  58.708 0.0000000000
78785  -49.731  -14.839  57.185 0.0000000000
78788  -52.619  -14.599  56.967 0.0000000000
78800  -53.610  -14.234  55.894 0.0000000000
81315  -51.251  -12.471  54.259 0.0000000000
80081  -53.917  -13.369  54.622 0.0000000000
80082  -54.753  -13.438  54.961 0.0000000000
81318  -55.444  -13.135  54.842 0.0000000000
81319  -56.089  -13.085  55.093 0.0000000000
82509  -56.673  -11.964  54.527 0.0000000000
83658  -56.068  -10.969  54.339 0.0000000000
83659  -57.194  -10.657  54.471 0.0000000000
84713  -57.549  -8.799  55.195 0.0000000000
85818  -57.117  -8.689  55.216 0.0000000000
86960  -56.264  -7.975  53.817 0.0000000000
86966  -55.448  -8.555  52.901 0.0000000000
85841  -54.703  -8.495  52.087 0.0000000000
85851  -54.827  -8.090  51.603 0.0000000000
46301  -14.988  -43.622  83.680 0.0000000000
45220  -14.570  -44.155  83.748 0.0000000000
45219  -14.085  -44.608  83.710 0.0000000000
44142  -13.776  -44.837  85.532 0.0000000000
44148  -13.397  -45.737  84.617 0.0000000000
43125  -12.674  -46.105  84.538 0.0000000000
44119  -12.155  -44.348  89.563 0.0000000000
44129  -12.284  -45.350  88.084 0.0000000000
44124  -11.395  -45.540  89.257 0.0000000000
43105  -11.998  -45.681  88.370 0.0000000000
43110  -12.222  -45.825  87.628 0.0000000000
43124  -12.027  -46.406  84.351 0.0000000000
42091  -11.462  -46.789  84.271 0.0000000000
42076  -9.976  -46.815  86.402 0.0000000000
42082  -9.775  -47.096  85.326 0.0000000000
41129  -7.454  -48.348  85.238 0.0000000000
41124  -6.985  -48.495  86.012 0.0000000000
40179  -6.828  -48.985  86.537 0.0000000000
40176  -7.596  -48.372  87.451 0.0000000000
40175  -6.930  -48.888  87.137 0.0000000000
63584  -49.402  -28.004  76.933 0.0000000000
68467  -49.296  -23.854  74.545 0.0000000000
67275  -49.359  -24.424  76.180 0.0000000000
69517  -49.936  -23.430  76.526 0.0000000000
70579  -50.002  -22.837  76.080 0.0000000000
71610  -50.079  -22.132  75.610 0.0000000000
72715  -50.475  -20.422  74.317 0.0000000000
73873  -49.707  -19.704  73.453 0.0000000000
72754  -49.026  -19.880  72.998 0.0000000000
73942  -48.383  -19.194  70.325 0.0000000000
72770  -46.000  -20.220  72.464 0.0000000000
72786  -46.780  -19.518  71.444 0.0000000000
73923  -47.180  -19.190  70.960 0.0000000000
73941  -47.619  -19.144  70.399 0.0000000000
72816  -47.735  -19.350  69.412 0.0000000000
72831  -47.593  -19.428  69.032 0.0000000000
71730  -43.370  -21.082  68.360 0.0000000000
71717  -43.157  -20.408  68.499 0.0000000000
72812  -42.240  -19.942  68.647 0.0000000000
72849  -41.577  -19.477  67.466 0.0000000000
72830  -42.666  -19.459  68.210 0.0000000000
74004  -42.530  -19.050  66.649 0.0000000000
74032  -42.998  -19.180  66.223 0.0000000000
72895  -43.529  -19.568  65.708 0.0000000000
48879  -23.764  -40.678  84.590 0.0000000000
50033  -27.186  -39.821  84.838 0.0000000000
54324  -28.109  -36.334  76.214 0.0000000000
53312  -28.697  -36.584  76.908 0.0000000000
53285  -29.447  -36.834  77.545 0.0000000000
53263  -30.246  -37.238  78.350 0.0000000000
53247  -31.138  -37.485  79.514 0.0000000000
52218  -31.854  -37.877  80.927 0.0000000000
60299  -32.435  -30.987  73.237 0.0000000000
61413  -32.839  -30.420  73.607 0.0000000000
59021  -33.063  -32.511  74.014 0.0000000000
57745  -32.748  -33.116  74.579 0.0000000000
60246  -34.607  -32.297  75.578 0.0000000000
58975  -35.245  -33.075  76.931 0.0000000000
58991  -34.681  -33.110  75.743 0.0000000000
57728  -33.872  -33.397  75.824 0.0000000000
56546  -33.067  -33.842  75.875 0.0000000000
55407  -32.856  -34.705  76.548 0.0000000000
54272  -33.261  -36.228  78.016 0.0000000000
54273  -33.852  -35.518  78.387 0.0000000000
53249  -33.625  -36.335  78.749 0.0000000000
52200  -32.451  -38.057  81.359 0.0000000000
52201  -33.136  -38.137  81.694 0.0000000000
52167  -33.931  -38.121  82.814 0.0000000000
55302  -35.635  -35.625  80.918 0.0000000000
54229  -35.517  -36.547  81.833 0.0000000000
46377  -15.158  -43.683  79.389 0.0000000000
47609  -16.488  -42.266  78.985 0.0000000000
47593  -16.525  -42.115  80.064 0.0000000000
72957  -46.554  -19.820  63.487 0.0000000000
74067  -47.657  -19.678  64.200 0.0000000000
74054  -48.314  -19.449  64.680 0.0000000000
74035  -49.500  -18.748  65.507 0.0000000000
75126  -50.635  -18.357  66.258 0.0000000000
75181  -49.914  -18.344  62.429 0.0000000000
76245  -53.971  -16.874  67.207 0.0000000000
78738  -52.702  -15.422  59.963 0.0000000000
77531  -53.254  -15.706  60.543 0.0000000000
76342  -53.931  -16.729  61.845 0.0000000000
76326  -54.449  -16.805  62.287 0.0000000000
76314  -54.642  -16.933  63.331 0.0000000000
76315  -55.434  -16.756  63.670 0.0000000000
86939  -57.860  -7.708  55.734 0.0000000000
88113  -58.190  -7.021  55.413 0.0000000000
89317  -57.213  -6.586  55.028 0.0000000000
89308  -57.696  -6.683  55.237 0.0000000000
89297  -58.651  -6.655  55.303 0.0000000000
89298  -59.762  -6.236  55.739 0.0000000000
89299  -60.346  -5.414  55.882 0.0000000000
86969  -57.863  -7.447  53.010 0.0000000000
88152  -59.205  -6.662  52.526 0.0000000000
88141  -58.988  -6.691  53.264 0.0000000000
89330  -58.590  -5.992  53.776 0.0000000000
89320  -59.435  -5.794  54.334 0.0000000000
90474  -60.048  -5.235  55.500 0.0000000000
90466  -60.899  -5.163  55.937 0.0000000000
90475  -60.681  -4.803  55.636 0.0000000000
90476  -61.337  -4.465  55.572 0.0000000000
91644  -62.012  -4.167  55.491 0.0000000000
91657  -61.727  -3.724  55.048 0.0000000000
91645  -62.538  -4.368  55.184 0.0000000000
91659  -63.054  -3.976  54.486 0.0000000000
91705  -59.099  -4.126  50.488 0.0000000000
91706  -59.762  -3.927  50.689 0.0000000000
92888  -61.217  -3.232  51.812 0.0000000000
94105  -61.316  -2.763  51.696 0.0000000000
94091  -62.019  -2.720  52.634 0.0000000000
92879  -62.476  -2.839  53.311 0.0000000000
95318  -60.888  -0.471  48.674 0.0000000000
96424  -61.537  -0.155  49.058 0.0000000000
95319  -62.473  -0.438  47.993 0.0000000000
39139  -6.867  -49.481  86.895 0.0000000000
40167  -8.026  -48.265  88.719 0.0000000000
42071  -9.718  -46.888  87.419 0.0000000000
42084  -11.542  -46.692  84.855 0.0000000000
43097  -9.827  -46.489  88.939 0.0000000000
43120  -11.091  -47.013  85.882 0.0000000000
44126  -12.698  -44.382  88.629 0.0000000000
44164  -13.981  -45.510  82.830 0.0000000000
45185  -14.591  -43.684  85.501 0.0000000000
45201  -14.139  -44.444  84.608 0.0000000000
50115  -23.034  -39.401  80.933 0.0000000000
50117  -24.382  -39.285  80.529 0.0000000000
51188  -22.695  -38.114  78.598 0.0000000000
51190  -24.022  -38.286  78.747 0.0000000000
52232  -26.039  -38.444  79.062 0.0000000000
53260  -27.518  -37.505  78.431 0.0000000000
54325  -29.340  -36.347  76.239 0.0000000000
55472  -31.531  -34.149  73.730 0.0000000000
56436  -35.493  -34.397  80.620 0.0000000000
56506  -34.685  -33.906  79.250 0.0000000000
57625  -35.523  -33.534  80.579 0.0000000000
57626  -35.762  -33.661  80.393 0.0000000000
58920  -39.192  -31.854  80.483 0.0000000000
58932  -35.891  -33.223  79.181 0.0000000000
58962  -36.077  -32.919  78.346 0.0000000000
58974  -34.987  -33.300  76.463 0.0000000000
58976  -35.463  -32.826  77.506 0.0000000000
58978  -38.992  -31.678  76.952 0.0000000000
58993  -38.520  -31.591  76.964 0.0000000000
60182  -36.389  -32.727  78.863 0.0000000000
62472  -45.092  -29.489  75.922 0.0000000000
63682  -45.927  -26.980  70.830 0.0000000000
66114  -47.922  -25.816  71.229 0.0000000000
67276  -49.644  -24.697  76.566 0.0000000000
70568  -50.178  -22.815  76.690 0.0000000000
70612  -48.026  -21.736  73.670 0.0000000000
71680  -46.023  -20.645  72.277 0.0000000000
72797  -43.665  -20.015  68.630 0.0000000000
72802  -48.802  -19.423  69.926 0.0000000000
73895  -51.251  -19.515  73.682 0.0000000000
73957  -47.908  -19.159  69.978 0.0000000000
73973  -50.658  -19.202  68.083 0.0000000000
74008  -48.254  -19.350  65.917 0.0000000000
75042  -51.773  -19.528  73.387 0.0000000000
75051  -51.673  -19.450  73.176 0.0000000000
75144  -49.869  -18.561  65.269 0.0000000000
76206  -53.701  -18.083  70.395 0.0000000000
77510  -51.755  -16.447  60.823 0.0000000000
78753  -50.679  -15.573  58.737 0.0000000000
78807  -51.163  -14.468  55.678 0.0000000000
80090  -54.151  -13.111  54.407 0.0000000000
80091  -54.391  -13.115  54.493 0.0000000000
81280  -56.457  -13.480  59.205 0.0000000000
81332  -56.432  -12.678  54.831 0.0000000000
82460  -60.150  -12.154  57.623 0.0000000000
82494  -53.979  -11.319  54.010 0.0000000000
82512  -59.319  -11.472  55.110 0.0000000000
84716  -60.110  -9.384  55.661 0.0000000000
84744  -58.836  -10.226  54.602 0.0000000000
85805  -57.408  -8.423  55.442 0.0000000000
86926  -59.635  -7.190  55.866 0.0000000000
86938  -57.098  -7.795  55.569 0.0000000000
86980  -58.336  -7.279  52.194 0.0000000000
88123  -56.453  -7.051  54.795 0.0000000000
88150  -58.126  -7.364  52.928 0.0000000000
89289  -62.613  -5.393  55.038 0.0000000000
89296  -58.137  -6.682  55.294 0.0000000000
89307  -57.212  -6.714  55.229 0.0000000000
90469  -62.644  -5.137  55.076 0.0000000000
90477  -62.488  -4.719  55.268 0.0000000000
90487  -61.078  -4.296  55.288 0.0000000000
90510  -61.152  -4.531  52.772 0.0000000000
91636  -62.136  -4.594  55.501 0.0000000000
91637  -62.317  -4.644  55.398 0.0000000000
91658  -62.414  -3.604  54.798 0.0000000000
91683  -60.988  -4.515  53.801 0.0000000000
91684  -61.490  -4.084  53.434 0.0000000000
92862  -61.880  -3.398  55.005 0.0000000000
92869  -61.926  -3.297  54.624 0.0000000000
92870  -62.202  -3.271  54.197 0.0000000000
94094  -63.177  -2.138  52.507 0.0000000000
95245  -62.560  -1.833  52.313 0.0000000000
95259  -62.057  -1.574  51.719 0.0000000000
95274  -61.409  -1.497  50.807 0.0000000000
95304  -61.303  -0.467  49.447 0.0000000000
95305  -61.656  -0.432  49.802 0.0000000000
95331  -62.477  -0.204  47.550 0.0000000000
95342  -61.680  -0.036  46.604 0.0000000000
96413  -61.988  -0.255  49.612 0.0000000000
96426  -62.143  0.027  48.012 0.0000000000
96454  -62.707  0.111  46.363 0.0000000000
96471  -61.968  0.095  46.189 0.0000000000
