#!ascii label  , from subject 3068 vox2ras=TkReg
1552
57783  -49.083  -32.322  73.172 0.0000000000
46330  -36.039  -40.936  82.001 0.0000000000
71849  -48.523  -20.263  59.588 0.0000000000
60406  -42.137  -29.641  64.010 0.0000000000
64958  -51.008  -25.643  67.013 0.0000000000
53268  -42.433  -35.810  79.060 0.0000000000
49082  -31.854  -39.676  71.356 0.0000000000
57874  -35.733  -31.967  68.924 0.0000000000
46326  -27.844  -42.033  82.995 0.0000000000
76375  -57.899  -16.444  59.720 0.0000000000
51240  -25.025  -38.940  72.703 0.0000000000
57879  -45.595  -31.035  68.618 0.0000000000
62629  -46.275  -29.092  66.550 0.0000000000
61497  -50.180  -29.330  70.261 0.0000000000
55431  -45.588  -33.573  76.508 0.0000000000
55477  -39.865  -33.541  74.732 0.0000000000
57812  -42.668  -32.414  71.380 0.0000000000
60345  -38.492  -30.574  67.065 0.0000000000
78811  -58.465  -14.885  55.816 0.0000000000
48909  -32.001  -40.688  83.187 0.0000000000
48965  -27.451  -40.545  78.513 0.0000000000
47663  -31.323  -39.540  76.809 0.0000000000
69655  -49.423  -23.033  64.938 0.0000000000
48956  -39.760  -40.099  80.295 0.0000000000
46435  -34.680  -41.130  76.405 0.0000000000
52297  -36.665  -37.233  77.027 0.0000000000
55518  -33.628  -34.851  71.962 0.0000000000
45192  -23.648  -43.404  85.691 0.0000000000
69604  -54.781  -22.071  70.766 0.0000000000
71777  -53.946  -19.651  65.570 0.0000000000
75163  -58.792  -17.912  64.292 0.0000000000
74114  -53.186  -18.438  60.474 0.0000000000
76405  -53.234  -16.513  54.937 0.0000000000
46384  -23.919  -42.201  79.053 0.0000000000
50216  -28.790  -39.049  70.923 0.0000000000
57817  -48.022  -31.879  71.124 0.0000000000
59082  -47.694  -31.307  69.044 0.0000000000
59053  -49.464  -31.344  71.104 0.0000000000
56564  -47.499  -33.142  75.241 0.0000000000
56583  -44.673  -33.147  74.492 0.0000000000
57798  -45.805  -32.230  72.808 0.0000000000
57840  -44.064  -31.761  70.739 0.0000000000
71862  -46.144  -20.520  57.809 0.0000000000
73015  -48.599  -19.108  57.478 0.0000000000
46347  -34.349  -40.681  82.643 0.0000000000
48953  -31.893  -40.100  80.314 0.0000000000
46405  -33.723  -40.506  79.017 0.0000000000
59225  -42.998  -30.182  62.296 0.0000000000
63720  -47.586  -27.204  67.410 0.0000000000
64964  -45.808  -25.919  65.273 0.0000000000
64982  -49.124  -25.692  64.582 0.0000000000
67454  -49.164  -25.297  62.874 0.0000000000
67438  -51.177  -24.763  65.065 0.0000000000
51177  -41.327  -38.108  79.635 0.0000000000
50155  -38.944  -38.863  78.237 0.0000000000
53290  -39.136  -36.497  77.676 0.0000000000
56621  -38.164  -33.279  72.312 0.0000000000
55512  -36.304  -34.002  72.902 0.0000000000
56673  -34.540  -33.154  70.164 0.0000000000
60360  -40.797  -29.880  66.250 0.0000000000
71720  -54.411  -20.267  69.191 0.0000000000
74082  -55.684  -18.646  62.561 0.0000000000
74127  -55.472  -17.747  59.990 0.0000000000
75245  -52.776  -17.449  57.206 0.0000000000
76391  -55.406  -16.817  57.878 0.0000000000
78828  -56.467  -14.624  52.936 0.0000000000
45230  -25.734  -42.884  84.579 0.0000000000
46321  -23.746  -42.636  81.829 0.0000000000
46345  -26.049  -42.182  81.840 0.0000000000
49029  -25.658  -39.635  75.276 0.0000000000
49000  -24.030  -40.445  76.288 0.0000000000
49040  -23.628  -40.404  73.658 0.0000000000
47699  -33.616  -40.026  74.036 0.0000000000
46465  -31.847  -40.151  73.973 0.0000000000
47765  -30.690  -40.541  70.792 0.0000000000
60363  -43.642  -30.425  66.416 0.0000000000
59185  -44.302  -30.396  64.335 0.0000000000
59130  -45.972  -30.369  67.058 0.0000000000
61510  -47.259  -29.638  68.180 0.0000000000
63713  -50.018  -27.465  69.575 0.0000000000
54287  -44.587  -34.645  78.363 0.0000000000
55410  -41.430  -34.679  77.417 0.0000000000
55455  -43.647  -33.630  76.279 0.0000000000
56601  -41.078  -33.228  73.394 0.0000000000
57835  -39.130  -32.304  70.331 0.0000000000
57889  -37.656  -31.727  67.872 0.0000000000
59076  -40.798  -31.600  69.347 0.0000000000
59111  -42.161  -30.745  67.966 0.0000000000
77569  -58.734  -15.495  57.546 0.0000000000
78777  -61.671  -13.921  58.159 0.0000000000
47563  -29.417  -41.442  82.816 0.0000000000
47596  -27.644  -40.996  80.345 0.0000000000
48935  -29.462  -40.751  80.734 0.0000000000
48989  -29.008  -39.814  77.621 0.0000000000
49032  -28.359  -39.181  74.652 0.0000000000
61550  -44.596  -28.823  64.275 0.0000000000
69675  -47.750  -23.125  62.953 0.0000000000
70757  -48.850  -21.308  63.071 0.0000000000
48939  -38.311  -40.814  80.796 0.0000000000
46407  -35.247  -40.601  78.204 0.0000000000
47656  -36.497  -40.247  78.663 0.0000000000
49023  -35.119  -39.124  76.977 0.0000000000
51237  -33.549  -38.181  74.626 0.0000000000
54355  -37.833  -35.393  76.069 0.0000000000
53346  -34.486  -35.995  74.543 0.0000000000
52331  -32.082  -37.380  72.127 0.0000000000
59023  -51.951  -30.765  74.461 0.0000000000
50086  -37.025  -39.495  81.681 0.0000000000
51128  -41.171  -37.651  81.140 0.0000000000
53226  -43.248  -36.308  80.890 0.0000000000
61458  -52.241  -29.264  72.742 0.0000000000
63668  -52.211  -27.259  72.084 0.0000000000
66150  -52.807  -25.558  70.356 0.0000000000
68509  -54.649  -22.803  71.135 0.0000000000
67403  -53.926  -24.401  69.043 0.0000000000
69628  -52.701  -22.248  68.090 0.0000000000
71775  -51.794  -20.115  66.074 0.0000000000
71821  -51.554  -20.135  62.798 0.0000000000
72901  -56.809  -18.973  65.473 0.0000000000
71823  -53.727  -19.421  62.903 0.0000000000
72986  -50.920  -19.302  60.212 0.0000000000
74139  -51.170  -18.222  57.277 0.0000000000
77581  -55.586  -15.709  55.243 0.0000000000
45226  -22.581  -42.760  83.578 0.0000000000
46430  -21.352  -42.324  76.701 0.0000000000
47629  -24.935  -40.912  78.456 0.0000000000
47646  -22.540  -41.347  76.925 0.0000000000
46443  -32.678  -40.004  76.005 0.0000000000
49045  -30.209  -39.598  73.749 0.0000000000
51243  -27.001  -38.644  71.558 0.0000000000
49123  -25.869  -40.473  68.956 0.0000000000
57801  -48.758  -32.221  72.062 0.0000000000
57818  -48.769  -31.653  71.110 0.0000000000
57802  -49.669  -31.889  72.606 0.0000000000
57764  -48.461  -32.561  73.717 0.0000000000
56607  -47.016  -32.867  73.664 0.0000000000
56630  -47.416  -32.828  72.891 0.0000000000
57799  -46.872  -32.264  72.332 0.0000000000
71848  -47.230  -20.504  59.934 0.0000000000
71856  -47.350  -20.201  58.720 0.0000000000
73013  -46.701  -19.906  56.991 0.0000000000
71857  -48.362  -19.798  58.795 0.0000000000
46348  -34.898  -40.635  82.273 0.0000000000
46367  -34.161  -40.544  81.634 0.0000000000
46368  -34.892  -40.458  81.074 0.0000000000
61589  -41.434  -29.571  62.906 0.0000000000
60446  -42.613  -29.878  62.772 0.0000000000
64947  -49.526  -26.153  67.557 0.0000000000
64955  -48.604  -26.039  66.426 0.0000000000
64969  -50.425  -25.923  65.681 0.0000000000
66203  -50.617  -25.320  64.726 0.0000000000
66191  -51.409  -25.610  66.041 0.0000000000
52240  -42.318  -37.146  79.761 0.0000000000
52260  -40.720  -37.352  78.608 0.0000000000
53267  -41.390  -36.575  78.886 0.0000000000
56659  -37.022  -32.616  71.094 0.0000000000
56640  -36.764  -33.162  71.633 0.0000000000
56674  -35.106  -32.823  70.116 0.0000000000
57871  -33.210  -32.831  69.033 0.0000000000
61528  -41.195  -29.465  65.100 0.0000000000
61546  -39.515  -28.983  64.418 0.0000000000
61547  -40.739  -29.412  64.236 0.0000000000
75212  -56.915  -17.252  60.675 0.0000000000
75231  -56.605  -17.253  59.571 0.0000000000
75241  -55.569  -17.277  58.698 0.0000000000
76386  -57.431  -16.360  58.589 0.0000000000
46307  -27.216  -42.310  83.720 0.0000000000
46324  -25.926  -42.532  82.751 0.0000000000
46325  -26.959  -42.094  82.596 0.0000000000
50174  -25.475  -39.329  74.603 0.0000000000
50173  -24.775  -39.537  74.693 0.0000000000
49058  -23.798  -40.343  72.725 0.0000000000
46485  -24.276  -42.378  72.508 0.0000000000
47737  -24.509  -41.303  71.550 0.0000000000
49062  -32.593  -39.714  72.531 0.0000000000
47718  -32.467  -40.422  72.847 0.0000000000
47766  -31.273  -40.608  70.808 0.0000000000
59114  -44.493  -30.629  67.515 0.0000000000
57900  -44.980  -30.693  66.932 0.0000000000
57892  -45.364  -30.723  67.754 0.0000000000
59084  -48.960  -30.651  69.710 0.0000000000
60341  -48.018  -30.093  68.999 0.0000000000
61503  -49.248  -29.332  69.361 0.0000000000
62610  -48.574  -28.273  69.040 0.0000000000
61504  -49.967  -28.684  69.755 0.0000000000
54309  -45.081  -34.223  77.910 0.0000000000
54357  -43.706  -33.894  76.899 0.0000000000
54359  -44.809  -33.563  76.397 0.0000000000
56627  -43.560  -32.757  72.926 0.0000000000
56603  -43.198  -32.780  73.656 0.0000000000
56626  -42.651  -32.828  72.785 0.0000000000
56644  -40.749  -32.846  71.854 0.0000000000
57810  -40.962  -32.609  71.201 0.0000000000
57858  -40.571  -31.910  69.914 0.0000000000
57838  -42.110  -32.259  70.588 0.0000000000
57863  -45.340  -31.290  69.463 0.0000000000
59079  -43.514  -31.381  69.112 0.0000000000
59095  -43.654  -31.053  68.384 0.0000000000
60350  -42.967  -30.656  67.207 0.0000000000
47565  -31.055  -41.235  83.419 0.0000000000
47581  -29.418  -41.209  81.824 0.0000000000
48923  -31.204  -40.322  81.979 0.0000000000
47632  -31.907  -39.990  78.442 0.0000000000
48968  -30.218  -40.027  78.797 0.0000000000
49007  -30.615  -39.445  77.136 0.0000000000
49005  -28.586  -39.629  76.608 0.0000000000
49019  -29.088  -39.308  75.572 0.0000000000
60408  -45.162  -29.927  64.953 0.0000000000
61592  -44.542  -29.986  63.447 0.0000000000
61530  -45.318  -28.863  65.416 0.0000000000
66201  -46.618  -25.541  64.283 0.0000000000
64978  -44.708  -25.781  64.198 0.0000000000
66227  -45.570  -25.614  62.648 0.0000000000
68601  -49.544  -23.973  63.746 0.0000000000
68614  -48.713  -24.256  62.635 0.0000000000
69666  -48.392  -23.073  63.510 0.0000000000
70755  -47.706  -22.170  62.628 0.0000000000
70737  -49.223  -21.943  64.803 0.0000000000
47604  -38.869  -40.838  80.163 0.0000000000
47617  -37.675  -40.958  79.435 0.0000000000
48971  -38.361  -40.457  79.005 0.0000000000
51220  -37.221  -37.824  77.731 0.0000000000
50163  -36.522  -38.519  78.101 0.0000000000
50171  -35.425  -38.361  76.984 0.0000000000
50180  -34.116  -38.856  75.890 0.0000000000
52305  -35.503  -37.225  75.936 0.0000000000
55427  -40.697  -34.194  76.449 0.0000000000
54331  -40.050  -34.875  77.002 0.0000000000
55450  -38.360  -34.416  75.298 0.0000000000
55519  -34.195  -34.521  72.153 0.0000000000
55496  -35.256  -34.727  73.770 0.0000000000
54396  -34.056  -35.466  72.977 0.0000000000
53349  -33.617  -36.056  73.283 0.0000000000
57890  -38.169  -31.458  67.905 0.0000000000
52190  -41.944  -37.095  81.339 0.0000000000
54268  -45.959  -34.548  79.845 0.0000000000
60303  -52.040  -30.092  73.529 0.0000000000
63638  -52.811  -27.129  73.049 0.0000000000
66100  -52.919  -25.310  72.298 0.0000000000
64906  -52.699  -25.895  71.268 0.0000000000
66101  -53.700  -24.913  71.502 0.0000000000
68518  -55.151  -22.860  70.953 0.0000000000
67395  -54.635  -23.901  70.057 0.0000000000
68540  -54.330  -23.171  69.995 0.0000000000
68559  -53.207  -23.691  68.551 0.0000000000
69616  -53.671  -22.734  69.227 0.0000000000
71747  -55.007  -19.503  67.415 0.0000000000
72856  -53.276  -20.306  67.858 0.0000000000
71776  -52.873  -19.782  65.795 0.0000000000
71791  -52.051  -19.785  64.907 0.0000000000
71792  -53.177  -19.679  64.691 0.0000000000
72928  -57.886  -18.683  64.899 0.0000000000
74115  -54.335  -18.425  61.075 0.0000000000
72960  -54.669  -18.916  62.607 0.0000000000
72977  -53.691  -18.948  61.804 0.0000000000
72975  -52.140  -19.227  61.285 0.0000000000
72999  -52.042  -18.779  60.105 0.0000000000
73009  -50.981  -19.008  59.057 0.0000000000
74123  -51.672  -18.495  59.401 0.0000000000
75252  -53.516  -17.058  56.686 0.0000000000
75250  -51.744  -17.427  55.925 0.0000000000
75257  -52.305  -17.046  55.516 0.0000000000
77577  -58.531  -15.209  56.737 0.0000000000
77575  -56.923  -15.685  56.317 0.0000000000
77583  -57.515  -15.261  55.751 0.0000000000
46365  -23.750  -42.516  80.354 0.0000000000
45269  -22.979  -42.675  80.889 0.0000000000
46364  -22.667  -42.409  80.190 0.0000000000
46399  -21.531  -42.354  78.652 0.0000000000
46400  -22.295  -42.196  78.545 0.0000000000
47612  -27.089  -41.035  79.361 0.0000000000
47611  -26.154  -41.183  79.382 0.0000000000
47630  -25.858  -40.966  78.637 0.0000000000
47660  -23.661  -40.639  76.774 0.0000000000
45322  -23.092  -43.437  73.421 0.0000000000
46425  -34.951  -41.017  77.258 0.0000000000
46424  -34.422  -40.919  77.396 0.0000000000
46434  -34.150  -41.281  76.524 0.0000000000
47739  -30.293  -39.864  71.993 0.0000000000
47696  -31.175  -40.296  73.966 0.0000000000
49061  -29.793  -39.681  72.358 0.0000000000
50188  -28.313  -38.941  72.781 0.0000000000
50215  -27.788  -38.647  71.151 0.0000000000
47783  -25.505  -41.420  69.288 0.0000000000
57864  -46.397  -31.431  69.298 0.0000000000
57865  -47.267  -31.535  69.023 0.0000000000
57844  -48.183  -31.603  69.995 0.0000000000
57845  -48.889  -31.422  70.455 0.0000000000
60332  -50.057  -30.162  70.655 0.0000000000
55458  -46.485  -33.391  75.726 0.0000000000
55457  -45.401  -33.506  75.754 0.0000000000
56585  -46.485  -32.813  74.425 0.0000000000
57781  -45.499  -32.474  73.486 0.0000000000
57797  -44.572  -32.413  72.435 0.0000000000
57839  -43.034  -32.069  70.686 0.0000000000
57814  -44.928  -32.041  71.622 0.0000000000
57841  -45.195  -31.605  70.594 0.0000000000
74146  -48.759  -18.716  56.273 0.0000000000
47566  -32.785  -40.636  82.730 0.0000000000
48938  -31.957  -39.905  81.348 0.0000000000
47599  -32.718  -39.880  80.667 0.0000000000
47614  -32.605  -40.025  79.628 0.0000000000
47653  -32.476  -40.241  77.813 0.0000000000
62621  -46.595  -28.490  67.139 0.0000000000
63731  -46.123  -27.286  66.268 0.0000000000
64953  -47.067  -26.305  66.171 0.0000000000
64966  -47.618  -25.731  65.340 0.0000000000
64994  -48.475  -25.674  63.471 0.0000000000
65031  -48.438  -26.130  62.195 0.0000000000
66232  -49.274  -25.461  63.471 0.0000000000
67437  -50.614  -24.774  64.483 0.0000000000
68589  -50.618  -24.164  64.889 0.0000000000
50130  -40.991  -38.737  79.851 0.0000000000
50139  -39.219  -39.669  78.926 0.0000000000
51192  -39.674  -38.637  78.595 0.0000000000
51208  -39.220  -38.031  78.094 0.0000000000
52299  -38.087  -36.965  77.561 0.0000000000
55500  -38.962  -33.536  73.660 0.0000000000
55475  -37.864  -34.108  74.496 0.0000000000
55513  -37.007  -33.664  72.793 0.0000000000
56618  -35.673  -33.826  72.188 0.0000000000
55531  -34.039  -34.117  71.324 0.0000000000
55542  -32.536  -34.368  70.209 0.0000000000
56678  -32.732  -33.397  69.308 0.0000000000
60359  -39.642  -29.973  66.315 0.0000000000
61526  -39.323  -29.638  65.571 0.0000000000
71708  -56.182  -20.420  70.553 0.0000000000
70686  -54.424  -21.136  69.826 0.0000000000
72821  -56.084  -19.966  69.734 0.0000000000
71734  -56.136  -19.744  68.076 0.0000000000
71765  -55.555  -19.247  66.572 0.0000000000
75174  -58.442  -17.808  63.281 0.0000000000
74072  -58.026  -18.389  63.218 0.0000000000
74102  -57.454  -17.908  61.895 0.0000000000
74116  -55.528  -17.935  60.920 0.0000000000
74126  -54.765  -18.073  60.022 0.0000000000
75227  -53.251  -17.764  59.085 0.0000000000
75240  -54.708  -17.380  58.632 0.0000000000
75247  -54.470  -17.072  57.797 0.0000000000
76396  -54.476  -16.645  56.849 0.0000000000
78818  -58.677  -14.257  54.524 0.0000000000
78817  -57.462  -14.841  54.906 0.0000000000
78824  -58.369  -13.858  53.290 0.0000000000
45211  -25.133  -43.263  85.151 0.0000000000
45228  -24.376  -42.974  83.977 0.0000000000
45245  -24.894  -43.071  83.316 0.0000000000
46323  -25.161  -42.893  82.431 0.0000000000
46366  -24.629  -42.019  79.790 0.0000000000
49003  -26.459  -40.047  76.599 0.0000000000
48986  -25.869  -40.556  77.080 0.0000000000
49015  -25.195  -39.944  75.705 0.0000000000
49027  -23.506  -40.444  74.743 0.0000000000
47693  -23.346  -41.474  73.321 0.0000000000
45323  -23.886  -43.573  72.985 0.0000000000
46484  -23.773  -41.924  73.009 0.0000000000
47676  -34.138  -40.367  75.434 0.0000000000
46452  -33.291  -40.336  75.045 0.0000000000
47697  -32.638  -40.494  73.476 0.0000000000
46487  -30.956  -40.208  72.137 0.0000000000
47764  -30.214  -39.972  70.821 0.0000000000
60383  -42.655  -29.745  65.597 0.0000000000
59166  -43.398  -30.063  64.169 0.0000000000
57930  -44.091  -30.464  65.388 0.0000000000
57916  -45.367  -30.512  65.996 0.0000000000
60387  -46.116  -29.991  66.650 0.0000000000
57881  -46.620  -30.934  68.218 0.0000000000
60351  -46.668  -30.292  67.889 0.0000000000
61518  -46.696  -29.349  67.421 0.0000000000
62617  -47.637  -28.084  67.958 0.0000000000
63711  -48.708  -27.180  68.534 0.0000000000
64948  -50.386  -26.053  67.857 0.0000000000
53269  -43.349  -35.125  78.947 0.0000000000
54284  -42.018  -35.376  78.558 0.0000000000
54306  -42.667  -34.648  78.016 0.0000000000
55429  -42.918  -33.957  76.851 0.0000000000
55478  -41.581  -33.244  75.258 0.0000000000
55481  -44.210  -33.201  75.331 0.0000000000
56581  -42.692  -32.792  74.531 0.0000000000
56579  -40.479  -33.306  74.077 0.0000000000
56623  -39.784  -33.251  72.636 0.0000000000
56661  -38.869  -32.678  71.022 0.0000000000
57834  -38.177  -32.246  70.344 0.0000000000
57875  -36.657  -31.907  68.650 0.0000000000
57856  -38.368  -31.800  69.533 0.0000000000
57878  -39.238  -31.614  68.838 0.0000000000
59091  -39.833  -31.434  68.778 0.0000000000
57860  -42.382  -31.981  69.880 0.0000000000
59093  -41.893  -31.276  68.591 0.0000000000
59110  -41.154  -30.842  67.963 0.0000000000
60348  -41.508  -30.327  67.246 0.0000000000
60361  -42.047  -30.024  66.493 0.0000000000
76387  -58.466  -16.145  58.856 0.0000000000
77563  -59.765  -15.599  58.622 0.0000000000
77571  -60.130  -15.325  58.123 0.0000000000
78802  -59.433  -14.773  56.836 0.0000000000
78813  -60.637  -13.791  55.634 0.0000000000
80085  -60.402  -13.679  54.945 0.0000000000
47547  -28.988  -41.813  83.267 0.0000000000
47561  -27.951  -41.858  82.315 0.0000000000
47580  -28.518  -41.403  81.823 0.0000000000
47597  -28.455  -40.925  81.065 0.0000000000
48949  -28.685  -40.537  79.287 0.0000000000
48952  -31.146  -40.188  80.083 0.0000000000
48967  -29.300  -40.113  78.595 0.0000000000
48988  -27.936  -40.027  77.614 0.0000000000
49004  -27.466  -39.792  76.659 0.0000000000
49031  -27.302  -39.266  74.789 0.0000000000
50186  -26.561  -38.735  73.512 0.0000000000
59206  -43.611  -30.201  63.060 0.0000000000
61591  -44.038  -29.777  62.864 0.0000000000
63740  -45.002  -27.235  65.003 0.0000000000
71831  -47.249  -21.136  61.583 0.0000000000
71833  -49.069  -20.820  62.091 0.0000000000
46351  -37.190  -41.516  80.847 0.0000000000
46369  -35.742  -40.640  80.497 0.0000000000
47601  -37.362  -41.117  79.741 0.0000000000
47635  -36.336  -40.454  78.652 0.0000000000
47655  -35.822  -40.323  77.850 0.0000000000
50154  -38.048  -39.370  78.319 0.0000000000
48992  -36.057  -39.882  77.980 0.0000000000
49008  -35.217  -40.226  76.573 0.0000000000
49035  -34.012  -39.786  74.943 0.0000000000
50190  -33.420  -39.118  74.456 0.0000000000
51264  -31.946  -38.906  73.071 0.0000000000
54304  -40.731  -35.255  77.692 0.0000000000
53317  -38.937  -35.915  77.337 0.0000000000
53331  -36.908  -35.971  76.393 0.0000000000
55474  -37.000  -34.503  74.497 0.0000000000
54375  -35.783  -35.537  75.134 0.0000000000
53329  -35.389  -36.538  75.521 0.0000000000
53337  -34.343  -36.608  74.737 0.0000000000
52316  -33.063  -37.687  73.820 0.0000000000
59105  -35.851  -31.174  67.507 0.0000000000
57766  -50.257  -32.659  74.691 0.0000000000
57784  -50.126  -32.105  73.605 0.0000000000
45212  -25.867  -42.970  85.367 0.0000000000
46309  -28.823  -42.025  84.433 0.0000000000
47548  -29.440  -41.714  83.874 0.0000000000
47549  -30.580  -41.519  83.928 0.0000000000
47552  -33.704  -40.838  83.930 0.0000000000
46311  -34.974  -41.438  83.158 0.0000000000
47568  -35.399  -41.114  82.929 0.0000000000
48911  -36.858  -40.374  82.071 0.0000000000
47571  -37.882  -40.749  81.468 0.0000000000
48926  -38.900  -40.065  81.126 0.0000000000
48941  -39.590  -39.823  80.755 0.0000000000
51127  -40.318  -37.821  81.229 0.0000000000
50107  -40.609  -38.517  80.625 0.0000000000
51145  -41.295  -37.931  80.602 0.0000000000
52223  -42.210  -37.437  80.265 0.0000000000
53238  -43.201  -36.270  80.343 0.0000000000
53239  -43.706  -35.570  79.867 0.0000000000
54274  -44.774  -35.077  78.784 0.0000000000
54288  -45.435  -34.811  78.367 0.0000000000
56588  -49.325  -33.028  75.053 0.0000000000
59049  -50.858  -30.812  72.659 0.0000000000
60317  -51.154  -30.071  72.055 0.0000000000
61476  -51.592  -28.700  72.015 0.0000000000
62523  -52.702  -27.776  73.959 0.0000000000
62539  -52.090  -28.284  72.403 0.0000000000
61492  -51.368  -28.300  71.544 0.0000000000
63683  -51.270  -27.342  70.828 0.0000000000
64922  -52.121  -25.785  69.874 0.0000000000
64950  -52.065  -25.674  68.551 0.0000000000
67383  -54.449  -24.461  70.867 0.0000000000
66164  -53.631  -25.205  68.882 0.0000000000
67412  -52.922  -24.875  67.956 0.0000000000
67429  -52.274  -24.503  66.627 0.0000000000
68580  -51.940  -23.891  66.456 0.0000000000
69637  -51.213  -22.595  66.697 0.0000000000
70685  -53.600  -21.148  69.265 0.0000000000
70708  -52.253  -21.530  67.516 0.0000000000
70728  -50.368  -21.474  65.923 0.0000000000
71808  -50.101  -20.858  64.243 0.0000000000
71820  -50.312  -20.382  63.022 0.0000000000
71834  -50.574  -20.074  61.728 0.0000000000
72880  -57.476  -19.107  66.305 0.0000000000
71779  -55.997  -18.946  65.841 0.0000000000
72947  -56.385  -18.703  63.693 0.0000000000
71813  -55.077  -18.816  63.818 0.0000000000
71793  -54.164  -19.313  64.576 0.0000000000
71822  -52.708  -19.704  62.704 0.0000000000
71835  -51.837  -19.777  61.896 0.0000000000
71850  -49.477  -19.973  59.642 0.0000000000
73007  -49.612  -19.359  58.547 0.0000000000
74137  -49.258  -18.950  57.341 0.0000000000
74147  -49.381  -18.516  55.753 0.0000000000
75237  -51.944  -17.555  57.883 0.0000000000
74144  -51.120  -17.932  56.247 0.0000000000
74151  -49.668  -18.567  54.874 0.0000000000
76393  -57.468  -16.031  57.720 0.0000000000
77574  -56.103  -15.974  56.110 0.0000000000
77580  -54.987  -16.001  55.480 0.0000000000
77588  -56.490  -15.151  54.735 0.0000000000
77586  -54.907  -15.779  53.833 0.0000000000
76410  -53.446  -16.486  53.820 0.0000000000
45243  -23.436  -42.855  82.640 0.0000000000
47578  -26.769  -41.605  81.139 0.0000000000
47594  -25.527  -41.655  80.146 0.0000000000
46385  -24.484  -41.637  78.845 0.0000000000
47649  -24.964  -40.691  77.386 0.0000000000
46421  -23.596  -41.261  77.818 0.0000000000
46420  -23.133  -41.487  77.777 0.0000000000
46431  -22.059  -42.026  76.412 0.0000000000
46406  -34.638  -40.515  78.458 0.0000000000
46423  -33.800  -40.528  77.764 0.0000000000
47664  -32.241  -39.907  76.786 0.0000000000
46450  -31.888  -40.175  75.000 0.0000000000
47674  -31.771  -39.612  75.722 0.0000000000
47673  -30.729  -39.571  75.947 0.0000000000
49033  -29.258  -39.238  74.567 0.0000000000
50187  -27.584  -38.865  73.322 0.0000000000
51260  -25.477  -38.693  71.774 0.0000000000
49144  -29.045  -39.686  68.736 0.0000000000
50248  -28.565  -39.353  69.359 0.0000000000
51284  -27.231  -38.798  69.622 0.0000000000
50229  -26.175  -39.039  70.004 0.0000000000
49099  -25.018  -40.515  70.442 0.0000000000
49079  -24.572  -40.382  71.137 0.0000000000
56608  -47.796  -32.987  73.624 0.0000000000
57782  -48.221  -32.674  72.889 0.0000000000
57800  -47.780  -32.157  72.196 0.0000000000
71842  -48.170  -20.559  60.835 0.0000000000
46349  -35.642  -40.682  81.721 0.0000000000
60425  -41.476  -29.633  63.421 0.0000000000
60426  -41.857  -29.760  63.246 0.0000000000
60427  -42.733  -29.816  63.620 0.0000000000
64957  -50.329  -26.109  66.786 0.0000000000
64956  -49.496  -26.094  66.549 0.0000000000
64970  -50.852  -25.927  66.333 0.0000000000
53251  -42.074  -36.681  79.369 0.0000000000
53250  -41.736  -36.905  79.197 0.0000000000
57832  -36.306  -32.367  70.390 0.0000000000
61548  -41.623  -29.473  64.483 0.0000000000
60405  -41.452  -29.656  63.767 0.0000000000
61569  -41.083  -29.484  63.321 0.0000000000
75214  -57.959  -16.547  60.495 0.0000000000
75232  -57.397  -17.014  60.041 0.0000000000
76374  -57.090  -16.860  59.301 0.0000000000
50185  -25.449  -38.848  73.578 0.0000000000
50184  -24.555  -39.569  73.910 0.0000000000
50194  -24.503  -39.349  72.769 0.0000000000
47714  -24.157  -41.259  72.269 0.0000000000
49059  -24.174  -40.296  71.933 0.0000000000
49083  -32.047  -39.548  72.094 0.0000000000
47743  -32.345  -39.913  71.997 0.0000000000
47767  -31.662  -40.168  70.639 0.0000000000
59097  -44.986  -30.805  68.117 0.0000000000
59115  -44.850  -30.712  67.824 0.0000000000
60337  -49.491  -30.084  69.925 0.0000000000
60342  -48.893  -29.995  69.445 0.0000000000
61496  -49.655  -29.577  69.846 0.0000000000
55411  -45.760  -33.809  77.314 0.0000000000
54336  -44.688  -33.703  77.222 0.0000000000
57795  -43.119  -32.552  72.201 0.0000000000
57794  -42.222  -32.745  71.957 0.0000000000
56645  -41.488  -32.794  71.736 0.0000000000
57811  -41.797  -32.576  71.222 0.0000000000
57837  -41.211  -32.295  70.564 0.0000000000
59080  -44.382  -31.255  68.909 0.0000000000
59081  -44.966  -31.027  68.675 0.0000000000
59096  -44.392  -30.895  68.237 0.0000000000
48908  -31.258  -40.744  82.844 0.0000000000
48907  -30.743  -40.685  82.410 0.0000000000
48991  -31.097  -39.428  78.024 0.0000000000
49006  -29.840  -39.600  76.547 0.0000000000
47662  -30.641  -39.504  76.581 0.0000000000
61552  -45.543  -29.793  65.512 0.0000000000
61551  -45.103  -29.302  65.064 0.0000000000
61531  -45.688  -29.268  65.828 0.0000000000
66215  -46.619  -25.602  63.395 0.0000000000
66214  -45.784  -25.521  63.293 0.0000000000
68588  -49.983  -23.633  64.819 0.0000000000
69667  -49.034  -22.573  64.079 0.0000000000
48955  -39.235  -40.549  79.874 0.0000000000
48954  -38.811  -40.589  79.514 0.0000000000
48972  -39.057  -40.311  79.426 0.0000000000
51219  -36.299  -38.123  77.250 0.0000000000
51226  -35.896  -37.658  76.647 0.0000000000
51225  -35.162  -37.892  76.475 0.0000000000
55452  -40.391  -33.799  75.541 0.0000000000
55426  -39.667  -34.490  76.181 0.0000000000
55451  -39.289  -34.044  75.426 0.0000000000
55510  -34.521  -34.776  72.868 0.0000000000
54405  -33.793  -35.039  72.310 0.0000000000
54395  -33.550  -35.673  72.587 0.0000000000
54415  -32.677  -35.453  71.274 0.0000000000
59108  -38.885  -31.090  67.957 0.0000000000
66116  -53.109  -25.512  71.572 0.0000000000
70670  -55.622  -21.354  70.725 0.0000000000
70653  -55.747  -21.324  71.007 0.0000000000
69588  -55.097  -21.858  70.890 0.0000000000
68541  -54.620  -22.917  70.652 0.0000000000
68539  -53.998  -22.937  69.662 0.0000000000
69603  -54.258  -22.121  70.233 0.0000000000
71764  -54.567  -19.455  66.454 0.0000000000
71763  -53.565  -19.747  66.626 0.0000000000
76306  -58.610  -17.277  65.012 0.0000000000
75164  -58.801  -17.699  65.070 0.0000000000
74037  -58.621  -18.323  65.162 0.0000000000
74057  -58.233  -18.474  64.313 0.0000000000
72990  -53.992  -18.731  61.500 0.0000000000
72989  -53.431  -18.647  61.211 0.0000000000
72988  -52.556  -18.711  60.647 0.0000000000
74113  -52.731  -18.522  60.266 0.0000000000
74124  -52.411  -18.397  59.733 0.0000000000
75258  -52.993  -16.848  55.815 0.0000000000
75263  -52.710  -16.794  55.236 0.0000000000
76404  -52.774  -16.696  54.579 0.0000000000
78801  -58.808  -14.938  56.467 0.0000000000
77584  -58.067  -15.253  56.196 0.0000000000
78810  -57.829  -15.033  55.475 0.0000000000
45209  -23.767  -42.950  84.783 0.0000000000
46383  -22.986  -42.187  79.340 0.0000000000
46401  -23.178  -42.000  78.374 0.0000000000
47631  -26.632  -40.881  78.607 0.0000000000
47651  -26.282  -40.742  78.209 0.0000000000
49081  -29.939  -39.750  71.418 0.0000000000
49080  -29.403  -39.318  71.672 0.0000000000
50198  -28.580  -38.829  71.944 0.0000000000
57843  -47.284  -31.562  70.184 0.0000000000
59070  -49.734  -30.609  70.572 0.0000000000
59054  -49.999  -30.862  71.012 0.0000000000
56563  -46.757  -32.966  75.002 0.0000000000
56629  -46.672  -32.584  73.105 0.0000000000
56606  -46.109  -32.559  73.710 0.0000000000
56628  -46.274  -32.447  73.228 0.0000000000
57816  -47.125  -31.727  71.347 0.0000000000
57815  -46.080  -31.698  71.591 0.0000000000
57842  -46.295  -31.481  70.413 0.0000000000
73014  -47.541  -19.388  57.195 0.0000000000
73021  -48.146  -19.059  56.561 0.0000000000
47567  -33.758  -40.677  83.156 0.0000000000
47583  -32.771  -40.355  81.719 0.0000000000
47584  -33.523  -40.598  82.163 0.0000000000
46386  -34.025  -40.524  80.401 0.0000000000
47615  -33.339  -40.051  79.940 0.0000000000
47634  -33.061  -40.387  79.174 0.0000000000
47633  -32.609  -40.349  78.746 0.0000000000
46404  -33.110  -40.485  78.759 0.0000000000
60470  -42.568  -29.824  62.149 0.0000000000
63719  -46.934  -27.691  67.236 0.0000000000
63724  -46.681  -27.237  66.653 0.0000000000
63725  -47.136  -27.092  67.017 0.0000000000
64967  -48.530  -25.901  65.420 0.0000000000
64981  -48.491  -25.678  64.366 0.0000000000
64980  -47.902  -25.690  64.018 0.0000000000
65011  -49.057  -25.502  63.587 0.0000000000
64996  -49.342  -25.529  64.004 0.0000000000
66204  -51.364  -25.213  65.378 0.0000000000
68590  -51.471  -24.275  65.685 0.0000000000
50140  -40.178  -39.087  79.073 0.0000000000
51176  -40.754  -38.690  79.392 0.0000000000
52282  -40.192  -37.267  78.251 0.0000000000
52259  -40.019  -37.843  78.319 0.0000000000
52281  -39.613  -37.255  78.012 0.0000000000
52280  -38.645  -37.171  77.745 0.0000000000
53289  -38.640  -36.642  77.569 0.0000000000
56598  -38.608  -33.418  73.050 0.0000000000
56597  -37.737  -33.472  72.987 0.0000000000
56620  -37.317  -33.426  72.230 0.0000000000
56657  -35.226  -33.108  70.815 0.0000000000
56639  -35.888  -33.309  71.596 0.0000000000
56638  -35.121  -33.659  71.509 0.0000000000
56637  -34.561  -34.006  71.562 0.0000000000
56656  -34.389  -33.592  70.907 0.0000000000
55543  -33.232  -33.986  70.494 0.0000000000
56672  -33.651  -33.483  70.109 0.0000000000
61516  -39.930  -29.693  65.915 0.0000000000
60380  -39.143  -30.005  65.972 0.0000000000
72805  -56.414  -19.699  70.272 0.0000000000
72804  -56.236  -20.132  70.116 0.0000000000
73960  -57.653  -18.546  68.510 0.0000000000
72838  -56.297  -19.478  68.694 0.0000000000
72839  -57.148  -18.995  68.118 0.0000000000
71748  -55.957  -19.615  67.496 0.0000000000
72858  -56.573  -19.419  67.708 0.0000000000
75199  -57.956  -16.947  61.246 0.0000000000
77499  -58.120  -15.785  62.162 0.0000000000
75185  -57.952  -17.268  62.194 0.0000000000
74085  -58.061  -18.018  62.433 0.0000000000
75211  -56.147  -17.593  60.260 0.0000000000
74117  -56.422  -17.699  61.025 0.0000000000
75228  -54.245  -17.768  59.233 0.0000000000
75229  -55.101  -17.624  59.341 0.0000000000
75248  -55.027  -17.112  58.269 0.0000000000
76390  -54.766  -16.824  57.524 0.0000000000
78819  -59.659  -13.787  54.626 0.0000000000
45229  -25.146  -43.002  84.116 0.0000000000
46344  -24.986  -42.603  81.032 0.0000000000
49016  -26.022  -39.676  75.881 0.0000000000
49002  -25.652  -40.240  76.425 0.0000000000
49041  -24.155  -40.010  73.955 0.0000000000
49028  -24.172  -39.920  74.536 0.0000000000
47682  -22.897  -40.973  73.997 0.0000000000
46486  -24.725  -42.817  72.121 0.0000000000
45339  -24.713  -43.157  72.321 0.0000000000
47686  -33.685  -40.173  74.642 0.0000000000
47685  -33.425  -40.353  74.571 0.0000000000
47698  -33.187  -40.354  73.690 0.0000000000
46520  -31.202  -40.576  71.329 0.0000000000
46506  -31.858  -40.332  72.534 0.0000000000
46504  -30.926  -40.488  71.463 0.0000000000
47740  -30.612  -40.202  71.651 0.0000000000
60384  -43.280  -30.259  66.010 0.0000000000
59146  -43.768  -30.390  65.547 0.0000000000
60385  -43.791  -30.439  66.080 0.0000000000
57915  -44.811  -30.657  65.933 0.0000000000
57901  -45.554  -30.497  66.654 0.0000000000
59148  -45.803  -30.257  66.380 0.0000000000
59131  -46.087  -30.190  67.012 0.0000000000
59098  -47.343  -31.103  68.594 0.0000000000
60352  -47.035  -30.215  68.208 0.0000000000
61519  -46.808  -29.836  67.820 0.0000000000
61508  -47.084  -28.806  67.654 0.0000000000
61501  -47.634  -28.922  68.346 0.0000000000
62599  -49.383  -27.872  69.490 0.0000000000
63697  -48.894  -27.672  69.240 0.0000000000
63712  -49.440  -27.326  69.257 0.0000000000
64935  -49.534  -26.468  68.492 0.0000000000
64936  -50.482  -26.461  69.258 0.0000000000
53293  -43.700  -34.656  78.561 0.0000000000
54286  -43.402  -34.775  78.573 0.0000000000
54307  -43.537  -34.475  78.106 0.0000000000
55430  -43.453  -33.896  76.869 0.0000000000
55454  -42.586  -33.492  76.188 0.0000000000
55453  -41.491  -33.623  75.854 0.0000000000
55482  -45.072  -33.464  75.111 0.0000000000
56602  -42.119  -32.879  73.563 0.0000000000
56580  -41.496  -33.108  74.518 0.0000000000
56600  -40.162  -33.331  73.266 0.0000000000
56624  -40.514  -33.137  72.577 0.0000000000
57809  -40.250  -32.760  71.249 0.0000000000
56643  -39.696  -33.001  71.772 0.0000000000
57855  -37.406  -31.891  69.520 0.0000000000
57857  -39.493  -31.804  69.512 0.0000000000
59075  -40.170  -31.614  69.422 0.0000000000
57861  -43.303  -31.696  69.902 0.0000000000
59094  -42.814  -31.144  68.526 0.0000000000
59078  -42.596  -31.557  69.212 0.0000000000
60347  -40.405  -30.345  67.210 0.0000000000
59127  -43.273  -30.641  67.267 0.0000000000
60362  -43.003  -30.471  66.621 0.0000000000
77565  -60.817  -15.106  58.661 0.0000000000
78791  -60.423  -14.930  57.675 0.0000000000
78790  -59.832  -14.982  57.429 0.0000000000
78792  -61.311  -14.149  57.372 0.0000000000
78804  -61.302  -13.724  56.574 0.0000000000
80071  -61.172  -13.593  55.933 0.0000000000
80086  -61.126  -13.547  55.184 0.0000000000
47562  -28.640  -41.716  82.683 0.0000000000
48921  -29.957  -40.978  81.229 0.0000000000
47598  -28.990  -41.101  81.357 0.0000000000
48934  -28.676  -40.744  80.108 0.0000000000
48937  -31.140  -40.310  81.020 0.0000000000
49018  -28.126  -39.404  75.563 0.0000000000
50175  -26.395  -39.112  74.294 0.0000000000
50176  -27.136  -39.127  73.977 0.0000000000
59184  -43.829  -30.355  63.982 0.0000000000
59207  -44.146  -30.383  63.634 0.0000000000
61571  -44.326  -29.300  63.515 0.0000000000
63730  -45.552  -27.255  65.665 0.0000000000
64979  -45.107  -26.413  64.904 0.0000000000
64992  -43.999  -26.064  63.462 0.0000000000
66230  -48.601  -25.693  62.446 0.0000000000
67453  -48.748  -25.153  62.472 0.0000000000
68613  -48.253  -23.625  62.750 0.0000000000
69679  -47.304  -22.776  62.337 0.0000000000
70756  -48.263  -21.734  62.899 0.0000000000
70761  -48.065  -21.398  62.314 0.0000000000
71832  -47.751  -20.989  61.669 0.0000000000
47587  -37.816  -41.228  81.193 0.0000000000
46371  -37.479  -41.271  80.252 0.0000000000
47636  -37.306  -40.575  78.918 0.0000000000
47616  -36.948  -40.932  79.181 0.0000000000
50138  -38.415  -39.931  78.676 0.0000000000
50162  -35.699  -38.846  77.604 0.0000000000
49010  -36.145  -39.339  78.179 0.0000000000
49009  -35.559  -39.809  77.214 0.0000000000
49022  -34.734  -39.759  76.098 0.0000000000
51229  -33.887  -38.256  75.395 0.0000000000
50179  -33.939  -38.983  75.074 0.0000000000
50189  -32.885  -39.228  73.782 0.0000000000
51236  -32.972  -38.545  74.072 0.0000000000
54305  -41.767  -34.960  77.817 0.0000000000
53292  -41.184  -35.673  78.336 0.0000000000
54330  -38.873  -35.304  76.795 0.0000000000
54329  -38.250  -35.613  76.726 0.0000000000
53332  -37.535  -35.931  76.724 0.0000000000
55498  -37.189  -33.977  73.608 0.0000000000
54390  -34.774  -35.420  74.223 0.0000000000
55473  -36.269  -34.827  74.652 0.0000000000
54353  -36.137  -35.816  75.584 0.0000000000
53338  -35.084  -36.145  74.929 0.0000000000
52332  -32.595  -36.648  72.243 0.0000000000
53344  -33.245  -36.638  73.574 0.0000000000
52320  -32.631  -37.232  72.960 0.0000000000
52319  -32.081  -37.887  72.858 0.0000000000
51275  -31.504  -38.018  71.373 0.0000000000
57888  -37.057  -31.915  67.983 0.0000000000
59089  -36.496  -31.537  67.986 0.0000000000
45194  -25.307  -43.366  86.073 0.0000000000
46295  -29.129  -42.064  85.002 0.0000000000
47570  -37.340  -40.947  81.870 0.0000000000
48912  -37.926  -40.170  81.468 0.0000000000
48927  -39.400  -39.437  80.873 0.0000000000
51110  -40.885  -37.167  81.519 0.0000000000
50090  -40.305  -38.310  80.871 0.0000000000
50119  -40.839  -38.773  80.234 0.0000000000
53225  -42.628  -36.605  81.211 0.0000000000
52207  -42.349  -37.232  80.864 0.0000000000
52208  -42.856  -36.687  80.655 0.0000000000
52224  -42.713  -36.853  80.344 0.0000000000
53240  -44.493  -35.052  79.631 0.0000000000
53253  -43.951  -34.943  79.359 0.0000000000
53254  -44.896  -35.156  79.238 0.0000000000
54275  -45.706  -35.279  78.915 0.0000000000
54289  -46.406  -34.750  78.542 0.0000000000
54310  -46.088  -34.337  77.918 0.0000000000
59037  -51.033  -31.168  73.470 0.0000000000
59038  -51.667  -30.639  73.696 0.0000000000
61441  -52.408  -29.303  73.685 0.0000000000
60310  -51.933  -29.913  72.811 0.0000000000
61457  -51.788  -29.812  72.561 0.0000000000
61475  -51.394  -29.609  72.036 0.0000000000
63652  -52.638  -27.170  72.485 0.0000000000
62540  -52.426  -27.801  72.537 0.0000000000
62562  -52.057  -27.772  72.271 0.0000000000
62561  -51.689  -27.805  71.941 0.0000000000
62585  -51.404  -27.881  71.509 0.0000000000
62584  -51.127  -28.072  71.048 0.0000000000
63684  -51.600  -27.363  71.319 0.0000000000
66136  -52.755  -25.741  70.968 0.0000000000
64905  -52.244  -26.448  71.000 0.0000000000
64937  -51.659  -26.012  69.135 0.0000000000
66163  -52.957  -25.538  69.270 0.0000000000
69568  -54.774  -21.920  71.442 0.0000000000
67353  -54.225  -23.876  71.332 0.0000000000
67366  -54.678  -23.952  71.037 0.0000000000
66153  -54.366  -24.431  69.456 0.0000000000
66139  -54.520  -24.467  69.975 0.0000000000
66165  -53.963  -24.685  68.886 0.0000000000
66177  -53.397  -24.835  68.361 0.0000000000
67421  -52.550  -24.740  67.565 0.0000000000
67413  -52.877  -24.591  68.096 0.0000000000
68558  -52.574  -23.224  68.124 0.0000000000
68569  -52.365  -23.632  67.293 0.0000000000
68557  -52.259  -22.821  67.481 0.0000000000
68568  -51.831  -23.119  66.686 0.0000000000
71721  -55.303  -20.286  69.692 0.0000000000
71719  -53.802  -20.315  68.848 0.0000000000
71762  -52.653  -20.241  66.908 0.0000000000
71745  -52.781  -20.780  67.769 0.0000000000
71761  -51.666  -20.867  67.039 0.0000000000
70718  -50.978  -21.616  67.148 0.0000000000
71774  -50.863  -20.855  66.301 0.0000000000
71789  -50.429  -20.941  65.445 0.0000000000
71790  -51.068  -20.388  65.148 0.0000000000
71809  -51.179  -20.003  63.974 0.0000000000
72902  -57.660  -18.843  65.439 0.0000000000
72881  -58.127  -18.774  66.099 0.0000000000
74083  -56.295  -18.589  62.877 0.0000000000
74071  -57.255  -18.686  63.654 0.0000000000
71824  -54.323  -19.129  62.954 0.0000000000
72945  -54.865  -18.882  63.214 0.0000000000
71812  -54.348  -19.094  63.643 0.0000000000
71794  -55.033  -18.932  64.464 0.0000000000
71811  -53.433  -19.515  63.684 0.0000000000
72974  -51.241  -19.411  61.089 0.0000000000
71844  -50.466  -19.713  60.706 0.0000000000
72985  -50.177  -19.743  59.940 0.0000000000
72996  -49.885  -19.500  59.227 0.0000000000
74132  -50.630  -18.801  58.330 0.0000000000
73017  -49.933  -19.117  58.197 0.0000000000
74138  -50.233  -18.799  57.725 0.0000000000
74142  -49.473  -18.694  56.757 0.0000000000
74143  -50.336  -18.434  56.520 0.0000000000
75238  -52.995  -17.594  58.120 0.0000000000
74134  -52.326  -17.805  58.766 0.0000000000
74149  -51.195  -17.770  55.502 0.0000000000
74148  -50.432  -18.155  55.447 0.0000000000
77561  -58.176  -15.875  58.059 0.0000000000
76398  -56.548  -16.191  56.737 0.0000000000
77573  -55.166  -16.039  56.066 0.0000000000
78822  -56.766  -14.682  54.163 0.0000000000
77593  -56.092  -15.019  53.789 0.0000000000
76406  -54.297  -16.154  54.438 0.0000000000
45244  -24.305  -43.082  83.009 0.0000000000
45227  -23.576  -42.847  83.763 0.0000000000
45268  -22.400  -42.602  80.696 0.0000000000
46381  -21.307  -42.482  79.446 0.0000000000
46418  -21.552  -42.191  77.802 0.0000000000
46417  -20.999  -42.423  77.988 0.0000000000
46429  -20.899  -42.497  77.286 0.0000000000
45301  -21.050  -42.874  75.863 0.0000000000
47579  -27.606  -41.544  81.594 0.0000000000
46346  -26.853  -41.861  81.795 0.0000000000
47610  -25.241  -41.363  79.238 0.0000000000
49001  -24.868  -40.443  76.425 0.0000000000
47661  -24.330  -40.579  76.911 0.0000000000
47659  -22.906  -40.899  76.174 0.0000000000
47647  -23.279  -41.034  77.226 0.0000000000
46419  -22.255  -41.820  77.565 0.0000000000
46388  -35.605  -40.552  79.211 0.0000000000
46433  -33.604  -40.839  76.741 0.0000000000
46432  -33.029  -40.322  77.192 0.0000000000
47675  -32.304  -39.706  76.205 0.0000000000
46451  -32.629  -40.263  75.026 0.0000000000
47695  -30.520  -39.843  73.746 0.0000000000
47684  -31.256  -39.942  74.618 0.0000000000
47683  -30.752  -39.679  74.900 0.0000000000
49020  -29.974  -39.621  75.277 0.0000000000
49034  -30.138  -39.511  74.242 0.0000000000
50197  -27.528  -38.730  72.267 0.0000000000
50196  -26.910  -38.598  72.854 0.0000000000
51242  -26.431  -38.548  72.176 0.0000000000
49143  -27.860  -40.020  68.013 0.0000000000
49125  -29.231  -39.611  69.718 0.0000000000
50267  -28.108  -39.575  68.679 0.0000000000
49141  -26.258  -40.672  68.404 0.0000000000
50265  -26.693  -39.910  68.528 0.0000000000
50246  -26.473  -39.484  69.211 0.0000000000
51283  -26.670  -38.801  69.871 0.0000000000
50245  -25.798  -40.026  69.489 0.0000000000
46532  -25.456  -42.336  69.843 0.0000000000
49100  -25.478  -40.615  69.764 0.0000000000
47762  -25.153  -41.460  70.267 0.0000000000
50227  -25.010  -39.799  70.816 0.0000000000
47761  -24.690  -41.110  70.811 0.0000000000
59047  -49.431  -31.754  71.770 0.0000000000
56587  -48.301  -32.933  74.561 0.0000000000
56586  -47.326  -32.937  74.400 0.0000000000
71847  -46.353  -20.934  60.279 0.0000000000
71855  -46.080  -20.772  59.098 0.0000000000
71863  -47.085  -19.847  57.788 0.0000000000
73005  -47.905  -19.457  58.138 0.0000000000
46328  -34.803  -41.430  82.911 0.0000000000
59205  -42.979  -30.123  62.539 0.0000000000
64946  -48.534  -26.399  67.533 0.0000000000
64945  -48.041  -26.405  67.012 0.0000000000
64968  -49.379  -25.982  65.498 0.0000000000
64983  -49.821  -25.659  64.681 0.0000000000
66190  -51.003  -25.553  65.395 0.0000000000
66205  -51.771  -25.218  65.759 0.0000000000
52222  -41.811  -37.645  79.876 0.0000000000
51194  -41.083  -37.906  79.095 0.0000000000
52261  -41.263  -37.344  78.942 0.0000000000
53266  -40.838  -36.841  78.538 0.0000000000
53291  -40.368  -36.503  78.179 0.0000000000
56641  -37.649  -33.107  71.625 0.0000000000
56658  -36.094  -32.713  71.085 0.0000000000
57851  -34.005  -32.961  69.717 0.0000000000
57852  -34.584  -32.556  69.689 0.0000000000
57872  -33.753  -32.445  69.125 0.0000000000
60381  -40.974  -29.672  65.591 0.0000000000
61527  -40.346  -29.522  65.308 0.0000000000
75198  -57.477  -17.348  61.337 0.0000000000
75213  -57.660  -17.044  60.691 0.0000000000
75230  -55.857  -17.521  59.461 0.0000000000
75242  -56.147  -17.367  59.055 0.0000000000
76385  -56.393  -16.995  58.674 0.0000000000
46306  -26.131  -42.633  83.651 0.0000000000
50167  -25.159  -39.591  75.120 0.0000000000
50193  -24.014  -39.868  73.344 0.0000000000
47713  -23.733  -41.293  72.863 0.0000000000
46502  -24.476  -41.836  72.031 0.0000000000
46503  -24.776  -42.369  71.658 0.0000000000
49046  -33.250  -39.834  73.218 0.0000000000
47719  -32.756  -40.154  72.584 0.0000000000
47742  -31.916  -40.235  71.764 0.0000000000
59128  -43.721  -30.443  67.037 0.0000000000
59129  -44.147  -30.442  66.556 0.0000000000
57891  -44.942  -30.671  67.523 0.0000000000
57893  -45.897  -30.654  67.566 0.0000000000
59083  -48.303  -31.077  69.266 0.0000000000
60336  -48.761  -30.420  69.459 0.0000000000
61502  -47.921  -29.120  68.711 0.0000000000
62611  -49.511  -28.201  69.546 0.0000000000
62612  -50.088  -28.014  69.838 0.0000000000
54308  -44.280  -34.311  77.899 0.0000000000
54335  -43.919  -34.071  77.336 0.0000000000
54358  -44.181  -33.765  76.650 0.0000000000
56604  -44.211  -32.877  73.670 0.0000000000
56582  -43.754  -32.937  74.520 0.0000000000
56625  -41.563  -32.960  72.536 0.0000000000
57836  -40.175  -32.317  70.576 0.0000000000
57859  -41.490  -32.033  69.884 0.0000000000
57862  -44.300  -31.454  69.784 0.0000000000
59112  -43.025  -30.850  67.745 0.0000000000
59113  -43.765  -30.728  67.717 0.0000000000
47564  -30.320  -41.137  82.942 0.0000000000
47582  -29.880  -41.181  82.320 0.0000000000
48922  -30.362  -40.819  81.788 0.0000000000
48936  -30.392  -40.535  80.794 0.0000000000
47613  -31.901  -40.155  79.369 0.0000000000
48969  -31.117  -40.013  79.090 0.0000000000
48990  -30.032  -39.608  77.799 0.0000000000
50169  -28.874  -39.257  75.063 0.0000000000
59168  -45.102  -30.224  65.205 0.0000000000
60428  -44.639  -29.968  64.187 0.0000000000
61572  -44.694  -29.644  64.223 0.0000000000
66187  -46.133  -25.506  64.793 0.0000000000
66200  -45.702  -25.530  64.314 0.0000000000
66213  -44.966  -25.529  63.374 0.0000000000
67444  -49.572  -24.828  63.306 0.0000000000
68615  -49.255  -24.741  62.899 0.0000000000
68600  -48.628  -23.622  63.061 0.0000000000
69676  -48.021  -22.423  63.192 0.0000000000
70748  -48.547  -22.017  63.536 0.0000000000
70749  -49.311  -21.451  63.911 0.0000000000
47603  -38.303  -41.023  80.357 0.0000000000
47602  -37.875  -41.134  79.959 0.0000000000
47618  -38.430  -40.854  79.684 0.0000000000
47637  -37.970  -40.785  79.233 0.0000000000
48970  -37.640  -40.308  78.732 0.0000000000
51207  -38.242  -38.196  78.016 0.0000000000
51206  -37.409  -38.602  78.161 0.0000000000
50170  -34.684  -38.642  76.538 0.0000000000
51230  -34.525  -37.846  75.896 0.0000000000
52310  -34.182  -37.512  75.018 0.0000000000
54356  -38.800  -34.742  75.943 0.0000000000
55511  -35.184  -34.310  72.923 0.0000000000
55497  -36.073  -34.300  73.898 0.0000000000
54397  -34.755  -34.934  73.342 0.0000000000
54389  -34.225  -35.587  73.742 0.0000000000
53345  -33.903  -35.991  74.029 0.0000000000
53348  -33.259  -36.168  72.657 0.0000000000
50087  -38.189  -39.367  81.217 0.0000000000
50103  -37.803  -38.993  81.270 0.0000000000
51111  -41.356  -37.060  81.475 0.0000000000
51129  -41.507  -37.225  81.367 0.0000000000
52172  -41.750  -36.667  81.440 0.0000000000
54267  -45.477  -35.028  79.524 0.0000000000
59024  -52.478  -30.178  74.849 0.0000000000
60292  -52.286  -30.038  74.402 0.0000000000
60293  -52.475  -29.505  74.678 0.0000000000
61427  -52.423  -29.053  74.184 0.0000000000
61442  -52.575  -28.551  73.644 0.0000000000
64865  -52.759  -26.385  72.363 0.0000000000
64883  -52.230  -26.777  71.682 0.0000000000
64884  -52.598  -26.340  71.716 0.0000000000
66137  -53.284  -25.464  70.921 0.0000000000
70640  -55.386  -21.270  71.443 0.0000000000
69577  -54.907  -21.951  71.019 0.0000000000
67367  -54.735  -23.549  70.944 0.0000000000
67385  -54.702  -23.498  70.750 0.0000000000
67396  -54.612  -23.327  70.534 0.0000000000
67404  -54.143  -24.077  69.339 0.0000000000
67415  -53.698  -23.962  68.984 0.0000000000
68550  -53.935  -23.621  69.372 0.0000000000
68549  -53.684  -23.337  69.038 0.0000000000
68548  -53.290  -22.931  68.596 0.0000000000
71732  -54.078  -19.705  68.239 0.0000000000
72857  -53.526  -19.879  67.498 0.0000000000
72878  -53.209  -20.005  67.084 0.0000000000
71810  -52.388  -19.882  63.759 0.0000000000
75148  -58.772  -17.822  65.961 0.0000000000
72903  -58.223  -18.603  65.288 0.0000000000
72927  -57.375  -18.740  64.566 0.0000000000
74100  -55.332  -18.574  61.988 0.0000000000
72978  -54.474  -18.796  61.915 0.0000000000
72959  -54.016  -19.088  62.419 0.0000000000
72958  -53.290  -19.339  62.205 0.0000000000
72976  -52.938  -19.048  61.537 0.0000000000
72987  -51.723  -19.023  60.489 0.0000000000
72997  -50.621  -19.225  59.458 0.0000000000
72998  -51.423  -18.812  59.664 0.0000000000
74133  -51.268  -18.452  58.671 0.0000000000
75246  -53.621  -17.339  57.547 0.0000000000
75251  -52.538  -17.229  56.329 0.0000000000
75256  -51.640  -17.414  55.082 0.0000000000
77568  -57.963  -15.660  57.273 0.0000000000
77576  -57.705  -15.516  56.543 0.0000000000
77582  -56.578  -15.440  55.596 0.0000000000
78827  -56.072  -14.789  52.512 0.0000000000
77600  -55.977  -15.098  53.150 0.0000000000
46343  -23.976  -42.879  81.273 0.0000000000
46342  -23.682  -42.746  81.486 0.0000000000
45270  -23.562  -42.872  81.079 0.0000000000
46382  -22.140  -42.617  79.385 0.0000000000
47595  -26.519  -41.366  80.221 0.0000000000
49013  -23.497  -40.548  75.679 0.0000000000
48999  -23.529  -40.608  76.234 0.0000000000
46441  -21.932  -42.067  75.495 0.0000000000
44219  -22.166  -43.790  74.175 0.0000000000
45311  -22.318  -43.264  73.943 0.0000000000
44233  -23.721  -44.421  73.355 0.0000000000
47716  -30.785  -40.006  72.832 0.0000000000
47715  -30.219  -39.824  72.930 0.0000000000
49044  -29.796  -39.572  73.436 0.0000000000
49060  -29.123  -39.253  72.651 0.0000000000
51262  -26.962  -38.666  70.955 0.0000000000
46547  -25.581  -42.321  68.587 0.0000000000
57866  -47.849  -31.402  69.330 0.0000000000
59068  -48.707  -31.351  69.939 0.0000000000
59069  -49.253  -30.908  70.245 0.0000000000
60331  -49.640  -30.453  70.341 0.0000000000
60338  -49.962  -29.875  70.221 0.0000000000
55432  -46.623  -33.653  76.653 0.0000000000
55483  -45.956  -33.172  75.084 0.0000000000
56584  -45.570  -32.965  74.505 0.0000000000
56605  -45.147  -32.742  73.925 0.0000000000
57779  -44.198  -32.638  72.950 0.0000000000
57796  -43.866  -32.636  72.397 0.0000000000
57813  -43.759  -32.305  71.628 0.0000000000
73019  -46.686  -20.110  56.452 0.0000000000
48924  -32.017  -40.300  82.350 0.0000000000
47600  -33.423  -40.389  81.087 0.0000000000
47652  -31.873  -39.817  77.574 0.0000000000
62628  -46.107  -28.468  66.376 0.0000000000
64965  -46.498  -26.260  65.866 0.0000000000
64954  -47.587  -26.312  66.535 0.0000000000
66189  -47.009  -25.588  65.328 0.0000000000
66202  -47.219  -25.546  64.609 0.0000000000
66216  -47.345  -25.735  63.644 0.0000000000
64993  -48.004  -25.816  63.070 0.0000000000
65008  -48.121  -26.199  62.317 0.0000000000
65009  -48.500  -25.779  62.749 0.0000000000
66231  -49.017  -25.586  62.994 0.0000000000
66217  -49.513  -25.257  63.386 0.0000000000
66218  -49.842  -25.426  63.924 0.0000000000
67445  -50.161  -24.936  63.812 0.0000000000
68602  -50.270  -24.526  64.196 0.0000000000
68578  -50.423  -23.404  65.381 0.0000000000
50129  -40.249  -39.636  79.726 0.0000000000
50128  -39.512  -40.129  79.530 0.0000000000
51193  -40.420  -38.275  78.858 0.0000000000
51221  -37.967  -37.448  77.695 0.0000000000
52298  -37.567  -37.038  77.369 0.0000000000
56578  -39.627  -33.454  73.880 0.0000000000
55476  -38.864  -33.724  74.504 0.0000000000
55499  -38.207  -33.662  73.740 0.0000000000
56619  -36.503  -33.581  72.213 0.0000000000
55520  -34.976  -34.099  72.031 0.0000000000
55530  -33.313  -34.581  71.254 0.0000000000
55529  -32.665  -34.865  70.870 0.0000000000
55557  -31.580  -33.968  68.194 0.0000000000
60346  -39.358  -30.499  67.159 0.0000000000
60358  -38.743  -30.153  66.308 0.0000000000
61525  -38.411  -29.742  65.639 0.0000000000
61545  -38.499  -29.221  64.620 0.0000000000
71695  -56.169  -20.424  70.889 0.0000000000
70688  -55.512  -21.226  70.545 0.0000000000
70687  -54.831  -21.300  70.480 0.0000000000
71722  -55.716  -20.770  70.107 0.0000000000
72837  -55.727  -19.702  69.329 0.0000000000
72822  -56.993  -19.167  69.261 0.0000000000
71733  -55.390  -19.684  68.534 0.0000000000
74084  -57.336  -18.332  62.645 0.0000000000
74101  -56.516  -18.144  61.818 0.0000000000
75197  -56.954  -17.595  61.410 0.0000000000
74125  -53.719  -18.183  59.922 0.0000000000
75239  -53.883  -17.496  58.393 0.0000000000
75253  -54.011  -17.050  57.217 0.0000000000
76395  -53.881  -16.775  56.558 0.0000000000
76400  -53.712  -16.628  56.095 0.0000000000
78823  -57.525  -14.333  53.750 0.0000000000
45210  -24.432  -43.315  84.935 0.0000000000
46305  -25.423  -42.852  83.237 0.0000000000
46322  -24.279  -42.722  82.051 0.0000000000
48987  -26.737  -40.396  77.658 0.0000000000
49014  -24.243  -40.148  75.554 0.0000000000
50166  -24.672  -39.736  75.173 0.0000000000
46463  -23.508  -42.513  73.167 0.0000000000
46464  -24.044  -43.006  72.786 0.0000000000
46446  -34.514  -40.791  75.916 0.0000000000
46445  -33.992  -40.864  75.757 0.0000000000
46453  -33.705  -40.355  75.147 0.0000000000
46466  -32.699  -40.376  74.124 0.0000000000
46489  -32.126  -40.390  73.311 0.0000000000
46488  -31.399  -40.229  72.884 0.0000000000
49101  -29.633  -39.639  70.637 0.0000000000
60407  -42.872  -29.715  64.516 0.0000000000
59145  -43.373  -30.075  65.085 0.0000000000
59167  -43.783  -30.364  64.794 0.0000000000
57946  -44.119  -30.436  64.843 0.0000000000
57914  -44.509  -30.528  66.120 0.0000000000
57931  -44.560  -30.446  65.458 0.0000000000
57932  -45.063  -30.308  65.382 0.0000000000
59169  -45.452  -30.369  65.815 0.0000000000
60409  -45.591  -30.124  65.653 0.0000000000
60386  -45.924  -29.913  66.053 0.0000000000
57880  -46.242  -31.041  68.413 0.0000000000
57894  -46.067  -30.828  67.844 0.0000000000
59099  -47.354  -30.691  68.478 0.0000000000
59117  -46.560  -30.615  67.779 0.0000000000
60365  -46.480  -29.977  67.365 0.0000000000
61532  -46.244  -29.479  66.589 0.0000000000
62616  -47.096  -28.352  67.580 0.0000000000
63721  -48.136  -27.388  67.924 0.0000000000
62609  -47.826  -28.573  68.399 0.0000000000
62618  -48.134  -27.905  68.383 0.0000000000
64934  -48.997  -26.387  68.105 0.0000000000
54285  -42.930  -35.033  78.571 0.0000000000
54332  -41.884  -34.557  77.387 0.0000000000
54334  -43.271  -34.203  77.335 0.0000000000
54333  -42.416  -34.423  77.371 0.0000000000
55428  -41.810  -34.140  76.877 0.0000000000
56561  -40.637  -33.306  74.847 0.0000000000
55456  -44.541  -33.533  75.918 0.0000000000
55480  -43.240  -33.075  75.428 0.0000000000
55479  -42.204  -33.139  75.336 0.0000000000
56599  -39.395  -33.407  73.143 0.0000000000
56622  -39.056  -33.233  72.425 0.0000000000
56642  -38.568  -33.038  71.667 0.0000000000
56660  -37.945  -32.744  70.992 0.0000000000
57833  -37.236  -32.204  70.374 0.0000000000
57854  -36.459  -32.103  69.576 0.0000000000
57876  -37.595  -31.805  68.614 0.0000000000
57877  -38.532  -31.583  68.586 0.0000000000
59109  -40.082  -30.927  67.971 0.0000000000
59077  -41.695  -31.730  69.220 0.0000000000
59092  -40.915  -31.304  68.656 0.0000000000
60349  -42.483  -30.502  67.239 0.0000000000
60382  -41.602  -29.655  65.731 0.0000000000
76376  -58.903  -16.134  59.624 0.0000000000
76388  -59.131  -15.937  58.860 0.0000000000
77562  -59.004  -15.755  58.270 0.0000000000
77570  -59.588  -15.296  57.704 0.0000000000
77578  -59.075  -15.178  57.218 0.0000000000
78803  -60.613  -14.159  56.514 0.0000000000
78812  -59.717  -14.157  55.571 0.0000000000
80093  -60.154  -13.485  54.136 0.0000000000
46308  -28.337  -42.002  83.823 0.0000000000
48933  -28.241  -40.679  79.779 0.0000000000
48948  -27.911  -40.627  79.310 0.0000000000
48951  -30.282  -40.189  79.875 0.0000000000
48950  -29.436  -40.401  79.557 0.0000000000
48966  -28.390  -40.271  78.497 0.0000000000
49017  -26.948  -39.546  75.786 0.0000000000
49030  -26.324  -39.537  75.069 0.0000000000
50195  -25.129  -38.950  72.949 0.0000000000
47788  -31.592  -40.013  69.940 0.0000000000
59183  -43.296  -29.998  63.259 0.0000000000
59226  -43.189  -30.156  62.560 0.0000000000
60449  -44.390  -30.227  63.619 0.0000000000
60472  -43.943  -30.110  62.605 0.0000000000
60471  -43.274  -30.088  62.337 0.0000000000
61610  -43.054  -29.671  62.219 0.0000000000
62627  -45.524  -28.456  65.685 0.0000000000
62643  -44.989  -28.171  64.990 0.0000000000
62642  -44.434  -28.073  64.351 0.0000000000
63739  -44.312  -27.064  64.437 0.0000000000
62657  -43.861  -28.100  63.669 0.0000000000
68624  -48.263  -24.861  62.137 0.0000000000
70760  -47.090  -21.680  61.936 0.0000000000
71841  -46.907  -20.908  61.108 0.0000000000
46350  -36.402  -41.219  81.257 0.0000000000
46370  -36.671  -40.989  79.964 0.0000000000
46389  -36.113  -40.598  78.826 0.0000000000
46408  -35.603  -40.587  78.005 0.0000000000
46426  -35.311  -40.668  77.527 0.0000000000
47654  -35.233  -40.854  77.012 0.0000000000
48994  -37.911  -40.069  78.576 0.0000000000
48993  -36.875  -39.881  78.589 0.0000000000
50153  -36.970  -39.098  78.464 0.0000000000
47666  -35.348  -40.415  76.863 0.0000000000
47665  -34.980  -40.612  76.327 0.0000000000
47677  -34.614  -40.389  75.831 0.0000000000
49021  -34.416  -40.110  75.558 0.0000000000
49036  -34.155  -39.413  75.519 0.0000000000
49047  -33.456  -39.673  74.057 0.0000000000
50199  -32.419  -39.316  73.154 0.0000000000
50218  -31.918  -39.249  72.640 0.0000000000
54303  -39.622  -35.671  77.547 0.0000000000
53316  -38.227  -36.236  77.194 0.0000000000
53315  -37.198  -36.447  76.987 0.0000000000
53314  -36.496  -36.519  76.640 0.0000000000
54377  -37.601  -34.695  75.124 0.0000000000
54376  -36.839  -35.041  75.249 0.0000000000
54354  -36.555  -35.603  75.782 0.0000000000
53330  -36.096  -36.309  75.801 0.0000000000
52306  -36.097  -36.987  76.428 0.0000000000
52311  -34.906  -37.020  75.278 0.0000000000
52317  -33.688  -37.103  74.328 0.0000000000
51245  -32.339  -38.397  73.341 0.0000000000
51263  -31.824  -38.402  72.584 0.0000000000
50217  -31.647  -39.026  71.867 0.0000000000
60357  -37.820  -30.271  66.449 0.0000000000
57765  -49.245  -32.466  74.196 0.0000000000
57785  -50.871  -32.146  74.248 0.0000000000
59022  -51.411  -31.742  74.650 0.0000000000
45193  -24.502  -43.616  85.852 0.0000000000
46292  -26.507  -42.637  84.587 0.0000000000
46293  -27.441  -42.356  84.736 0.0000000000
46294  -28.332  -42.214  84.961 0.0000000000
47536  -29.946  -41.529  84.846 0.0000000000
48897  -31.903  -41.016  83.617 0.0000000000
47551  -32.571  -40.866  83.817 0.0000000000
46327  -34.613  -40.877  83.076 0.0000000000
46329  -35.373  -40.905  82.771 0.0000000000
47569  -36.068  -40.844  82.341 0.0000000000
47585  -36.363  -41.178  81.824 0.0000000000
47586  -36.901  -41.338  81.635 0.0000000000
48925  -38.259  -40.558  81.082 0.0000000000
48940  -38.941  -40.519  80.580 0.0000000000
50106  -39.932  -39.016  80.685 0.0000000000
50118  -40.198  -39.383  80.393 0.0000000000
51160  -41.428  -38.025  80.179 0.0000000000
52206  -41.671  -37.600  80.883 0.0000000000
51161  -41.806  -37.630  80.559 0.0000000000
52241  -42.651  -37.007  80.018 0.0000000000
53252  -42.918  -36.155  79.713 0.0000000000
54255  -43.574  -35.703  80.602 0.0000000000
53227  -43.652  -35.757  80.352 0.0000000000
53270  -44.059  -34.695  78.767 0.0000000000
55412  -46.780  -33.954  77.412 0.0000000000
54312  -47.852  -34.484  78.088 0.0000000000
55459  -47.520  -33.506  76.074 0.0000000000
59036  -50.243  -31.550  72.990 0.0000000000
59048  -50.273  -31.202  72.158 0.0000000000
60302  -51.550  -30.559  73.340 0.0000000000
60309  -51.370  -30.304  72.645 0.0000000000
60316  -50.659  -30.351  71.764 0.0000000000
61490  -50.683  -29.651  71.325 0.0000000000
61491  -51.164  -28.960  71.146 0.0000000000
62507  -52.725  -27.813  74.265 0.0000000000
61443  -52.671  -28.023  74.002 0.0000000000
63639  -52.699  -27.403  73.844 0.0000000000
62522  -52.757  -27.803  73.324 0.0000000000
61459  -52.561  -28.372  72.872 0.0000000000
61498  -50.769  -28.626  70.656 0.0000000000
62601  -50.751  -28.208  70.661 0.0000000000
63700  -50.839  -27.630  70.548 0.0000000000
63699  -50.538  -27.325  69.935 0.0000000000
64921  -51.283  -26.703  70.169 0.0000000000
64920  -50.773  -26.821  69.790 0.0000000000
64949  -51.486  -25.624  68.110 0.0000000000
67352  -53.703  -24.092  71.618 0.0000000000
66117  -54.033  -25.036  71.107 0.0000000000
66138  -54.261  -24.880  70.382 0.0000000000
67384  -54.690  -24.122  70.595 0.0000000000
66151  -53.635  -25.277  69.833 0.0000000000
66176  -52.561  -25.283  68.104 0.0000000000
66181  -51.901  -25.383  67.131 0.0000000000
66182  -52.390  -25.051  67.052 0.0000000000
66192  -52.116  -25.168  66.271 0.0000000000
68591  -51.906  -24.355  66.092 0.0000000000
67423  -52.667  -23.981  68.114 0.0000000000
67430  -52.287  -23.943  66.857 0.0000000000
68579  -51.237  -23.478  65.925 0.0000000000
69647  -50.682  -22.592  65.978 0.0000000000
70668  -54.276  -21.689  70.045 0.0000000000
69601  -53.588  -21.790  69.417 0.0000000000
71731  -53.371  -20.471  68.366 0.0000000000
70709  -52.694  -21.500  67.946 0.0000000000
69627  -52.258  -22.232  67.561 0.0000000000
69638  -51.810  -22.243  67.190 0.0000000000
70706  -50.713  -22.071  66.963 0.0000000000
70727  -49.740  -22.225  65.530 0.0000000000
70738  -49.765  -21.366  65.158 0.0000000000
70750  -49.559  -21.360  64.526 0.0000000000
71807  -49.666  -21.070  63.820 0.0000000000
71819  -49.528  -20.906  63.359 0.0000000000
71843  -49.535  -20.251  60.602 0.0000000000
72879  -56.572  -19.233  66.667 0.0000000000
71778  -55.017  -19.093  65.490 0.0000000000
74056  -57.649  -18.691  64.163 0.0000000000
72948  -56.923  -18.812  64.091 0.0000000000
72926  -56.534  -18.788  64.512 0.0000000000
72962  -55.918  -18.696  63.223 0.0000000000
72925  -55.737  -18.708  64.204 0.0000000000
72900  -55.897  -19.021  64.974 0.0000000000
71836  -52.600  -19.497  61.905 0.0000000000
72995  -49.151  -19.826  58.980 0.0000000000
73006  -48.850  -19.441  58.324 0.0000000000
73008  -50.407  -19.057  58.638 0.0000000000
73016  -49.425  -19.143  57.930 0.0000000000
74136  -48.907  -18.983  57.255 0.0000000000
74141  -48.843  -18.864  56.955 0.0000000000
75244  -51.864  -17.585  56.818 0.0000000000
76392  -56.600  -16.403  57.633 0.0000000000
77567  -57.232  -15.995  57.001 0.0000000000
76397  -55.756  -16.489  56.813 0.0000000000
76401  -54.368  -16.247  55.569 0.0000000000
77592  -55.492  -15.324  53.423 0.0000000000
77587  -55.591  -15.486  54.263 0.0000000000
76407  -55.072  -15.894  54.546 0.0000000000
45242  -22.349  -42.862  82.536 0.0000000000
45258  -23.218  -42.645  81.659 0.0000000000
45287  -19.989  -43.022  78.464 0.0000000000
46398  -20.712  -42.494  78.589 0.0000000000
45296  -20.372  -42.913  77.595 0.0000000000
47577  -25.892  -41.745  80.957 0.0000000000
47650  -25.779  -40.662  77.910 0.0000000000
47648  -23.983  -40.877  77.575 0.0000000000
46403  -24.354  -41.315  78.439 0.0000000000
46402  -23.993  -41.734  78.115 0.0000000000
46440  -21.513  -42.462  75.755 0.0000000000
46387  -34.791  -40.465  79.741 0.0000000000
46422  -33.116  -40.488  78.192 0.0000000000
46444  -33.412  -40.738  75.864 0.0000000000
46442  -32.176  -39.800  75.531 0.0000000000
50178  -28.768  -39.214  74.826 0.0000000000
49043  -28.660  -39.029  73.640 0.0000000000
49042  -27.818  -39.019  74.103 0.0000000000
51235  -26.284  -38.512  72.913 0.0000000000
51259  -24.952  -38.862  72.298 0.0000000000
47786  -30.716  -40.521  69.903 0.0000000000
47785  -30.260  -40.088  69.915 0.0000000000
47801  -29.787  -39.824  69.249 0.0000000000
47784  -29.838  -39.757  69.854 0.0000000000
50231  -28.836  -39.421  70.143 0.0000000000
50266  -27.246  -39.692  68.504 0.0000000000
50247  -27.648  -39.200  69.157 0.0000000000
50230  -28.133  -38.761  70.020 0.0000000000
51274  -27.224  -38.648  70.341 0.0000000000
51273  -26.525  -38.774  70.483 0.0000000000
50228  -25.684  -39.723  70.171 0.0000000000
51261  -26.252  -38.731  71.209 0.0000000000
50213  -25.519  -39.228  71.025 0.0000000000
50212  -24.705  -39.378  71.591 0.0000000000
45259  -23.649  -42.823  81.295 0.0000000000
46352  -37.753  -41.351  80.614 0.0000000000
46372  -37.872  -41.247  80.311 0.0000000000
46467  -33.171  -40.390  74.347 0.0000000000
46505  -31.366  -40.316  71.915 0.0000000000
46519  -31.010  -40.739  71.091 0.0000000000
47619  -38.804  -41.004  79.985 0.0000000000
47628  -24.329  -40.964  78.086 0.0000000000
47694  -30.208  -39.725  73.326 0.0000000000
47717  -31.219  -40.240  73.447 0.0000000000
47741  -31.443  -40.440  71.431 0.0000000000
47763  -29.984  -39.813  70.387 0.0000000000
47799  -25.910  -41.291  68.413 0.0000000000
48896  -31.537  -41.036  83.425 0.0000000000
48985  -25.377  -40.543  76.819 0.0000000000
49102  -30.011  -39.802  70.952 0.0000000000
49124  -26.385  -40.169  68.584 0.0000000000
50168  -28.661  -39.305  75.322 0.0000000000
50177  -28.559  -39.283  75.083 0.0000000000
50183  -24.096  -39.973  73.719 0.0000000000
50214  -25.994  -39.047  70.570 0.0000000000
51112  -41.631  -37.026  81.453 0.0000000000
51142  -38.000  -38.645  81.256 0.0000000000
51146  -41.878  -37.552  80.756 0.0000000000
51234  -25.949  -38.569  73.223 0.0000000000
51241  -25.567  -38.664  72.705 0.0000000000
51244  -31.970  -38.215  73.004 0.0000000000
52171  -41.312  -36.541  81.479 0.0000000000
52189  -41.807  -37.444  81.075 0.0000000000
52239  -41.663  -37.339  79.342 0.0000000000
53294  -44.039  -34.554  78.346 0.0000000000
53339  -35.562  -36.110  75.385 0.0000000000
54374  -35.125  -35.647  74.879 0.0000000000
54391  -35.582  -34.855  74.414 0.0000000000
54404  -33.365  -35.405  72.103 0.0000000000
55409  -40.901  -34.514  77.185 0.0000000000
56562  -41.112  -33.347  75.238 0.0000000000
56655  -33.715  -33.920  70.830 0.0000000000
56662  -39.638  -32.661  70.982 0.0000000000
56671  -33.037  -33.780  70.040 0.0000000000
56679  -33.417  -32.988  69.516 0.0000000000
57780  -44.883  -32.478  73.275 0.0000000000
57831  -35.588  -32.594  70.449 0.0000000000
57899  -44.829  -30.587  67.042 0.0000000000
57913  -43.907  -30.397  65.794 0.0000000000
57933  -45.189  -30.411  65.650 0.0000000000
57947  -44.566  -30.356  64.952 0.0000000000
57948  -44.792  -30.276  64.999 0.0000000000
59090  -39.114  -31.457  68.548 0.0000000000
59116  -45.962  -30.677  67.267 0.0000000000
59118  -46.837  -30.526  68.131 0.0000000000
59147  -44.044  -30.484  66.017 0.0000000000
59149  -46.251  -30.097  66.621 0.0000000000
59186  -44.666  -30.273  64.709 0.0000000000
59208  -44.414  -30.272  64.059 0.0000000000
60308  -50.794  -30.664  72.323 0.0000000000
60364  -43.880  -30.434  66.318 0.0000000000
60366  -47.029  -29.828  68.005 0.0000000000
60379  -38.903  -29.933  65.861 0.0000000000
60447  -43.598  -30.182  62.698 0.0000000000
60448  -44.143  -30.287  63.026 0.0000000000
61426  -52.349  -29.579  74.164 0.0000000000
61474  -51.019  -29.936  71.795 0.0000000000
61509  -47.341  -28.931  67.924 0.0000000000
61515  -39.619  -29.796  65.929 0.0000000000
61517  -46.892  -28.879  67.523 0.0000000000
61529  -41.921  -29.418  65.162 0.0000000000
61549  -42.313  -29.485  64.743 0.0000000000
61570  -41.469  -29.604  63.211 0.0000000000
61611  -43.583  -29.892  62.472 0.0000000000
62598  -49.046  -28.002  69.475 0.0000000000
62600  -50.441  -28.289  70.229 0.0000000000
62622  -46.412  -29.061  66.780 0.0000000000
63667  -51.951  -27.107  71.687 0.0000000000
63698  -49.181  -27.728  69.390 0.0000000000
64845  -52.727  -26.577  73.247 0.0000000000
64904  -51.560  -26.914  70.901 0.0000000000
64938  -52.347  -25.720  68.933 0.0000000000
64995  -48.869  -25.563  63.846 0.0000000000
65010  -48.823  -25.585  63.266 0.0000000000
66152  -54.243  -24.918  69.481 0.0000000000
66166  -54.137  -24.421  69.211 0.0000000000
66175  -52.016  -25.409  67.734 0.0000000000
66178  -53.654  -24.625  68.590 0.0000000000
66188  -46.523  -25.533  65.124 0.0000000000
66199  -45.257  -25.454  63.818 0.0000000000
67354  -54.667  -23.430  71.027 0.0000000000
67365  -54.260  -24.373  71.211 0.0000000000
67414  -53.416  -24.328  68.574 0.0000000000
67422  -52.559  -24.232  67.597 0.0000000000
67439  -51.843  -24.773  65.730 0.0000000000
68528  -54.747  -22.880  70.918 0.0000000000
68560  -53.665  -23.713  68.979 0.0000000000
68567  -51.431  -23.071  66.307 0.0000000000
68570  -52.588  -23.691  68.081 0.0000000000
68577  -49.908  -23.314  65.187 0.0000000000
68581  -52.150  -23.751  66.779 0.0000000000
68599  -48.377  -23.559  62.955 0.0000000000
69586  -53.969  -21.838  69.864 0.0000000000
69587  -54.102  -21.931  70.049 0.0000000000
69602  -53.879  -22.024  69.819 0.0000000000
69615  -53.309  -22.083  69.057 0.0000000000
69625  -50.789  -22.296  66.886 0.0000000000
69626  -50.950  -22.455  66.897 0.0000000000
69636  -50.791  -22.350  66.644 0.0000000000
69646  -49.957  -22.960  65.490 0.0000000000
69648  -51.228  -22.937  66.142 0.0000000000
69665  -48.232  -23.416  63.081 0.0000000000
70669  -54.374  -21.818  70.235 0.0000000000
70698  -53.009  -21.377  68.460 0.0000000000
70707  -50.943  -22.238  67.125 0.0000000000
70717  -50.566  -21.905  66.560 0.0000000000
70719  -51.727  -21.554  67.237 0.0000000000
70729  -50.670  -21.421  66.489 0.0000000000
70762  -48.562  -21.284  62.580 0.0000000000
71694  -56.065  -20.894  70.688 0.0000000000
71707  -56.081  -20.632  70.301 0.0000000000
71744  -52.320  -20.824  67.344 0.0000000000
71746  -54.156  -19.563  67.240 0.0000000000
71760  -51.125  -21.033  66.899 0.0000000000
71773  -50.554  -21.053  65.872 0.0000000000
72820  -55.736  -19.977  69.599 0.0000000000
72835  -53.378  -20.305  68.093 0.0000000000
72836  -53.497  -20.095  68.031 0.0000000000
72877  -53.096  -20.246  67.412 0.0000000000
72946  -55.558  -18.735  63.503 0.0000000000
72961  -55.410  -18.751  62.786 0.0000000000
72979  -54.978  -18.814  62.315 0.0000000000
74038  -58.854  -18.075  65.554 0.0000000000
74058  -58.840  -18.138  64.859 0.0000000000
74070  -56.685  -18.703  63.400 0.0000000000
74099  -54.707  -18.604  61.667 0.0000000000
75233  -57.784  -16.766  60.280 0.0000000000
76373  -56.726  -17.096  59.163 0.0000000000
76384  -55.788  -17.042  58.415 0.0000000000
76402  -54.864  -16.020  55.042 0.0000000000
77564  -60.530  -15.234  58.534 0.0000000000
77589  -57.020  -15.204  55.238 0.0000000000
78775  -60.737  -15.060  58.221 0.0000000000
78816  -56.897  -14.876  54.613 0.0000000000
