#!ascii label  , from subject 3068 vox2ras=TkReg
918
45157  -20.232  -43.127  87.568 0.0000000000
61348  -48.670  -29.835  77.832 0.0000000000
72700  -50.755  -20.779  74.900 0.0000000000
77387  -56.829  -16.391  69.022 0.0000000000
61329  -43.856  -30.573  78.907 0.0000000000
76177  -53.997  -18.173  72.711 0.0000000000
80009  -57.161  -14.281  61.220 0.0000000000
82433  -61.237  -12.152  59.422 0.0000000000
58963  -51.091  -31.632  78.164 0.0000000000
63598  -52.756  -27.435  75.503 0.0000000000
67256  -50.098  -25.072  77.124 0.0000000000
47473  -22.737  -41.576  89.951 0.0000000000
47499  -26.814  -41.569  87.462 0.0000000000
48826  -30.057  -40.451  86.503 0.0000000000
51082  -34.606  -38.802  84.586 0.0000000000
52204  -38.254  -37.657  81.024 0.0000000000
55306  -41.597  -34.207  81.724 0.0000000000
57652  -46.139  -32.548  80.618 0.0000000000
67351  -53.267  -24.374  72.211 0.0000000000
81287  -62.896  -11.039  57.063 0.0000000000
61321  -49.000  -30.298  77.971 0.0000000000
63561  -51.161  -27.779  77.978 0.0000000000
64771  -49.993  -27.106  77.133 0.0000000000
48818  -22.000  -40.866  87.408 0.0000000000
47486  -24.625  -41.459  88.899 0.0000000000
56467  -38.984  -34.187  81.223 0.0000000000
54241  -39.916  -35.627  81.823 0.0000000000
57610  -40.902  -32.615  81.944 0.0000000000
61346  -46.465  -30.002  78.367 0.0000000000
61290  -45.469  -30.862  80.607 0.0000000000
61306  -47.376  -30.816  79.888 0.0000000000
57686  -48.632  -32.254  78.335 0.0000000000
68448  -51.821  -24.018  76.221 0.0000000000
66071  -52.697  -26.418  74.508 0.0000000000
70605  -51.974  -22.255  74.501 0.0000000000
76197  -55.047  -16.801  71.038 0.0000000000
72758  -55.481  -19.750  71.957 0.0000000000
72788  -56.859  -19.025  70.383 0.0000000000
73975  -57.676  -18.625  67.949 0.0000000000
77500  -58.496  -15.429  61.416 0.0000000000
77484  -57.869  -16.165  63.108 0.0000000000
60167  -41.128  -31.393  79.999 0.0000000000
76230  -54.076  -17.072  68.114 0.0000000000
81236  -59.380  -12.769  60.749 0.0000000000
78744  -60.207  -15.155  60.155 0.0000000000
80072  -61.607  -13.323  56.182 0.0000000000
57747  -50.576  -32.826  75.476 0.0000000000
60237  -52.260  -29.979  76.416 0.0000000000
67241  -51.952  -25.587  77.550 0.0000000000
45117  -21.726  -42.580  90.466 0.0000000000
46277  -27.573  -42.400  85.766 0.0000000000
48824  -28.197  -40.457  86.703 0.0000000000
46279  -29.453  -41.840  85.863 0.0000000000
47526  -31.410  -41.243  85.497 0.0000000000
47540  -33.801  -40.956  84.591 0.0000000000
48898  -35.486  -40.468  83.796 0.0000000000
52160  -36.087  -37.972  83.065 0.0000000000
48914  -39.321  -39.181  80.908 0.0000000000
60111  -42.659  -31.890  81.208 0.0000000000
56417  -43.877  -33.202  80.854 0.0000000000
54257  -44.864  -34.609  79.901 0.0000000000
54277  -47.271  -34.554  78.997 0.0000000000
55435  -49.334  -34.108  77.019 0.0000000000
71652  -54.020  -20.853  73.231 0.0000000000
77468  -56.997  -16.100  64.981 0.0000000000
76249  -57.988  -16.955  67.021 0.0000000000
45133  -20.138  -43.229  89.512 0.0000000000
61335  -49.056  -29.705  77.737 0.0000000000
62448  -49.973  -28.787  77.636 0.0000000000
62455  -49.406  -28.838  77.376 0.0000000000
58902  -39.017  -32.269  80.553 0.0000000000
56441  -40.024  -33.605  81.786 0.0000000000
58903  -39.716  -32.019  81.017 0.0000000000
61347  -47.457  -30.194  78.201 0.0000000000
61318  -46.660  -30.340  79.809 0.0000000000
61333  -47.454  -30.260  78.834 0.0000000000
61320  -48.198  -30.540  79.110 0.0000000000
69528  -51.767  -23.317  75.115 0.0000000000
71627  -51.262  -21.516  75.136 0.0000000000
77378  -55.975  -16.825  69.720 0.0000000000
75089  -56.512  -17.815  70.562 0.0000000000
75091  -57.503  -18.176  69.779 0.0000000000
72823  -57.581  -18.476  69.244 0.0000000000
75101  -57.942  -17.840  69.146 0.0000000000
76344  -58.470  -15.746  60.672 0.0000000000
76329  -58.002  -16.204  61.480 0.0000000000
75213  -57.660  -17.044  60.691 0.0000000000
81273  -58.563  -12.645  59.353 0.0000000000
82416  -59.972  -12.177  60.117 0.0000000000
79998  -60.219  -13.316  60.667 0.0000000000
80013  -61.182  -13.098  59.934 0.0000000000
78761  -61.364  -14.100  59.184 0.0000000000
80037  -61.773  -13.332  58.584 0.0000000000
81306  -62.337  -12.298  56.488 0.0000000000
57730  -50.874  -32.441  76.823 0.0000000000
58995  -52.129  -31.702  76.629 0.0000000000
58980  -51.920  -31.225  77.467 0.0000000000
65994  -51.038  -26.106  77.177 0.0000000000
64752  -51.457  -26.968  77.608 0.0000000000
67239  -51.308  -25.520  77.356 0.0000000000
68435  -50.932  -24.189  77.132 0.0000000000
68434  -50.348  -24.019  76.964 0.0000000000
45136  -22.989  -43.226  89.386 0.0000000000
46228  -23.566  -42.145  90.186 0.0000000000
47487  -25.483  -41.674  88.467 0.0000000000
50036  -29.630  -39.473  85.674 0.0000000000
48825  -29.157  -40.564  86.632 0.0000000000
47512  -29.214  -41.400  86.467 0.0000000000
47513  -29.924  -41.380  86.327 0.0000000000
47525  -30.432  -41.417  85.641 0.0000000000
47514  -30.917  -41.161  86.212 0.0000000000
48851  -34.283  -40.170  85.516 0.0000000000
47541  -34.575  -40.643  84.513 0.0000000000
48868  -35.370  -39.522  84.378 0.0000000000
53235  -36.922  -36.550  80.508 0.0000000000
53210  -36.224  -36.952  81.664 0.0000000000
52185  -36.914  -38.215  81.260 0.0000000000
51109  -36.562  -38.793  81.975 0.0000000000
51124  -37.477  -38.616  81.325 0.0000000000
50087  -38.189  -39.367  81.217 0.0000000000
51144  -38.910  -37.921  81.120 0.0000000000
54231  -40.917  -35.255  81.658 0.0000000000
52170  -40.808  -36.512  81.572 0.0000000000
53200  -41.220  -35.883  81.397 0.0000000000
53202  -42.717  -35.605  81.329 0.0000000000
60146  -42.544  -31.584  80.614 0.0000000000
60147  -43.678  -31.459  80.307 0.0000000000
58907  -45.719  -31.703  80.907 0.0000000000
58906  -45.026  -31.884  80.914 0.0000000000
56444  -45.064  -33.034  80.601 0.0000000000
55331  -44.446  -33.741  80.422 0.0000000000
55352  -45.998  -33.885  80.198 0.0000000000
56488  -46.602  -33.305  79.768 0.0000000000
57688  -49.699  -31.677  77.849 0.0000000000
56522  -48.951  -32.901  77.842 0.0000000000
56538  -50.476  -32.849  78.047 0.0000000000
56567  -50.106  -33.236  76.024 0.0000000000
48789  -21.621  -40.878  89.249 0.0000000000
48776  -21.441  -41.153  90.098 0.0000000000
47450  -21.225  -42.076  91.434 0.0000000000
60276  -52.487  -29.161  74.899 0.0000000000
61428  -52.627  -28.315  74.338 0.0000000000
67335  -52.607  -24.360  73.616 0.0000000000
75044  -52.769  -18.993  73.267 0.0000000000
72720  -53.108  -20.404  73.558 0.0000000000
73879  -53.990  -19.263  73.415 0.0000000000
70654  -55.855  -20.806  71.241 0.0000000000
70628  -55.104  -21.307  72.139 0.0000000000
76305  -58.333  -17.224  64.141 0.0000000000
77483  -57.478  -16.138  63.401 0.0000000000
76289  -58.389  -16.844  65.066 0.0000000000
77439  -57.986  -15.937  66.211 0.0000000000
76290  -58.510  -17.247  65.716 0.0000000000
74013  -58.544  -18.313  65.875 0.0000000000
82461  -60.663  -11.883  57.881 0.0000000000
82449  -61.618  -12.091  58.431 0.0000000000
83607  -61.766  -11.611  57.652 0.0000000000
83621  -62.224  -10.862  57.007 0.0000000000
60173  -50.032  -30.592  77.756 0.0000000000
60194  -51.182  -30.188  78.233 0.0000000000
62450  -51.057  -28.994  78.047 0.0000000000
63560  -50.812  -27.861  77.982 0.0000000000
66011  -50.027  -26.169  77.322 0.0000000000
48790  -22.553  -41.196  89.215 0.0000000000
47474  -23.429  -41.692  89.620 0.0000000000
48807  -25.444  -41.260  87.781 0.0000000000
54266  -38.387  -35.874  80.517 0.0000000000
53224  -39.371  -36.601  81.400 0.0000000000
56468  -39.590  -34.480  81.533 0.0000000000
56442  -40.458  -34.134  82.126 0.0000000000
56414  -41.619  -33.349  82.200 0.0000000000
61330  -44.898  -30.116  79.096 0.0000000000
61302  -44.685  -30.912  80.052 0.0000000000
61317  -45.955  -30.330  79.923 0.0000000000
60150  -46.216  -30.716  80.796 0.0000000000
58909  -46.814  -31.157  80.494 0.0000000000
57654  -47.517  -32.016  79.563 0.0000000000
60153  -48.134  -31.180  79.526 0.0000000000
58937  -49.118  -31.276  78.147 0.0000000000
48817  -21.089  -40.669  87.457 0.0000000000
66031  -52.610  -26.247  75.858 0.0000000000
64815  -52.832  -26.712  75.121 0.0000000000
67291  -52.372  -24.857  75.681 0.0000000000
68468  -52.306  -23.872  74.491 0.0000000000
69547  -52.415  -23.075  73.924 0.0000000000
76187  -54.788  -17.386  71.947 0.0000000000
73897  -55.026  -18.519  72.602 0.0000000000
73930  -55.696  -18.057  71.515 0.0000000000
72787  -56.451  -19.509  70.990 0.0000000000
80011  -58.259  -14.009  61.717 0.0000000000
78700  -57.554  -14.782  62.164 0.0000000000
78689  -58.164  -15.225  62.366 0.0000000000
76317  -57.991  -16.800  62.735 0.0000000000
61381  -48.062  -29.818  76.648 0.0000000000
61360  -46.306  -29.794  77.532 0.0000000000
72717  -51.099  -20.191  74.472 0.0000000000
75077  -54.150  -18.210  71.559 0.0000000000
76207  -54.251  -17.756  70.061 0.0000000000
76219  -54.914  -17.149  69.409 0.0000000000
76232  -55.334  -16.749  68.845 0.0000000000
81234  -57.953  -13.667  61.256 0.0000000000
81220  -59.147  -13.481  61.262 0.0000000000
78721  -59.367  -14.912  60.363 0.0000000000
76377  -59.498  -15.883  59.772 0.0000000000
80045  -61.968  -13.169  57.748 0.0000000000
78804  -61.302  -13.724  56.574 0.0000000000
59022  -51.411  -31.742  74.650 0.0000000000
59010  -52.478  -30.570  75.354 0.0000000000
61363  -52.328  -29.111  75.752 0.0000000000
62457  -51.607  -28.592  77.423 0.0000000000
63586  -52.378  -27.668  76.925 0.0000000000
64788  -52.567  -26.834  76.682 0.0000000000
66014  -52.287  -25.367  77.124 0.0000000000
69508  -51.316  -23.621  76.623 0.0000000000
64800  -49.439  -27.216  76.266 0.0000000000
66043  -49.437  -26.096  76.067 0.0000000000
68446  -49.510  -23.772  76.299 0.0000000000
45134  -21.160  -43.269  89.436 0.0000000000
45145  -21.701  -43.333  88.508 0.0000000000
46293  -27.441  -42.356  84.736 0.0000000000
48843  -25.213  -40.535  86.305 0.0000000000
48822  -25.999  -40.979  87.104 0.0000000000
47500  -27.739  -41.278  86.837 0.0000000000
46278  -28.528  -42.269  85.866 0.0000000000
47550  -31.536  -41.365  83.924 0.0000000000
47551  -32.571  -40.866  83.817 0.0000000000
52159  -35.004  -38.170  83.716 0.0000000000
53191  -35.492  -37.789  82.932 0.0000000000
52151  -35.494  -38.269  83.545 0.0000000000
50056  -35.873  -39.337  83.553 0.0000000000
48910  -36.101  -40.262  82.589 0.0000000000
52187  -39.799  -36.975  81.681 0.0000000000
60125  -41.015  -31.746  81.232 0.0000000000
58892  -41.573  -32.021  81.985 0.0000000000
57612  -42.254  -32.556  82.076 0.0000000000
60112  -43.521  -31.751  80.813 0.0000000000
58895  -43.542  -32.023  81.124 0.0000000000
56416  -43.018  -33.308  81.241 0.0000000000
54234  -43.303  -34.817  80.707 0.0000000000
54256  -43.949  -35.189  80.282 0.0000000000
54311  -46.997  -34.274  78.069 0.0000000000
55370  -48.125  -33.068  78.678 0.0000000000
55396  -48.412  -34.146  78.332 0.0000000000
55433  -47.542  -33.930  76.779 0.0000000000
55461  -49.008  -34.003  76.309 0.0000000000
45116  -21.098  -42.728  91.002 0.0000000000
72719  -52.098  -20.711  74.100 0.0000000000
70606  -52.476  -21.745  73.735 0.0000000000
69549  -53.681  -22.030  72.822 0.0000000000
72739  -55.017  -20.118  72.995 0.0000000000
70627  -54.533  -21.607  72.329 0.0000000000
67338  -53.945  -23.524  71.567 0.0000000000
76264  -54.738  -16.562  66.780 0.0000000000
77419  -56.496  -16.135  67.745 0.0000000000
77498  -57.319  -15.507  62.595 0.0000000000
76328  -55.932  -16.718  63.150 0.0000000000
76287  -56.074  -16.257  65.359 0.0000000000
77437  -56.644  -15.927  66.798 0.0000000000
76234  -57.778  -16.786  67.731 0.0000000000
75117  -58.771  -17.977  67.692 0.0000000000
45143  -19.564  -43.247  88.581 0.0000000000
60214  -48.811  -29.883  78.004 0.0000000000
62456  -49.557  -28.998  77.558 0.0000000000
58919  -38.597  -32.100  80.211 0.0000000000
58920  -39.192  -31.854  80.483 0.0000000000
60143  -39.650  -31.587  80.519 0.0000000000
60191  -48.527  -30.128  78.443 0.0000000000
71612  -50.905  -22.030  75.679 0.0000000000
71613  -51.286  -22.206  75.470 0.0000000000
71626  -50.856  -21.245  75.257 0.0000000000
77386  -56.248  -16.618  69.385 0.0000000000
76210  -56.428  -17.275  69.911 0.0000000000
76211  -57.117  -17.552  69.630 0.0000000000
76222  -57.314  -17.045  68.944 0.0000000000
76355  -58.251  -16.074  60.160 0.0000000000
76343  -57.973  -16.059  60.659 0.0000000000
82432  -60.698  -11.982  59.681 0.0000000000
81260  -60.928  -12.225  59.930 0.0000000000
81238  -60.822  -12.627  60.169 0.0000000000
81239  -61.158  -12.752  59.888 0.0000000000
80030  -61.531  -13.307  59.385 0.0000000000
81261  -61.464  -12.887  59.524 0.0000000000
57716  -51.440  -31.788  77.506 0.0000000000
57731  -51.470  -31.909  77.091 0.0000000000
58979  -51.398  -31.755  77.849 0.0000000000
66012  -50.617  -26.031  77.230 0.0000000000
67257  -50.816  -25.059  77.320 0.0000000000
68447  -49.850  -24.138  76.808 0.0000000000
47458  -22.677  -42.003  90.856 0.0000000000
47465  -23.205  -41.928  90.455 0.0000000000
47488  -26.228  -41.837  88.098 0.0000000000
46239  -25.908  -42.061  88.303 0.0000000000
50022  -29.895  -39.933  86.233 0.0000000000
50010  -29.510  -40.261  86.530 0.0000000000
47502  -29.591  -41.013  86.636 0.0000000000
47503  -30.500  -40.847  86.511 0.0000000000
50040  -33.938  -39.533  85.336 0.0000000000
50027  -34.125  -39.993  85.660 0.0000000000
50041  -34.356  -39.677  85.126 0.0000000000
48866  -34.744  -40.234  84.902 0.0000000000
50042  -35.057  -39.283  84.492 0.0000000000
52220  -37.411  -37.062  80.571 0.0000000000
52202  -36.869  -37.104  80.628 0.0000000000
52203  -37.261  -37.595  80.792 0.0000000000
52186  -37.667  -38.185  81.277 0.0000000000
51143  -38.282  -38.280  81.209 0.0000000000
54232  -41.723  -35.060  81.366 0.0000000000
53201  -41.930  -35.868  81.407 0.0000000000
54233  -42.479  -34.931  81.094 0.0000000000
60169  -43.294  -31.326  79.791 0.0000000000
57633  -46.304  -32.056  80.643 0.0000000000
57632  -45.800  -32.328  80.801 0.0000000000
56445  -45.702  -33.024  80.579 0.0000000000
56469  -46.244  -33.029  80.298 0.0000000000
57701  -50.033  -32.036  77.796 0.0000000000
56524  -50.380  -32.524  78.092 0.0000000000
57715  -51.139  -32.374  78.017 0.0000000000
56549  -50.622  -32.895  77.627 0.0000000000
48777  -22.140  -41.240  89.827 0.0000000000
47464  -22.205  -41.752  90.328 0.0000000000
61383  -52.482  -28.920  75.142 0.0000000000
61406  -52.596  -28.497  74.729 0.0000000000
62474  -52.737  -28.043  75.133 0.0000000000
67336  -52.774  -24.632  73.056 0.0000000000
66100  -52.919  -25.310  72.298 0.0000000000
66101  -53.700  -24.913  71.502 0.0000000000
75053  -53.344  -18.424  72.946 0.0000000000
75045  -53.468  -18.726  73.310 0.0000000000
75054  -54.091  -18.069  73.155 0.0000000000
78719  -56.578  -14.712  61.298 0.0000000000
77470  -57.965  -16.473  64.298 0.0000000000
76306  -58.610  -17.277  65.012 0.0000000000
61322  -49.894  -30.152  77.712 0.0000000000
61323  -50.345  -30.210  77.864 0.0000000000
61336  -49.957  -29.503  77.667 0.0000000000
63558  -50.035  -27.878  77.591 0.0000000000
63559  -50.448  -27.987  77.745 0.0000000000
64749  -50.391  -27.536  77.479 0.0000000000
64772  -50.486  -26.786  77.262 0.0000000000
48804  -22.718  -41.100  88.284 0.0000000000
48821  -24.924  -40.829  87.223 0.0000000000
56466  -38.305  -33.823  80.446 0.0000000000
55348  -38.017  -34.603  80.373 0.0000000000
55366  -38.084  -35.211  80.447 0.0000000000
56487  -38.742  -34.827  80.771 0.0000000000
55349  -39.250  -35.074  81.100 0.0000000000
57629  -40.108  -32.639  81.568 0.0000000000
56412  -40.593  -33.095  81.965 0.0000000000
56413  -40.876  -33.339  82.207 0.0000000000
61331  -45.788  -30.033  79.191 0.0000000000
61316  -45.201  -30.499  79.794 0.0000000000
61319  -47.410  -30.473  79.468 0.0000000000
61305  -46.698  -30.618  80.230 0.0000000000
60151  -46.803  -30.955  80.426 0.0000000000
60152  -47.541  -31.048  79.960 0.0000000000
60171  -48.529  -30.932  79.032 0.0000000000
60172  -49.350  -30.696  77.990 0.0000000000
58938  -49.687  -30.915  77.890 0.0000000000
48803  -21.815  -40.815  88.349 0.0000000000
67277  -52.361  -24.966  76.318 0.0000000000
66045  -52.499  -25.620  75.891 0.0000000000
68449  -51.917  -24.224  75.995 0.0000000000
68457  -52.231  -23.967  75.175 0.0000000000
69536  -52.161  -22.874  74.341 0.0000000000
76188  -55.273  -17.223  71.639 0.0000000000
75066  -55.101  -17.661  72.132 0.0000000000
75078  -55.525  -17.560  71.559 0.0000000000
73931  -56.763  -18.814  70.595 0.0000000000
75080  -56.597  -18.373  70.755 0.0000000000
72805  -56.414  -19.699  70.272 0.0000000000
79996  -58.610  -14.199  61.579 0.0000000000
79987  -58.160  -14.755  62.176 0.0000000000
78701  -58.506  -14.987  61.816 0.0000000000
61361  -47.276  -30.024  77.493 0.0000000000
76195  -53.807  -17.986  70.904 0.0000000000
75109  -53.522  -17.428  68.503 0.0000000000
76218  -54.246  -17.499  68.934 0.0000000000
76231  -54.771  -16.927  68.563 0.0000000000
81258  -59.279  -12.297  59.924 0.0000000000
81257  -58.485  -12.879  60.373 0.0000000000
81256  -57.614  -13.600  60.669 0.0000000000
81235  -58.475  -13.544  61.288 0.0000000000
78723  -60.636  -13.864  60.277 0.0000000000
78703  -60.066  -13.889  60.698 0.0000000000
78722  -60.073  -14.475  60.471 0.0000000000
78743  -59.486  -15.214  60.168 0.0000000000
77549  -59.547  -15.848  59.313 0.0000000000
77550  -60.190  -15.549  59.528 0.0000000000
78776  -61.041  -14.818  58.470 0.0000000000
82450  -62.093  -11.793  57.692 0.0000000000
81285  -61.984  -12.617  57.977 0.0000000000
81286  -62.267  -11.704  57.380 0.0000000000
80073  -61.946  -12.965  56.346 0.0000000000
80057  -61.679  -13.465  56.834 0.0000000000
57766  -50.257  -32.659  74.691 0.0000000000
57767  -51.110  -32.488  74.949 0.0000000000
58996  -52.432  -30.835  76.318 0.0000000000
60257  -52.537  -29.898  75.685 0.0000000000
61351  -51.962  -29.208  76.463 0.0000000000
62451  -51.204  -28.632  77.864 0.0000000000
61338  -51.286  -29.430  77.667 0.0000000000
65996  -51.780  -26.163  77.521 0.0000000000
63585  -52.101  -27.424  77.401 0.0000000000
64773  -52.007  -26.886  77.577 0.0000000000
66013  -52.202  -25.966  77.339 0.0000000000
67259  -52.016  -24.968  77.386 0.0000000000
69506  -50.473  -23.528  76.748 0.0000000000
69507  -50.930  -23.713  76.827 0.0000000000
45124  -21.572  -42.983  90.147 0.0000000000
45135  -22.105  -43.118  89.357 0.0000000000
47475  -24.363  -41.855  89.491 0.0000000000
46234  -24.919  -42.058  89.512 0.0000000000
46276  -26.661  -42.636  85.557 0.0000000000
48844  -26.383  -40.259  86.048 0.0000000000
46250  -27.589  -41.828  87.056 0.0000000000
46251  -28.142  -41.550  86.746 0.0000000000
46263  -29.312  -41.635  86.319 0.0000000000
46262  -28.587  -41.782  86.490 0.0000000000
46294  -28.332  -42.214  84.961 0.0000000000
46295  -29.129  -42.064  85.002 0.0000000000
46309  -28.823  -42.025  84.433 0.0000000000
47537  -30.969  -41.371  84.753 0.0000000000
47538  -31.985  -41.351  84.685 0.0000000000
47517  -33.488  -40.551  85.587 0.0000000000
47528  -33.238  -41.054  85.316 0.0000000000
47539  -32.966  -41.252  84.660 0.0000000000
47542  -35.064  -40.597  84.239 0.0000000000
47553  -34.482  -40.961  83.777 0.0000000000
47554  -35.249  -40.820  83.471 0.0000000000
46312  -35.243  -41.345  83.081 0.0000000000
47555  -35.769  -40.561  82.994 0.0000000000
52168  -36.269  -37.795  82.081 0.0000000000
53198  -35.845  -37.407  82.378 0.0000000000
51084  -35.988  -39.019  83.502 0.0000000000
51096  -36.196  -38.706  82.857 0.0000000000
50086  -37.025  -39.495  81.681 0.0000000000
50070  -36.201  -39.520  82.620 0.0000000000
50085  -36.516  -39.961  82.229 0.0000000000
48911  -36.858  -40.374  82.071 0.0000000000
50088  -39.044  -38.863  81.027 0.0000000000
48913  -38.870  -39.574  81.127 0.0000000000
53211  -39.853  -36.380  81.826 0.0000000000
60144  -40.589  -31.553  80.658 0.0000000000
60145  -41.552  -31.585  80.716 0.0000000000
60127  -42.703  -31.793  81.004 0.0000000000
60126  -41.831  -31.822  81.363 0.0000000000
60110  -42.158  -31.882  81.639 0.0000000000
58894  -42.724  -32.043  81.436 0.0000000000
61303  -45.245  -30.771  80.330 0.0000000000
60148  -44.204  -31.202  79.902 0.0000000000
60129  -44.638  -31.345  80.478 0.0000000000
57615  -44.468  -32.489  80.911 0.0000000000
58896  -44.327  -32.102  81.001 0.0000000000
57614  -43.669  -32.587  81.089 0.0000000000
55308  -43.083  -34.033  80.846 0.0000000000
55309  -43.802  -33.855  80.535 0.0000000000
54245  -44.922  -34.215  80.149 0.0000000000
54244  -44.245  -34.457  80.277 0.0000000000
53228  -44.109  -35.206  79.962 0.0000000000
54276  -46.659  -34.884  79.257 0.0000000000
57671  -47.899  -32.328  79.150 0.0000000000
56471  -47.532  -32.548  79.302 0.0000000000
56507  -48.314  -32.931  78.509 0.0000000000
55415  -49.052  -33.787  77.683 0.0000000000
55397  -48.817  -33.316  77.878 0.0000000000
55414  -48.542  -34.317  77.629 0.0000000000
55413  -47.681  -34.375  77.456 0.0000000000
55434  -48.436  -34.341  76.880 0.0000000000
55460  -48.217  -33.881  76.311 0.0000000000
56566  -49.458  -33.441  75.806 0.0000000000
56589  -49.994  -33.074  75.401 0.0000000000
46221  -21.423  -42.257  90.861 0.0000000000
46217  -21.189  -42.151  91.707 0.0000000000
45123  -20.695  -42.992  90.327 0.0000000000
66056  -52.714  -26.296  75.020 0.0000000000
63627  -52.757  -27.416  74.459 0.0000000000
64846  -52.710  -26.820  74.171 0.0000000000
73857  -51.589  -19.856  74.023 0.0000000000
72718  -51.520  -20.339  74.282 0.0000000000
72737  -53.898  -20.341  73.479 0.0000000000
71641  -53.245  -20.991  73.557 0.0000000000
70616  -53.335  -21.568  73.271 0.0000000000
73898  -55.492  -19.254  72.261 0.0000000000
73880  -54.875  -19.476  72.917 0.0000000000
72757  -55.289  -19.972  72.512 0.0000000000
69561  -54.568  -22.018  71.925 0.0000000000
69560  -54.127  -22.278  72.267 0.0000000000
68500  -54.354  -22.911  71.543 0.0000000000
77435  -55.282  -16.429  67.367 0.0000000000
77436  -55.888  -16.171  67.143 0.0000000000
78688  -57.881  -15.248  62.595 0.0000000000
77469  -57.542  -16.179  64.617 0.0000000000
77482  -56.925  -16.336  63.998 0.0000000000
76316  -56.196  -16.605  63.776 0.0000000000
76304  -56.441  -16.383  64.676 0.0000000000
76303  -55.671  -16.604  64.594 0.0000000000
76288  -56.579  -16.147  65.207 0.0000000000
76248  -58.036  -16.534  66.709 0.0000000000
77438  -57.414  -15.848  66.472 0.0000000000
77421  -57.765  -16.132  67.040 0.0000000000
77420  -57.222  -15.979  67.370 0.0000000000
76235  -58.003  -17.328  67.799 0.0000000000
75118  -58.692  -17.758  67.256 0.0000000000
63573  -49.892  -28.102  77.352 0.0000000000
56439  -38.967  -33.099  80.718 0.0000000000
56440  -39.303  -33.306  81.150 0.0000000000
57628  -39.340  -32.642  80.916 0.0000000000
58904  -40.603  -32.074  81.475 0.0000000000
61332  -46.596  -30.197  79.140 0.0000000000
61307  -47.806  -30.926  79.772 0.0000000000
60192  -48.714  -29.995  78.359 0.0000000000
69518  -51.544  -23.468  76.250 0.0000000000
70583  -51.385  -22.858  75.671 0.0000000000
70594  -51.557  -22.706  75.144 0.0000000000
71628  -51.676  -21.761  74.774 0.0000000000
76209  -55.665  -17.065  70.080 0.0000000000
76198  -55.803  -17.220  70.990 0.0000000000
76199  -56.222  -17.518  70.710 0.0000000000
75090  -57.020  -17.966  70.062 0.0000000000
73932  -57.174  -18.566  69.983 0.0000000000
72806  -57.181  -18.802  69.859 0.0000000000
73946  -57.665  -18.270  69.513 0.0000000000
73961  -58.239  -18.112  68.676 0.0000000000
77516  -58.832  -15.319  60.807 0.0000000000
76330  -58.393  -15.688  61.064 0.0000000000
75199  -57.956  -16.947  61.246 0.0000000000
81221  -59.857  -13.098  60.851 0.0000000000
81222  -60.438  -12.913  60.551 0.0000000000
78705  -60.874  -13.191  60.206 0.0000000000
78745  -60.767  -14.387  59.964 0.0000000000
78760  -60.734  -14.932  59.454 0.0000000000
78746  -61.160  -13.690  59.878 0.0000000000
78777  -61.671  -13.921  58.159 0.0000000000
81307  -63.637  -11.175  57.072 0.0000000000
81295  -62.298  -12.226  57.143 0.0000000000
82472  -62.535  -11.318  56.650 0.0000000000
80087  -61.649  -13.172  55.527 0.0000000000
57729  -50.577  -32.833  76.192 0.0000000000
57748  -51.151  -32.321  75.795 0.0000000000
57749  -51.599  -32.059  76.392 0.0000000000
60236  -52.131  -30.310  77.094 0.0000000000
64751  -51.104  -26.976  77.651 0.0000000000
65995  -51.412  -26.218  77.412 0.0000000000
67240  -51.703  -25.507  77.476 0.0000000000
67258  -51.419  -24.842  77.395 0.0000000000
69505  -50.083  -23.057  77.096 0.0000000000
46226  -22.169  -42.403  90.458 0.0000000000
45125  -22.460  -42.808  90.112 0.0000000000
46227  -23.008  -42.301  90.540 0.0000000000
45126  -23.102  -42.822  89.875 0.0000000000
45137  -23.789  -42.938  89.318 0.0000000000
46261  -27.612  -42.215  86.665 0.0000000000
47501  -28.648  -41.149  86.621 0.0000000000
47536  -29.946  -41.529  84.846 0.0000000000
47529  -33.931  -40.718  85.216 0.0000000000
48882  -34.963  -40.459  84.524 0.0000000000
48883  -35.303  -40.315  84.226 0.0000000000
54252  -36.824  -35.992  80.488 0.0000000000
54240  -36.349  -36.069  81.020 0.0000000000
53222  -36.552  -36.668  80.927 0.0000000000
52184  -36.578  -37.440  81.197 0.0000000000
51097  -36.337  -38.468  82.442 0.0000000000
50104  -38.392  -38.759  81.158 0.0000000000
50105  -38.885  -38.343  81.067 0.0000000000
54242  -40.376  -35.505  81.775 0.0000000000
53212  -40.329  -36.205  81.819 0.0000000000
53199  -40.784  -35.982  81.507 0.0000000000
53213  -42.378  -36.311  81.398 0.0000000000
53214  -43.136  -35.914  81.314 0.0000000000
60168  -42.210  -31.316  79.972 0.0000000000
60130  -45.453  -31.177  80.802 0.0000000000
60114  -44.987  -31.681  80.987 0.0000000000
57631  -45.151  -32.379  80.847 0.0000000000
56418  -44.632  -32.877  80.754 0.0000000000
55332  -45.185  -33.721  80.341 0.0000000000
54258  -45.539  -34.323  80.056 0.0000000000
54268  -45.959  -34.548  79.845 0.0000000000
55368  -46.832  -33.913  79.386 0.0000000000
55381  -47.105  -34.390  79.159 0.0000000000
57687  -49.053  -31.969  77.967 0.0000000000
56508  -48.677  -32.648  78.136 0.0000000000
56509  -49.145  -32.413  77.883 0.0000000000
55416  -49.439  -33.259  77.759 0.0000000000
55436  -49.638  -33.534  77.456 0.0000000000
56547  -49.623  -33.625  76.434 0.0000000000
56548  -50.141  -33.274  76.948 0.0000000000
48802  -20.897  -40.730  88.394 0.0000000000
48788  -20.735  -40.833  89.324 0.0000000000
48766  -21.039  -41.245  90.696 0.0000000000
47457  -21.656  -41.970  90.687 0.0000000000
66084  -52.668  -25.892  73.796 0.0000000000
66085  -52.681  -26.471  74.224 0.0000000000
64845  -52.727  -26.577  73.247 0.0000000000
73859  -53.020  -20.015  73.516 0.0000000000
73878  -52.986  -19.374  73.443 0.0000000000
72755  -54.214  -20.503  73.291 0.0000000000
71668  -55.540  -20.193  71.654 0.0000000000
71667  -55.364  -20.437  72.164 0.0000000000
77455  -57.557  -15.937  65.566 0.0000000000
77456  -58.039  -16.222  65.260 0.0000000000
76265  -58.246  -16.620  65.897 0.0000000000
76291  -58.225  -17.025  66.022 0.0000000000
75130  -58.772  -17.752  66.652 0.0000000000
82448  -61.212  -11.907  58.813 0.0000000000
82434  -61.432  -12.470  59.343 0.0000000000
83593  -61.771  -11.892  58.047 0.0000000000
83608  -62.372  -11.259  57.346 0.0000000000
83609  -63.032  -10.874  57.198 0.0000000000
83623  -63.525  -10.663  57.028 0.0000000000
58950  -50.837  -30.708  78.282 0.0000000000
58964  -51.266  -30.906  78.193 0.0000000000
60193  -50.604  -30.432  78.097 0.0000000000
61337  -50.713  -29.655  78.010 0.0000000000
62449  -50.185  -28.662  77.657 0.0000000000
64750  -50.823  -27.059  77.495 0.0000000000
48791  -23.288  -41.328  88.943 0.0000000000
47485  -23.923  -41.493  89.114 0.0000000000
48806  -24.711  -41.179  88.055 0.0000000000
47498  -26.046  -41.490  87.875 0.0000000000
52149  -34.295  -38.183  84.672 0.0000000000
55365  -37.383  -35.655  80.371 0.0000000000
54265  -37.780  -36.022  80.352 0.0000000000
53237  -38.141  -36.704  80.616 0.0000000000
53223  -38.704  -36.759  81.079 0.0000000000
54253  -38.991  -36.037  80.858 0.0000000000
54254  -39.499  -35.691  81.386 0.0000000000
55350  -39.717  -35.081  81.532 0.0000000000
55329  -40.026  -34.612  81.797 0.0000000000
55330  -40.442  -34.871  81.812 0.0000000000
55305  -41.003  -34.248  82.242 0.0000000000
61315  -44.330  -30.897  79.685 0.0000000000
61304  -45.991  -30.502  80.556 0.0000000000
60149  -45.894  -30.660  80.813 0.0000000000
60131  -46.307  -31.114  80.902 0.0000000000
58908  -46.413  -31.516  80.680 0.0000000000
58921  -46.577  -31.758  80.504 0.0000000000
57653  -46.674  -32.210  80.301 0.0000000000
58922  -47.029  -31.438  80.223 0.0000000000
58923  -47.772  -31.411  79.626 0.0000000000
58936  -48.421  -31.461  79.054 0.0000000000
60170  -48.056  -30.893  79.620 0.0000000000
57673  -48.705  -31.687  78.470 0.0000000000
58948  -49.513  -31.528  77.904 0.0000000000
58949  -50.194  -31.168  77.849 0.0000000000
64789  -52.723  -26.766  76.031 0.0000000000
64801  -52.804  -26.771  75.451 0.0000000000
66046  -52.639  -26.229  75.446 0.0000000000
66055  -52.530  -25.601  75.336 0.0000000000
67303  -52.452  -24.779  74.986 0.0000000000
66070  -52.596  -25.659  74.681 0.0000000000
67319  -52.494  -24.655  74.072 0.0000000000
68483  -52.411  -24.241  73.939 0.0000000000
69558  -52.905  -23.086  73.312 0.0000000000
76178  -54.464  -18.027  72.451 0.0000000000
73896  -54.415  -18.411  73.046 0.0000000000
75065  -54.623  -17.847  72.430 0.0000000000
73913  -55.452  -18.246  71.927 0.0000000000
75079  -56.054  -17.916  71.230 0.0000000000
73915  -56.280  -18.969  71.480 0.0000000000
72773  -55.875  -19.605  71.506 0.0000000000
71681  -55.914  -20.171  71.274 0.0000000000
80010  -57.753  -14.040  61.537 0.0000000000
78720  -57.185  -14.554  61.717 0.0000000000
79995  -58.090  -14.492  62.010 0.0000000000
77499  -58.120  -15.785  62.162 0.0000000000
75174  -58.442  -17.808  63.281 0.0000000000
61362  -48.353  -29.818  77.314 0.0000000000
62463  -49.082  -28.885  77.089 0.0000000000
62473  -48.937  -29.124  76.586 0.0000000000
61345  -45.601  -29.811  78.333 0.0000000000
72716  -50.840  -20.283  74.517 0.0000000000
72701  -51.080  -20.625  74.766 0.0000000000
73856  -51.171  -19.680  74.214 0.0000000000
73876  -51.557  -19.580  73.650 0.0000000000
75063  -52.804  -18.567  72.382 0.0000000000
75064  -53.877  -18.542  72.240 0.0000000000
76196  -54.524  -17.466  71.202 0.0000000000
76208  -54.993  -17.079  70.324 0.0000000000
76220  -55.496  -16.902  69.557 0.0000000000
77400  -55.856  -16.510  69.075 0.0000000000
77401  -56.395  -16.254  68.675 0.0000000000
81255  -57.071  -13.709  60.355 0.0000000000
80029  -57.346  -13.985  61.007 0.0000000000
78702  -59.222  -14.615  61.104 0.0000000000
79997  -59.537  -13.734  61.084 0.0000000000
77533  -58.950  -15.277  60.164 0.0000000000
76356  -58.891  -15.771  60.155 0.0000000000
76376  -58.903  -16.134  59.624 0.0000000000
77551  -60.729  -15.178  58.944 0.0000000000
81275  -61.736  -12.708  58.826 0.0000000000
80058  -62.028  -12.994  57.017 0.0000000000
78793  -61.767  -13.564  57.450 0.0000000000
59009  -51.882  -31.540  75.596 0.0000000000
60275  -52.562  -29.815  75.136 0.0000000000
61382  -52.425  -29.380  75.426 0.0000000000
62465  -52.554  -28.213  75.643 0.0000000000
60215  -51.615  -30.173  77.455 0.0000000000
61350  -51.672  -29.311  77.070 0.0000000000
63574  -51.624  -27.738  77.651 0.0000000000
63575  -52.005  -28.029  77.285 0.0000000000
62464  -52.357  -28.403  76.319 0.0000000000
63587  -52.594  -27.550  76.172 0.0000000000
66030  -52.469  -25.869  76.586 0.0000000000
67260  -52.283  -24.902  76.872 0.0000000000
68437  -52.003  -24.090  76.789 0.0000000000
68436  -51.490  -24.169  77.154 0.0000000000
71625  -50.364  -21.352  75.360 0.0000000000
64785  -49.639  -27.303  76.820 0.0000000000
66027  -49.625  -26.546  76.613 0.0000000000
64786  -49.769  -26.535  77.005 0.0000000000
66028  -49.695  -25.734  76.786 0.0000000000
67276  -49.644  -24.697  76.566 0.0000000000
69517  -49.936  -23.430  76.526 0.0000000000
72699  -50.400  -20.843  74.953 0.0000000000
45144  -20.684  -43.301  88.552 0.0000000000
47466  -23.829  -41.997  89.934 0.0000000000
46233  -24.201  -42.319  89.598 0.0000000000
47504  -31.349  -40.673  86.435 0.0000000000
47515  -31.780  -41.002  86.046 0.0000000000
47527  -32.336  -41.127  85.371 0.0000000000
46310  -34.585  -40.945  83.339 0.0000000000
52158  -34.731  -38.205  83.812 0.0000000000
52150  -35.028  -38.217  84.020 0.0000000000
54217  -35.547  -37.245  82.456 0.0000000000
53183  -35.290  -38.131  83.430 0.0000000000
51083  -35.345  -38.676  84.160 0.0000000000
50043  -35.594  -39.201  84.145 0.0000000000
48884  -35.611  -39.739  84.189 0.0000000000
48899  -35.777  -40.175  83.518 0.0000000000
52205  -39.240  -37.429  81.343 0.0000000000
51126  -39.572  -37.901  81.236 0.0000000000
52188  -40.306  -37.146  81.628 0.0000000000
51127  -40.318  -37.821  81.229 0.0000000000
50089  -39.690  -38.637  80.872 0.0000000000
60124  -40.288  -31.728  81.051 0.0000000000
58891  -41.064  -32.218  81.781 0.0000000000
58905  -41.242  -31.961  81.643 0.0000000000
57611  -41.572  -32.547  82.202 0.0000000000
56415  -42.310  -33.348  81.777 0.0000000000
60128  -43.611  -31.616  80.586 0.0000000000
60113  -44.334  -31.750  80.798 0.0000000000
57613  -42.864  -32.588  81.464 0.0000000000
55307  -42.290  -34.123  81.203 0.0000000000
54243  -43.552  -35.432  80.718 0.0000000000
54235  -43.917  -34.196  80.406 0.0000000000
56470  -46.926  -32.675  79.738 0.0000000000
56489  -47.190  -33.031  79.222 0.0000000000
55382  -47.608  -34.059  78.805 0.0000000000
55383  -48.363  -33.340  78.455 0.0000000000
54291  -47.919  -34.486  78.411 0.0000000000
56565  -48.504  -33.430  75.628 0.0000000000
62492  -52.754  -27.895  74.604 0.0000000000
72702  -51.340  -20.917  74.687 0.0000000000
72703  -51.556  -21.212  74.651 0.0000000000
71640  -52.373  -21.265  73.940 0.0000000000
69537  -52.554  -22.091  73.594 0.0000000000
69548  -53.036  -22.269  73.145 0.0000000000
69559  -53.511  -22.761  72.640 0.0000000000
72738  -54.456  -20.131  73.252 0.0000000000
71653  -54.538  -20.700  72.999 0.0000000000
70618  -54.697  -21.137  72.609 0.0000000000
70617  -54.137  -21.407  72.758 0.0000000000
68499  -53.770  -23.311  71.908 0.0000000000
68507  -53.590  -23.768  71.905 0.0000000000
76245  -53.971  -16.874  67.207 0.0000000000
76246  -54.829  -16.604  67.791 0.0000000000
77418  -55.601  -16.393  68.103 0.0000000000
78699  -56.821  -15.089  62.145 0.0000000000
77497  -56.413  -16.255  62.616 0.0000000000
77453  -55.956  -16.134  66.222 0.0000000000
77454  -56.764  -15.965  65.793 0.0000000000
77402  -57.090  -16.260  68.294 0.0000000000
76233  -57.452  -16.569  68.185 0.0000000000
76223  -57.905  -17.476  68.370 0.0000000000
73962  -58.500  -18.002  68.283 0.0000000000
73976  -58.256  -18.358  67.702 0.0000000000
73992  -58.534  -18.405  66.730 0.0000000000
72860  -58.015  -18.929  66.950 0.0000000000
72859  -57.289  -19.126  67.212 0.0000000000
46220  -21.074  -42.692  91.545 0.0000000000
46232  -23.520  -42.534  89.835 0.0000000000
47530  -34.307  -40.412  85.216 0.0000000000
47568  -35.399  -41.114  82.929 0.0000000000
48867  -35.120  -39.813  84.613 0.0000000000
50071  -36.487  -39.224  82.185 0.0000000000
51108  -36.355  -39.044  82.456 0.0000000000
51125  -37.928  -38.172  81.318 0.0000000000
52161  -36.294  -38.185  82.609 0.0000000000
52219  -37.105  -36.843  80.489 0.0000000000
52221  -37.787  -37.314  80.720 0.0000000000
53182  -35.000  -38.000  83.601 0.0000000000
53236  -37.412  -36.552  80.469 0.0000000000
54264  -37.226  -36.137  80.410 0.0000000000
54290  -47.334  -34.527  78.608 0.0000000000
55333  -45.773  -33.427  80.420 0.0000000000
55351  -45.310  -34.163  80.175 0.0000000000
55367  -38.733  -35.388  80.698 0.0000000000
55369  -47.700  -33.291  78.897 0.0000000000
55384  -48.666  -33.027  77.994 0.0000000000
55395  -47.848  -34.304  78.628 0.0000000000
55398  -49.214  -32.962  77.835 0.0000000000
56443  -44.390  -33.328  80.613 0.0000000000
56486  -38.452  -34.486  80.617 0.0000000000
56490  -48.075  -32.713  78.839 0.0000000000
56491  -48.446  -32.411  78.536 0.0000000000
56523  -49.616  -32.756  77.956 0.0000000000
56537  -50.097  -33.226  77.777 0.0000000000
57609  -40.438  -32.954  81.826 0.0000000000
57627  -38.648  -32.834  80.531 0.0000000000
57630  -40.716  -32.389  81.703 0.0000000000
57655  -48.030  -31.717  79.297 0.0000000000
57672  -48.348  -32.061  78.843 0.0000000000
57700  -49.443  -32.293  77.892 0.0000000000
58893  -42.175  -31.959  82.018 0.0000000000
58981  -52.375  -30.575  76.893 0.0000000000
59008  -51.417  -32.051  75.237 0.0000000000
60132  -46.829  -30.943  80.656 0.0000000000
60133  -47.066  -31.021  80.374 0.0000000000
60141  -38.256  -32.058  79.938 0.0000000000
60213  -48.532  -30.107  78.208 0.0000000000
60216  -51.901  -29.816  76.847 0.0000000000
60258  -52.470  -29.467  75.210 0.0000000000
60294  -52.534  -28.836  74.617 0.0000000000
61291  -45.723  -30.741  80.702 0.0000000000
61334  -48.291  -30.302  78.461 0.0000000000
61349  -48.955  -29.524  77.615 0.0000000000
61364  -52.515  -28.608  75.336 0.0000000000
62458  -52.026  -28.540  76.937 0.0000000000
63572  -49.420  -28.278  77.012 0.0000000000
63612  -52.894  -27.324  74.954 0.0000000000
64770  -49.705  -27.751  77.067 0.0000000000
64787  -52.343  -26.848  77.222 0.0000000000
64832  -52.825  -26.883  74.738 0.0000000000
66029  -52.461  -26.364  77.006 0.0000000000
67318  -52.527  -24.409  73.840 0.0000000000
67337  -53.778  -23.674  71.681 0.0000000000
68438  -52.187  -24.512  76.574 0.0000000000
68484  -52.366  -23.915  74.111 0.0000000000
68497  -52.850  -23.910  73.340 0.0000000000
68498  -53.328  -23.731  72.510 0.0000000000
68501  -54.582  -22.418  71.472 0.0000000000
68506  -53.474  -23.989  71.948 0.0000000000
68508  -54.558  -23.219  71.173 0.0000000000
69519  -51.648  -23.446  75.755 0.0000000000
69546  -52.554  -23.329  73.778 0.0000000000
69557  -52.680  -23.492  73.584 0.0000000000
70571  -51.182  -23.132  76.273 0.0000000000
70614  -52.546  -22.996  73.807 0.0000000000
70615  -52.619  -22.843  73.670 0.0000000000
70625  -52.654  -23.105  73.631 0.0000000000
70626  -52.784  -23.039  73.516 0.0000000000
70629  -55.461  -20.792  71.815 0.0000000000
70641  -55.644  -20.647  71.494 0.0000000000
70653  -55.747  -21.324  71.007 0.0000000000
71614  -51.472  -22.380  75.275 0.0000000000
71665  -54.216  -20.701  73.182 0.0000000000
71666  -54.314  -20.772  73.073 0.0000000000
72756  -54.402  -20.561  73.149 0.0000000000
72840  -57.693  -18.813  67.559 0.0000000000
73881  -55.187  -19.701  72.717 0.0000000000
73899  -55.754  -19.336  71.794 0.0000000000
73914  -55.739  -18.439  71.649 0.0000000000
73929  -55.733  -17.800  71.591 0.0000000000
73977  -58.831  -18.178  68.154 0.0000000000
73993  -58.958  -18.043  67.246 0.0000000000
73994  -58.930  -17.876  67.104 0.0000000000
74014  -58.866  -18.013  66.434 0.0000000000
74015  -59.043  -17.983  66.909 0.0000000000
75055  -54.616  -18.121  72.723 0.0000000000
75067  -56.017  -18.275  71.371 0.0000000000
75068  -56.196  -18.423  71.304 0.0000000000
75081  -57.011  -18.432  70.141 0.0000000000
75100  -57.487  -17.766  69.555 0.0000000000
75102  -58.293  -17.867  68.460 0.0000000000
75110  -58.443  -17.838  68.010 0.0000000000
75111  -58.441  -17.663  67.649 0.0000000000
75129  -59.103  -17.981  66.205 0.0000000000
75149  -58.541  -17.462  66.200 0.0000000000
76186  -54.612  -18.069  71.977 0.0000000000
76221  -56.697  -16.775  69.295 0.0000000000
76224  -58.192  -17.654  68.156 0.0000000000
76236  -58.246  -17.307  67.255 0.0000000000
76247  -55.120  -16.620  68.332 0.0000000000
76250  -58.279  -17.261  66.889 0.0000000000
76266  -58.188  -16.966  66.335 0.0000000000
76267  -58.336  -17.295  66.568 0.0000000000
76357  -59.737  -15.763  60.100 0.0000000000
77377  -55.912  -16.766  69.713 0.0000000000
77385  -55.951  -16.775  69.622 0.0000000000
77403  -57.460  -16.345  67.704 0.0000000000
77417  -55.228  -16.462  67.765 0.0000000000
77534  -59.539  -15.513  59.752 0.0000000000
78704  -60.603  -13.425  60.378 0.0000000000
78724  -60.940  -13.364  60.127 0.0000000000
78759  -60.427  -15.229  59.750 0.0000000000
79988  -58.313  -14.772  61.979 0.0000000000
79999  -60.780  -13.050  60.314 0.0000000000
80000  -61.026  -13.023  60.098 0.0000000000
80012  -61.021  -12.872  60.095 0.0000000000
81219  -58.799  -13.733  61.437 0.0000000000
81237  -60.266  -12.515  60.498 0.0000000000
81259  -60.673  -12.290  60.131 0.0000000000
81276  -61.873  -12.212  58.071 0.0000000000
81296  -62.784  -11.082  56.844 0.0000000000
81297  -63.616  -10.755  56.937 0.0000000000
81308  -64.062  -11.034  57.393 0.0000000000
82417  -60.394  -12.172  60.121 0.0000000000
82418  -61.155  -12.441  59.789 0.0000000000
82419  -61.287  -12.628  59.674 0.0000000000
82464  -62.502  -11.066  57.214 0.0000000000
82465  -63.338  -10.789  57.161 0.0000000000
82473  -63.096  -10.991  56.805 0.0000000000
82474  -63.925  -10.681  57.146 0.0000000000
82485  -64.027  -10.868  56.944 0.0000000000
83594  -61.911  -11.802  57.863 0.0000000000
83606  -61.371  -11.483  57.270 0.0000000000
83622  -62.877  -10.697  57.026 0.0000000000
83633  -63.737  -10.731  56.949 0.0000000000
