#!ascii label  , from subject 3068 vox2ras=TkReg
1000
62556  -41.436  -28.941  70.749 0.0000000000
55503  -23.297  -34.163  72.649 0.0000000000
63643  -30.914  -27.262  71.445 0.0000000000
86947  -48.853  -6.678  54.906 0.0000000000
91704  -53.327  -2.970  51.462 0.0000000000
55404  -15.802  -35.042  77.136 0.0000000000
84692  -45.581  -9.520  58.280 0.0000000000
66148  -45.164  -26.006  69.008 0.0000000000
62530  -34.838  -28.504  71.220 0.0000000000
56557  -19.709  -33.502  75.128 0.0000000000
51205  -19.770  -38.441  76.785 0.0000000000
64914  -38.563  -26.331  69.607 0.0000000000
67400  -41.669  -24.469  68.646 0.0000000000
56635  -28.800  -33.325  70.509 0.0000000000
67330  -35.087  -23.400  72.875 0.0000000000
75203  -42.557  -17.489  59.607 0.0000000000
78781  -45.470  -14.256  57.026 0.0000000000
81313  -49.061  -12.137  54.469 0.0000000000
46414  -12.815  -42.904  77.347 0.0000000000
43166  -9.335  -45.244  78.241 0.0000000000
70702  -39.066  -22.805  67.015 0.0000000000
72868  -38.193  -20.012  65.986 0.0000000000
74077  -39.318  -18.926  61.789 0.0000000000
50149  -15.895  -40.780  76.934 0.0000000000
54345  -23.259  -36.093  74.971 0.0000000000
54369  -26.224  -36.182  74.488 0.0000000000
62553  -38.422  -29.167  70.965 0.0000000000
59027  -22.098  -31.163  73.480 0.0000000000
56574  -21.164  -33.276  74.377 0.0000000000
54342  -21.232  -35.772  75.223 0.0000000000
64858  -39.351  -26.160  72.630 0.0000000000
66110  -37.297  -25.273  70.913 0.0000000000
77541  -42.164  -14.604  59.527 0.0000000000
76380  -44.350  -16.339  58.173 0.0000000000
80039  -43.450  -13.314  58.203 0.0000000000
83635  -46.193  -10.581  55.390 0.0000000000
84736  -48.112  -9.424  54.036 0.0000000000
83638  -51.342  -10.935  54.222 0.0000000000
85824  -50.020  -8.643  53.663 0.0000000000
86965  -50.997  -7.403  52.533 0.0000000000
69581  -40.434  -22.356  70.542 0.0000000000
69621  -41.113  -23.488  67.623 0.0000000000
70679  -38.363  -21.824  69.600 0.0000000000
73979  -35.041  -18.555  67.546 0.0000000000
75143  -36.344  -17.199  65.024 0.0000000000
72915  -38.131  -19.481  63.759 0.0000000000
76309  -37.990  -16.096  63.196 0.0000000000
76311  -39.549  -15.384  62.126 0.0000000000
60330  -30.018  -30.024  70.649 0.0000000000
51202  -14.021  -38.688  77.180 0.0000000000
52287  -14.983  -37.513  76.269 0.0000000000
41154  -10.322  -47.917  80.805 0.0000000000
39210  -7.952  -49.563  80.359 0.0000000000
81265  -44.661  -10.949  60.490 0.0000000000
69614  -45.439  -23.069  68.289 0.0000000000
63646  -33.208  -27.612  71.697 0.0000000000
57718  -16.752  -33.069  75.911 0.0000000000
52304  -17.248  -37.006  75.419 0.0000000000
54319  -19.159  -36.246  75.362 0.0000000000
92915  -53.286  -2.764  50.389 0.0000000000
62606  -39.060  -27.730  68.631 0.0000000000
63707  -40.742  -27.108  67.864 0.0000000000
64916  -40.286  -26.313  68.980 0.0000000000
57772  -24.134  -31.930  72.569 0.0000000000
55515  -25.832  -34.277  71.524 0.0000000000
59050  -26.806  -31.176  70.897 0.0000000000
61487  -28.304  -29.358  71.005 0.0000000000
66090  -29.565  -25.214  71.954 0.0000000000
68476  -32.103  -22.909  74.368 0.0000000000
67357  -32.379  -24.031  71.063 0.0000000000
66126  -34.359  -25.511  70.139 0.0000000000
62590  -36.354  -27.622  69.133 0.0000000000
74094  -43.838  -19.387  60.842 0.0000000000
82467  -44.403  -11.317  56.876 0.0000000000
80062  -47.559  -13.281  55.549 0.0000000000
86975  -53.053  -7.565  51.512 0.0000000000
44202  -11.669  -44.527  77.535 0.0000000000
43152  -12.020  -46.497  80.442 0.0000000000
66172  -42.500  -25.660  67.257 0.0000000000
68566  -43.061  -23.491  66.635 0.0000000000
70703  -41.841  -21.529  66.867 0.0000000000
71713  -36.232  -20.523  69.055 0.0000000000
71739  -38.391  -21.164  66.810 0.0000000000
71727  -41.194  -20.188  67.510 0.0000000000
74002  -41.107  -19.505  66.107 0.0000000000
72918  -41.336  -20.370  64.116 0.0000000000
71817  -42.645  -20.945  62.133 0.0000000000
74106  -41.186  -18.659  60.543 0.0000000000
77505  -41.236  -14.799  61.084 0.0000000000
54387  -28.433  -35.426  73.387 0.0000000000
51199  -11.431  -38.495  77.317 0.0000000000
47644  -14.572  -42.052  77.307 0.0000000000
50161  -17.594  -39.362  76.383 0.0000000000
39208  -6.375  -50.348  80.185 0.0000000000
54382  -23.286  -35.447  73.888 0.0000000000
53335  -24.395  -36.323  74.869 0.0000000000
54383  -24.177  -35.456  73.658 0.0000000000
62554  -39.500  -29.059  70.879 0.0000000000
56610  -22.842  -33.230  72.811 0.0000000000
57756  -21.168  -32.092  73.775 0.0000000000
55487  -22.396  -34.179  73.632 0.0000000000
54365  -22.197  -35.354  74.922 0.0000000000
77526  -43.149  -13.690  60.888 0.0000000000
78752  -42.544  -13.741  59.516 0.0000000000
80020  -42.956  -12.530  60.032 0.0000000000
86931  -47.700  -7.556  55.564 0.0000000000
85813  -47.223  -8.331  55.187 0.0000000000
86946  -48.264  -7.658  54.657 0.0000000000
85823  -49.294  -8.718  54.054 0.0000000000
86956  -49.163  -7.793  54.118 0.0000000000
86957  -49.883  -7.167  53.590 0.0000000000
70662  -39.458  -21.809  70.722 0.0000000000
76242  -36.113  -16.523  67.358 0.0000000000
76298  -37.368  -16.205  64.100 0.0000000000
77460  -37.362  -15.467  64.902 0.0000000000
77462  -38.447  -14.715  63.853 0.0000000000
62528  -31.033  -28.427  71.521 0.0000000000
59045  -31.344  -31.484  71.916 0.0000000000
61448  -31.872  -29.406  72.080 0.0000000000
53298  -14.606  -36.653  76.918 0.0000000000
53299  -15.469  -36.261  76.337 0.0000000000
90521  -53.696  -4.163  51.045 0.0000000000
40207  -9.124  -48.822  80.803 0.0000000000
64901  -45.669  -26.907  69.977 0.0000000000
67402  -45.450  -24.550  68.241 0.0000000000
63647  -34.058  -27.911  71.606 0.0000000000
62514  -34.535  -28.657  72.629 0.0000000000
57738  -19.711  -31.966  75.526 0.0000000000
57720  -18.515  -31.216  76.418 0.0000000000
57719  -17.462  -32.066  76.163 0.0000000000
57736  -17.738  -33.074  75.469 0.0000000000
55442  -18.048  -34.850  75.288 0.0000000000
55443  -18.799  -34.685  75.248 0.0000000000
53306  -22.263  -36.807  75.897 0.0000000000
53279  -21.252  -37.519  76.594 0.0000000000
63705  -38.528  -27.232  68.601 0.0000000000
63706  -39.615  -27.139  68.279 0.0000000000
64915  -39.395  -26.332  69.329 0.0000000000
59031  -25.518  -31.527  73.060 0.0000000000
59042  -25.841  -31.842  72.120 0.0000000000
59033  -27.169  -30.963  73.395 0.0000000000
62510  -28.059  -28.217  73.064 0.0000000000
64849  -28.387  -26.462  72.944 0.0000000000
64870  -28.762  -26.461  71.748 0.0000000000
67324  -29.433  -24.433  73.522 0.0000000000
66079  -35.867  -24.030  73.827 0.0000000000
67329  -33.841  -22.585  73.310 0.0000000000
67328  -32.395  -22.943  72.787 0.0000000000
67345  -34.240  -23.082  71.755 0.0000000000
67375  -33.510  -24.577  70.499 0.0000000000
67360  -35.013  -24.366  70.687 0.0000000000
64896  -37.919  -25.695  70.690 0.0000000000
66144  -36.449  -25.867  69.666 0.0000000000
63691  -37.622  -27.143  69.002 0.0000000000
63692  -38.004  -27.608  68.969 0.0000000000
74108  -43.298  -18.749  60.145 0.0000000000
74109  -44.404  -18.851  60.320 0.0000000000
75204  -43.869  -17.983  59.740 0.0000000000
77554  -44.680  -15.555  57.955 0.0000000000
76381  -45.364  -16.436  58.223 0.0000000000
83587  -44.847  -10.345  59.341 0.0000000000
82453  -43.752  -11.295  58.134 0.0000000000
83625  -44.729  -10.554  57.129 0.0000000000
82488  -47.306  -11.489  54.637 0.0000000000
81310  -46.451  -11.792  55.348 0.0000000000
80076  -48.426  -12.968  55.036 0.0000000000
80063  -48.796  -13.728  55.750 0.0000000000
86974  -52.007  -7.477  51.870 0.0000000000
89337  -51.667  -5.712  51.868 0.0000000000
89349  -52.362  -5.783  51.473 0.0000000000
47641  -11.177  -41.493  77.409 0.0000000000
46412  -10.566  -42.295  77.474 0.0000000000
45292  -12.234  -43.731  77.457 0.0000000000
43161  -12.515  -45.981  79.630 0.0000000000
42103  -11.416  -46.905  82.301 0.0000000000
64941  -41.078  -26.300  67.640 0.0000000000
64942  -41.791  -26.299  67.489 0.0000000000
66171  -41.656  -25.538  67.511 0.0000000000
69619  -39.363  -22.788  67.820 0.0000000000
68564  -41.734  -23.465  66.593 0.0000000000
69633  -41.315  -22.697  66.478 0.0000000000
69634  -42.448  -22.521  66.553 0.0000000000
70714  -40.623  -22.156  66.408 0.0000000000
72811  -35.662  -19.412  69.664 0.0000000000
72866  -35.916  -19.716  66.542 0.0000000000
71737  -36.169  -20.528  67.029 0.0000000000
72846  -37.818  -20.441  66.655 0.0000000000
71740  -39.583  -20.816  66.438 0.0000000000
72847  -38.981  -20.317  66.403 0.0000000000
72848  -40.663  -19.995  66.974 0.0000000000
72869  -39.593  -19.873  66.028 0.0000000000
72936  -38.906  -19.585  62.728 0.0000000000
72916  -39.292  -20.096  63.900 0.0000000000
72937  -40.000  -20.256  62.911 0.0000000000
72939  -41.943  -20.696  63.488 0.0000000000
72953  -40.668  -20.560  62.037 0.0000000000
72968  -41.075  -19.781  61.038 0.0000000000
72967  -40.377  -19.112  61.438 0.0000000000
77488  -40.016  -14.927  62.231 0.0000000000
76321  -39.868  -15.972  61.459 0.0000000000
77489  -40.686  -14.476  61.815 0.0000000000
55517  -27.254  -34.189  70.973 0.0000000000
55492  -27.513  -35.275  72.628 0.0000000000
55508  -28.694  -34.769  71.711 0.0000000000
50158  -14.358  -39.631  76.409 0.0000000000
48997  -14.039  -40.141  76.453 0.0000000000
48982  -15.296  -41.277  77.126 0.0000000000
51218  -18.799  -38.186  75.989 0.0000000000
51217  -17.997  -38.536  76.097 0.0000000000
51204  -19.169  -38.994  76.587 0.0000000000
53307  -23.361  -36.977  76.089 0.0000000000
53308  -24.449  -37.114  76.150 0.0000000000
53327  -26.209  -36.774  76.004 0.0000000000
54348  -27.136  -36.379  75.673 0.0000000000
62552  -37.053  -29.198  71.244 0.0000000000
62532  -36.488  -29.653  72.424 0.0000000000
60262  -21.642  -30.223  74.999 0.0000000000
57739  -20.530  -32.163  74.787 0.0000000000
56558  -20.493  -33.321  74.865 0.0000000000
55445  -20.895  -34.804  75.006 0.0000000000
55446  -21.753  -35.089  75.005 0.0000000000
53323  -22.421  -36.259  75.438 0.0000000000
64897  -38.560  -26.077  70.549 0.0000000000
64898  -39.417  -26.179  70.383 0.0000000000
66080  -36.929  -24.320  73.532 0.0000000000
66108  -35.905  -24.414  71.392 0.0000000000
64875  -37.912  -25.687  71.808 0.0000000000
76349  -42.239  -16.486  59.384 0.0000000000
75222  -43.426  -17.151  59.117 0.0000000000
77542  -42.635  -14.975  58.769 0.0000000000
78764  -43.097  -14.159  58.482 0.0000000000
78780  -44.590  -14.117  57.218 0.0000000000
84708  -45.870  -9.392  56.985 0.0000000000
84720  -46.283  -9.579  55.800 0.0000000000
83650  -47.245  -10.169  54.422 0.0000000000
82502  -48.509  -10.914  54.025 0.0000000000
82505  -50.652  -11.654  54.111 0.0000000000
83653  -49.655  -10.438  53.952 0.0000000000
84739  -50.987  -9.616  53.858 0.0000000000
85825  -51.103  -8.762  53.387 0.0000000000
86958  -50.693  -8.107  52.841 0.0000000000
86964  -50.290  -6.677  52.935 0.0000000000
45294  -13.871  -43.701  78.534 0.0000000000
45293  -13.226  -43.996  78.290 0.0000000000
45285  -13.815  -43.977  79.264 0.0000000000
68535  -41.774  -23.675  69.313 0.0000000000
68545  -41.416  -23.909  68.122 0.0000000000
69610  -40.027  -23.243  68.789 0.0000000000
69609  -39.179  -22.538  68.949 0.0000000000
70693  -38.431  -22.145  68.568 0.0000000000
75105  -35.494  -17.749  68.838 0.0000000000
76241  -35.538  -17.113  67.685 0.0000000000
75125  -35.681  -17.656  66.521 0.0000000000
74026  -36.472  -18.631  64.935 0.0000000000
72889  -37.297  -19.655  64.941 0.0000000000
74051  -36.853  -18.353  63.989 0.0000000000
74064  -37.525  -18.092  63.498 0.0000000000
75177  -38.238  -17.943  62.483 0.0000000000
75178  -38.727  -17.392  61.747 0.0000000000
76310  -38.908  -15.973  62.260 0.0000000000
57828  -29.350  -31.589  70.386 0.0000000000
56616  -29.721  -33.784  71.124 0.0000000000
57792  -30.880  -32.647  71.720 0.0000000000
51214  -14.688  -38.695  76.391 0.0000000000
51215  -15.754  -38.691  75.997 0.0000000000
42125  -10.438  -47.147  78.842 0.0000000000
42130  -8.452  -45.759  78.981 0.0000000000
41161  -9.385  -47.888  79.563 0.0000000000
40224  -8.107  -48.297  79.590 0.0000000000
40223  -7.244  -48.502  79.696 0.0000000000
69598  -45.095  -22.064  68.675 0.0000000000
64853  -31.833  -27.173  71.203 0.0000000000
63631  -32.004  -28.309  72.766 0.0000000000
57704  -16.675  -32.330  77.117 0.0000000000
56528  -16.376  -34.297  76.416 0.0000000000
54338  -16.435  -35.529  75.641 0.0000000000
55440  -16.793  -35.014  75.541 0.0000000000
53322  -18.215  -36.464  75.428 0.0000000000
52292  -19.816  -38.100  75.645 0.0000000000
54320  -20.143  -36.445  75.177 0.0000000000
53278  -20.649  -37.858  76.459 0.0000000000
52249  -20.040  -38.060  77.237 0.0000000000
91718  -54.061  -3.630  50.582 0.0000000000
62579  -39.931  -28.665  69.988 0.0000000000
62596  -41.485  -28.216  69.112 0.0000000000
62607  -39.961  -27.818  68.450 0.0000000000
64930  -40.302  -26.391  68.040 0.0000000000
66147  -41.372  -25.076  69.124 0.0000000000
66130  -40.988  -25.664  70.054 0.0000000000
67378  -41.986  -24.537  70.396 0.0000000000
67392  -42.230  -23.829  70.046 0.0000000000
69582  -40.944  -22.594  70.942 0.0000000000
56611  -23.589  -33.361  72.466 0.0000000000
55504  -24.138  -34.342  72.418 0.0000000000
56613  -25.132  -33.470  71.564 0.0000000000
57803  -26.100  -32.888  70.930 0.0000000000
57826  -27.369  -31.537  70.554 0.0000000000
60304  -27.814  -30.314  72.632 0.0000000000
59051  -27.274  -30.594  70.977 0.0000000000
57827  -28.327  -31.597  70.419 0.0000000000
62572  -29.027  -28.712  70.760 0.0000000000
62549  -30.060  -28.427  70.797 0.0000000000
64851  -30.287  -26.187  71.292 0.0000000000
68461  -30.465  -23.320  74.407 0.0000000000
68489  -30.603  -23.741  73.104 0.0000000000
66091  -30.762  -24.828  71.263 0.0000000000
66106  -31.437  -25.448  71.009 0.0000000000
64873  -32.351  -26.365  70.740 0.0000000000
64893  -33.637  -26.471  70.165 0.0000000000
63676  -34.003  -27.186  69.992 0.0000000000
66127  -35.448  -25.186  70.225 0.0000000000
64910  -35.030  -26.590  69.267 0.0000000000
62575  -35.882  -28.105  69.470 0.0000000000
62576  -36.814  -28.473  69.960 0.0000000000
62578  -38.914  -28.576  70.056 0.0000000000
59039  -23.538  -31.809  72.688 0.0000000000
76368  -44.933  -17.017  58.667 0.0000000000
82436  -43.434  -11.552  59.048 0.0000000000
81279  -43.637  -12.448  58.019 0.0000000000
80047  -44.764  -13.362  56.902 0.0000000000
82477  -45.260  -11.259  56.170 0.0000000000
80060  -46.006  -12.776  56.040 0.0000000000
80048  -45.831  -13.370  56.441 0.0000000000
80050  -48.159  -14.180  56.290 0.0000000000
88165  -53.607  -6.542  51.070 0.0000000000
90520  -52.876  -4.764  51.118 0.0000000000
90506  -52.812  -3.498  52.046 0.0000000000
46393  -9.484  -42.287  78.194 0.0000000000
43174  -9.826  -44.908  77.633 0.0000000000
44203  -12.531  -44.623  77.913 0.0000000000
43168  -11.522  -46.016  78.413 0.0000000000
42133  -10.798  -46.426  78.438 0.0000000000
42116  -10.727  -47.277  79.993 0.0000000000
63693  -42.263  -27.759  68.884 0.0000000000
64931  -43.152  -26.702  68.068 0.0000000000
66160  -44.236  -26.203  67.936 0.0000000000
67418  -41.790  -24.239  66.813 0.0000000000
67410  -43.078  -24.721  66.811 0.0000000000
67411  -44.090  -24.532  67.385 0.0000000000
69624  -44.182  -23.110  67.422 0.0000000000
69612  -44.064  -22.083  67.635 0.0000000000
70695  -42.985  -21.410  67.764 0.0000000000
71714  -36.987  -21.073  69.492 0.0000000000
70692  -37.639  -21.683  67.931 0.0000000000
72827  -35.535  -19.937  68.520 0.0000000000
71725  -36.094  -20.709  67.940 0.0000000000
71756  -38.684  -21.790  66.808 0.0000000000
71758  -40.028  -21.511  66.454 0.0000000000
71742  -41.429  -20.870  67.187 0.0000000000
72891  -39.904  -19.897  64.954 0.0000000000
74029  -40.992  -19.600  65.374 0.0000000000
71829  -42.951  -20.758  61.373 0.0000000000
74092  -42.485  -19.402  60.563 0.0000000000
75202  -41.343  -17.556  59.988 0.0000000000
75190  -39.916  -17.476  61.062 0.0000000000
75191  -40.615  -17.558  60.618 0.0000000000
76348  -41.587  -16.078  59.620 0.0000000000
77524  -41.408  -14.931  60.315 0.0000000000
77525  -42.411  -14.356  60.489 0.0000000000
55490  -25.813  -35.387  73.025 0.0000000000
54370  -27.327  -35.876  74.543 0.0000000000
55470  -29.910  -35.219  73.406 0.0000000000
48979  -11.611  -40.544  77.393 0.0000000000
51201  -13.013  -38.407  77.539 0.0000000000
48980  -12.623  -40.663  77.065 0.0000000000
47643  -13.375  -41.926  77.007 0.0000000000
46416  -14.878  -42.911  77.495 0.0000000000
52302  -16.241  -37.049  75.562 0.0000000000
51216  -16.872  -38.562  76.040 0.0000000000
50150  -16.583  -40.652  76.799 0.0000000000
39199  -7.129  -49.995  81.668 0.0000000000
39209  -7.176  -50.088  80.550 0.0000000000
40222  -6.493  -48.549  79.721 0.0000000000
62581  -41.936  -28.635  69.986 0.0000000000
55488  -23.130  -34.808  73.266 0.0000000000
55489  -23.895  -34.747  72.993 0.0000000000
62555  -40.496  -29.017  70.794 0.0000000000
56593  -22.338  -33.259  73.360 0.0000000000
55502  -22.702  -33.989  73.011 0.0000000000
55469  -22.705  -34.915  73.948 0.0000000000
78734  -42.977  -12.973  60.779 0.0000000000
86932  -48.416  -6.969  55.917 0.0000000000
86945  -47.692  -7.943  54.921 0.0000000000
86955  -48.794  -8.164  54.207 0.0000000000
62529  -31.755  -28.579  72.175 0.0000000000
54280  -15.245  -35.145  77.995 0.0000000000
53276  -15.055  -35.989  77.467 0.0000000000
54297  -15.515  -35.397  76.992 0.0000000000
89366  -54.524  -5.265  50.576 0.0000000000
66149  -45.766  -25.823  68.960 0.0000000000
67393  -46.145  -24.821  68.802 0.0000000000
66162  -45.613  -25.273  68.539 0.0000000000
57721  -19.289  -30.977  76.022 0.0000000000
57737  -18.614  -32.499  75.509 0.0000000000
56556  -18.772  -33.736  75.315 0.0000000000
64928  -38.601  -26.586  68.865 0.0000000000
59032  -26.265  -31.535  72.980 0.0000000000
66063  -28.619  -26.021  74.458 0.0000000000
64835  -28.204  -26.414  73.965 0.0000000000
66076  -28.637  -25.706  73.984 0.0000000000
66077  -28.931  -25.098  73.597 0.0000000000
67310  -29.379  -24.551  74.260 0.0000000000
67314  -35.083  -23.153  74.201 0.0000000000
67359  -34.292  -23.926  70.890 0.0000000000
67346  -35.016  -24.027  71.759 0.0000000000
64913  -37.566  -26.237  69.583 0.0000000000
64927  -38.070  -26.628  69.144 0.0000000000
63704  -38.161  -26.859  68.827 0.0000000000
78766  -45.083  -14.890  57.532 0.0000000000
77555  -45.740  -15.759  57.858 0.0000000000
78767  -46.129  -15.047  57.529 0.0000000000
83597  -45.221  -9.979  58.766 0.0000000000
83612  -45.118  -10.083  57.733 0.0000000000
81312  -47.999  -12.177  54.767 0.0000000000
80077  -49.479  -13.343  55.031 0.0000000000
90504  -51.384  -5.053  52.140 0.0000000000
47642  -12.202  -41.714  77.137 0.0000000000
46413  -11.684  -42.603  77.326 0.0000000000
66159  -41.413  -25.217  68.163 0.0000000000
67408  -41.609  -24.580  67.575 0.0000000000
69631  -39.675  -22.922  67.020 0.0000000000
69632  -40.477  -22.882  66.679 0.0000000000
70713  -39.483  -22.337  66.654 0.0000000000
72888  -36.424  -19.465  65.646 0.0000000000
72867  -36.957  -20.344  66.240 0.0000000000
72951  -39.090  -19.322  61.989 0.0000000000
72952  -39.831  -19.648  61.806 0.0000000000
56634  -27.644  -33.510  70.601 0.0000000000
55507  -27.571  -34.793  71.702 0.0000000000
56615  -28.736  -34.140  71.026 0.0000000000
50159  -15.480  -40.061  76.361 0.0000000000
48998  -14.581  -40.443  76.461 0.0000000000
48962  -16.069  -41.743  77.526 0.0000000000
48983  -16.255  -41.237  77.324 0.0000000000
44191  -9.125  -44.291  78.292 0.0000000000
44190  -8.740  -44.545  78.799 0.0000000000
63696  -44.829  -27.461  69.787 0.0000000000
52295  -23.880  -37.448  76.716 0.0000000000
53325  -24.010  -36.576  75.279 0.0000000000
54368  -25.008  -36.304  74.601 0.0000000000
53326  -25.148  -36.723  75.485 0.0000000000
54347  -25.872  -36.572  75.179 0.0000000000
59015  -22.543  -30.451  74.204 0.0000000000
59014  -21.634  -30.847  74.165 0.0000000000
56575  -21.898  -33.326  73.934 0.0000000000
55467  -21.066  -34.027  74.606 0.0000000000
54366  -22.781  -35.560  74.475 0.0000000000
53324  -22.971  -36.515  75.402 0.0000000000
64877  -39.390  -26.031  71.487 0.0000000000
66094  -36.879  -24.819  72.417 0.0000000000
64857  -38.489  -26.123  72.784 0.0000000000
64876  -38.573  -26.048  71.660 0.0000000000
76364  -41.806  -15.327  59.420 0.0000000000
76365  -42.252  -15.755  59.166 0.0000000000
80032  -42.937  -13.003  59.030 0.0000000000
78765  -43.942  -14.459  57.686 0.0000000000
85797  -46.474  -8.563  56.848 0.0000000000
85812  -46.692  -8.670  55.827 0.0000000000
84722  -47.502  -9.048  54.587 0.0000000000
84721  -46.930  -9.394  54.939 0.0000000000
84735  -47.490  -9.686  54.325 0.0000000000
83651  -47.908  -10.444  53.989 0.0000000000
83652  -48.735  -10.352  53.858 0.0000000000
84737  -49.091  -9.517  53.993 0.0000000000
84738  -50.013  -9.592  54.016 0.0000000000
88129  -49.844  -5.815  54.440 0.0000000000
69597  -40.944  -23.156  69.617 0.0000000000
69596  -40.061  -22.486  69.910 0.0000000000
70661  -38.789  -21.764  70.332 0.0000000000
69595  -39.452  -22.469  69.592 0.0000000000
70694  -38.781  -22.182  69.229 0.0000000000
69608  -38.811  -22.366  68.552 0.0000000000
76260  -36.135  -16.822  66.032 0.0000000000
75142  -36.078  -17.695  65.490 0.0000000000
74000  -35.740  -18.697  65.816 0.0000000000
75157  -36.328  -17.778  64.834 0.0000000000
75167  -37.318  -17.355  63.774 0.0000000000
76308  -37.566  -16.748  63.514 0.0000000000
75168  -37.801  -17.398  63.116 0.0000000000
75169  -38.288  -16.943  62.526 0.0000000000
77474  -38.614  -14.953  63.152 0.0000000000
57829  -30.264  -31.447  70.521 0.0000000000
57807  -30.119  -32.374  70.708 0.0000000000
57830  -30.687  -31.228  70.823 0.0000000000
59046  -32.008  -31.689  72.731 0.0000000000
57793  -31.569  -32.317  72.364 0.0000000000
41162  -10.099  -47.724  79.723 0.0000000000
41172  -9.669  -47.375  79.000 0.0000000000
40206  -8.590  -49.376  81.024 0.0000000000
40216  -9.006  -48.459  79.948 0.0000000000
40215  -8.559  -49.072  80.154 0.0000000000
39228  -7.894  -49.097  79.740 0.0000000000
68537  -46.091  -23.626  68.692 0.0000000000
69599  -45.765  -22.262  69.093 0.0000000000
69613  -44.699  -22.296  68.009 0.0000000000
64854  -32.488  -27.303  71.191 0.0000000000
63645  -32.440  -27.821  72.027 0.0000000000
56529  -16.246  -33.576  77.011 0.0000000000
56542  -16.521  -33.874  76.047 0.0000000000
56541  -16.637  -34.457  75.801 0.0000000000
56553  -16.963  -34.637  75.515 0.0000000000
54341  -18.743  -35.422  75.252 0.0000000000
54340  -18.201  -35.896  75.285 0.0000000000
54318  -18.705  -36.271  75.391 0.0000000000
53302  -18.742  -36.779  75.475 0.0000000000
55423  -20.831  -35.611  75.178 0.0000000000
55422  -20.319  -35.541  75.275 0.0000000000
54321  -20.908  -36.300  75.333 0.0000000000
53304  -20.784  -37.214  75.658 0.0000000000
53258  -20.687  -37.822  77.055 0.0000000000
52272  -20.249  -37.822  76.944 0.0000000000
62594  -39.420  -28.305  69.136 0.0000000000
62595  -40.409  -28.365  69.117 0.0000000000
66158  -40.840  -25.738  68.491 0.0000000000
64879  -41.212  -25.878  71.011 0.0000000000
64899  -40.453  -25.997  70.092 0.0000000000
67379  -42.341  -24.104  70.783 0.0000000000
67391  -41.988  -24.430  69.774 0.0000000000
68536  -42.086  -23.459  69.982 0.0000000000
57787  -23.910  -32.453  72.513 0.0000000000
56612  -24.375  -33.451  72.092 0.0000000000
57788  -24.631  -32.285  72.154 0.0000000000
57790  -25.974  -31.941  71.355 0.0000000000
57789  -25.568  -32.444  71.366 0.0000000000
57804  -26.531  -32.263  70.671 0.0000000000
62527  -28.143  -28.296  72.127 0.0000000000
61465  -28.079  -29.837  72.042 0.0000000000
61466  -28.223  -29.166  71.719 0.0000000000
60327  -27.752  -30.022  70.887 0.0000000000
60328  -28.305  -29.969  70.511 0.0000000000
62571  -28.683  -28.956  70.924 0.0000000000
66105  -29.044  -25.849  71.640 0.0000000000
63659  -28.972  -27.296  71.224 0.0000000000
64871  -29.394  -26.331  71.367 0.0000000000
63660  -30.015  -27.393  71.126 0.0000000000
68477  -33.102  -22.784  74.708 0.0000000000
67312  -33.485  -22.664  75.466 0.0000000000
68464  -32.965  -22.930  75.433 0.0000000000
68463  -32.205  -22.709  75.455 0.0000000000
68474  -30.517  -23.565  73.584 0.0000000000
68491  -31.850  -23.088  73.472 0.0000000000
67343  -31.748  -23.718  71.745 0.0000000000
66092  -31.695  -24.630  71.164 0.0000000000
64872  -31.736  -26.156  70.997 0.0000000000
66107  -32.150  -25.224  70.860 0.0000000000
67376  -34.266  -24.746  70.413 0.0000000000
66125  -33.584  -25.474  70.267 0.0000000000
64894  -34.560  -26.302  69.730 0.0000000000
66109  -36.590  -24.972  71.154 0.0000000000
66128  -36.472  -25.358  70.248 0.0000000000
64912  -36.573  -26.416  69.321 0.0000000000
64911  -35.771  -26.385  69.313 0.0000000000
63689  -35.975  -27.214  68.994 0.0000000000
63678  -35.409  -27.560  69.335 0.0000000000
62591  -36.810  -27.808  69.255 0.0000000000
62593  -38.440  -28.052  69.077 0.0000000000
57773  -24.354  -31.725  72.598 0.0000000000
59029  -23.941  -31.345  72.919 0.0000000000
59040  -23.885  -31.878  72.663 0.0000000000
57786  -23.112  -32.350  72.650 0.0000000000
72971  -44.211  -20.041  61.464 0.0000000000
75205  -44.957  -18.261  59.779 0.0000000000
74110  -45.510  -18.885  60.630 0.0000000000
76367  -43.911  -16.949  58.410 0.0000000000
81249  -44.115  -11.529  60.801 0.0000000000
81248  -43.345  -11.916  60.258 0.0000000000
81264  -43.701  -11.365  59.998 0.0000000000
81289  -44.148  -12.376  57.279 0.0000000000
81290  -44.904  -12.449  56.647 0.0000000000
83627  -45.692  -10.304  56.006 0.0000000000
83626  -45.239  -10.252  56.841 0.0000000000
82478  -46.052  -11.251  55.591 0.0000000000
81301  -46.846  -12.723  55.596 0.0000000000
81300  -46.176  -12.219  55.677 0.0000000000
80061  -46.585  -13.052  55.949 0.0000000000
80049  -47.028  -13.907  56.278 0.0000000000
80051  -49.180  -14.337  56.511 0.0000000000
85838  -51.955  -8.182  52.227 0.0000000000
88149  -52.186  -6.623  51.619 0.0000000000
86990  -53.363  -7.084  51.179 0.0000000000
90505  -51.996  -4.708  51.751 0.0000000000
90519  -52.516  -5.255  51.311 0.0000000000
45291  -11.101  -43.456  77.312 0.0000000000
46411  -9.907  -42.361  77.689 0.0000000000
45290  -9.878  -43.144  77.489 0.0000000000
44200  -9.564  -44.123  77.717 0.0000000000
44201  -10.544  -44.447  77.484 0.0000000000
45284  -13.413  -44.695  79.388 0.0000000000
44194  -12.729  -45.081  78.901 0.0000000000
43169  -12.177  -45.749  78.898 0.0000000000
43160  -11.847  -46.324  79.460 0.0000000000
42126  -11.232  -46.791  79.156 0.0000000000
42117  -11.408  -46.893  80.246 0.0000000000
42102  -10.853  -47.322  82.043 0.0000000000
62608  -40.828  -27.795  68.538 0.0000000000
63708  -41.698  -27.471  68.275 0.0000000000
64943  -42.658  -26.568  67.672 0.0000000000
64944  -43.358  -26.466  67.859 0.0000000000
66173  -43.758  -25.879  67.470 0.0000000000
68554  -41.438  -23.861  67.201 0.0000000000
68565  -42.601  -23.432  66.569 0.0000000000
67419  -42.384  -24.128  66.594 0.0000000000
67420  -42.981  -23.895  66.526 0.0000000000
68555  -43.565  -23.604  66.923 0.0000000000
68556  -44.196  -23.728  67.328 0.0000000000
70716  -42.186  -21.905  66.603 0.0000000000
69623  -43.552  -22.355  67.141 0.0000000000
70704  -42.738  -21.779  66.994 0.0000000000
70705  -43.338  -21.737  67.364 0.0000000000
71700  -36.461  -20.446  70.213 0.0000000000
70678  -37.651  -21.544  68.948 0.0000000000
71726  -36.937  -21.075  68.449 0.0000000000
73965  -35.152  -18.463  68.416 0.0000000000
72826  -35.382  -19.103  68.839 0.0000000000
72843  -35.213  -19.260  68.012 0.0000000000
71738  -37.190  -20.756  67.284 0.0000000000
70700  -37.930  -21.434  67.376 0.0000000000
71757  -39.108  -21.646  66.534 0.0000000000
71741  -40.649  -20.664  66.710 0.0000000000
71728  -41.864  -20.479  67.921 0.0000000000
72870  -40.596  -19.723  66.387 0.0000000000
72914  -37.233  -19.154  64.046 0.0000000000
72890  -38.692  -19.906  64.956 0.0000000000
72917  -40.347  -20.513  64.008 0.0000000000
72892  -40.763  -19.929  64.730 0.0000000000
72893  -41.582  -19.901  64.900 0.0000000000
71805  -42.384  -20.775  62.849 0.0000000000
72940  -42.835  -20.611  63.540 0.0000000000
71806  -43.089  -20.706  62.786 0.0000000000
71818  -43.502  -21.015  62.186 0.0000000000
72983  -41.537  -19.266  60.587 0.0000000000
72969  -42.355  -19.804  60.865 0.0000000000
74107  -42.146  -18.941  60.287 0.0000000000
76320  -39.194  -16.573  61.670 0.0000000000
75179  -39.352  -17.009  61.321 0.0000000000
76322  -40.559  -15.264  61.119 0.0000000000
76335  -40.185  -16.785  60.806 0.0000000000
76336  -40.736  -16.112  60.521 0.0000000000
77506  -42.330  -14.403  61.287 0.0000000000
55505  -25.335  -34.684  72.285 0.0000000000
54394  -25.287  -35.364  72.821 0.0000000000
54386  -27.466  -35.745  73.502 0.0000000000
54371  -28.415  -35.832  74.308 0.0000000000
56594  -30.223  -34.174  71.972 0.0000000000
55494  -29.688  -34.824  72.568 0.0000000000
62511  -31.958  -28.755  72.953 0.0000000000
50146  -11.890  -39.481  77.316 0.0000000000
52268  -13.610  -38.041  77.479 0.0000000000
50148  -13.689  -39.510  76.940 0.0000000000
48981  -13.863  -40.727  76.876 0.0000000000
46415  -14.054  -43.135  77.756 0.0000000000
53320  -16.702  -36.339  75.315 0.0000000000
53319  -16.131  -36.677  75.613 0.0000000000
52303  -16.575  -37.040  75.487 0.0000000000
50160  -16.745  -39.725  76.243 0.0000000000
50151  -17.966  -40.562  77.017 0.0000000000
91717  -53.555  -3.250  50.188 0.0000000000
38209  -6.677  -50.517  80.844 0.0000000000
38189  -6.962  -50.385  81.158 0.0000000000
39227  -7.259  -49.357  79.826 0.0000000000
39226  -6.495  -49.544  79.798 0.0000000000
54367  -23.862  -35.936  74.555 0.0000000000
54384  -25.372  -35.751  73.532 0.0000000000
57771  -22.146  -32.166  73.103 0.0000000000
57770  -21.680  -31.540  73.545 0.0000000000
55468  -21.862  -34.542  74.424 0.0000000000
78733  -42.590  -13.932  60.162 0.0000000000
78751  -42.437  -14.116  59.732 0.0000000000
85814  -47.866  -8.484  54.566 0.0000000000
85822  -48.559  -8.639  54.215 0.0000000000
70681  -39.811  -22.059  70.285 0.0000000000
71703  -38.813  -21.520  70.917 0.0000000000
71702  -38.195  -21.309  70.473 0.0000000000
76283  -36.628  -16.325  65.192 0.0000000000
75158  -36.764  -17.310  64.456 0.0000000000
76299  -37.861  -15.619  63.807 0.0000000000
77473  -38.147  -15.248  63.652 0.0000000000
77461  -38.112  -15.101  64.380 0.0000000000
61467  -30.544  -29.253  70.813 0.0000000000
59052  -30.895  -30.963  71.229 0.0000000000
61447  -31.190  -29.501  71.365 0.0000000000
60306  -31.506  -30.384  71.534 0.0000000000
60307  -32.069  -30.634  72.370 0.0000000000
89351  -53.872  -5.608  50.899 0.0000000000
41146  -9.639  -48.553  81.682 0.0000000000
41153  -9.680  -48.310  80.412 0.0000000000
40201  -8.938  -48.914  81.517 0.0000000000
68547  -45.522  -23.719  68.166 0.0000000000
63661  -33.604  -27.417  70.749 0.0000000000
58984  -19.986  -30.647  75.917 0.0000000000
57706  -18.409  -31.176  77.360 0.0000000000
57735  -17.364  -33.544  75.515 0.0000000000
56554  -17.152  -34.149  75.528 0.0000000000
56555  -17.990  -34.005  75.426 0.0000000000
55421  -19.478  -35.488  75.280 0.0000000000
54322  -21.535  -36.287  75.600 0.0000000000
53305  -21.409  -36.956  75.895 0.0000000000
53280  -21.779  -37.265  76.456 0.0000000000
52273  -21.697  -37.427  76.961 0.0000000000
62605  -38.639  -27.682  68.713 0.0000000000
64929  -39.373  -26.628  68.546 0.0000000000
59030  -24.735  -31.500  72.875 0.0000000000
59041  -25.224  -31.819  72.232 0.0000000000
59043  -26.370  -31.385  71.779 0.0000000000
62495  -27.987  -28.083  74.107 0.0000000000
63630  -27.989  -27.276  73.564 0.0000000000
63642  -28.283  -27.417  72.627 0.0000000000
63658  -28.453  -27.410  71.818 0.0000000000
64869  -28.482  -26.764  72.258 0.0000000000
66089  -28.697  -25.471  72.652 0.0000000000
66078  -29.170  -24.698  72.865 0.0000000000
68478  -33.645  -22.599  74.225 0.0000000000
68493  -33.332  -22.622  74.018 0.0000000000
68492  -32.772  -22.810  73.797 0.0000000000
67344  -32.986  -22.980  71.780 0.0000000000
67358  -33.367  -23.769  71.029 0.0000000000
67374  -32.794  -24.544  70.667 0.0000000000
67377  -34.778  -24.924  70.326 0.0000000000
66129  -37.135  -25.609  70.025 0.0000000000
66145  -36.928  -25.975  69.588 0.0000000000
63690  -36.800  -27.040  69.120 0.0000000000
83586  -44.480  -10.514  59.201 0.0000000000
82437  -44.203  -10.740  59.439 0.0000000000
83596  -44.418  -10.486  58.793 0.0000000000
83611  -44.460  -10.507  57.847 0.0000000000
82487  -46.569  -11.346  55.078 0.0000000000
81311  -47.059  -12.269  55.149 0.0000000000
80075  -47.752  -12.693  55.093 0.0000000000
88148  -51.400  -6.506  52.154 0.0000000000
88164  -52.887  -6.586  51.247 0.0000000000
47640  -10.420  -41.330  77.904 0.0000000000
42110  -11.535  -47.004  81.274 0.0000000000
63716  -41.315  -26.675  67.632 0.0000000000
63717  -41.718  -26.935  67.668 0.0000000000
69620  -40.399  -23.174  67.574 0.0000000000
68553  -41.007  -23.393  66.928 0.0000000000
68563  -41.121  -23.115  66.626 0.0000000000
69635  -43.048  -23.066  66.745 0.0000000000
70715  -41.583  -22.004  66.407 0.0000000000
72865  -35.245  -19.303  67.206 0.0000000000
71755  -36.661  -20.486  66.797 0.0000000000
72935  -38.403  -19.151  63.091 0.0000000000
72938  -41.103  -20.556  63.068 0.0000000000
71815  -41.374  -20.645  62.443 0.0000000000
71816  -41.934  -20.753  62.241 0.0000000000
71828  -42.061  -20.471  61.515 0.0000000000
71827  -41.393  -20.572  61.766 0.0000000000
74091  -40.539  -18.523  61.101 0.0000000000
55516  -26.580  -34.302  71.232 0.0000000000
55506  -26.518  -34.968  71.909 0.0000000000
47645  -15.153  -41.922  77.725 0.0000000000
47625  -15.191  -42.443  77.683 0.0000000000
52290  -18.133  -37.431  75.548 0.0000000000
52289  -17.128  -37.729  75.543 0.0000000000
51203  -18.304  -39.435  76.626 0.0000000000
64918  -45.239  -26.655  69.356 0.0000000000
64933  -44.712  -26.581  68.637 0.0000000000
52275  -23.334  -37.648  77.306 0.0000000000
52296  -24.705  -37.487  76.853 0.0000000000
53309  -25.545  -37.238  76.629 0.0000000000
53336  -24.650  -36.492  75.050 0.0000000000
62551  -35.857  -28.698  70.616 0.0000000000
62531  -35.692  -29.135  71.893 0.0000000000
58985  -20.562  -30.096  75.710 0.0000000000
59001  -20.828  -30.850  75.013 0.0000000000
59000  -20.248  -31.401  75.302 0.0000000000
54343  -21.879  -35.762  75.325 0.0000000000
52293  -22.783  -37.138  76.408 0.0000000000
64878  -40.275  -25.865  71.271 0.0000000000
66093  -35.889  -24.285  72.662 0.0000000000
66095  -37.346  -25.211  71.842 0.0000000000
75221  -42.720  -16.598  59.228 0.0000000000
76366  -43.116  -16.190  58.681 0.0000000000
76379  -43.708  -16.276  58.292 0.0000000000
77553  -43.566  -15.445  58.175 0.0000000000
84707  -45.503  -9.662  57.548 0.0000000000
83636  -46.698  -10.486  54.807 0.0000000000
83637  -47.433  -10.858  54.319 0.0000000000
82489  -48.284  -11.403  54.309 0.0000000000
82490  -48.828  -11.617  54.289 0.0000000000
81327  -49.919  -11.990  54.066 0.0000000000
81326  -49.459  -11.675  54.116 0.0000000000
82504  -49.942  -11.277  53.963 0.0000000000
83654  -50.844  -10.645  54.160 0.0000000000
85831  -51.556  -8.536  52.650 0.0000000000
88137  -50.749  -6.226  52.806 0.0000000000
69611  -41.015  -23.405  68.484 0.0000000000
69618  -38.805  -22.478  68.213 0.0000000000
75113  -35.099  -17.649  67.890 0.0000000000
75124  -35.175  -17.931  67.128 0.0000000000
75114  -35.496  -17.352  67.292 0.0000000000
73999  -35.258  -18.670  66.674 0.0000000000
74052  -37.533  -18.773  63.617 0.0000000000
74065  -38.042  -18.570  63.096 0.0000000000
74075  -38.353  -18.555  62.601 0.0000000000
74076  -38.639  -18.707  62.072 0.0000000000
74089  -39.114  -18.316  61.548 0.0000000000
77475  -39.466  -14.762  62.705 0.0000000000
77476  -40.593  -14.111  63.120 0.0000000000
57806  -29.030  -32.437  70.389 0.0000000000
56636  -29.563  -33.024  70.771 0.0000000000
56617  -30.395  -33.456  71.686 0.0000000000
56595  -30.898  -33.556  72.377 0.0000000000
57777  -31.259  -32.875  72.573 0.0000000000
52269  -14.132  -37.565  77.257 0.0000000000
51185  -20.044  -38.983  77.429 0.0000000000
42132  -9.987  -46.230  78.429 0.0000000000
42131  -9.088  -46.131  78.773 0.0000000000
41178  -9.712  -46.810  78.650 0.0000000000
42124  -8.881  -46.625  78.955 0.0000000000
41171  -8.891  -47.194  79.159 0.0000000000
40225  -8.720  -47.852  79.507 0.0000000000
41170  -8.073  -47.236  79.491 0.0000000000
41169  -6.981  -47.355  79.747 0.0000000000
81250  -45.206  -11.446  61.107 0.0000000000
82438  -45.226  -10.418  60.080 0.0000000000
83588  -45.555  -10.021  59.641 0.0000000000
83598  -46.098  -9.531  59.470 0.0000000000
70683  -44.831  -21.666  68.907 0.0000000000
63644  -31.769  -27.966  72.055 0.0000000000
63632  -32.405  -28.374  72.996 0.0000000000
56513  -16.562  -33.062  78.197 0.0000000000
55406  -15.808  -34.011  77.489 0.0000000000
55405  -15.983  -34.642  77.010 0.0000000000
54317  -15.949  -35.456  76.447 0.0000000000
55420  -16.373  -34.898  76.145 0.0000000000
54339  -17.150  -35.687  75.187 0.0000000000
55441  -17.380  -35.023  75.369 0.0000000000
53321  -17.695  -36.504  75.358 0.0000000000
53301  -18.200  -36.774  75.503 0.0000000000
52291  -19.240  -37.739  75.653 0.0000000000
52270  -19.520  -38.330  76.078 0.0000000000
55444  -19.680  -34.632  75.165 0.0000000000
53303  -20.034  -37.577  75.326 0.0000000000
52271  -20.188  -38.202  76.252 0.0000000000
62580  -40.937  -28.664  69.953 0.0000000000
66170  -40.943  -25.784  67.806 0.0000000000
66146  -40.916  -25.682  69.492 0.0000000000
66131  -41.409  -25.062  70.389 0.0000000000
68524  -41.781  -23.100  70.193 0.0000000000
69571  -40.909  -22.894  71.819 0.0000000000
56632  -25.922  -33.484  71.175 0.0000000000
56633  -26.634  -33.452  70.854 0.0000000000
57805  -27.914  -32.453  70.467 0.0000000000
59044  -27.099  -30.732  71.822 0.0000000000
61446  -28.085  -29.294  72.659 0.0000000000
60314  -27.696  -30.255  71.563 0.0000000000
59063  -27.257  -31.017  70.694 0.0000000000
59064  -27.769  -30.750  70.543 0.0000000000
59065  -28.728  -30.783  70.381 0.0000000000
60329  -29.158  -30.003  70.478 0.0000000000
61489  -29.587  -29.167  70.583 0.0000000000
62573  -29.501  -28.585  70.741 0.0000000000
67295  -29.739  -23.847  74.959 0.0000000000
67311  -29.849  -23.900  73.937 0.0000000000
67325  -30.005  -24.147  72.942 0.0000000000
67327  -31.457  -23.449  72.655 0.0000000000
67342  -31.052  -24.062  72.143 0.0000000000
67341  -30.439  -24.407  72.192 0.0000000000
64852  -31.172  -26.452  71.323 0.0000000000
66124  -32.832  -25.378  70.435 0.0000000000
64892  -33.000  -26.159  70.338 0.0000000000
64874  -32.930  -27.014  70.667 0.0000000000
63662  -34.316  -27.833  70.532 0.0000000000
62550  -35.052  -28.216  70.099 0.0000000000
66143  -35.877  -25.738  69.778 0.0000000000
64895  -35.295  -25.987  69.562 0.0000000000
63677  -34.737  -27.408  69.571 0.0000000000
62574  -35.241  -27.857  69.602 0.0000000000
62577  -37.848  -28.599  70.089 0.0000000000
62592  -37.549  -28.009  69.317 0.0000000000
59016  -23.593  -30.737  74.073 0.0000000000
59028  -22.899  -31.178  72.966 0.0000000000
74095  -44.873  -19.478  61.172 0.0000000000
75223  -44.428  -17.558  59.115 0.0000000000
75224  -45.486  -17.738  59.206 0.0000000000
80021  -43.580  -12.136  60.873 0.0000000000
81247  -43.039  -12.132  59.977 0.0000000000
81278  -43.265  -12.376  58.699 0.0000000000
82452  -43.474  -11.921  58.463 0.0000000000
80040  -44.006  -13.367  57.470 0.0000000000
82476  -44.777  -10.769  56.631 0.0000000000
82468  -45.006  -11.836  56.480 0.0000000000
81299  -45.516  -12.334  56.231 0.0000000000
78783  -47.641  -14.674  56.938 0.0000000000
88166  -54.474  -6.633  51.018 0.0000000000
89350  -52.996  -5.771  51.097 0.0000000000
90507  -53.142  -3.176  51.668 0.0000000000
45283  -9.139  -43.314  78.366 0.0000000000
43173  -9.401  -44.676  77.883 0.0000000000
44193  -12.088  -45.304  78.131 0.0000000000
44192  -11.266  -45.211  77.827 0.0000000000
43167  -10.480  -45.543  77.979 0.0000000000
42109  -10.933  -47.425  81.053 0.0000000000
63718  -42.213  -27.091  67.916 0.0000000000
63709  -42.794  -27.175  68.375 0.0000000000
66161  -44.910  -25.847  68.267 0.0000000000
67409  -42.135  -24.863  66.922 0.0000000000
66174  -44.369  -25.248  67.743 0.0000000000
67401  -44.679  -24.762  67.922 0.0000000000
68546  -44.835  -23.696  67.762 0.0000000000
70696  -43.866  -21.674  67.837 0.0000000000
72795  -37.074  -20.327  71.156 0.0000000000
71701  -37.364  -20.900  70.363 0.0000000000
71715  -37.703  -21.339  69.765 0.0000000000
70701  -38.547  -22.190  67.303 0.0000000000
72844  -35.599  -19.975  67.522 0.0000000000
70712  -38.903  -22.035  66.758 0.0000000000
71759  -41.018  -21.407  66.533 0.0000000000
71743  -42.196  -21.184  67.546 0.0000000000
71729  -42.595  -20.807  68.186 0.0000000000
71730  -43.370  -21.082  68.360 0.0000000000
72828  -41.157  -19.909  67.626 0.0000000000
74001  -40.425  -19.674  65.722 0.0000000000
71830  -43.727  -20.664  61.563 0.0000000000
72970  -43.351  -20.010  61.108 0.0000000000
74093  -42.923  -19.416  60.592 0.0000000000
74090  -39.849  -18.535  61.512 0.0000000000
77540  -41.669  -14.954  59.759 0.0000000000
54393  -24.665  -35.141  72.868 0.0000000000
55491  -26.510  -35.426  72.779 0.0000000000
54385  -26.465  -35.790  73.627 0.0000000000
55509  -29.474  -34.485  71.606 0.0000000000
54388  -29.164  -35.052  73.291 0.0000000000
54373  -30.365  -35.392  73.936 0.0000000000
54372  -29.478  -35.585  74.003 0.0000000000
54349  -28.288  -36.010  75.384 0.0000000000
61431  -31.995  -29.904  73.205 0.0000000000
48978  -10.794  -40.480  77.808 0.0000000000
51200  -11.894  -38.227  76.943 0.0000000000
50147  -12.836  -39.504  77.135 0.0000000000
46396  -15.286  -43.364  78.064 0.0000000000
53300  -16.082  -36.020  75.806 0.0000000000
52288  -16.041  -37.455  75.647 0.0000000000
51184  -19.447  -39.601  77.427 0.0000000000
50152  -18.913  -39.905  76.987 0.0000000000
48984  -17.062  -41.224  77.407 0.0000000000
39190  -7.621  -49.526  82.067 0.0000000000
39200  -7.833  -49.664  81.264 0.0000000000
41168  -6.671  -47.997  79.908 0.0000000000
39225  -5.778  -49.924  79.528 0.0000000000
40221  -5.860  -48.562  79.269 0.0000000000
40214  -5.856  -48.142  79.970 0.0000000000
41177  -9.268  -46.848  78.864 0.0000000000
52294  -23.149  -37.334  76.689 0.0000000000
53259  -20.921  -37.763  77.094 0.0000000000
53277  -20.484  -38.063  75.877 0.0000000000
54298  -15.847  -35.146  76.912 0.0000000000
54316  -15.654  -35.697  76.595 0.0000000000
54344  -22.600  -35.920  75.111 0.0000000000
54346  -25.355  -36.555  75.074 0.0000000000
55390  -15.645  -34.927  77.424 0.0000000000
55493  -28.493  -34.946  72.618 0.0000000000
56614  -27.983  -34.370  71.127 0.0000000000
57757  -21.948  -32.712  73.603 0.0000000000
57791  -30.094  -33.043  71.274 0.0000000000
57808  -30.938  -31.755  70.979 0.0000000000
59066  -29.665  -30.769  70.404 0.0000000000
59067  -30.449  -30.752  70.679 0.0000000000
60282  -21.831  -30.390  74.589 0.0000000000
60283  -22.004  -30.407  74.403 0.0000000000
60297  -27.699  -30.457  73.369 0.0000000000
60305  -28.131  -29.930  72.847 0.0000000000
60315  -30.768  -30.156  71.034 0.0000000000
61445  -28.124  -29.904  72.517 0.0000000000
61486  -27.990  -29.720  71.378 0.0000000000
61488  -28.799  -29.332  70.638 0.0000000000
62547  -28.629  -28.411  71.318 0.0000000000
62548  -29.348  -28.131  71.012 0.0000000000
63688  -35.305  -27.058  69.087 0.0000000000
64823  -28.815  -26.024  75.009 0.0000000000
64850  -28.557  -26.123  72.261 0.0000000000
64900  -41.063  -25.740  70.389 0.0000000000
66049  -29.062  -25.407  75.424 0.0000000000
66064  -29.017  -25.375  74.526 0.0000000000
66088  -28.523  -25.779  73.415 0.0000000000
66104  -28.826  -25.744  71.972 0.0000000000
67326  -30.785  -23.872  72.705 0.0000000000
68462  -31.199  -22.662  74.805 0.0000000000
68475  -31.210  -23.107  73.955 0.0000000000
68490  -31.060  -23.400  73.217 0.0000000000
69622  -42.956  -22.174  66.811 0.0000000000
70663  -40.285  -21.990  70.779 0.0000000000
70680  -39.218  -22.173  69.845 0.0000000000
70697  -44.433  -21.666  68.296 0.0000000000
71754  -36.406  -20.284  66.625 0.0000000000
71803  -41.399  -20.653  62.774 0.0000000000
71804  -41.704  -20.723  62.815 0.0000000000
72845  -37.343  -20.557  66.747 0.0000000000
72954  -44.357  -20.702  62.122 0.0000000000
72984  -41.770  -19.481  60.661 0.0000000000
74027  -36.866  -19.024  64.432 0.0000000000
74028  -40.502  -19.746  65.207 0.0000000000
74050  -36.531  -18.035  64.503 0.0000000000
74066  -38.456  -18.949  62.718 0.0000000000
75189  -39.364  -17.768  61.337 0.0000000000
76282  -36.216  -16.985  65.398 0.0000000000
81263  -43.082  -12.059  59.572 0.0000000000
82503  -49.070  -11.263  54.076 0.0000000000
84683  -45.783  -9.491  58.841 0.0000000000
