#!ascii label  , from subject 3068 vox2ras=TkReg
919
83033  -22.200  -11.456  8.451 0.5555555820
83034  -23.053  -11.583  7.720 0.6666666865
84174  -23.120  -10.419  7.092 0.7777777910
84197  -23.837  -10.116  6.545 0.7777777910
86357  -24.043  -8.829  6.317 0.8888888955
85290  -25.401  -9.334  5.702 0.8888888955
83018  -21.527  -11.382  9.114 0.5555555820
84157  -21.836  -10.581  8.598 0.5555555820
85249  -22.308  -9.533  7.590 0.6666666865
86375  -25.103  -8.389  5.649 1.0000000000
85291  -26.392  -9.332  5.640 0.8888888955
87535  -26.362  -7.371  5.443 1.0000000000
85248  -21.908  -9.009  8.008 0.7777777910
87513  -22.428  -7.671  7.262 1.0000000000
88717  -22.355  -6.630  6.793 1.0000000000
87514  -23.172  -7.621  6.591 1.0000000000
88735  -23.936  -6.560  5.377 1.0000000000
88718  -23.267  -6.572  6.066 1.0000000000
88736  -24.854  -6.534  5.263 1.0000000000
89946  -23.435  -5.544  5.553 1.0000000000
88738  -26.638  -6.410  5.405 1.0000000000
89947  -24.347  -5.560  5.185 1.0000000000
89948  -25.216  -5.535  5.286 1.0000000000
91105  -26.306  -4.505  5.741 1.0000000000
89950  -26.968  -5.550  5.647 0.7777777910
89924  -21.662  -5.432  7.292 0.8888888955
89945  -22.880  -5.134  6.034 1.0000000000
91102  -23.960  -4.537  5.213 1.0000000000
91103  -24.793  -4.575  5.110 1.0000000000
91104  -25.546  -4.557  5.375 1.0000000000
89927  -27.556  -5.381  6.137 0.8888888955
91106  -27.139  -4.439  6.246 1.0000000000
91086  -27.899  -4.842  6.452 0.7777777910
91087  -28.696  -4.882  6.668 0.7777777910
91084  -21.881  -4.444  6.817 0.5555555820
93471  -22.405  -2.634  5.734 0.7777777910
92270  -22.722  -3.553  5.577 0.8888888955
92283  -23.589  -3.557  5.263 1.0000000000
92284  -24.448  -3.509  4.863 1.0000000000
92285  -25.188  -3.732  5.045 1.0000000000
92287  -26.588  -3.526  5.962 1.0000000000
93488  -26.391  -2.625  5.653 1.0000000000
93489  -26.989  -2.771  6.024 0.8888888955
93473  -28.768  -2.822  6.988 0.7777777910
92272  -29.218  -3.957  6.972 0.6666666865
94664  -21.265  -1.544  6.923 0.4444444478
93470  -21.923  -2.539  6.285 0.7777777910
94678  -21.818  -1.478  6.145 0.6666666865
94693  -23.809  -1.679  4.816 0.7777777910
94707  -24.532  -2.113  4.632 0.8888888955
92302  -25.443  -3.114  4.934 1.0000000000
94694  -24.760  -1.358  4.811 1.0000000000
94695  -25.454  -1.468  5.244 1.0000000000
94696  -26.240  -1.643  5.537 1.0000000000
94697  -27.072  -1.923  5.814 0.8888888955
93472  -27.738  -2.510  6.442 0.7777777910
92273  -30.308  -4.135  7.140 0.5555555820
94682  -29.433  -1.975  7.343 0.7777777910
96910  -21.661  0.117  6.199 0.6666666865
95798  -21.307  -0.507  6.607 0.6666666865
95812  -23.386  -0.462  5.200 0.7777777910
95811  -22.526  -0.330  5.531 0.7777777910
95813  -24.323  -0.484  5.040 0.8888888955
95814  -25.146  -0.541  5.324 1.0000000000
95815  -25.948  -0.637  5.555 1.0000000000
95799  -27.503  -0.342  6.485 0.8888888955
95800  -28.206  -0.511  7.061 0.8888888955
94681  -28.478  -1.673  6.936 0.7777777910
96899  -27.035  0.386  6.267 0.8888888955
93462  -30.442  -2.184  7.621 0.6666666865
96897  -21.360  0.694  6.499 0.6666666865
95797  -20.903  0.068  6.810 0.5555555820
96911  -22.166  0.679  5.894 0.7777777910
96912  -23.031  0.640  5.286 0.8888888955
96913  -23.977  0.559  5.135 0.8888888955
96914  -24.876  0.455  5.344 1.0000000000
96916  -26.272  0.232  5.919 1.0000000000
95816  -26.826  -0.743  5.984 0.8888888955
96885  -28.456  0.458  7.279 0.7777777910
96886  -29.273  0.549  7.512 0.7777777910
95786  -29.669  -0.265  7.656 0.6666666865
94667  -30.994  -1.353  7.926 0.5555555820
96898  -21.796  1.232  6.194 0.7777777910
97965  -21.468  1.749  6.361 0.6666666865
97978  -22.744  1.675  5.471 0.8888888955
97980  -24.587  1.466  5.389 1.0000000000
97981  -25.542  1.379  5.639 1.0000000000
97967  -26.311  1.282  6.090 0.8888888955
97968  -27.385  1.396  6.589 0.8888888955
96900  -27.774  0.424  6.779 0.8888888955
97954  -28.755  1.275  7.313 0.7777777910
97955  -29.630  1.385  7.647 0.7777777910
96887  -30.097  0.519  7.979 0.7777777910
95787  -30.551  -0.419  8.075 0.5555555820
99074  -28.916  2.199  7.458 0.7777777910
97956  -30.548  1.386  8.191 0.5555555820
96888  -31.085  0.435  8.365 0.5555555820
99076  -30.972  2.292  8.436 0.6666666865
99086  -20.090  2.757  7.957 0.4444444478
99088  -21.065  2.553  6.717 0.5555555820
99102  -22.577  2.582  5.895 0.7777777910
99103  -23.319  2.537  5.617 1.0000000000
99104  -24.249  2.553  5.685 1.0000000000
99092  -25.734  2.201  6.018 0.8888888955
100249  -26.234  2.985  6.610 0.8888888955
99093  -26.710  2.180  6.494 0.8888888955
99094  -27.473  2.380  6.783 0.8888888955
99073  -28.088  1.921  7.044 0.8888888955
99075  -29.957  2.286  7.873 0.6666666865
97957  -31.625  1.348  8.486 0.5555555820
101339  -22.276  4.833  6.816 0.6666666865
101361  -22.038  4.204  6.508 0.6666666865
101363  -23.606  3.998  6.344 0.7777777910
100248  -25.282  3.478  6.425 0.8888888955
101364  -24.621  4.091  6.549 0.7777777910
100221  -25.448  3.815  6.704 0.7777777910
101343  -26.058  4.214  7.504 0.7777777910
100250  -27.090  2.799  6.859 0.8888888955
101344  -27.131  4.218  7.603 0.7777777910
100224  -27.880  3.081  7.115 0.7777777910
100225  -29.076  3.135  7.952 0.6666666865
102437  -27.449  5.173  8.145 0.6666666865
101346  -29.391  4.141  8.363 0.6666666865
102439  -29.801  5.078  8.515 0.6666666865
100227  -31.321  3.236  8.548 0.5555555820
101347  -30.550  4.132  8.490 0.5555555820
103587  -21.110  6.977  9.308 0.3333333433
103592  -21.694  6.704  8.469 0.3333333433
103609  -23.112  6.073  7.573 0.5555555820
102432  -22.708  5.358  7.336 0.6666666865
103610  -23.962  6.142  7.161 0.5555555820
102433  -23.550  5.096  7.043 0.7777777910
102434  -24.485  4.941  7.230 0.7777777910
103611  -24.771  5.959  7.681 0.6666666865
102435  -25.403  5.054  7.640 0.6666666865
102436  -26.429  5.187  7.790 0.6666666865
102421  -28.625  5.984  8.493 0.6666666865
102422  -29.179  5.959  8.453 0.6666666865
102440  -30.916  5.006  8.600 0.5555555820
102424  -31.297  5.857  8.810 0.5555555820
102423  -30.194  5.903  8.661 0.6666666865
104724  -22.191  7.423  8.761 0.4444444478
104716  -21.630  7.441  9.709 0.4444444478
103593  -22.582  6.870  8.075 0.4444444478
104725  -23.018  7.514  8.613 0.5555555820
103594  -23.434  6.871  7.836 0.5555555820
103595  -24.232  6.800  7.831 0.6666666865
103612  -25.693  6.119  8.007 0.6666666865
103614  -27.757  6.029  8.509 0.6666666865
103599  -28.375  6.618  8.462 0.6666666865
103601  -30.510  6.703  9.099 0.6666666865
103602  -31.620  6.729  8.887 0.5555555820
105792  -23.491  7.780  8.713 0.4444444478
104728  -25.475  7.166  8.440 0.6666666865
103596  -24.882  6.585  8.265 0.6666666865
104739  -26.227  6.775  8.030 0.6666666865
103613  -26.783  6.240  8.088 0.6666666865
103600  -29.428  6.735  8.815 0.6666666865
85267  -23.704  -9.399  6.518 0.8888888955
86341  -22.197  -8.480  7.713 1.0000000000
87515  -23.892  -8.092  6.133 1.0000000000
87534  -25.439  -7.451  5.476 1.0000000000
95784  -21.034  -1.023  7.135 0.5555555820
97964  -20.856  1.584  6.862 0.5555555820
100243  -20.796  3.279  7.331 0.5555555820
97977  -22.080  1.770  5.948 0.7777777910
99105  -25.125  2.087  5.610 1.0000000000
100218  -19.937  3.370  8.237 0.2222222239
101342  -25.205  4.193  6.918 0.7777777910
104727  -24.491  7.333  8.448 0.6666666865
96896  -20.771  0.618  7.172 0.4444444478
102425  -32.583  5.790  8.264 0.5555555820
102442  -33.084  4.979  8.292 0.5555555820
103603  -32.610  6.764  8.376 0.5555555820
81865  -22.241  -12.672  9.152 0.5555555820
81885  -23.338  -12.588  7.969 0.5555555820
83052  -23.524  -11.119  7.274 0.5555555820
83053  -23.950  -11.706  7.242 0.5555555820
84199  -25.608  -10.174  6.001 0.7777777910
84221  -26.111  -9.923  5.672 0.8888888955
84176  -24.373  -11.112  6.901 0.6666666865
84198  -24.705  -10.464  6.520 0.6666666865
85269  -25.041  -9.895  6.016 0.8888888955
85307  -26.812  -9.108  5.623 0.7777777910
86377  -26.853  -8.281  5.631 0.8888888955
83005  -21.209  -11.134  10.250 0.4444444478
85213  -21.418  -9.398  9.870 0.5555555820
86329  -21.259  -8.445  9.129 0.2222222239
86340  -21.665  -8.461  8.279 0.6666666865
87516  -27.634  -6.969  6.073 0.8888888955
88719  -27.670  -6.383  5.989 0.6666666865
89928  -28.218  -5.697  6.403 0.7777777910
89929  -29.161  -5.965  6.549 0.6666666865
88702  -21.453  -6.542  7.789 0.5555555820
91072  -21.229  -4.582  7.645 0.4444444478
91088  -29.717  -5.034  6.746 0.5555555820
92274  -31.324  -4.147  6.827 0.5555555820
93448  -20.483  -2.469  8.281 0.2222222239
93475  -30.928  -3.221  7.480 0.5555555820
93463  -31.446  -2.248  7.555 0.5555555820
96873  -20.038  0.386  8.836 0.3333333433
99087  -20.499  2.418  7.422 0.4444444478
95789  -32.598  -0.585  7.957 0.4444444478
99071  -19.731  2.694  8.511 0.3333333433
96889  -32.221  0.353  8.427 0.5555555820
99077  -32.168  2.332  8.465 0.4444444478
103586  -20.513  6.674  9.677 0.3333333433
103591  -21.065  6.444  8.891 0.3333333433
102419  -20.679  5.748  8.674 0.4444444478
100228  -32.358  3.365  8.361 0.4444444478
103604  -32.993  6.312  7.771 0.2222222239
104717  -22.479  7.896  9.617 0.3333333433
105793  -23.924  7.999  8.763 0.6666666865
103597  -26.841  6.821  8.083 0.6666666865
104730  -27.669  7.634  8.270 0.6666666865
104731  -28.737  7.672  8.597 0.6666666865
104718  -30.002  8.248  9.469 0.6666666865
104732  -29.769  7.720  9.337 0.6666666865
104733  -30.865  7.486  9.203 0.6666666865
104734  -31.746  7.715  8.733 0.4444444478
103616  -32.993  6.967  7.855 0.3333333433
105794  -24.751  8.118  8.778 0.5555555820
84158  -22.350  -10.636  7.866 0.6666666865
84175  -23.891  -10.843  6.879 0.7777777910
85266  -22.998  -9.432  6.762 0.8888888955
84196  -23.370  -9.869  6.658 0.8888888955
86374  -24.470  -8.562  5.892 1.0000000000
86356  -23.439  -8.658  6.582 1.0000000000
85289  -24.855  -8.959  5.773 0.8888888955
81883  -21.913  -12.106  8.887 0.5555555820
84139  -21.429  -10.375  9.465 0.5555555820
85233  -22.038  -10.072  8.157 0.6666666865
85232  -21.686  -9.498  8.618 0.5555555820
85268  -24.539  -9.444  6.211 0.8888888955
86376  -26.015  -8.414  5.667 1.0000000000
87533  -24.489  -7.559  5.624 1.0000000000
86395  -26.529  -8.781  5.614 1.0000000000
86355  -22.737  -8.569  7.055 1.0000000000
87499  -21.842  -7.650  7.825 0.8888888955
88703  -22.061  -7.109  7.455 0.8888888955
88716  -21.829  -6.036  7.007 1.0000000000
87532  -23.778  -7.270  5.966 1.0000000000
89926  -22.812  -5.866  6.154 1.0000000000
88737  -25.765  -6.466  5.315 1.0000000000
87536  -27.358  -7.241  5.738 0.8888888955
89949  -26.027  -5.514  5.566 1.0000000000
89925  -22.323  -5.411  6.649 1.0000000000
89910  -21.268  -5.578  7.850 0.5555555820
91101  -23.171  -4.460  5.608 1.0000000000
91085  -22.471  -4.430  6.097 0.8888888955
92286  -25.836  -3.494  5.452 1.0000000000
92288  -27.247  -3.403  6.319 0.8888888955
92271  -28.059  -3.824  6.645 0.7777777910
92261  -20.864  -3.472  7.887 0.5555555820
92262  -21.491  -3.321  6.979 0.6666666865
92269  -22.060  -3.504  6.171 0.6666666865
94679  -22.247  -2.036  5.970 0.6666666865
94692  -22.657  -1.521  5.488 0.8888888955
93485  -23.188  -2.606  5.294 0.8888888955
93486  -23.880  -2.743  4.772 0.8888888955
93501  -24.860  -2.620  4.627 1.0000000000
93487  -25.671  -2.453  5.192 1.0000000000
91089  -30.688  -5.070  6.523 0.5555555820
93474  -29.849  -3.052  7.301 0.6666666865
94663  -20.744  -1.574  7.504 0.3333333433
93460  -21.052  -2.442  7.377 0.3333333433
93461  -21.539  -2.259  6.758 0.4444444478
95810  -21.862  -0.408  5.898 0.6666666865
94691  -22.176  -0.936  5.698 0.7777777910
94708  -25.140  -2.095  4.730 1.0000000000
94680  -27.669  -1.280  6.385 0.7777777910
94665  -29.080  -0.965  7.440 0.7777777910
96915  -25.618  0.288  5.628 1.0000000000
94666  -30.056  -1.173  7.592 0.6666666865
97979  -23.643  1.600  5.329 0.8888888955
97953  -28.110  1.107  6.972 0.7777777910
95788  -31.585  -0.557  8.306 0.5555555820
94668  -31.939  -1.372  7.709 0.5555555820
99089  -21.858  2.606  6.322 0.6666666865
97966  -25.871  1.638  5.893 1.0000000000
100251  -27.513  2.767  6.882 0.8888888955
100267  -23.023  3.402  5.882 0.7777777910
100245  -22.330  3.435  6.254 0.7777777910
99091  -24.836  2.672  6.074 0.8888888955
100269  -24.102  3.045  5.843 0.7777777910
97969  -32.699  1.306  8.263 0.5555555820
102430  -21.238  5.343  7.987 0.5555555820
101338  -21.566  4.626  7.317 0.5555555820
102431  -21.918  5.528  7.786 0.4444444478
101340  -22.937  4.752  6.612 0.6666666865
101362  -22.715  4.199  6.075 0.7777777910
100244  -21.589  3.522  6.888 0.7777777910
100220  -21.053  4.035  7.490 0.6666666865
102451  -24.143  4.541  6.784 0.7777777910
100246  -23.860  3.488  6.144 0.7777777910
100223  -26.693  3.471  7.139 0.7777777910
101345  -28.177  4.087  8.165 0.6666666865
102438  -28.577  5.302  8.452 0.6666666865
100226  -30.213  3.193  8.338 0.5555555820
101348  -31.643  4.144  8.490 0.4444444478
102441  -32.001  4.947  8.483 0.5555555820
102420  -21.363  5.926  8.419 0.4444444478
103608  -22.404  6.099  7.874 0.5555555820
97963  -20.566  1.423  7.698 0.4444444478
100219  -20.378  3.952  7.938 0.3333333433
95783  -20.669  -0.490  7.437 0.4444444478
96884  -20.474  0.451  8.034 0.4444444478
102443  -33.364  5.495  7.589 0.3333333433
104735  -32.596  7.690  8.188 0.3333333433
81884  -22.675  -12.415  8.553 0.5555555820
81864  -21.670  -12.353  9.586 0.4444444478
80670  -22.126  -13.029  9.476 0.5555555820
81854  -21.480  -12.413  10.622 0.3333333433
92246  -20.432  -3.527  8.657 0.1111111119
95773  -20.247  -0.501  8.432 0.4444444478
97952  -20.229  1.279  8.513 0.3333333433
101327  -20.154  4.835  8.710 0.3333333433
104719  -30.439  8.100  9.426 0.6666666865
105783  -31.428  8.590  9.080 0.4444444478
79490  -26.841  -13.938  7.930 0.4444444478
79458  -28.625  -14.170  9.419 0.2222222239
80692  -23.881  -13.554  8.165 0.4444444478
80704  -24.246  -13.137  7.535 0.4444444478
80706  -26.170  -13.308  7.563 0.4444444478
80707  -27.142  -13.233  7.431 0.4444444478
80708  -27.936  -13.094  7.646 0.2222222239
81902  -24.586  -12.489  7.428 0.4444444478
81903  -25.605  -12.449  7.402 0.4444444478
81906  -28.687  -12.457  7.754 0.1111111119
81887  -29.388  -12.634  8.170 0.1111111119
83055  -26.140  -11.788  6.798 0.4444444478
81905  -27.657  -12.476  7.106 0.3333333433
83054  -25.070  -11.436  6.978 0.4444444478
83056  -26.707  -11.943  6.715 0.3333333433
81918  -27.621  -11.763  6.775 0.3333333433
83078  -26.964  -11.283  6.526 0.3333333433
83080  -28.902  -11.303  6.488 0.2222222239
84204  -30.403  -10.633  5.960 0.1111111119
84201  -27.654  -10.387  6.261 0.3333333433
85270  -26.894  -9.566  5.749 0.4444444478
85292  -27.129  -9.030  5.632 0.5555555820
85293  -28.091  -9.064  5.558 0.6666666865
85295  -29.590  -9.281  5.544 0.4444444478
86378  -27.771  -8.316  5.607 0.6666666865
86380  -29.820  -8.778  4.842 0.3333333433
87537  -28.359  -7.771  5.758 0.6666666865
87538  -29.485  -7.975  5.487 0.5555555820
87518  -28.781  -7.351  5.993 0.5555555820
88740  -30.033  -7.806  5.034 0.3333333433
87517  -27.995  -7.152  6.205 0.5555555820
88722  -30.242  -6.782  5.684 0.4444444478
89930  -30.146  -6.058  6.207 0.5555555820
88721  -29.589  -7.013  5.807 0.4444444478
104729  -26.603  7.336  8.307 0.5555555820
105798  -29.120  8.637  8.711 0.5555555820
105799  -29.740  8.609  9.298 0.5555555820
106811  -30.629  9.721  9.103 0.5555555820
79488  -25.090  -14.315  7.891 0.4444444478
79477  -27.696  -14.111  8.564 0.2222222239
83035  -23.572  -12.143  7.651 0.4444444478
83057  -28.348  -11.803  7.039 0.2222222239
83059  -29.729  -12.126  6.837 0.1111111119
85272  -28.345  -9.722  5.965 0.4444444478
85273  -29.225  -9.764  5.935 0.3333333433
85271  -27.453  -9.675  5.815 0.4444444478
86379  -28.795  -8.487  5.588 0.4444444478
88741  -30.411  -7.244  4.800 0.3333333433
89931  -30.822  -5.746  5.860 0.4444444478
105796  -26.805  8.610  8.578 0.5555555820
106808  -27.357  9.591  8.550 0.5555555820
85274  -30.057  -9.647  5.453 0.2222222239
106794  -30.356  9.093  9.340 0.5555555820
78204  -24.723  -15.042  9.052 0.4444444478
78205  -25.389  -15.140  8.924 0.4444444478
78206  -25.972  -15.164  8.815 0.4444444478
79457  -27.519  -14.734  9.502 0.2222222239
80671  -22.812  -13.546  9.105 0.4444444478
79455  -24.198  -14.769  8.918 0.4444444478
80694  -28.116  -13.401  8.218 0.1111111119
81886  -28.949  -12.672  8.133 0.1111111119
81888  -30.531  -12.422  8.476 0.1111111119
83060  -31.035  -11.544  7.058 0.1111111119
86397  -30.048  -8.589  3.482 0.1111111119
86358  -30.257  -9.284  4.645 0.2222222239
87540  -30.197  -7.570  3.481 0.2222222239
88742  -31.044  -6.945  3.873 0.2222222239
89951  -30.597  -6.413  5.544 0.3333333433
91090  -31.628  -5.135  5.956 0.4444444478
92275  -32.137  -3.937  6.159 0.3333333433
93476  -32.002  -3.171  7.129 0.3333333433
101337  -20.793  4.805  7.934 0.4444444478
100229  -33.218  3.510  7.888 0.3333333433
106812  -31.607  9.465  8.898 0.5555555820
105795  -25.782  8.155  8.773 0.5555555820
105797  -28.074  8.651  8.296 0.5555555820
106809  -28.450  9.596  8.642 0.5555555820
107700  -30.036  10.592  8.887 0.5555555820
105780  -26.348  9.104  8.843 0.5555555820
80691  -23.183  -13.014  8.466 0.4444444478
83076  -25.320  -10.733  6.514 0.5555555820
83077  -25.936  -10.934  6.469 0.5555555820
84200  -26.614  -10.149  6.044 0.6666666865
88720  -28.542  -6.648  6.315 0.5555555820
101349  -32.658  4.226  8.291 0.3333333433
81901  -23.833  -12.688  7.499 0.4444444478
79489  -25.862  -14.136  7.960 0.4444444478
79478  -28.529  -13.724  8.662 0.1111111119
80672  -23.512  -14.013  8.742 0.4444444478
79473  -23.939  -14.296  8.665 0.4444444478
79474  -24.664  -14.498  8.468 0.4444444478
80693  -24.628  -14.005  7.974 0.4444444478
80705  -24.963  -13.510  7.599 0.4444444478
79491  -27.533  -13.580  7.927 0.4444444478
81904  -26.641  -12.501  7.062 0.4444444478
80709  -28.374  -12.988  8.001 0.1111111119
81907  -29.754  -12.379  7.424 0.1111111119
80697  -30.160  -12.775  9.056 0.1111111119
83079  -28.000  -11.016  6.911 0.3333333433
83058  -29.212  -11.901  7.046 0.2222222239
84202  -28.602  -10.479  6.254 0.2222222239
84203  -29.518  -10.633  5.998 0.1111111119
83081  -29.902  -11.558  6.442 0.1111111119
83082  -30.775  -11.258  6.472 0.1111111119
85294  -29.037  -9.088  5.767 0.4444444478
86381  -30.482  -9.144  3.896 0.1111111119
87539  -29.529  -7.970  3.914 0.3333333433
106810  -29.612  9.494  9.130 0.5555555820
79475  -25.594  -14.705  8.411 0.4444444478
79476  -26.599  -14.788  8.684 0.4444444478
81920  -30.501  -11.806  6.773 0.1111111119
106807  -26.612  9.544  8.824 0.5555555820
79456  -26.884  -15.174  9.363 0.4444444478
79454  -23.547  -14.562  9.167 0.4444444478
80656  -22.399  -14.092  9.650 0.4444444478
80695  -28.863  -13.059  8.333 0.1111111119
80673  -29.246  -13.590  8.964 0.1111111119
72363  -26.702  -20.790  13.336 0.1111111119
73532  -23.348  -19.106  11.568 0.3333333433
73521  -25.775  -19.253  12.617 0.2222222239
72387  -26.258  -20.051  12.980 0.2222222239
72388  -27.219  -20.010  13.292 0.1111111119
73522  -26.783  -19.277  12.741 0.1111111119
76924  -21.957  -16.703  11.508 0.3333333433
75781  -22.383  -17.570  11.324 0.3333333433
74693  -22.825  -18.434  11.295 0.3333333433
74702  -24.598  -18.030  10.715 0.3333333433
74703  -25.091  -18.209  10.852 0.3333333433
74678  -25.463  -18.667  12.071 0.2222222239
74697  -25.806  -18.278  11.861 0.2222222239
74679  -26.261  -18.385  12.322 0.2222222239
79424  -21.583  -14.639  11.610 0.2222222239
78154  -22.008  -15.988  11.121 0.2222222239
78153  -21.571  -15.734  11.775 0.2222222239
75782  -23.124  -17.563  10.956 0.3333333433
74694  -23.824  -18.279  10.987 0.3333333433
75767  -26.427  -18.104  11.967 0.1111111119
79436  -21.833  -14.553  10.717 0.2222222239
78168  -21.836  -15.290  11.141 0.3333333433
78169  -22.403  -15.500  10.583 0.3333333433
78184  -22.676  -15.254  9.906 0.3333333433
78170  -23.038  -15.704  10.240 0.3333333433
76938  -23.026  -15.989  10.598 0.3333333433
76939  -23.635  -16.471  10.229 0.3333333433
76940  -24.823  -16.745  10.262 0.3333333433
76954  -24.463  -16.119  9.719 0.3333333433
76941  -25.725  -16.680  10.443 0.3333333433
75798  -26.275  -17.044  11.011 0.3333333433
75785  -27.086  -17.251  11.606 0.1111111119
75799  -26.861  -16.608  11.080 0.2222222239
80648  -21.499  -13.602  11.139 0.2222222239
80655  -21.805  -13.591  9.936 0.3333333433
79453  -22.804  -14.611  9.549 0.3333333433
76953  -23.881  -15.879  9.705 0.3333333433
78186  -24.169  -15.368  9.343 0.3333333433
76955  -25.379  -16.194  9.917 0.3333333433
78187  -25.061  -15.694  9.299 0.3333333433
76942  -26.492  -16.272  10.478 0.3333333433
76943  -27.019  -16.246  10.854 0.1111111119
78188  -26.256  -15.653  9.604 0.3333333433
78189  -27.042  -15.222  9.900 0.3333333433
89952  -31.082  -6.051  4.930 0.2222222239
91107  -31.741  -5.192  4.764 0.2222222239
94669  -32.702  -1.354  7.284 0.3333333433
93464  -32.373  -2.173  7.218 0.2222222239
73533  -24.267  -18.995  11.539 0.3333333433
73534  -24.986  -18.849  11.574 0.3333333433
74680  -27.292  -18.526  12.568 0.1111111119
75796  -24.367  -17.388  10.447 0.3333333433
75797  -25.386  -17.624  10.793 0.3333333433
72362  -25.761  -20.818  13.081 0.1111111119
74692  -22.062  -18.483  11.616 0.3333333433
73518  -22.978  -19.806  11.881 0.3333333433
73519  -23.866  -19.750  11.899 0.3333333433
72386  -25.337  -20.143  12.689 0.3333333433
71296  -28.062  -21.503  13.660 0.1111111119
73523  -27.785  -19.263  13.064 0.1111111119
74681  -28.324  -18.522  12.759 0.1111111119
75769  -27.735  -17.784  12.339 0.1111111119
76927  -27.546  -16.375  11.244 0.1111111119
78172  -27.185  -15.727  10.601 0.1111111119
91091  -32.091  -4.525  5.355 0.2222222239
93465  -32.805  -1.918  6.823 0.2222222239
87498  -21.272  -7.597  8.464 0.5555555820
84122  -21.012  -10.221  10.265 0.3333333433
72364  -27.653  -20.790  13.531 0.1111111119
73520  -24.850  -19.425  12.151 0.3333333433
75780  -21.830  -17.588  11.900 0.2222222239
74695  -24.730  -18.527  11.070 0.3333333433
75795  -23.707  -17.453  10.604 0.3333333433
75784  -26.133  -17.876  11.580 0.2222222239
76925  -22.771  -16.559  10.945 0.3333333433
75768  -26.840  -18.001  12.052 0.1111111119
79437  -22.316  -14.591  10.068 0.3333333433
78185  -23.362  -15.431  9.698 0.3333333433
76926  -23.321  -17.009  10.711 0.3333333433
76956  -25.977  -16.237  10.078 0.3333333433
81849  -21.454  -12.565  11.710 0.2222222239
78171  -26.638  -15.889  10.222 0.3333333433
71294  -26.158  -21.508  13.494 0.1111111119
73531  -22.417  -19.447  11.698 0.3333333433
73530  -21.784  -19.264  11.891 0.2222222239
73517  -22.586  -19.863  11.810 0.3333333433
72384  -23.317  -20.408  12.294 0.3333333433
72385  -24.353  -20.425  12.497 0.3333333433
76916  -21.569  -16.688  12.231 0.2222222239
89967  -32.072  -5.532  3.459 0.1111111119
91122  -32.476  -4.834  3.747 0.1111111119
91121  -31.972  -5.157  4.010 0.1111111119
92276  -32.574  -3.779  5.237 0.1111111119
92289  -32.614  -3.599  4.130 0.1111111119
93477  -32.790  -2.605  6.005 0.1111111119
93490  -32.850  -3.177  5.015 0.1111111119
99096  -33.617  2.630  7.176 0.1111111119
99078  -32.975  2.763  8.077 0.2222222239
100252  -33.677  3.725  7.098 0.1111111119
97970  -33.361  1.416  7.390 0.1111111119
99097  -33.923  3.286  6.489 0.1111111119
101350  -33.387  4.436  7.774 0.1111111119
106790  -24.561  9.434  9.904 0.4444444478
105779  -25.964  8.932  9.055 0.4444444478
102453  -33.506  5.632  6.564 0.1111111119
106813  -32.333  9.418  8.270 0.3333333433
105801  -32.574  8.525  7.800 0.2222222239
104741  -32.864  7.493  7.291 0.1111111119
103617  -33.126  6.452  7.160 0.1111111119
103623  -33.123  6.399  6.239 0.1111111119
107707  -27.271  10.060  8.672 0.4444444478
107698  -27.582  10.544  8.615 0.4444444478
107699  -28.867  10.566  8.848 0.4444444478
108571  -29.387  11.533  8.575 0.4444444478
108572  -30.617  11.570  8.258 0.4444444478
108573  -31.681  10.964  8.213 0.2222222239
108586  -32.127  10.811  7.690 0.2222222239
107708  -32.524  10.285  7.222 0.2222222239
106820  -32.514  9.525  6.584 0.2222222239
111358  -29.337  14.438  3.569 0.1111111119
110477  -30.287  12.939  3.926 0.1111111119
105810  -31.567  9.003  4.784 0.1111111119
106791  -25.565  9.612  9.637 0.4444444478
107680  -26.276  10.306  9.681 0.4444444478
106806  -26.253  9.722  9.315 0.4444444478
108570  -28.283  11.487  8.422 0.4444444478
109516  -28.816  12.532  8.304 0.4444444478
109517  -29.756  12.294  8.234 0.4444444478
110433  -28.482  14.007  7.611 0.3333333433
110435  -30.757  13.182  7.209 0.3333333433
110451  -31.068  12.910  6.699 0.1111111119
109546  -31.385  12.292  6.299 0.1111111119
109553  -31.313  12.245  5.570 0.1111111119
107712  -32.356  10.408  6.629 0.2222222239
107714  -31.604  10.679  5.596 0.1111111119
108597  -31.186  11.416  5.253 0.1111111119
106777  -24.885  9.818  10.361 0.2222222239
107681  -26.760  10.856  9.045 0.3333333433
108569  -27.473  11.548  8.497 0.3333333433
109531  -29.513  12.974  7.928 0.4444444478
111313  -29.317  14.453  6.975 0.2222222239
110434  -29.629  13.821  7.232 0.2222222239
110450  -30.565  13.745  6.501 0.2222222239
110458  -30.740  13.565  5.532 0.1111111119
111325  -28.906  15.109  6.683 0.1111111119
111326  -29.502  14.662  6.509 0.1111111119
111337  -29.652  14.738  5.500 0.1111111119
110467  -30.743  13.154  4.615 0.1111111119
112180  -29.111  15.385  5.953 0.1111111119
111350  -29.641  14.614  4.533 0.1111111119
111351  -30.142  13.981  5.032 0.1111111119
108553  -26.940  11.602  8.986 0.3333333433
108552  -26.404  11.424  9.992 0.3333333433
109514  -27.264  12.341  8.608 0.3333333433
109515  -27.809  12.320  8.047 0.3333333433
110420  -28.133  13.163  7.751 0.3333333433
110432  -27.748  13.855  7.748 0.2222222239
111312  -28.757  14.751  7.062 0.2222222239
112150  -28.111  15.070  6.960 0.1111111119
112179  -28.476  15.798  5.479 0.1111111119
112205  -29.144  15.222  4.158 0.1111111119
113058  -27.221  16.436  3.086 0.1111111119
108543  -25.621  12.225  12.188 0.1111111119
109502  -26.653  12.574  10.429 0.1111111119
110411  -26.801  13.418  9.617 0.2222222239
110412  -27.040  13.024  8.896 0.3333333433
110418  -26.826  13.693  8.725 0.2222222239
111302  -26.701  14.354  7.913 0.2222222239
111310  -26.788  14.846  7.064 0.1111111119
112162  -26.430  15.390  6.616 0.1111111119
111323  -26.837  14.917  6.664 0.1111111119
112178  -26.697  15.365  5.982 0.1111111119
112164  -28.284  15.503  6.447 0.1111111119
113031  -27.786  16.148  5.599 0.1111111119
113042  -27.384  16.425  4.531 0.1111111119
112194  -28.390  15.782  4.486 0.1111111119
112213  -28.272  15.228  2.341 0.1111111119
110475  -28.916  13.747  2.872 0.1111111119
109499  -26.395  12.874  11.504 0.1111111119
109500  -27.052  13.438  11.398 0.1111111119
110406  -26.839  13.577  10.654 0.1111111119
111299  -26.910  14.632  9.868 0.1111111119
112136  -26.412  15.563  9.409 0.1111111119
112140  -26.490  15.372  8.425 0.1111111119
113846  -26.019  16.867  7.271 0.1111111119
112161  -25.880  15.860  6.255 0.1111111119
113867  -25.570  17.126  6.676 0.1111111119
113029  -25.942  16.173  5.564 0.1111111119
111282  -27.397  14.635  11.285 0.1111111119
112131  -27.085  15.456  10.680 0.1111111119
112130  -26.485  15.778  10.136 0.1111111119
112966  -26.108  16.424  9.805 0.1111111119
113828  -26.450  17.101  8.865 0.1111111119
113847  -26.328  17.427  7.825 0.1111111119
112954  -27.269  16.447  10.530 0.1111111119
112132  -27.850  15.403  11.044 0.1111111119
91108  -32.225  -4.502  4.511 0.1111111119
92303  -32.969  -4.135  3.441 0.1111111119
94683  -33.094  -1.431  6.531 0.1111111119
95801  -33.260  -0.574  7.186 0.1111111119
100253  -33.910  3.942  6.353 0.1111111119
105778  -25.043  8.967  9.119 0.4444444478
107702  -31.943  10.200  8.401 0.3333333433
106817  -32.569  9.419  7.458 0.2222222239
105804  -32.721  8.498  6.899 0.1111111119
105807  -32.427  8.490  6.057 0.1111111119
107715  -32.013  10.067  6.072 0.2222222239
110468  -31.138  12.886  5.257 0.1111111119
109552  -31.027  12.225  4.874 0.1111111119
107717  -30.617  10.650  4.175 0.1111111119
111298  -26.659  14.521  9.198 0.2222222239
112148  -26.512  15.325  7.448 0.1111111119
113814  -27.029  17.491  10.077 0.1111111119
113800  -27.907  17.173  10.301 0.1111111119
91137  -33.609  -4.798  3.844 0.1111111119
91136  -32.961  -4.975  3.582 0.1111111119
99095  -33.008  2.077  7.921 0.2222222239
101366  -33.705  4.647  6.790 0.1111111119
106792  -26.156  9.353  9.153 0.4444444478
109532  -30.363  12.683  7.771 0.4444444478
110407  -27.066  14.069  11.158 0.1111111119
111268  -27.642  14.219  11.868 0.1111111119
112953  -26.512  16.209  10.418 0.1111111119
112967  -26.459  16.810  10.263 0.1111111119
91123  -33.802  -5.027  4.302 0.1111111119
89966  -31.765  -6.036  3.935 0.1111111119
89981  -31.878  -6.050  3.057 0.1111111119
89983  -33.220  -5.841  3.372 0.1111111119
91124  -34.266  -4.620  4.370 0.1111111119
92316  -33.712  -3.731  3.371 0.1111111119
92304  -33.212  -3.297  3.584 0.1111111119
93491  -32.913  -2.540  4.578 0.1111111119
95802  -33.479  -0.554  6.110 0.1111111119
94684  -33.269  -1.502  5.608 0.1111111119
93478  -33.032  -2.060  5.227 0.1111111119
97983  -33.722  1.717  6.039 0.1111111119
99107  -34.044  2.770  6.044 0.1111111119
99108  -34.029  3.453  5.783 0.1111111119
100271  -33.851  4.163  5.803 0.1111111119
103631  -32.843  6.535  5.629 0.1111111119
102477  -33.147  5.500  5.311 0.1111111119
103643  -31.673  7.372  4.324 0.1111111119
105815  -31.067  8.786  4.361 0.1111111119
107671  -25.296  10.395  10.541 0.2222222239
108551  -25.932  10.794  10.273 0.2222222239
108607  -30.285  11.332  3.888 0.1111111119
108542  -25.059  11.421  11.796 0.1111111119
109503  -26.909  12.379  9.429 0.2222222239
110483  -29.090  12.899  2.765 0.1111111119
110482  -28.441  13.138  2.223 0.1111111119
108547  -25.975  11.937  11.139 0.1111111119
109496  -27.104  13.121  12.131 0.1111111119
110390  -27.645  13.733  12.414 0.1111111119
110391  -28.336  14.019  12.390 0.1111111119
113886  -25.404  17.462  5.793 0.1111111119
113898  -25.259  17.703  4.741 0.1111111119
113057  -26.313  16.845  3.614 0.1111111119
113913  -26.055  17.264  2.753 0.1111111119
111283  -27.953  14.583  11.696 0.1111111119
111294  -28.472  14.756  11.304 0.1111111119
114689  -26.439  18.240  8.554 0.1111111119
114706  -26.261  18.469  7.463 0.1111111119
96901  -33.246  0.340  7.921 0.1111111119
107701  -31.112  10.435  8.663 0.4444444478
107697  -26.831  10.148  8.882 0.4444444478
92290  -32.998  -3.004  4.007 0.1111111119
101384  -33.820  4.867  5.929 0.1111111119
104745  -32.747  7.398  6.299 0.1111111119
102462  -32.943  5.997  5.466 0.1111111119
109542  -31.282  12.291  6.931 0.2222222239
108585  -31.474  11.630  7.486 0.2222222239
108589  -31.650  11.623  6.671 0.1111111119
106823  -32.117  9.264  5.859 0.2222222239
110476  -29.595  13.182  3.410 0.1111111119
112204  -28.565  15.355  3.429 0.1111111119
109563  -30.512  12.196  4.251 0.1111111119
111359  -30.261  13.881  3.996 0.1111111119
109562  -29.967  12.184  3.617 0.1111111119
105816  -31.581  8.419  4.627 0.1111111119
106822  -31.743  9.669  5.223 0.2222222239
110421  -28.907  13.335  7.808 0.3333333433
107718  -31.232  10.459  4.704 0.2222222239
111327  -30.086  14.222  6.393 0.2222222239
111338  -30.227  14.268  5.924 0.1111111119
112195  -29.052  15.239  5.023 0.1111111119
111303  -27.251  14.011  7.748 0.2222222239
111311  -27.595  14.653  7.281 0.1111111119
112163  -27.204  15.118  6.441 0.1111111119
113011  -27.408  15.652  5.997 0.1111111119
112193  -27.894  15.981  3.701 0.1111111119
112203  -27.849  15.792  2.961 0.1111111119
110419  -27.324  13.325  8.140 0.3333333433
111324  -27.067  14.819  6.811 0.1111111119
113009  -26.304  15.812  7.169 0.1111111119
112177  -26.161  15.673  5.939 0.1111111119
113030  -26.811  15.990  5.586 0.1111111119
113041  -26.255  16.584  4.831 0.1111111119
111293  -27.008  14.560  10.518 0.1111111119
111292  -26.704  14.152  9.979 0.1111111119
112137  -27.013  15.158  9.890 0.1111111119
112979  -26.218  16.145  8.884 0.1111111119
112993  -26.335  16.311  7.769 0.1111111119
113008  -25.983  16.265  6.888 0.1111111119
114705  -25.999  17.616  7.128 0.1111111119
113028  -25.583  16.454  6.062 0.1111111119
113040  -25.582  16.851  5.233 0.1111111119
110402  -27.290  13.922  11.750 0.1111111119
112118  -27.651  14.936  11.291 0.1111111119
112117  -27.464  15.095  11.093 0.1111111119
113813  -26.272  17.242  9.828 0.1111111119
89982  -32.473  -5.727  3.086 0.1111111119
92315  -33.267  -4.405  3.522 0.1111111119
96902  -33.553  0.451  6.742 0.1111111119
104749  -32.351  7.621  5.412 0.1111111119
106825  -30.820  9.741  4.016 0.1111111119
107726  -29.955  10.335  3.751 0.1111111119
114719  -25.826  18.301  6.487 0.1111111119
114671  -27.305  18.595  9.817 0.1111111119
91138  -34.220  -4.162  3.665 0.1111111119
111269  -27.887  14.159  12.111 0.1111111119
104754  -31.895  7.810  4.690 0.1111111119
106832  -30.176  9.435  3.616 0.1111111119
108606  -29.570  11.297  3.338 0.1111111119
109569  -29.418  12.216  3.027 0.1111111119
113056  -25.705  17.073  4.389 0.1111111119
115556  -26.433  19.368  8.289 0.1111111119
114720  -26.230  18.836  6.879 0.1111111119
72383  -22.428  -20.274  12.006 0.2222222239
88677  -20.731  -6.333  8.775 0.2222222239
89909  -20.987  -5.357  8.359 0.2222222239
88678  -20.861  -7.017  8.489 0.3333333433
88701  -21.128  -5.957  8.220 0.4444444478
105777  -23.881  8.873  9.487 0.3333333433
106776  -24.266  9.655  10.873 0.1111111119
107670  -24.706  10.050  10.867 0.1111111119
102414  -19.937  5.814  9.541 0.2222222239
87482  -20.646  -7.472  9.193 0.2222222239
101309  -19.697  5.010  9.388 0.1111111119
104715  -20.903  7.258  10.114 0.1111111119
104705  -21.199  7.471  11.019 0.1111111119
105764  -22.870  8.715  10.542 0.1111111119
106775  -23.406  9.371  11.049 0.1111111119
106768  -23.737  9.846  11.525 0.1111111119
105776  -23.256  8.150  9.261 0.2222222239
94650  -20.410  -1.392  8.203 0.2222222239
93447  -20.238  -1.915  8.645 0.1111111119
105765  -23.436  9.152  10.301 0.3333333433
106789  -23.874  9.342  10.289 0.1111111119
104706  -22.084  7.930  10.881 0.1111111119
105750  -22.387  8.726  11.948 0.1111111119
106774  -22.701  9.310  11.634 0.1111111119
85275  -30.920  -9.631  5.916 0.1111111119
71317  -22.725  -21.034  12.700 0.1111111119
71319  -24.387  -21.088  13.037 0.1111111119
72360  -21.347  -20.122  12.875 0.1111111119
73516  -21.414  -19.289  12.515 0.1111111119
74677  -21.620  -18.446  12.222 0.1111111119
75766  -21.445  -17.575  12.584 0.1111111119
85199  -20.995  -9.684  10.729 0.1111111119
89882  -20.743  -5.253  9.093 0.1111111119
99072  -20.214  2.108  8.163 0.2222222239
99056  -19.792  1.947  8.724 0.2222222239
99055  -19.467  2.418  9.379 0.2222222239
91071  -20.685  -4.437  8.450 0.1111111119
71289  -21.131  -21.137  12.939 0.1111111119
71316  -21.908  -21.073  12.675 0.1111111119
72359  -20.939  -20.217  13.568 0.1111111119
73502  -20.951  -19.307  13.210 0.1111111119
74663  -21.143  -18.422  12.875 0.1111111119
76909  -21.332  -16.716  12.975 0.1111111119
78146  -21.226  -15.815  12.677 0.1111111119
85184  -20.617  -10.204  11.081 0.1111111119
86293  -21.425  -8.428  10.954 0.1111111119
97937  -19.588  1.263  9.128 0.2222222239
100177  -19.121  3.530  10.110 0.2222222239
72361  -24.940  -20.696  13.103 0.1111111119
70282  -22.309  -21.761  12.615 0.1111111119
100203  -19.471  3.590  9.013 0.2222222239
100204  -19.843  4.055  8.514 0.1111111119
86306  -20.810  -8.307  10.159 0.1111111119
79419  -21.210  -14.916  12.380 0.1111111119
80639  -21.337  -13.773  12.417 0.1111111119
84104  -20.575  -10.606  11.031 0.1111111119
84121  -20.606  -10.455  10.820 0.1111111119
72396  -21.921  -19.715  11.743 0.1111111119
72382  -21.690  -20.123  12.105 0.1111111119
71318  -23.629  -21.115  12.788 0.1111111119
87481  -20.506  -6.872  9.657 0.1111111119
71290  -21.547  -20.627  12.690 0.1111111119
71315  -21.443  -21.591  12.653 0.1111111119
85185  -21.327  -9.899  11.292 0.1111111119
97936  -19.346  1.382  9.841 0.1111111119
74662  -20.716  -18.379  13.624 0.1111111119
75760  -21.152  -17.534  13.330 0.1111111119
84105  -21.186  -10.519  11.256 0.1111111119
84106  -21.768  -10.257  11.687 0.1111111119
100176  -18.845  3.230  10.771 0.1111111119
101283  -18.694  4.466  10.602 0.1111111119
103569  -19.825  6.653  10.444 0.1111111119
96872  -19.733  0.406  9.481 0.1111111119
102392  -19.575  5.934  10.360 0.1111111119
72397  -22.067  -19.961  11.735 0.1111111119
74696  -25.433  -18.290  11.335 0.3333333433
74701  -24.111  -17.822  10.632 0.3333333433
75783  -25.662  -17.942  11.219 0.3333333433
81917  -27.119  -12.056  6.709 0.3333333433
81919  -30.123  -12.189  6.820 0.1111111119
83004  -20.773  -10.740  10.837 0.1111111119
84220  -25.868  -9.741  5.646 0.8888888955
85198  -20.401  -10.285  10.959 0.1111111119
85306  -26.596  -9.021  5.600 0.7777777910
86396  -26.784  -8.850  5.616 0.7777777910
88739  -27.178  -6.387  5.574 0.8888888955
89969  -33.924  -5.139  4.489 0.1111111119
92300  -24.696  -2.999  4.652 1.0000000000
92301  -25.019  -3.129  4.695 1.0000000000
93500  -24.425  -2.715  4.642 0.8888888955
93502  -25.265  -2.686  4.747 1.0000000000
94706  -24.149  -2.305  4.649 0.8888888955
95785  -28.904  -0.143  7.464 0.7777777910
97982  -25.949  0.809  5.802 0.8888888955
99090  -24.461  2.809  5.985 1.0000000000
99106  -25.489  1.915  5.695 1.0000000000
100151  -18.696  3.817  10.832 0.1111111119
100222  -25.808  3.677  6.910 0.7777777910
100242  -20.296  3.161  7.722 0.4444444478
100247  -24.299  3.258  6.115 0.7777777910
100268  -23.719  3.249  5.924 0.7777777910
100270  -33.630  4.401  5.471 0.1111111119
101326  -19.628  4.426  9.028 0.1111111119
101341  -24.702  4.427  6.888 0.7777777910
101365  -25.090  4.016  6.493 0.7777777910
101367  -33.873  4.433  6.173 0.1111111119
101382  -23.160  3.878  5.923 0.7777777910
101383  -23.353  3.647  5.994 0.7777777910
101385  -33.881  4.565  5.962 0.1111111119
102413  -19.458  5.381  9.921 0.1111111119
102426  -32.889  5.876  7.986 0.2222222239
102452  -24.466  4.495  6.866 0.7777777910
102463  -33.265  5.788  5.670 0.1111111119
103598  -27.338  6.803  8.235 0.6666666865
103615  -28.320  5.994  8.543 0.6666666865
103622  -32.867  6.763  6.120 0.1111111119
103632  -33.105  6.235  5.845 0.1111111119
104720  -31.074  8.084  9.226 0.6666666865
104726  -23.764  7.430  8.308 0.6666666865
104740  -26.596  6.815  8.047 0.6666666865
104742  -32.892  6.887  6.681 0.1111111119
104746  -32.856  6.832  6.348 0.1111111119
104752  -30.896  8.307  3.992 0.1111111119
104753  -31.249  7.857  4.194 0.1111111119
105781  -30.191  8.603  9.429 0.5555555820
105782  -30.767  8.592  9.363 0.6666666865
105800  -32.135  8.579  8.576 0.4444444478
105811  -32.020  8.625  5.202 0.1111111119
106793  -29.960  8.958  9.344 0.5555555820
106795  -30.996  9.110  9.282 0.5555555820
106815  -26.936  9.833  8.709 0.5555555820
106816  -27.138  9.855  8.641 0.5555555820
106826  -31.363  9.540  4.550 0.1111111119
107682  -27.143  11.129  8.720 0.3333333433
107696  -26.521  9.904  9.205 0.4444444478
107703  -32.342  10.148  7.893 0.2222222239
107706  -27.033  10.063  8.722 0.4444444478
107711  -31.929  10.910  6.328 0.2222222239
108574  -32.080  10.563  8.084 0.3333333433
108584  -30.819  12.041  7.635 0.4444444478
108590  -32.167  11.022  7.007 0.2222222239
108592  -31.589  11.559  5.935 0.1111111119
108596  -30.725  11.368  4.589 0.1111111119
108605  -28.962  11.042  3.029 0.1111111119
108615  -29.095  11.596  2.849 0.1111111119
109533  -30.965  12.440  7.323 0.2222222239
110436  -31.060  12.748  7.066 0.3333333433
110449  -29.966  14.132  6.663 0.2222222239
110459  -31.090  12.970  5.976 0.1111111119
111357  -28.625  14.585  2.961 0.1111111119
112149  -27.784  15.146  6.833 0.1111111119
112165  -28.988  15.248  6.439 0.1111111119
112176  -25.756  15.928  5.926 0.1111111119
112992  -26.131  16.483  7.296 0.1111111119
113010  -27.019  15.348  5.850 0.1111111119
113043  -28.048  16.190  5.069 0.1111111119
