#!ascii label  , from subject 3068 vox2ras=TkReg
339
93487  -25.671  -2.453  5.192 0.0000000000
88718  -23.267  -6.572  6.066 0.0000000000
87537  -28.359  -7.771  5.758 0.0000000000
83054  -25.070  -11.436  6.978 0.0000000000
106808  -27.357  9.591  8.550 0.0000000000
102422  -29.179  5.959  8.453 0.0000000000
99103  -23.319  2.537  5.617 0.0000000000
79455  -24.198  -14.769  8.918 0.0000000000
86357  -24.043  -8.829  6.317 0.0000000000
84158  -22.350  -10.636  7.866 0.0000000000
104731  -28.737  7.672  8.597 0.0000000000
103612  -25.693  6.119  8.007 0.0000000000
94692  -22.657  -1.521  5.488 0.0000000000
96897  -21.360  0.694  6.499 0.0000000000
96914  -24.876  0.455  5.344 0.0000000000
97968  -27.385  1.396  6.589 0.0000000000
95800  -28.206  -0.511  7.061 0.0000000000
92272  -29.218  -3.957  6.972 0.0000000000
91084  -21.881  -4.444  6.817 0.0000000000
91102  -23.960  -4.537  5.213 0.0000000000
89950  -26.968  -5.550  5.647 0.0000000000
87534  -25.439  -7.451  5.476 0.0000000000
85291  -26.392  -9.332  5.640 0.0000000000
81918  -27.621  -11.763  6.775 0.0000000000
101339  -22.276  4.833  6.816 0.0000000000
101343  -26.058  4.214  7.504 0.0000000000
100226  -30.213  3.193  8.338 0.0000000000
81883  -21.913  -12.106  8.887 0.0000000000
80704  -24.246  -13.137  7.535 0.0000000000
85248  -21.908  -9.009  8.008 0.0000000000
84157  -21.836  -10.581  8.598 0.0000000000
104728  -25.475  7.166  8.440 0.0000000000
103594  -23.434  6.871  7.836 0.0000000000
94707  -24.532  -2.113  4.632 0.0000000000
95812  -23.386  -0.462  5.200 0.0000000000
94695  -25.454  -1.468  5.244 0.0000000000
95816  -26.826  -0.743  5.984 0.0000000000
94697  -27.072  -1.923  5.814 0.0000000000
93473  -28.768  -2.822  6.988 0.0000000000
93489  -26.989  -2.771  6.024 0.0000000000
89925  -22.323  -5.411  6.649 0.0000000000
91101  -23.171  -4.460  5.608 0.0000000000
89946  -23.435  -5.544  5.553 0.0000000000
89947  -24.347  -5.560  5.185 0.0000000000
88735  -23.936  -6.560  5.377 0.0000000000
84197  -23.837  -10.116  6.545 0.0000000000
85289  -24.855  -8.959  5.773 0.0000000000
84199  -25.608  -10.174  6.001 0.0000000000
84200  -26.614  -10.149  6.044 0.0000000000
83055  -26.140  -11.788  6.798 0.0000000000
106792  -26.156  9.353  9.153 0.0000000000
107680  -26.276  10.306  9.681 0.0000000000
107698  -27.582  10.544  8.615 0.0000000000
109515  -27.809  12.320  8.047 0.0000000000
107699  -28.867  10.566  8.848 0.0000000000
103600  -29.428  6.735  8.815 0.0000000000
97977  -22.080  1.770  5.948 0.0000000000
99089  -21.858  2.606  6.322 0.0000000000
101362  -22.715  4.199  6.075 0.0000000000
102451  -24.143  4.541  6.784 0.0000000000
100248  -25.282  3.478  6.425 0.0000000000
97954  -28.755  1.275  7.313 0.0000000000
99074  -28.916  2.199  7.458 0.0000000000
99076  -30.972  2.292  8.436 0.0000000000
87516  -27.634  -6.969  6.073 0.0000000000
89928  -28.218  -5.697  6.403 0.0000000000
80656  -22.399  -14.092  9.650 0.0000000000
80671  -22.812  -13.546  9.105 0.0000000000
81885  -23.338  -12.588  7.969 0.0000000000
80692  -23.881  -13.554  8.165 0.0000000000
88703  -22.061  -7.109  7.455 0.0000000000
87514  -23.172  -7.621  6.591 0.0000000000
86355  -22.737  -8.569  7.055 0.0000000000
85266  -22.998  -9.432  6.762 0.0000000000
84175  -23.891  -10.843  6.879 0.0000000000
105796  -26.805  8.610  8.578 0.0000000000
105797  -28.074  8.651  8.296 0.0000000000
104729  -26.603  7.336  8.307 0.0000000000
103597  -26.841  6.821  8.083 0.0000000000
103614  -27.757  6.029  8.509 0.0000000000
94664  -21.265  -1.544  6.923 0.0000000000
95810  -21.862  -0.408  5.898 0.0000000000
96912  -23.031  0.640  5.286 0.0000000000
97980  -24.587  1.466  5.389 0.0000000000
99092  -25.734  2.201  6.018 0.0000000000
97967  -26.311  1.282  6.090 0.0000000000
96900  -27.774  0.424  6.779 0.0000000000
95786  -29.669  -0.265  7.656 0.0000000000
94682  -29.433  -1.975  7.343 0.0000000000
78187  -25.061  -15.694  9.299 0.0000000000
78205  -25.389  -15.140  8.924 0.0000000000
93470  -21.923  -2.539  6.285 0.0000000000
92283  -23.589  -3.557  5.263 0.0000000000
92285  -25.188  -3.732  5.045 0.0000000000
92286  -25.836  -3.494  5.452 0.0000000000
91104  -25.546  -4.557  5.375 0.0000000000
88738  -26.638  -6.410  5.405 0.0000000000
87535  -26.362  -7.371  5.443 0.0000000000
87533  -24.489  -7.559  5.624 0.0000000000
86376  -26.015  -8.414  5.667 0.0000000000
85292  -27.129  -9.030  5.632 0.0000000000
85271  -27.453  -9.675  5.815 0.0000000000
83080  -28.902  -11.303  6.488 0.0000000000
106811  -30.629  9.721  9.103 0.0000000000
103610  -23.962  6.142  7.161 0.0000000000
102435  -25.403  5.054  7.640 0.0000000000
102437  -27.449  5.173  8.145 0.0000000000
100250  -27.090  2.799  6.859 0.0000000000
101345  -28.177  4.087  8.165 0.0000000000
101346  -29.391  4.141  8.363 0.0000000000
91086  -27.899  -4.842  6.452 0.0000000000
91087  -28.696  -4.882  6.668 0.0000000000
84139  -21.429  -10.375  9.465 0.0000000000
83033  -22.200  -11.456  8.451 0.0000000000
83034  -23.053  -11.583  7.720 0.0000000000
81902  -24.586  -12.489  7.428 0.0000000000
79488  -25.090  -14.315  7.891 0.0000000000
80706  -26.170  -13.308  7.563 0.0000000000
81903  -25.605  -12.449  7.402 0.0000000000
103593  -22.582  6.870  8.075 0.0000000000
94708  -25.140  -2.095  4.730 0.0000000000
94694  -24.760  -1.358  4.811 0.0000000000
94696  -26.240  -1.643  5.537 0.0000000000
93488  -26.391  -2.625  5.653 0.0000000000
88716  -21.829  -6.036  7.007 0.0000000000
89924  -21.662  -5.432  7.292 0.0000000000
89945  -22.880  -5.134  6.034 0.0000000000
89926  -22.812  -5.866  6.154 0.0000000000
84198  -24.705  -10.464  6.520 0.0000000000
85269  -25.041  -9.895  6.016 0.0000000000
83076  -25.320  -10.733  6.514 0.0000000000
83077  -25.936  -10.934  6.469 0.0000000000
106807  -26.612  9.544  8.824 0.0000000000
107697  -26.831  10.148  8.882 0.0000000000
107707  -27.271  10.060  8.672 0.0000000000
108571  -29.387  11.533  8.575 0.0000000000
103601  -30.510  6.703  9.099 0.0000000000
102423  -30.194  5.903  8.661 0.0000000000
99102  -22.577  2.582  5.895 0.0000000000
100245  -22.330  3.435  6.254 0.0000000000
100267  -23.023  3.402  5.882 0.0000000000
100246  -23.860  3.488  6.144 0.0000000000
100269  -24.102  3.045  5.843 0.0000000000
96887  -30.097  0.519  7.979 0.0000000000
97955  -29.630  1.385  7.647 0.0000000000
87536  -27.358  -7.241  5.738 0.0000000000
87517  -27.995  -7.152  6.205 0.0000000000
78186  -24.169  -15.368  9.343 0.0000000000
79453  -22.804  -14.611  9.549 0.0000000000
79454  -23.547  -14.562  9.167 0.0000000000
80672  -23.512  -14.013  8.742 0.0000000000
79473  -23.939  -14.296  8.665 0.0000000000
87499  -21.842  -7.650  7.825 0.0000000000
87513  -22.428  -7.671  7.262 0.0000000000
86341  -22.197  -8.480  7.713 0.0000000000
85249  -22.308  -9.533  7.590 0.0000000000
84174  -23.120  -10.419  7.092 0.0000000000
105795  -25.782  8.155  8.773 0.0000000000
103596  -24.882  6.585  8.265 0.0000000000
104739  -26.227  6.775  8.030 0.0000000000
103613  -26.783  6.240  8.088 0.0000000000
94679  -22.247  -2.036  5.970 0.0000000000
94691  -22.176  -0.936  5.698 0.0000000000
95813  -24.323  -0.484  5.040 0.0000000000
96913  -23.977  0.559  5.135 0.0000000000
97979  -23.643  1.600  5.329 0.0000000000
97981  -25.542  1.379  5.639 0.0000000000
96915  -25.618  0.288  5.628 0.0000000000
95799  -27.503  -0.342  6.485 0.0000000000
96899  -27.035  0.386  6.267 0.0000000000
96885  -28.456  0.458  7.279 0.0000000000
94665  -29.080  -0.965  7.440 0.0000000000
76955  -25.379  -16.194  9.917 0.0000000000
76956  -25.977  -16.237  10.078 0.0000000000
92262  -21.491  -3.321  6.979 0.0000000000
92269  -22.060  -3.504  6.171 0.0000000000
92270  -22.722  -3.553  5.577 0.0000000000
92284  -24.448  -3.509  4.863 0.0000000000
91103  -24.793  -4.575  5.110 0.0000000000
88736  -24.854  -6.534  5.263 0.0000000000
89948  -25.216  -5.535  5.286 0.0000000000
88737  -25.765  -6.466  5.315 0.0000000000
87515  -23.892  -8.092  6.133 0.0000000000
86374  -24.470  -8.562  5.892 0.0000000000
85290  -25.401  -9.334  5.702 0.0000000000
86375  -25.103  -8.389  5.649 0.0000000000
86395  -26.529  -8.781  5.614 0.0000000000
85307  -26.812  -9.108  5.623 0.0000000000
85270  -26.894  -9.566  5.749 0.0000000000
83078  -26.964  -11.283  6.526 0.0000000000
84201  -27.654  -10.387  6.261 0.0000000000
83079  -28.000  -11.016  6.911 0.0000000000
105798  -29.120  8.637  8.711 0.0000000000
106810  -29.612  9.494  9.130 0.0000000000
105799  -29.740  8.609  9.298 0.0000000000
95797  -20.903  0.068  6.810 0.0000000000
102430  -21.238  5.343  7.987 0.0000000000
102431  -21.918  5.528  7.786 0.0000000000
103609  -23.112  6.073  7.573 0.0000000000
102432  -22.708  5.358  7.336 0.0000000000
101342  -25.205  4.193  6.918 0.0000000000
102434  -24.485  4.941  7.230 0.0000000000
102436  -26.429  5.187  7.790 0.0000000000
101344  -27.131  4.218  7.603 0.0000000000
99093  -26.710  2.180  6.494 0.0000000000
100249  -26.234  2.985  6.610 0.0000000000
99094  -27.473  2.380  6.783 0.0000000000
100225  -29.076  3.135  7.952 0.0000000000
101347  -30.550  4.132  8.490 0.0000000000
100227  -31.321  3.236  8.548 0.0000000000
91105  -26.306  -4.505  5.741 0.0000000000
91106  -27.139  -4.439  6.246 0.0000000000
89927  -27.556  -5.381  6.137 0.0000000000
89929  -29.161  -5.965  6.549 0.0000000000
81865  -22.241  -12.672  9.152 0.0000000000
83018  -21.527  -11.382  9.114 0.0000000000
83035  -23.572  -12.143  7.651 0.0000000000
81901  -23.833  -12.688  7.499 0.0000000000
83053  -23.950  -11.706  7.242 0.0000000000
79475  -25.594  -14.705  8.411 0.0000000000
85232  -21.686  -9.498  8.618 0.0000000000
85233  -22.038  -10.072  8.157 0.0000000000
104727  -24.491  7.333  8.448 0.0000000000
103595  -24.232  6.800  7.831 0.0000000000
94693  -23.809  -1.679  4.816 0.0000000000
95814  -25.146  -0.541  5.324 0.0000000000
95815  -25.948  -0.637  5.555 0.0000000000
94680  -27.669  -1.280  6.385 0.0000000000
94681  -28.478  -1.673  6.936 0.0000000000
93472  -27.738  -2.510  6.442 0.0000000000
92271  -28.059  -3.824  6.645 0.0000000000
91085  -22.471  -4.430  6.097 0.0000000000
85267  -23.704  -9.399  6.518 0.0000000000
85268  -24.539  -9.444  6.211 0.0000000000
84221  -26.111  -9.923  5.672 0.0000000000
106791  -25.565  9.612  9.637 0.0000000000
108569  -27.473  11.548  8.497 0.0000000000
104718  -30.002  8.248  9.469 0.0000000000
104732  -29.769  7.720  9.337 0.0000000000
100243  -20.796  3.279  7.331 0.0000000000
100244  -21.589  3.522  6.888 0.0000000000
101361  -22.038  4.204  6.508 0.0000000000
101340  -22.937  4.752  6.612 0.0000000000
101363  -23.606  3.998  6.344 0.0000000000
101364  -24.621  4.091  6.549 0.0000000000
100221  -25.448  3.815  6.704 0.0000000000
99073  -28.088  1.921  7.044 0.0000000000
99075  -29.957  2.286  7.873 0.0000000000
88719  -27.670  -6.383  5.989 0.0000000000
88720  -28.542  -6.648  6.315 0.0000000000
81884  -22.675  -12.415  8.553 0.0000000000
80691  -23.183  -13.014  8.466 0.0000000000
88717  -22.355  -6.630  6.793 0.0000000000
86356  -23.439  -8.658  6.582 0.0000000000
84196  -23.370  -9.869  6.658 0.0000000000
84176  -24.373  -11.112  6.901 0.0000000000
106790  -24.561  9.434  9.904 0.0000000000
105778  -25.043  8.967  9.119 0.0000000000
105780  -26.348  9.104  8.843 0.0000000000
106809  -28.450  9.596  8.642 0.0000000000
104730  -27.669  7.634  8.270 0.0000000000
103599  -28.375  6.618  8.462 0.0000000000
102421  -28.625  5.984  8.493 0.0000000000
96910  -21.661  0.117  6.199 0.0000000000
95811  -22.526  -0.330  5.531 0.0000000000
96911  -22.166  0.679  5.894 0.0000000000
97978  -22.744  1.675  5.471 0.0000000000
99104  -24.249  2.553  5.685 0.0000000000
99105  -25.125  2.087  5.610 0.0000000000
97966  -25.871  1.638  5.893 0.0000000000
96916  -26.272  0.232  5.919 0.0000000000
97953  -28.110  1.107  6.972 0.0000000000
96886  -29.273  0.549  7.512 0.0000000000
94666  -30.056  -1.173  7.592 0.0000000000
86378  -27.771  -8.316  5.607 0.0000000000
78204  -24.723  -15.042  9.052 0.0000000000
93471  -22.405  -2.634  5.734 0.0000000000
93485  -23.188  -2.606  5.294 0.0000000000
93486  -23.880  -2.743  4.772 0.0000000000
93501  -24.860  -2.620  4.627 0.0000000000
92302  -25.443  -3.114  4.934 0.0000000000
92287  -26.588  -3.526  5.962 0.0000000000
89949  -26.027  -5.514  5.566 0.0000000000
87532  -23.778  -7.270  5.966 0.0000000000
86377  -26.853  -8.281  5.631 0.0000000000
85293  -28.091  -9.064  5.558 0.0000000000
85272  -28.345  -9.722  5.965 0.0000000000
107700  -30.036  10.592  8.887 0.0000000000
106794  -30.356  9.093  9.340 0.0000000000
103608  -22.404  6.099  7.874 0.0000000000
103611  -24.771  5.959  7.681 0.0000000000
102433  -23.550  5.096  7.043 0.0000000000
102438  -28.577  5.302  8.452 0.0000000000
99091  -24.836  2.672  6.074 0.0000000000
100223  -26.693  3.471  7.139 0.0000000000
100251  -27.513  2.767  6.882 0.0000000000
100224  -27.880  3.081  7.115 0.0000000000
102439  -29.801  5.078  8.515 0.0000000000
102440  -30.916  5.006  8.600 0.0000000000
92288  -27.247  -3.403  6.319 0.0000000000
91088  -29.717  -5.034  6.746 0.0000000000
83052  -23.524  -11.119  7.274 0.0000000000
79474  -24.664  -14.498  8.468 0.0000000000
80693  -24.628  -14.005  7.974 0.0000000000
80705  -24.963  -13.510  7.599 0.0000000000
79489  -25.862  -14.136  7.960 0.0000000000
84220  -25.868  -9.741  5.646 0.0000000000
85306  -26.596  -9.021  5.600 0.0000000000
86396  -26.784  -8.850  5.616 0.0000000000
88739  -27.178  -6.387  5.574 0.0000000000
92300  -24.696  -2.999  4.652 0.0000000000
92301  -25.019  -3.129  4.695 0.0000000000
93500  -24.425  -2.715  4.642 0.0000000000
93502  -25.265  -2.686  4.747 0.0000000000
94706  -24.149  -2.305  4.649 0.0000000000
95785  -28.904  -0.143  7.464 0.0000000000
97982  -25.949  0.809  5.802 0.0000000000
99090  -24.461  2.809  5.985 0.0000000000
99106  -25.489  1.915  5.695 0.0000000000
100222  -25.808  3.677  6.910 0.0000000000
100247  -24.299  3.258  6.115 0.0000000000
100268  -23.719  3.249  5.924 0.0000000000
101341  -24.702  4.427  6.888 0.0000000000
101365  -25.090  4.016  6.493 0.0000000000
101382  -23.160  3.878  5.923 0.0000000000
101383  -23.353  3.647  5.994 0.0000000000
102452  -24.466  4.495  6.866 0.0000000000
103598  -27.338  6.803  8.235 0.0000000000
103615  -28.320  5.994  8.543 0.0000000000
104726  -23.764  7.430  8.308 0.0000000000
104740  -26.596  6.815  8.047 0.0000000000
105779  -25.964  8.932  9.055 0.0000000000
105781  -30.191  8.603  9.429 0.0000000000
106793  -29.960  8.958  9.344 0.0000000000
106795  -30.996  9.110  9.282 0.0000000000
106815  -26.936  9.833  8.709 0.0000000000
106816  -27.138  9.855  8.641 0.0000000000
107696  -26.521  9.904  9.205 0.0000000000
107706  -27.033  10.063  8.722 0.0000000000
