#!ascii label  , from subject 3068 vox2ras=TkReg
575
15660  -49.323  -72.607  14.176 0.0000000000
18688  -42.517  -69.969  12.158 0.0000000000
21904  -50.323  -66.725  10.160 0.0000000000
16656  -46.794  -71.396  12.407 0.0000000000
21980  -48.866  -66.484  5.186 0.0000000000
19677  -53.981  -68.220  16.818 0.0000000000
24011  -49.002  -64.630  16.080 0.0000000000
29396  -52.659  -59.703  16.865 0.0000000000
22986  -47.002  -65.268  10.949 0.0000000000
21953  -49.799  -67.697  7.826 0.0000000000
24102  -48.588  -64.353  8.099 0.0000000000
21817  -52.259  -67.046  15.554 0.0000000000
23985  -52.701  -64.249  17.337 0.0000000000
31594  -51.102  -57.539  18.006 0.0000000000
29392  -48.320  -59.820  17.165 0.0000000000
12128  -45.978  -76.836  12.796 0.0000000000
17645  -44.801  -70.747  12.908 0.0000000000
12989  -42.653  -75.097  11.284 0.0000000000
14789  -43.148  -73.634  9.339 0.0000000000
19749  -51.943  -68.329  11.557 0.0000000000
15690  -48.478  -72.240  12.346 0.0000000000
19777  -48.006  -68.935  8.570 0.0000000000
20821  -45.372  -67.375  9.335 0.0000000000
21850  -52.912  -67.127  13.390 0.0000000000
21847  -49.770  -66.462  13.381 0.0000000000
24030  -46.223  -64.293  13.931 0.0000000000
26126  -54.188  -62.291  16.569 0.0000000000
27248  -50.512  -61.598  16.552 0.0000000000
27256  -46.476  -61.961  15.811 0.0000000000
28337  -45.893  -60.688  14.062 0.0000000000
12991  -45.130  -76.477  11.521 0.0000000000
24060  -42.546  -64.370  11.455 0.0000000000
19741  -40.286  -68.511  11.934 0.0000000000
16683  -37.772  -71.469  10.306 0.0000000000
25136  -46.834  -63.573  10.714 0.0000000000
24089  -47.687  -64.596  9.432 0.0000000000
13858  -47.788  -74.728  13.414 0.0000000000
18690  -43.993  -69.661  12.526 0.0000000000
15685  -42.915  -72.544  11.548 0.0000000000
16688  -42.228  -71.690  11.032 0.0000000000
15727  -41.728  -72.712  9.636 0.0000000000
16687  -41.549  -71.597  10.801 0.0000000000
21925  -52.391  -67.553  10.000 0.0000000000
20856  -51.653  -67.906  8.954 0.0000000000
21967  -49.368  -66.435  6.119 0.0000000000
19805  -49.337  -68.308  7.067 0.0000000000
19803  -47.788  -67.848  6.531 0.0000000000
19775  -46.129  -68.076  8.914 0.0000000000
21949  -47.063  -66.448  7.068 0.0000000000
19710  -53.262  -68.246  13.140 0.0000000000
20769  -53.908  -67.986  14.603 0.0000000000
21804  -50.679  -65.945  15.976 0.0000000000
21831  -50.370  -66.654  14.415 0.0000000000
22939  -49.009  -65.814  14.959 0.0000000000
22947  -47.451  -65.575  13.743 0.0000000000
22926  -47.628  -64.897  15.235 0.0000000000
27259  -52.840  -61.319  16.313 0.0000000000
26124  -52.327  -62.106  16.418 0.0000000000
28305  -51.162  -60.742  16.722 0.0000000000
29381  -46.715  -58.866  17.215 0.0000000000
28302  -47.750  -60.655  16.751 0.0000000000
28300  -45.618  -60.426  16.056 0.0000000000
27255  -45.738  -61.392  15.496 0.0000000000
15689  -47.608  -72.313  12.221 0.0000000000
13875  -46.681  -74.631  12.176 0.0000000000
13874  -45.624  -74.575  12.558 0.0000000000
12164  -42.712  -76.146  9.501 0.0000000000
25117  -41.840  -63.528  11.535 0.0000000000
21864  -41.059  -66.477  12.160 0.0000000000
18707  -37.931  -69.257  11.562 0.0000000000
21902  -48.328  -66.165  10.369 0.0000000000
21922  -49.787  -67.090  9.046 0.0000000000
21920  -48.331  -66.232  8.859 0.0000000000
23013  -48.658  -65.474  7.659 0.0000000000
24119  -49.545  -64.712  6.528 0.0000000000
20762  -53.787  -67.792  15.474 0.0000000000
22920  -52.517  -65.352  17.075 0.0000000000
24003  -50.748  -64.374  16.540 0.0000000000
30488  -52.245  -58.929  17.362 0.0000000000
29394  -50.728  -59.981  17.453 0.0000000000
30479  -50.281  -58.493  18.107 0.0000000000
30477  -48.334  -58.207  18.196 0.0000000000
31589  -45.956  -57.036  17.187 0.0000000000
17646  -46.020  -70.437  12.632 0.0000000000
14741  -44.493  -73.569  13.135 0.0000000000
14757  -43.261  -73.361  12.359 0.0000000000
13910  -43.231  -74.168  9.674 0.0000000000
13939  -43.601  -74.530  7.236 0.0000000000
14847  -43.050  -73.752  6.614 0.0000000000
14845  -41.856  -73.822  6.371 0.0000000000
14827  -40.233  -74.159  7.413 0.0000000000
17650  -50.396  -70.251  13.578 0.0000000000
15675  -49.302  -72.363  13.282 0.0000000000
17678  -48.950  -70.161  11.082 0.0000000000
17677  -48.540  -69.874  10.528 0.0000000000
19807  -50.686  -68.176  8.080 0.0000000000
18750  -49.265  -68.975  8.507 0.0000000000
17664  -46.975  -69.925  11.222 0.0000000000
18714  -46.451  -69.238  11.198 0.0000000000
19746  -45.440  -68.392  10.844 0.0000000000
19745  -44.288  -68.055  10.987 0.0000000000
19708  -52.238  -69.094  13.420 0.0000000000
21890  -52.846  -67.517  11.585 0.0000000000
21888  -51.996  -66.612  11.262 0.0000000000
21833  -52.639  -67.143  14.381 0.0000000000
21848  -50.950  -66.647  13.324 0.0000000000
21867  -50.299  -66.441  12.277 0.0000000000
21865  -48.059  -66.301  11.869 0.0000000000
24062  -46.438  -64.432  12.135 0.0000000000
25102  -46.080  -63.515  12.294 0.0000000000
25048  -52.796  -62.824  16.863 0.0000000000
25047  -51.676  -63.337  16.761 0.0000000000
25045  -49.255  -63.483  16.248 0.0000000000
28304  -50.060  -60.774  16.991 0.0000000000
26121  -48.837  -62.181  16.273 0.0000000000
26137  -47.750  -62.811  15.788 0.0000000000
25058  -46.252  -63.434  15.248 0.0000000000
26163  -45.796  -62.336  13.392 0.0000000000
13876  -47.591  -74.578  12.411 0.0000000000
12140  -46.041  -76.838  11.632 0.0000000000
12137  -43.117  -76.114  11.342 0.0000000000
11324  -43.028  -77.763  9.765 0.0000000000
21935  -46.522  -66.267  7.824 0.0000000000
20820  -44.877  -67.041  9.577 0.0000000000
20803  -43.485  -67.096  10.787 0.0000000000
20802  -42.457  -67.347  11.462 0.0000000000
19742  -41.229  -68.505  11.745 0.0000000000
16669  -40.075  -70.999  11.336 0.0000000000
15712  -39.072  -72.303  10.357 0.0000000000
26195  -46.689  -62.918  11.200 0.0000000000
13844  -48.012  -74.413  14.220 0.0000000000
14726  -48.715  -73.336  14.097 0.0000000000
18689  -42.997  -69.579  12.143 0.0000000000
17663  -42.899  -70.916  12.043 0.0000000000
17662  -42.297  -70.512  11.937 0.0000000000
16671  -41.845  -71.111  11.455 0.0000000000
21905  -51.512  -66.656  10.224 0.0000000000
20840  -52.138  -67.869  9.560 0.0000000000
21923  -51.014  -66.991  9.266 0.0000000000
20905  -49.190  -66.848  5.770 0.0000000000
20886  -49.009  -67.374  6.095 0.0000000000
21979  -48.620  -66.984  5.548 0.0000000000
20867  -47.472  -67.336  6.798 0.0000000000
21950  -47.545  -66.595  6.124 0.0000000000
19676  -53.367  -68.927  16.488 0.0000000000
19692  -53.848  -68.328  15.506 0.0000000000
19700  -53.988  -68.180  14.908 0.0000000000
20770  -54.084  -68.114  15.118 0.0000000000
22917  -49.604  -65.032  16.049 0.0000000000
21815  -49.950  -66.056  15.349 0.0000000000
22928  -49.189  -65.321  15.616 0.0000000000
22927  -48.071  -65.058  15.303 0.0000000000
28308  -53.684  -59.920  16.549 0.0000000000
28307  -53.175  -60.228  16.642 0.0000000000
28314  -53.029  -60.866  16.425 0.0000000000
28306  -52.267  -60.672  16.444 0.0000000000
27258  -52.364  -61.373  16.280 0.0000000000
30484  -45.932  -58.576  16.775 0.0000000000
29390  -46.154  -59.578  16.682 0.0000000000
29402  -45.389  -59.572  15.490 0.0000000000
30494  -45.366  -58.539  15.595 0.0000000000
15688  -46.622  -72.617  12.528 0.0000000000
14760  -46.319  -73.707  12.528 0.0000000000
21863  -40.269  -66.487  12.337 0.0000000000
18687  -38.435  -68.775  11.900 0.0000000000
20799  -37.967  -67.512  11.687 0.0000000000
22988  -48.312  -66.144  10.067 0.0000000000
22987  -47.757  -65.657  10.227 0.0000000000
24090  -48.155  -64.221  8.900 0.0000000000
24101  -48.072  -64.827  8.752 0.0000000000
23024  -49.117  -65.629  7.014 0.0000000000
24118  -48.994  -64.868  7.310 0.0000000000
22919  -51.202  -65.344  16.595 0.0000000000
24004  -51.671  -64.460  16.955 0.0000000000
31602  -51.728  -57.939  17.555 0.0000000000
30487  -51.286  -59.026  17.572 0.0000000000
31601  -50.843  -58.308  17.846 0.0000000000
30476  -47.233  -58.173  17.739 0.0000000000
11285  -44.895  -77.598  12.203 0.0000000000
16641  -44.604  -71.960  13.212 0.0000000000
16640  -43.879  -71.839  12.945 0.0000000000
14778  -42.656  -72.988  10.766 0.0000000000
14756  -42.857  -73.078  11.516 0.0000000000
13911  -43.769  -73.865  9.223 0.0000000000
14816  -43.626  -73.794  8.102 0.0000000000
13957  -43.623  -74.671  6.316 0.0000000000
14801  -41.345  -73.165  8.933 0.0000000000
14814  -41.963  -73.450  8.092 0.0000000000
14813  -40.839  -73.621  8.142 0.0000000000
13955  -41.405  -74.016  6.032 0.0000000000
19723  -51.175  -69.002  12.794 0.0000000000
18694  -50.407  -69.477  12.783 0.0000000000
17666  -48.544  -70.514  11.491 0.0000000000
18729  -48.893  -69.595  10.233 0.0000000000
21938  -49.602  -67.153  8.145 0.0000000000
21939  -50.545  -67.577  8.452 0.0000000000
19791  -49.682  -68.663  7.827 0.0000000000
18739  -47.874  -69.383  9.312 0.0000000000
18728  -47.414  -69.620  10.174 0.0000000000
18727  -46.800  -69.095  10.272 0.0000000000
19747  -46.203  -68.554  10.342 0.0000000000
19764  -45.604  -67.880  9.680 0.0000000000
19721  -44.149  -68.753  12.023 0.0000000000
19763  -44.877  -67.740  10.249 0.0000000000
21871  -53.337  -67.679  13.099 0.0000000000
19726  -53.169  -68.041  12.537 0.0000000000
21870  -53.043  -67.373  12.512 0.0000000000
21889  -52.707  -67.000  11.410 0.0000000000
21869  -52.477  -66.774  12.325 0.0000000000
21818  -53.227  -67.335  15.451 0.0000000000
21866  -48.868  -66.431  12.366 0.0000000000
22959  -48.396  -66.231  13.016 0.0000000000
22946  -46.688  -64.962  13.820 0.0000000000
22957  -46.795  -65.193  12.875 0.0000000000
24045  -46.228  -64.364  13.036 0.0000000000
25088  -45.781  -63.413  13.273 0.0000000000
25049  -53.791  -62.755  17.022 0.0000000000
26123  -51.040  -62.402  16.454 0.0000000000
25046  -50.337  -63.404  16.450 0.0000000000
26122  -49.683  -62.522  16.383 0.0000000000
29393  -49.527  -59.751  17.451 0.0000000000
28303  -48.900  -60.684  16.884 0.0000000000
27245  -47.209  -61.491  16.245 0.0000000000
27246  -48.353  -61.487  16.476 0.0000000000
26120  -48.002  -62.162  16.074 0.0000000000
26138  -48.519  -62.701  16.026 0.0000000000
25059  -47.308  -63.528  15.600 0.0000000000
26136  -46.792  -62.792  15.713 0.0000000000
27272  -45.516  -61.289  14.604 0.0000000000
26162  -45.479  -62.201  14.231 0.0000000000
27280  -45.818  -61.458  13.710 0.0000000000
27281  -46.370  -61.564  12.989 0.0000000000
15691  -49.036  -72.392  12.700 0.0000000000
13877  -48.353  -74.164  12.860 0.0000000000
14762  -48.230  -73.393  12.432 0.0000000000
12985  -46.037  -75.551  11.957 0.0000000000
12993  -46.258  -76.186  11.806 0.0000000000
12139  -45.306  -76.912  11.378 0.0000000000
11297  -44.404  -77.552  11.303 0.0000000000
11308  -43.804  -77.680  10.859 0.0000000000
12982  -42.986  -74.940  12.022 0.0000000000
12983  -43.702  -75.360  12.200 0.0000000000
12136  -42.648  -75.665  10.806 0.0000000000
11339  -42.395  -77.246  8.068 0.0000000000
11323  -42.741  -77.389  9.330 0.0000000000
23023  -47.292  -65.563  6.478 0.0000000000
23022  -46.714  -65.445  7.237 0.0000000000
21901  -44.732  -65.987  10.194 0.0000000000
20819  -44.259  -66.752  10.272 0.0000000000
20789  -40.741  -67.158  12.154 0.0000000000
21882  -41.868  -66.295  11.881 0.0000000000
20801  -41.456  -67.444  11.812 0.0000000000
19743  -42.112  -68.365  11.675 0.0000000000
18710  -40.883  -69.402  11.727 0.0000000000
18709  -39.926  -69.443  11.844 0.0000000000
16684  -38.529  -71.454  10.826 0.0000000000
16668  -39.217  -70.980  11.272 0.0000000000
15724  -38.589  -72.856  9.580 0.0000000000
24076  -46.621  -64.490  11.213 0.0000000000
24077  -47.145  -64.521  10.341 0.0000000000
25137  -47.698  -63.518  9.859 0.0000000000
25151  -47.989  -63.932  9.273 0.0000000000
31593  -50.181  -57.815  18.222 0.0000000000
32665  -49.550  -57.021  18.161 0.0000000000
12111  -46.748  -76.103  13.362 0.0000000000
17644  -43.533  -70.839  12.570 0.0000000000
16653  -43.439  -71.800  12.452 0.0000000000
16673  -43.124  -71.508  12.009 0.0000000000
15701  -42.740  -72.242  11.245 0.0000000000
15715  -42.159  -72.399  10.384 0.0000000000
14802  -42.480  -73.242  9.055 0.0000000000
15714  -41.177  -72.192  10.256 0.0000000000
19768  -52.585  -68.061  10.234 0.0000000000
19780  -52.243  -68.011  9.780 0.0000000000
19779  -51.335  -68.307  9.530 0.0000000000
19778  -50.729  -68.487  8.818 0.0000000000
21952  -49.393  -66.738  7.119 0.0000000000
20869  -49.648  -67.827  7.284 0.0000000000
20887  -49.353  -67.340  6.507 0.0000000000
19804  -48.421  -68.050  6.519 0.0000000000
19789  -47.573  -68.107  7.205 0.0000000000
19776  -47.145  -68.503  8.519 0.0000000000
20852  -46.629  -67.394  7.764 0.0000000000
20778  -53.542  -67.960  13.561 0.0000000000
21851  -53.385  -67.614  13.575 0.0000000000
21816  -51.047  -66.640  15.425 0.0000000000
21830  -49.251  -66.211  14.450 0.0000000000
22948  -48.218  -66.023  13.589 0.0000000000
22938  -48.307  -65.802  14.649 0.0000000000
22937  -47.208  -65.117  14.847 0.0000000000
22936  -46.636  -64.718  14.358 0.0000000000
27260  -53.525  -61.260  16.342 0.0000000000
26142  -53.869  -61.834  16.257 0.0000000000
26125  -53.376  -62.228  16.516 0.0000000000
26140  -52.632  -61.614  16.330 0.0000000000
27249  -51.618  -61.491  16.371 0.0000000000
29382  -47.756  -58.996  17.456 0.0000000000
29391  -47.202  -59.739  16.947 0.0000000000
28301  -46.616  -60.534  16.496 0.0000000000
27244  -46.097  -61.191  16.083 0.0000000000
27243  -45.760  -61.010  15.881 0.0000000000
28312  -45.440  -60.519  15.187 0.0000000000
29420  -45.673  -59.735  14.640 0.0000000000
15704  -48.370  -71.610  12.151 0.0000000000
14761  -47.248  -73.580  12.294 0.0000000000
12984  -44.887  -75.766  11.983 0.0000000000
25101  -40.674  -64.392  11.965 0.0000000000
24059  -41.670  -64.489  11.748 0.0000000000
22969  -41.519  -65.291  11.876 0.0000000000
22956  -41.257  -65.771  12.133 0.0000000000
20788  -40.050  -67.473  12.294 0.0000000000
17658  -38.446  -70.382  11.433 0.0000000000
17657  -37.609  -70.169  11.146 0.0000000000
21903  -48.908  -66.629  10.079 0.0000000000
21921  -48.732  -66.841  8.989 0.0000000000
20853  -48.882  -66.959  8.503 0.0000000000
23001  -47.976  -65.575  9.077 0.0000000000
21936  -48.319  -65.921  8.612 0.0000000000
21951  -48.923  -66.110  7.414 0.0000000000
23025  -49.318  -65.833  6.432 0.0000000000
21981  -49.373  -66.080  5.386 0.0000000000
20763  -54.059  -68.060  15.648 0.0000000000
21806  -53.402  -66.630  16.747 0.0000000000
22921  -53.189  -65.886  17.140 0.0000000000
21805  -51.802  -66.275  16.336 0.0000000000
22918  -50.128  -65.223  16.053 0.0000000000
24002  -49.629  -64.441  16.217 0.0000000000
29395  -51.767  -59.925  17.179 0.0000000000
30486  -50.301  -59.087  17.823 0.0000000000
29384  -49.395  -59.221  17.842 0.0000000000
31592  -49.200  -57.668  18.271 0.0000000000
30478  -49.537  -58.657  18.174 0.0000000000
29383  -48.796  -59.160  17.782 0.0000000000
30475  -46.366  -57.951  17.273 0.0000000000
31600  -45.820  -57.743  16.793 0.0000000000
16655  -45.786  -71.702  12.819 0.0000000000
15687  -45.733  -72.918  12.930 0.0000000000
16642  -45.264  -72.185  13.174 0.0000000000
14758  -43.815  -73.857  12.840 0.0000000000
13871  -42.810  -74.145  11.819 0.0000000000
13007  -42.602  -75.173  10.164 0.0000000000
13032  -43.494  -75.036  7.901 0.0000000000
14829  -42.578  -73.557  7.274 0.0000000000
14868  -42.764  -74.029  5.919 0.0000000000
13973  -42.267  -74.139  5.318 0.0000000000
13972  -41.177  -74.218  5.069 0.0000000000
16644  -50.354  -71.137  14.082 0.0000000000
15674  -48.979  -72.813  13.432 0.0000000000
17649  -49.656  -70.584  13.040 0.0000000000
16659  -49.319  -71.661  12.796 0.0000000000
16676  -49.237  -71.026  12.468 0.0000000000
17667  -49.178  -70.351  11.914 0.0000000000
16675  -48.793  -71.352  12.178 0.0000000000
16674  -48.174  -71.040  11.970 0.0000000000
16657  -47.580  -71.022  12.082 0.0000000000
21940  -51.291  -67.647  8.900 0.0000000000
20855  -51.081  -67.976  8.383 0.0000000000
19806  -50.002  -68.234  7.598 0.0000000000
17687  -48.331  -69.762  9.945 0.0000000000
17665  -47.654  -70.249  11.195 0.0000000000
17647  -46.906  -70.289  11.860 0.0000000000
18692  -46.139  -69.543  12.130 0.0000000000
18691  -45.142  -69.383  12.464 0.0000000000
19765  -46.518  -68.494  9.561 0.0000000000
18713  -45.662  -68.951  11.739 0.0000000000
19720  -43.523  -69.051  12.147 0.0000000000
19744  -43.142  -68.419  11.539 0.0000000000
17630  -50.748  -70.644  14.225 0.0000000000
18695  -51.313  -69.311  13.245 0.0000000000
19724  -51.921  -68.817  12.870 0.0000000000
19709  -52.691  -68.886  13.591 0.0000000000
19725  -52.739  -68.223  12.247 0.0000000000
19750  -52.557  -68.045  10.974 0.0000000000
21907  -52.677  -67.563  10.706 0.0000000000
21906  -52.339  -66.972  10.432 0.0000000000
21887  -50.922  -66.482  11.205 0.0000000000
21834  -53.351  -67.558  14.439 0.0000000000
21832  -51.533  -67.055  14.402 0.0000000000
21849  -52.092  -66.766  13.316 0.0000000000
21868  -51.523  -66.485  12.264 0.0000000000
21886  -49.643  -66.427  11.188 0.0000000000
21885  -48.417  -66.258  11.073 0.0000000000
22973  -47.556  -65.867  11.418 0.0000000000
22958  -47.695  -65.994  12.610 0.0000000000
22972  -46.853  -65.314  11.853 0.0000000000
25119  -46.412  -63.627  11.527 0.0000000000
25031  -51.993  -63.501  17.034 0.0000000000
24001  -48.904  -64.035  16.156 0.0000000000
27247  -49.403  -61.544  16.538 0.0000000000
26139  -49.009  -62.595  16.241 0.0000000000
25044  -48.851  -63.643  16.114 0.0000000000
24010  -48.523  -64.504  15.764 0.0000000000
24009  -47.651  -64.426  15.419 0.0000000000
24008  -46.938  -64.088  15.308 0.0000000000
25074  -45.838  -63.659  14.365 0.0000000000
26135  -45.967  -62.546  15.345 0.0000000000
25073  -45.605  -62.910  14.821 0.0000000000
25087  -45.528  -62.953  13.995 0.0000000000
26169  -46.213  -62.332  12.380 0.0000000000
14743  -48.785  -73.401  13.154 0.0000000000
12987  -47.285  -75.484  12.846 0.0000000000
12130  -46.790  -75.926  12.665 0.0000000000
12986  -46.740  -75.570  12.221 0.0000000000
11287  -46.160  -76.997  11.949 0.0000000000
10443  -44.016  -78.274  11.939 0.0000000000
13856  -45.076  -74.113  12.993 0.0000000000
12127  -43.846  -76.096  11.902 0.0000000000
12138  -44.305  -76.724  11.356 0.0000000000
12148  -42.729  -76.183  10.401 0.0000000000
12149  -43.375  -76.863  10.662 0.0000000000
12150  -43.858  -77.341  10.885 0.0000000000
26208  -48.733  -62.834  9.628 0.0000000000
24135  -50.097  -64.826  5.714 0.0000000000
23064  -49.294  -65.543  4.678 0.0000000000
23037  -48.361  -65.656  4.833 0.0000000000
20851  -46.290  -66.764  8.271 0.0000000000
23011  -46.200  -65.327  7.922 0.0000000000
21919  -45.570  -66.068  8.965 0.0000000000
20804  -44.313  -67.363  10.310 0.0000000000
18712  -42.539  -68.916  11.918 0.0000000000
22970  -42.218  -65.346  11.603 0.0000000000
21883  -42.797  -66.264  11.478 0.0000000000
21884  -43.480  -66.002  11.217 0.0000000000
18711  -41.976  -69.442  11.970 0.0000000000
17661  -41.408  -70.298  11.726 0.0000000000
16670  -41.005  -70.978  11.303 0.0000000000
15713  -40.148  -72.301  10.369 0.0000000000
16685  -39.601  -71.661  10.901 0.0000000000
14800  -40.254  -73.390  9.057 0.0000000000
14812  -39.687  -73.782  8.294 0.0000000000
10456  -43.768  -78.122  11.059 0.0000000000
10472  -43.725  -77.913  10.763 0.0000000000
10491  -43.097  -78.002  9.759 0.0000000000
11286  -45.768  -77.184  12.417 0.0000000000
11298  -45.522  -77.246  11.659 0.0000000000
11299  -45.977  -77.137  11.792 0.0000000000
11306  -42.835  -76.909  10.024 0.0000000000
11307  -43.305  -77.649  10.252 0.0000000000
12109  -45.746  -76.962  13.047 0.0000000000
12126  -43.424  -75.803  11.839 0.0000000000
12129  -46.314  -76.501  12.410 0.0000000000
12194  -43.269  -75.714  7.409 0.0000000000
12955  -47.597  -74.921  14.415 0.0000000000
12956  -48.071  -74.523  14.645 0.0000000000
12990  -43.109  -75.502  11.791 0.0000000000
12992  -45.702  -76.326  11.583 0.0000000000
13043  -43.623  -75.201  6.804 0.0000000000
13857  -45.437  -74.023  12.894 0.0000000000
13859  -48.365  -74.022  13.714 0.0000000000
13872  -43.426  -74.402  12.423 0.0000000000
13873  -44.431  -74.587  12.710 0.0000000000
13927  -43.696  -74.309  8.003 0.0000000000
13938  -40.615  -74.142  6.604 0.0000000000
13956  -42.074  -73.826  5.993 0.0000000000
14740  -43.805  -73.193  12.918 0.0000000000
14742  -45.267  -73.560  13.108 0.0000000000
14744  -49.028  -72.835  13.005 0.0000000000
14759  -45.706  -73.775  12.822 0.0000000000
14763  -48.756  -72.906  12.692 0.0000000000
14788  -42.755  -73.281  9.936 0.0000000000
14803  -43.459  -73.627  8.782 0.0000000000
14828  -41.500  -73.857  7.059 0.0000000000
14831  -43.603  -74.024  7.525 0.0000000000
14846  -42.352  -73.755  6.439 0.0000000000
14848  -43.449  -74.100  6.848 0.0000000000
14867  -42.381  -73.923  5.922 0.0000000000
14869  -43.270  -74.278  6.037 0.0000000000
15659  -48.846  -72.998  13.708 0.0000000000
15671  -43.570  -72.523  12.676 0.0000000000
15672  -44.182  -72.646  13.139 0.0000000000
15673  -44.947  -72.814  13.319 0.0000000000
15686  -43.125  -72.348  11.916 0.0000000000
15702  -42.962  -71.846  11.639 0.0000000000
15703  -48.060  -71.697  12.046 0.0000000000
15710  -37.752  -71.952  9.887 0.0000000000
15711  -38.149  -72.169  10.165 0.0000000000
15725  -39.659  -72.861  9.714 0.0000000000
15728  -42.275  -72.900  9.736 0.0000000000
16643  -49.805  -71.561  13.834 0.0000000000
16654  -45.059  -71.576  13.149 0.0000000000
16658  -48.911  -71.953  12.491 0.0000000000
16672  -42.615  -71.384  11.594 0.0000000000
16686  -40.611  -71.591  10.797 0.0000000000
17627  -44.256  -71.330  13.072 0.0000000000
17628  -44.682  -71.397  13.111 0.0000000000
17629  -50.236  -70.867  13.738 0.0000000000
17643  -42.859  -70.358  12.182 0.0000000000
17648  -47.390  -70.539  11.711 0.0000000000
17660  -40.473  -70.246  11.630 0.0000000000
17675  -37.817  -70.863  10.902 0.0000000000
17676  -47.962  -70.006  10.036 0.0000000000
17686  -48.206  -69.707  9.699 0.0000000000
18672  -50.993  -69.799  13.818 0.0000000000
18673  -51.933  -69.499  13.809 0.0000000000
18686  -38.119  -68.640  11.722 0.0000000000
18715  -47.032  -69.672  10.788 0.0000000000
18740  -48.777  -69.458  9.597 0.0000000000
18749  -48.491  -69.093  8.738 0.0000000000
18751  -49.908  -68.863  8.285 0.0000000000
19717  -38.323  -68.183  11.830 0.0000000000
19718  -38.922  -68.345  12.186 0.0000000000
19719  -39.608  -68.131  12.185 0.0000000000
19722  -44.933  -68.643  11.660 0.0000000000
19739  -37.807  -68.325  11.562 0.0000000000
19748  -51.109  -68.700  12.073 0.0000000000
19767  -52.032  -68.166  10.408 0.0000000000
19781  -52.467  -68.051  9.962 0.0000000000
19793  -51.173  -68.150  8.606 0.0000000000
19794  -51.839  -68.043  9.165 0.0000000000
19819  -48.791  -67.671  6.260 0.0000000000
19820  -49.159  -67.841  6.508 0.0000000000
19821  -49.581  -67.966  6.908 0.0000000000
20786  -38.590  -67.526  12.054 0.0000000000
20790  -52.988  -67.804  12.144 0.0000000000
20791  -53.283  -67.838  12.803 0.0000000000
20800  -40.748  -67.825  11.925 0.0000000000
20805  -52.795  -67.889  11.311 0.0000000000
20822  -52.731  -67.951  10.563 0.0000000000
20835  -45.347  -66.614  9.241 0.0000000000
20836  -45.716  -67.174  8.790 0.0000000000
20837  -46.289  -67.867  8.410 0.0000000000
20838  -49.212  -67.122  8.692 0.0000000000
20839  -49.530  -67.196  8.535 0.0000000000
20841  -52.550  -67.932  10.028 0.0000000000
20854  -49.165  -67.081  8.310 0.0000000000
20868  -47.882  -67.461  6.026 0.0000000000
20870  -50.398  -68.060  7.925 0.0000000000
20885  -48.529  -67.347  5.875 0.0000000000
20903  -48.618  -67.200  5.696 0.0000000000
20904  -48.832  -67.075  5.666 0.0000000000
21803  -50.163  -65.685  15.736 0.0000000000
21814  -49.313  -65.902  15.124 0.0000000000
21829  -48.633  -66.149  14.054 0.0000000000
21846  -48.842  -66.323  13.484 0.0000000000
21924  -51.847  -67.372  9.563 0.0000000000
21934  -46.022  -66.152  8.414 0.0000000000
21937  -48.731  -66.459  8.135 0.0000000000
21965  -48.226  -66.627  5.389 0.0000000000
21966  -48.550  -66.184  4.860 0.0000000000
21997  -49.231  -65.986  4.843 0.0000000000
21998  -49.437  -65.675  4.978 0.0000000000
22929  -49.867  -65.561  15.667 0.0000000000
22955  -40.606  -65.626  12.264 0.0000000000
22968  -41.032  -65.218  12.077 0.0000000000
23002  -48.279  -66.194  9.552 0.0000000000
23010  -45.708  -65.225  8.500 0.0000000000
23012  -48.336  -65.428  8.372 0.0000000000
23038  -49.651  -65.573  5.868 0.0000000000
23049  -48.897  -65.748  4.627 0.0000000000
23050  -49.707  -65.383  5.281 0.0000000000
23065  -49.586  -65.298  4.857 0.0000000000
23984  -52.028  -63.878  17.195 0.0000000000
24005  -52.197  -64.486  17.181 0.0000000000
24018  -46.540  -64.327  14.787 0.0000000000
24019  -47.052  -64.557  15.159 0.0000000000
24058  -41.047  -64.667  11.892 0.0000000000
24103  -49.229  -64.262  7.378 0.0000000000
24158  -49.131  -65.299  4.567 0.0000000000
24159  -49.390  -65.115  4.654 0.0000000000
25057  -45.848  -63.012  15.200 0.0000000000
25060  -48.437  -63.537  15.858 0.0000000000
25061  -48.981  -62.955  16.159 0.0000000000
25138  -48.333  -63.131  9.679 0.0000000000
25165  -48.840  -63.716  8.292 0.0000000000
25181  -49.689  -64.058  7.162 0.0000000000
26141  -53.093  -61.720  16.359 0.0000000000
26153  -45.620  -62.093  14.903 0.0000000000
26183  -46.294  -62.852  11.714 0.0000000000
27257  -47.251  -62.255  15.941 0.0000000000
27261  -54.415  -61.258  16.383 0.0000000000
28313  -52.590  -61.062  16.275 0.0000000000
28329  -45.608  -60.503  14.567 0.0000000000
29403  -54.079  -59.479  16.336 0.0000000000
29432  -45.840  -60.219  14.314 0.0000000000
30485  -49.707  -59.205  17.841 0.0000000000
