#!ascii label  , from subject 3068 vox2ras=TkReg
360
81908  -30.559  -12.129  7.329 0.0000000000
87537  -28.359  -7.771  5.758 0.0000000000
102422  -29.179  5.959  8.453 0.0000000000
96888  -31.085  0.435  8.365 0.0000000000
91090  -31.628  -5.135  5.956 0.0000000000
87520  -32.746  -7.514  6.252 0.0000000000
104731  -28.737  7.672  8.597 0.0000000000
93463  -31.446  -2.248  7.555 0.0000000000
92272  -29.218  -3.957  6.972 0.0000000000
85273  -29.225  -9.764  5.935 0.0000000000
86381  -30.482  -9.144  3.896 0.0000000000
84206  -31.797  -10.290  6.645 0.0000000000
79456  -26.884  -15.174  9.363 0.0000000000
81918  -27.621  -11.763  6.775 0.0000000000
111303  -27.251  14.011  7.748 0.0000000000
110421  -28.907  13.335  7.808 0.0000000000
108572  -30.617  11.570  8.258 0.0000000000
105801  -32.574  8.525  7.800 0.0000000000
102443  -33.364  5.495  7.589 0.0000000000
100226  -30.213  3.193  8.338 0.0000000000
99096  -33.617  2.630  7.176 0.0000000000
95801  -33.260  -0.574  7.186 0.0000000000
93490  -32.850  -3.177  5.015 0.0000000000
91136  -32.961  -4.975  3.582 0.0000000000
88721  -29.589  -7.013  5.807 0.0000000000
87569  -32.371  -7.498  2.966 0.0000000000
93473  -28.768  -2.822  6.988 0.0000000000
93489  -26.989  -2.771  6.024 0.0000000000
83081  -29.902  -11.558  6.442 0.0000000000
84204  -30.403  -10.633  5.960 0.0000000000
83083  -31.361  -11.081  6.742 0.0000000000
75768  -26.840  -18.001  12.052 0.0000000000
75785  -27.086  -17.251  11.606 0.0000000000
76927  -27.546  -16.375  11.244 0.0000000000
84200  -26.614  -10.149  6.044 0.0000000000
83055  -26.140  -11.788  6.798 0.0000000000
109532  -30.363  12.683  7.771 0.0000000000
103600  -29.428  6.735  8.815 0.0000000000
104719  -30.439  8.100  9.426 0.0000000000
103602  -31.620  6.729  8.887 0.0000000000
103616  -32.993  6.967  7.855 0.0000000000
102424  -31.297  5.857  8.810 0.0000000000
99076  -30.972  2.292  8.436 0.0000000000
99077  -32.168  2.332  8.465 0.0000000000
97969  -32.699  1.306  8.263 0.0000000000
97970  -33.361  1.416  7.390 0.0000000000
95789  -32.598  -0.585  7.957 0.0000000000
92274  -31.324  -4.147  6.827 0.0000000000
93464  -32.373  -2.173  7.218 0.0000000000
92276  -32.574  -3.779  5.237 0.0000000000
92289  -32.614  -3.599  4.130 0.0000000000
91121  -31.972  -5.157  4.010 0.0000000000
87516  -27.634  -6.969  6.073 0.0000000000
89928  -28.218  -5.697  6.403 0.0000000000
87518  -28.781  -7.351  5.993 0.0000000000
86382  -31.505  -8.532  4.093 0.0000000000
86398  -30.881  -8.588  2.967 0.0000000000
87541  -32.325  -7.853  4.819 0.0000000000
88744  -33.223  -6.459  4.763 0.0000000000
88724  -33.378  -6.441  5.800 0.0000000000
79439  -28.292  -14.620  10.323 0.0000000000
79490  -26.841  -13.938  7.930 0.0000000000
79458  -28.625  -14.170  9.419 0.0000000000
80694  -28.116  -13.401  8.218 0.0000000000
95786  -29.669  -0.265  7.656 0.0000000000
94667  -30.994  -1.353  7.926 0.0000000000
94682  -29.433  -1.975  7.343 0.0000000000
93474  -29.849  -3.052  7.301 0.0000000000
91089  -30.688  -5.070  6.523 0.0000000000
85294  -29.037  -9.088  5.767 0.0000000000
86380  -29.820  -8.778  4.842 0.0000000000
85274  -30.057  -9.647  5.453 0.0000000000
85275  -30.920  -9.631  5.916 0.0000000000
85250  -32.340  -9.040  6.850 0.0000000000
78173  -28.027  -15.109  10.956 0.0000000000
85292  -27.129  -9.030  5.632 0.0000000000
85271  -27.453  -9.675  5.815 0.0000000000
83080  -28.902  -11.303  6.488 0.0000000000
83058  -29.212  -11.901  7.046 0.0000000000
112162  -26.430  15.390  6.616 0.0000000000
109514  -27.264  12.341  8.608 0.0000000000
110432  -27.748  13.855  7.748 0.0000000000
111327  -30.086  14.222  6.393 0.0000000000
110451  -31.068  12.910  6.699 0.0000000000
108589  -31.650  11.623  6.671 0.0000000000
106811  -30.629  9.721  9.103 0.0000000000
107702  -31.943  10.200  8.401 0.0000000000
106820  -32.514  9.525  6.584 0.0000000000
105807  -32.427  8.490  6.057 0.0000000000
103623  -33.123  6.399  6.239 0.0000000000
101384  -33.820  4.867  5.929 0.0000000000
101346  -29.391  4.141  8.363 0.0000000000
101348  -31.643  4.144  8.490 0.0000000000
100252  -33.677  3.725  7.098 0.0000000000
99108  -34.029  3.453  5.783 0.0000000000
97983  -33.722  1.717  6.039 0.0000000000
95817  -33.281  -0.590  5.054 0.0000000000
94669  -32.702  -1.354  7.284 0.0000000000
94683  -33.094  -1.431  6.531 0.0000000000
91086  -27.899  -4.842  6.452 0.0000000000
91087  -28.696  -4.882  6.668 0.0000000000
89931  -30.822  -5.746  5.860 0.0000000000
87539  -29.529  -7.970  3.914 0.0000000000
88742  -31.044  -6.945  3.873 0.0000000000
89966  -31.765  -6.036  3.935 0.0000000000
89982  -32.473  -5.727  3.086 0.0000000000
89968  -33.681  -5.663  4.262 0.0000000000
81905  -27.657  -12.476  7.106 0.0000000000
81906  -28.687  -12.457  7.754 0.0000000000
81888  -30.531  -12.422  8.476 0.0000000000
81920  -30.501  -11.806  6.773 0.0000000000
83082  -30.775  -11.258  6.472 0.0000000000
83060  -31.035  -11.544  7.058 0.0000000000
83061  -31.811  -11.173  7.246 0.0000000000
83036  -31.253  -11.797  7.764 0.0000000000
75769  -27.735  -17.784  12.339 0.0000000000
75770  -28.792  -17.766  12.422 0.0000000000
103601  -30.510  6.703  9.099 0.0000000000
102423  -30.194  5.903  8.661 0.0000000000
96887  -30.097  0.519  7.979 0.0000000000
97955  -29.630  1.385  7.647 0.0000000000
97956  -30.548  1.386  8.191 0.0000000000
97957  -31.625  1.348  8.486 0.0000000000
96889  -32.221  0.353  8.427 0.0000000000
92275  -32.137  -3.937  6.159 0.0000000000
91091  -32.091  -4.525  5.355 0.0000000000
91108  -32.225  -4.502  4.511 0.0000000000
91107  -31.741  -5.192  4.764 0.0000000000
87536  -27.358  -7.241  5.738 0.0000000000
87517  -27.995  -7.152  6.205 0.0000000000
87519  -32.302  -7.666  5.612 0.0000000000
88723  -32.753  -7.145  5.276 0.0000000000
88704  -33.523  -6.919  6.644 0.0000000000
87500  -33.327  -7.546  6.832 0.0000000000
95800  -28.206  -0.511  7.061 0.0000000000
94665  -29.080  -0.965  7.440 0.0000000000
92273  -30.308  -4.135  7.140 0.0000000000
85295  -29.590  -9.281  5.544 0.0000000000
84205  -31.233  -10.467  6.432 0.0000000000
85276  -31.711  -9.668  6.499 0.0000000000
84178  -32.366  -10.240  6.996 0.0000000000
74679  -26.261  -18.385  12.322 0.0000000000
73522  -26.783  -19.277  12.741 0.0000000000
78156  -27.949  -15.828  11.165 0.0000000000
83078  -26.964  -11.283  6.526 0.0000000000
84201  -27.654  -10.387  6.261 0.0000000000
83079  -28.000  -11.016  6.911 0.0000000000
83057  -28.348  -11.803  7.039 0.0000000000
111302  -26.701  14.354  7.913 0.0000000000
112148  -26.512  15.325  7.448 0.0000000000
111310  -26.788  14.846  7.064 0.0000000000
111323  -26.837  14.917  6.664 0.0000000000
111324  -27.067  14.819  6.811 0.0000000000
109516  -28.816  12.532  8.304 0.0000000000
110420  -28.133  13.163  7.751 0.0000000000
110433  -28.482  14.007  7.611 0.0000000000
111312  -28.757  14.751  7.062 0.0000000000
111313  -29.317  14.453  6.975 0.0000000000
111326  -29.502  14.662  6.509 0.0000000000
110434  -29.629  13.821  7.232 0.0000000000
110435  -30.757  13.182  7.209 0.0000000000
109542  -31.282  12.291  6.931 0.0000000000
109546  -31.385  12.292  6.299 0.0000000000
108585  -31.474  11.630  7.486 0.0000000000
105799  -29.740  8.609  9.298 0.0000000000
105783  -31.428  8.590  9.080 0.0000000000
106812  -31.607  9.465  8.898 0.0000000000
106813  -32.333  9.418  8.270 0.0000000000
107708  -32.524  10.285  7.222 0.0000000000
106817  -32.569  9.419  7.458 0.0000000000
105804  -32.721  8.498  6.899 0.0000000000
103604  -32.993  6.312  7.771 0.0000000000
103617  -33.126  6.452  7.160 0.0000000000
102453  -33.506  5.632  6.564 0.0000000000
100225  -29.076  3.135  7.952 0.0000000000
101347  -30.550  4.132  8.490 0.0000000000
100227  -31.321  3.236  8.548 0.0000000000
99078  -32.975  2.763  8.077 0.0000000000
100229  -33.218  3.510  7.888 0.0000000000
100253  -33.910  3.942  6.353 0.0000000000
99097  -33.923  3.286  6.489 0.0000000000
99107  -34.044  2.770  6.044 0.0000000000
96902  -33.553  0.451  6.742 0.0000000000
95802  -33.479  -0.554  6.110 0.0000000000
94668  -31.939  -1.372  7.709 0.0000000000
93477  -32.790  -2.605  6.005 0.0000000000
93478  -33.032  -2.060  5.227 0.0000000000
93491  -32.913  -2.540  4.578 0.0000000000
92303  -32.969  -4.135  3.441 0.0000000000
91137  -33.609  -4.798  3.844 0.0000000000
91106  -27.139  -4.439  6.246 0.0000000000
89929  -29.161  -5.965  6.549 0.0000000000
89930  -30.146  -6.058  6.207 0.0000000000
88722  -30.242  -6.782  5.684 0.0000000000
87538  -29.485  -7.975  5.487 0.0000000000
86397  -30.048  -8.589  3.482 0.0000000000
86410  -31.553  -7.982  2.909 0.0000000000
87555  -30.971  -7.668  3.051 0.0000000000
87568  -31.813  -7.447  2.935 0.0000000000
88757  -31.608  -6.795  3.181 0.0000000000
89981  -31.878  -6.050  3.057 0.0000000000
88771  -32.146  -6.646  2.857 0.0000000000
89953  -33.633  -5.871  5.238 0.0000000000
89954  -34.062  -5.288  4.927 0.0000000000
80695  -28.863  -13.059  8.333 0.0000000000
80709  -28.374  -12.988  8.001 0.0000000000
81886  -28.949  -12.672  8.133 0.0000000000
81887  -29.388  -12.634  8.170 0.0000000000
80697  -30.160  -12.775  9.056 0.0000000000
94681  -28.478  -1.673  6.936 0.0000000000
93472  -27.738  -2.510  6.442 0.0000000000
92271  -28.059  -3.824  6.645 0.0000000000
84203  -29.518  -10.633  5.998 0.0000000000
84177  -31.755  -10.689  6.767 0.0000000000
74680  -27.292  -18.526  12.568 0.0000000000
76943  -27.019  -16.246  10.854 0.0000000000
76928  -28.588  -16.385  11.532 0.0000000000
84199  -25.608  -10.174  6.001 0.0000000000
110418  -26.826  13.693  8.725 0.0000000000
109531  -29.513  12.974  7.928 0.0000000000
109517  -29.756  12.294  8.234 0.0000000000
108571  -29.387  11.533  8.575 0.0000000000
107700  -30.036  10.592  8.887 0.0000000000
104718  -30.002  8.248  9.469 0.0000000000
104732  -29.769  7.720  9.337 0.0000000000
104733  -30.865  7.486  9.203 0.0000000000
104734  -31.746  7.715  8.733 0.0000000000
104735  -32.596  7.690  8.188 0.0000000000
103603  -32.610  6.764  8.376 0.0000000000
102425  -32.583  5.790  8.264 0.0000000000
102442  -33.084  4.979  8.292 0.0000000000
99095  -33.008  2.077  7.921 0.0000000000
96901  -33.246  0.340  7.921 0.0000000000
93475  -30.928  -3.221  7.480 0.0000000000
93476  -32.002  -3.171  7.129 0.0000000000
91122  -32.476  -4.834  3.747 0.0000000000
89927  -27.556  -5.381  6.137 0.0000000000
88719  -27.670  -6.383  5.989 0.0000000000
88720  -28.542  -6.648  6.315 0.0000000000
86399  -31.838  -8.161  3.175 0.0000000000
87556  -32.460  -7.721  3.770 0.0000000000
87557  -32.773  -7.142  3.461 0.0000000000
88743  -32.759  -7.114  4.362 0.0000000000
89932  -33.659  -5.956  5.687 0.0000000000
89933  -34.067  -5.663  6.008 0.0000000000
88725  -33.788  -6.342  6.352 0.0000000000
79457  -27.519  -14.734  9.502 0.0000000000
79476  -26.599  -14.788  8.684 0.0000000000
79477  -27.696  -14.111  8.564 0.0000000000
79478  -28.529  -13.724  8.662 0.0000000000
80673  -29.246  -13.590  8.964 0.0000000000
96886  -29.273  0.549  7.512 0.0000000000
95787  -30.551  -0.419  8.075 0.0000000000
94666  -30.056  -1.173  7.592 0.0000000000
93462  -30.442  -2.184  7.621 0.0000000000
86378  -27.771  -8.316  5.607 0.0000000000
86379  -28.795  -8.487  5.588 0.0000000000
86358  -30.257  -9.284  4.645 0.0000000000
86359  -30.769  -9.168  4.925 0.0000000000
86360  -31.741  -8.420  5.940 0.0000000000
86361  -32.499  -8.174  6.442 0.0000000000
86343  -33.042  -8.279  6.969 0.0000000000
86342  -32.428  -8.486  6.559 0.0000000000
84179  -33.059  -10.321  7.586 0.0000000000
73521  -25.775  -19.253  12.617 0.0000000000
78189  -27.042  -15.222  9.900 0.0000000000
78172  -27.185  -15.727  10.601 0.0000000000
79438  -27.516  -14.942  10.371 0.0000000000
78174  -28.838  -14.921  10.835 0.0000000000
85293  -28.091  -9.064  5.558 0.0000000000
85272  -28.345  -9.722  5.965 0.0000000000
84202  -28.602  -10.479  6.254 0.0000000000
83059  -29.729  -12.126  6.837 0.0000000000
112140  -26.490  15.372  8.425 0.0000000000
110412  -27.040  13.024  8.896 0.0000000000
110419  -27.324  13.325  8.140 0.0000000000
111311  -27.595  14.653  7.281 0.0000000000
112150  -28.111  15.070  6.960 0.0000000000
110450  -30.565  13.745  6.501 0.0000000000
110458  -30.740  13.565  5.532 0.0000000000
110468  -31.138  12.886  5.257 0.0000000000
109553  -31.313  12.245  5.570 0.0000000000
107714  -31.604  10.679  5.596 0.0000000000
107701  -31.112  10.435  8.663 0.0000000000
106794  -30.356  9.093  9.340 0.0000000000
108573  -31.681  10.964  8.213 0.0000000000
108586  -32.127  10.811  7.690 0.0000000000
107712  -32.356  10.408  6.629 0.0000000000
107715  -32.013  10.067  6.072 0.0000000000
106823  -32.117  9.264  5.859 0.0000000000
104749  -32.351  7.621  5.412 0.0000000000
104741  -32.864  7.493  7.291 0.0000000000
104745  -32.747  7.398  6.299 0.0000000000
102439  -29.801  5.078  8.515 0.0000000000
102440  -30.916  5.006  8.600 0.0000000000
102441  -32.001  4.947  8.483 0.0000000000
100228  -32.358  3.365  8.361 0.0000000000
101349  -32.658  4.226  8.291 0.0000000000
101350  -33.387  4.436  7.774 0.0000000000
101366  -33.705  4.647  6.790 0.0000000000
100271  -33.851  4.163  5.803 0.0000000000
96926  -33.182  0.388  4.372 0.0000000000
95824  -32.877  -0.756  4.110 0.0000000000
95788  -31.585  -0.557  8.306 0.0000000000
93465  -32.805  -1.918  6.823 0.0000000000
94684  -33.269  -1.502  5.608 0.0000000000
92288  -27.247  -3.403  6.319 0.0000000000
91088  -29.717  -5.034  6.746 0.0000000000
88740  -30.033  -7.806  5.034 0.0000000000
87554  -30.071  -8.123  2.999 0.0000000000
87540  -30.197  -7.570  3.481 0.0000000000
88741  -30.411  -7.244  4.800 0.0000000000
89951  -30.597  -6.413  5.544 0.0000000000
89952  -31.082  -6.051  4.930 0.0000000000
89967  -32.072  -5.532  3.459 0.0000000000
89983  -33.220  -5.841  3.372 0.0000000000
88773  -33.081  -6.473  3.204 0.0000000000
91123  -33.802  -5.027  4.302 0.0000000000
83056  -26.707  -11.943  6.715 0.0000000000
80708  -27.936  -13.094  7.646 0.0000000000
81907  -29.754  -12.379  7.424 0.0000000000
78155  -27.584  -16.003  10.965 0.0000000000
81917  -27.119  -12.056  6.709 0.0000000000
81919  -30.123  -12.189  6.820 0.0000000000
86411  -31.906  -8.016  2.951 0.0000000000
86423  -31.850  -7.784  2.898 0.0000000000
86424  -32.055  -7.902  2.963 0.0000000000
87570  -32.914  -6.870  3.165 0.0000000000
87580  -32.077  -7.670  2.914 0.0000000000
87581  -32.247  -7.744  2.966 0.0000000000
88739  -27.178  -6.387  5.574 0.0000000000
88758  -32.778  -7.065  3.854 0.0000000000
88759  -33.085  -6.563  3.750 0.0000000000
88772  -32.799  -6.532  2.944 0.0000000000
95785  -28.904  -0.143  7.464 0.0000000000
100270  -33.630  4.401  5.471 0.0000000000
101367  -33.873  4.433  6.173 0.0000000000
101385  -33.881  4.565  5.962 0.0000000000
102426  -32.889  5.876  7.986 0.0000000000
103622  -32.867  6.763  6.120 0.0000000000
104720  -31.074  8.084  9.226 0.0000000000
104742  -32.892  6.887  6.681 0.0000000000
104746  -32.856  6.832  6.348 0.0000000000
105781  -30.191  8.603  9.429 0.0000000000
105782  -30.767  8.592  9.363 0.0000000000
105798  -29.120  8.637  8.711 0.0000000000
105800  -32.135  8.579  8.576 0.0000000000
106793  -29.960  8.958  9.344 0.0000000000
106795  -30.996  9.110  9.282 0.0000000000
107703  -32.342  10.148  7.893 0.0000000000
107711  -31.929  10.910  6.328 0.0000000000
108574  -32.080  10.563  8.084 0.0000000000
108584  -30.819  12.041  7.635 0.0000000000
108590  -32.167  11.022  7.007 0.0000000000
108592  -31.589  11.559  5.935 0.0000000000
109533  -30.965  12.440  7.323 0.0000000000
110436  -31.060  12.748  7.066 0.0000000000
110449  -29.966  14.132  6.663 0.0000000000
110459  -31.090  12.970  5.976 0.0000000000
112149  -27.784  15.146  6.833 0.0000000000
