#!ascii label  , from subject 3068 vox2ras=TkReg
928
48898  24.911  -41.606  90.587 0.0000000000
77460  44.856  -16.225  75.233 0.0000000000
80036  51.728  -13.861  74.650 0.0000000000
60822  46.508  -29.940  80.221 0.0000000000
53421  31.721  -37.616  85.106 0.0000000000
47835  28.932  -41.657  88.419 0.0000000000
81240  47.752  -13.085  75.820 0.0000000000
73309  49.328  -18.966  78.469 0.0000000000
59511  42.709  -31.953  82.174 0.0000000000
53379  36.014  -36.903  86.178 0.0000000000
80163  56.912  -12.407  65.159 0.0000000000
80068  52.626  -14.226  70.774 0.0000000000
65367  43.767  -26.656  78.010 0.0000000000
70087  47.043  -22.617  79.104 0.0000000000
51203  28.446  -39.521  87.775 0.0000000000
47838  27.058  -41.521  90.018 0.0000000000
78700  45.646  -14.742  75.867 0.0000000000
78662  48.434  -15.122  78.218 0.0000000000
76308  47.290  -16.957  77.915 0.0000000000
52387  42.419  -36.588  82.170 0.0000000000
51220  32.007  -39.060  86.857 0.0000000000
53419  34.026  -37.416  85.100 0.0000000000
50128  34.693  -39.021  86.143 0.0000000000
81352  56.089  -12.082  66.858 0.0000000000
78859  55.282  -13.846  65.957 0.0000000000
80138  55.465  -13.703  68.114 0.0000000000
81278  50.781  -13.070  72.967 0.0000000000
80071  50.746  -13.433  71.384 0.0000000000
80046  53.068  -14.109  73.128 0.0000000000
76426  52.605  -15.837  70.510 0.0000000000
76412  51.280  -15.807  71.826 0.0000000000
60782  45.067  -30.868  81.716 0.0000000000
63145  43.908  -29.391  80.887 0.0000000000
65296  45.606  -27.944  81.146 0.0000000000
66486  45.961  -25.336  78.987 0.0000000000
65311  47.095  -26.328  80.383 0.0000000000
143130  48.384  -25.249  79.330 0.0000000000
62078  47.402  -28.799  79.113 0.0000000000
51200  30.282  -39.210  87.576 0.0000000000
81281  47.899  -13.036  72.822 0.0000000000
81237  50.602  -12.749  75.440 0.0000000000
78681  50.169  -14.371  77.626 0.0000000000
74296  50.400  -18.299  77.479 0.0000000000
55686  39.552  -35.044  83.973 0.0000000000
55683  41.859  -34.708  83.483 0.0000000000
55708  43.599  -33.730  81.618 0.0000000000
55766  44.835  -33.136  80.154 0.0000000000
58309  45.350  -32.065  78.630 0.0000000000
54550  37.417  -35.948  84.251 0.0000000000
52325  37.877  -37.136  85.169 0.0000000000
80201  56.655  -12.401  63.018 0.0000000000
80117  53.535  -13.169  68.904 0.0000000000
77531  52.789  -14.643  68.990 0.0000000000
76473  51.645  -15.931  68.577 0.0000000000
73317  46.417  -19.697  77.026 0.0000000000
72246  47.971  -21.101  78.794 0.0000000000
67668  49.682  -24.130  77.691 0.0000000000
46763  24.451  -42.150  90.737 0.0000000000
47824  25.957  -41.963  90.940 0.0000000000
45681  25.839  -43.078  90.835 0.0000000000
78701  45.249  -15.620  75.651 0.0000000000
77445  46.174  -15.674  76.684 0.0000000000
77446  45.842  -16.179  76.488 0.0000000000
50104  33.468  -39.073  86.438 0.0000000000
82476  55.172  -11.936  67.124 0.0000000000
81338  55.893  -13.318  67.512 0.0000000000
81330  55.194  -12.829  68.290 0.0000000000
81249  51.789  -12.951  74.307 0.0000000000
81263  52.007  -13.013  73.594 0.0000000000
78710  52.639  -13.747  74.001 0.0000000000
77486  52.682  -14.470  73.067 0.0000000000
60780  45.861  -30.567  81.239 0.0000000000
63124  45.680  -29.021  81.501 0.0000000000
63141  46.254  -28.600  81.299 0.0000000000
65312  46.437  -26.889  80.607 0.0000000000
63184  47.196  -28.264  80.538 0.0000000000
63182  47.845  -27.737  79.623 0.0000000000
60837  46.924  -29.657  79.592 0.0000000000
51183  29.250  -39.439  88.071 0.0000000000
48956  29.600  -40.112  88.310 0.0000000000
48954  30.469  -39.971  87.782 0.0000000000
81254  46.973  -13.360  74.269 0.0000000000
80059  46.234  -13.761  72.745 0.0000000000
81253  47.707  -13.061  74.793 0.0000000000
81252  48.985  -12.582  74.800 0.0000000000
81238  49.724  -12.455  75.752 0.0000000000
80002  50.457  -13.572  77.069 0.0000000000
81210  49.685  -13.333  77.549 0.0000000000
76305  48.949  -16.985  78.655 0.0000000000
77400  49.845  -16.361  78.091 0.0000000000
74276  49.984  -18.289  78.039 0.0000000000
72281  50.408  -20.610  76.683 0.0000000000
72264  50.406  -20.914  77.515 0.0000000000
53394  40.029  -36.244  84.260 0.0000000000
55684  41.082  -34.734  83.674 0.0000000000
53416  41.109  -35.915  83.540 0.0000000000
53481  43.145  -35.049  81.562 0.0000000000
55745  44.251  -33.544  80.421 0.0000000000
53400  35.345  -37.159  85.878 0.0000000000
54537  35.954  -36.565  84.805 0.0000000000
54519  36.608  -36.606  85.289 0.0000000000
54534  37.874  -35.948  84.728 0.0000000000
53377  37.191  -36.920  86.412 0.0000000000
82490  57.083  -11.687  65.748 0.0000000000
80185  56.531  -12.483  63.940 0.0000000000
77632  54.095  -14.536  66.087 0.0000000000
80069  52.370  -14.033  71.057 0.0000000000
80120  51.219  -14.349  69.436 0.0000000000
80089  52.620  -14.181  69.926 0.0000000000
80119  51.969  -13.878  69.070 0.0000000000
80088  53.019  -13.909  69.463 0.0000000000
78762  53.667  -13.936  68.345 0.0000000000
77522  52.668  -14.780  69.603 0.0000000000
76442  51.419  -15.919  70.305 0.0000000000
76456  52.119  -15.868  69.094 0.0000000000
58250  41.727  -32.524  82.124 0.0000000000
60785  42.584  -31.314  81.263 0.0000000000
64262  43.573  -27.736  79.759 0.0000000000
63203  42.922  -28.547  79.164 0.0000000000
68918  46.765  -23.898  78.994 0.0000000000
68945  45.835  -23.324  77.332 0.0000000000
70095  46.555  -22.479  78.254 0.0000000000
72275  45.917  -20.579  76.767 0.0000000000
72268  46.680  -20.754  78.177 0.0000000000
73293  46.991  -20.160  78.281 0.0000000000
71207  47.339  -21.859  79.101 0.0000000000
64274  48.605  -26.278  78.203 0.0000000000
143129  48.945  -24.793  78.585 0.0000000000
65378  48.905  -25.382  77.201 0.0000000000
66530  48.838  -24.757  76.364 0.0000000000
48936  27.521  -40.964  88.898 0.0000000000
47837  27.938  -41.439  89.872 0.0000000000
45690  27.766  -42.410  88.408 0.0000000000
45692  26.237  -42.469  89.613 0.0000000000
80024  46.572  -13.693  75.716 0.0000000000
79986  47.785  -14.094  77.559 0.0000000000
78682  47.388  -14.777  77.233 0.0000000000
77404  47.518  -16.046  77.943 0.0000000000
75278  48.049  -17.787  78.304 0.0000000000
52329  31.760  -37.882  86.389 0.0000000000
53420  32.797  -37.281  85.236 0.0000000000
52328  32.553  -38.029  86.380 0.0000000000
52327  33.963  -38.016  85.792 0.0000000000
51235  34.868  -38.129  86.534 0.0000000000
50077  35.957  -38.047  86.449 0.0000000000
48992  35.536  -39.121  85.372 0.0000000000
81350  56.873  -12.222  65.841 0.0000000000
78871  56.349  -13.257  65.337 0.0000000000
80155  56.378  -13.176  66.408 0.0000000000
78836  55.817  -14.149  67.357 0.0000000000
77590  54.626  -14.390  67.302 0.0000000000
81290  49.350  -13.192  72.175 0.0000000000
81288  51.214  -13.031  72.145 0.0000000000
80058  52.187  -13.168  72.029 0.0000000000
80056  53.077  -13.913  72.090 0.0000000000
78741  53.092  -14.484  71.385 0.0000000000
77500  53.060  -14.487  72.515 0.0000000000
76411  52.162  -16.143  71.740 0.0000000000
59510  43.799  -31.719  82.056 0.0000000000
60783  43.565  -30.727  81.535 0.0000000000
62017  44.185  -29.611  81.275 0.0000000000
64211  44.840  -28.681  81.097 0.0000000000
65336  44.564  -27.031  80.040 0.0000000000
66502  44.876  -25.653  78.159 0.0000000000
65335  45.556  -26.655  80.263 0.0000000000
66473  46.529  -25.596  79.965 0.0000000000
67642  47.067  -24.978  79.811 0.0000000000
68915  48.076  -23.949  79.643 0.0000000000
65309  48.120  -26.012  79.781 0.0000000000
63202  48.157  -27.583  79.033 0.0000000000
62111  47.844  -28.001  77.999 0.0000000000
51222  28.722  -38.848  86.918 0.0000000000
52308  29.448  -38.530  86.572 0.0000000000
53382  30.826  -38.156  86.113 0.0000000000
51199  31.267  -39.136  87.166 0.0000000000
48975  31.879  -40.160  87.090 0.0000000000
81280  48.871  -12.970  72.945 0.0000000000
81250  50.925  -12.856  74.524 0.0000000000
80021  51.640  -13.362  74.774 0.0000000000
78713  50.333  -14.293  76.103 0.0000000000
77458  49.837  -15.388  76.798 0.0000000000
75332  49.915  -17.090  76.970 0.0000000000
78661  49.286  -14.747  78.102 0.0000000000
76323  50.097  -16.674  78.073 0.0000000000
55710  39.502  -34.618  82.967 0.0000000000
56960  40.257  -34.234  83.054 0.0000000000
58219  41.456  -33.673  82.775 0.0000000000
58198  42.442  -33.432  82.609 0.0000000000
53436  42.269  -35.682  82.850 0.0000000000
55695  43.080  -34.101  82.971 0.0000000000
58216  43.610  -32.676  82.192 0.0000000000
56972  44.117  -32.760  81.445 0.0000000000
58249  45.424  -32.011  81.153 0.0000000000
58265  45.705  -31.796  80.713 0.0000000000
58291  45.920  -31.299  79.509 0.0000000000
57026  45.091  -32.769  79.549 0.0000000000
55687  38.534  -35.459  84.200 0.0000000000
54516  38.906  -35.956  84.501 0.0000000000
51232  39.212  -37.345  84.287 0.0000000000
50099  37.230  -38.005  85.320 0.0000000000
51253  38.726  -37.935  84.175 0.0000000000
82564  57.312  -11.541  62.530 0.0000000000
81332  53.742  -12.785  68.171 0.0000000000
81319  54.464  -12.975  68.468 0.0000000000
77544  54.813  -14.131  68.064 0.0000000000
76470  53.103  -14.817  67.611 0.0000000000
76425  52.509  -15.313  69.943 0.0000000000
76455  52.474  -15.526  68.607 0.0000000000
76490  52.594  -15.466  67.510 0.0000000000
62057  43.016  -29.865  80.406 0.0000000000
74317  45.062  -18.638  75.885 0.0000000000
75334  45.490  -17.806  76.174 0.0000000000
75317  46.528  -17.809  77.179 0.0000000000
74280  47.603  -18.721  78.100 0.0000000000
73290  48.404  -19.750  78.780 0.0000000000
70092  48.609  -23.218  79.359 0.0000000000
71203  49.047  -21.848  78.738 0.0000000000
71226  49.892  -21.783  78.081 0.0000000000
68944  49.993  -22.979  77.285 0.0000000000
59580  46.329  -30.638  79.045 0.0000000000
60866  46.545  -29.668  77.548 0.0000000000
47825  24.989  -41.741  91.059 0.0000000000
47841  24.402  -41.429  90.614 0.0000000000
48897  25.480  -41.669  90.777 0.0000000000
46762  25.475  -42.472  91.074 0.0000000000
77475  44.772  -15.827  75.080 0.0000000000
78685  45.549  -15.803  76.129 0.0000000000
77447  45.364  -16.250  75.793 0.0000000000
81340  55.213  -12.245  67.838 0.0000000000
81341  54.544  -12.300  67.658 0.0000000000
80020  52.663  -13.152  75.077 0.0000000000
81220  52.972  -12.860  74.937 0.0000000000
78711  52.435  -13.169  75.104 0.0000000000
77487  52.305  -14.702  73.683 0.0000000000
77488  51.492  -14.744  74.222 0.0000000000
60803  46.148  -30.268  80.882 0.0000000000
62014  45.852  -29.674  81.249 0.0000000000
62035  46.405  -29.242  80.807 0.0000000000
63164  46.813  -28.373  80.817 0.0000000000
62056  46.922  -28.797  80.307 0.0000000000
48912  28.992  -41.009  88.923 0.0000000000
48934  29.109  -40.501  88.636 0.0000000000
48933  29.561  -41.055  88.643 0.0000000000
47854  29.410  -41.590  88.345 0.0000000000
80037  47.152  -13.314  75.464 0.0000000000
81239  48.610  -12.711  75.770 0.0000000000
81223  49.342  -12.977  76.793 0.0000000000
81224  48.245  -13.165  76.431 0.0000000000
75292  48.823  -17.859  78.827 0.0000000000
75314  49.515  -17.641  78.433 0.0000000000
74297  49.674  -18.294  78.283 0.0000000000
73307  50.097  -19.372  77.477 0.0000000000
73308  49.757  -19.140  78.029 0.0000000000
52322  40.187  -36.502  83.974 0.0000000000
54514  40.542  -35.747  84.061 0.0000000000
52347  40.403  -36.631  83.337 0.0000000000
53380  35.379  -36.848  86.227 0.0000000000
53418  35.220  -37.256  85.131 0.0000000000
53417  35.725  -36.848  85.485 0.0000000000
54520  36.084  -36.618  85.244 0.0000000000
53399  35.899  -36.850  85.848 0.0000000000
53398  36.462  -36.967  85.828 0.0000000000
53378  36.446  -37.227  86.156 0.0000000000
81360  57.195  -12.086  65.384 0.0000000000
82509  57.565  -11.404  65.010 0.0000000000
81370  57.456  -11.989  64.730 0.0000000000
80173  57.040  -12.327  64.496 0.0000000000
80090  51.914  -14.290  70.294 0.0000000000
80067  53.249  -14.032  69.905 0.0000000000
78752  52.658  -14.458  70.610 0.0000000000
75405  50.743  -15.977  69.718 0.0000000000
59527  42.246  -31.982  81.789 0.0000000000
59526  42.956  -31.636  81.777 0.0000000000
65351  43.649  -27.240  79.212 0.0000000000
68925  46.842  -23.223  78.987 0.0000000000
68926  46.613  -23.459  78.604 0.0000000000
70094  46.790  -22.487  78.770 0.0000000000
71228  46.473  -21.571  77.869 0.0000000000
71220  46.694  -21.613  78.523 0.0000000000
71219  46.946  -21.718  78.913 0.0000000000
70086  47.484  -22.774  79.313 0.0000000000
63235  48.215  -27.415  77.548 0.0000000000
64285  48.563  -26.117  77.520 0.0000000000
64286  48.295  -26.695  77.151 0.0000000000
64301  48.151  -26.353  76.373 0.0000000000
47839  26.625  -41.927  89.918 0.0000000000
48914  27.308  -40.931  90.079 0.0000000000
48913  27.792  -41.043  90.098 0.0000000000
46774  26.825  -42.013  89.482 0.0000000000
46759  26.405  -42.091  89.796 0.0000000000
78714  45.368  -14.591  75.210 0.0000000000
80040  45.109  -14.620  74.023 0.0000000000
80025  45.839  -14.076  75.307 0.0000000000
80007  46.143  -14.140  75.974 0.0000000000
80006  46.748  -14.039  76.385 0.0000000000
78699  46.233  -14.425  76.250 0.0000000000
77424  46.683  -16.085  77.237 0.0000000000
77423  47.350  -15.655  77.591 0.0000000000
77405  47.140  -16.517  77.640 0.0000000000
76307  47.718  -16.859  78.314 0.0000000000
52304  32.003  -38.599  86.727 0.0000000000
51238  32.712  -38.730  86.575 0.0000000000
49011  34.323  -39.190  86.172 0.0000000000
51237  33.623  -38.471  86.239 0.0000000000
50103  34.338  -38.880  86.261 0.0000000000
51236  34.729  -38.134  86.017 0.0000000000
50102  34.884  -38.628  85.894 0.0000000000
50078  35.530  -37.971  86.535 0.0000000000
82492  55.808  -11.686  66.436 0.0000000000
82491  56.458  -11.692  66.135 0.0000000000
81351  56.391  -12.578  66.544 0.0000000000
81328  55.659  -13.392  67.839 0.0000000000
78812  56.023  -13.858  67.460 0.0000000000
77613  55.346  -14.356  67.211 0.0000000000
77589  55.183  -14.202  67.610 0.0000000000
81279  49.857  -13.140  73.003 0.0000000000
81289  50.297  -13.011  72.107 0.0000000000
81247  52.859  -13.111  73.439 0.0000000000
81276  52.128  -12.971  72.817 0.0000000000
81261  52.718  -13.281  72.889 0.0000000000
80057  52.700  -13.551  71.996 0.0000000000
80047  52.815  -13.471  72.850 0.0000000000
78732  53.180  -14.332  72.359 0.0000000000
76394  51.942  -15.629  72.502 0.0000000000
76393  52.682  -15.600  72.204 0.0000000000
76428  51.430  -16.074  71.040 0.0000000000
59509  44.281  -31.375  81.866 0.0000000000
60761  44.179  -30.716  81.708 0.0000000000
60760  44.800  -30.636  81.686 0.0000000000
64194  45.559  -28.508  81.388 0.0000000000
63125  45.077  -28.874  81.346 0.0000000000
64232  45.103  -28.265  80.977 0.0000000000
65315  44.725  -27.733  80.649 0.0000000000
65314  45.196  -27.716  80.798 0.0000000000
65313  45.869  -27.263  80.687 0.0000000000
65334  46.202  -26.319  80.291 0.0000000000
65333  46.699  -26.030  80.257 0.0000000000
66459  46.896  -25.201  79.859 0.0000000000
66471  47.157  -25.538  80.119 0.0000000000
66457  47.626  -25.719  80.012 0.0000000000
65310  47.683  -26.186  80.071 0.0000000000
62077  47.683  -28.152  79.304 0.0000000000
62096  47.776  -28.068  78.709 0.0000000000
62097  47.388  -28.697  78.432 0.0000000000
51223  27.995  -39.025  87.131 0.0000000000
51239  28.260  -38.578  86.413 0.0000000000
51201  29.693  -39.142  87.610 0.0000000000
51202  28.912  -39.043  87.423 0.0000000000
52285  29.712  -38.836  87.106 0.0000000000
53383  30.115  -38.248  85.941 0.0000000000
52284  30.246  -38.814  87.097 0.0000000000
52306  30.804  -38.479  86.548 0.0000000000
81282  47.136  -13.282  72.623 0.0000000000
81251  50.063  -12.508  74.738 0.0000000000
81236  51.327  -13.126  74.859 0.0000000000
80022  50.740  -13.525  75.843 0.0000000000
79983  50.201  -13.598  77.602 0.0000000000
78698  50.384  -14.428  76.912 0.0000000000
77444  49.883  -15.650  77.560 0.0000000000
79967  48.299  -14.460  77.915 0.0000000000
79966  48.925  -14.272  77.989 0.0000000000
77421  49.039  -15.499  78.363 0.0000000000
76303  50.149  -17.003  78.050 0.0000000000
75313  50.242  -17.394  77.706 0.0000000000
75331  50.163  -17.283  77.316 0.0000000000
74307  50.573  -17.958  77.194 0.0000000000
55697  39.715  -34.649  83.536 0.0000000000
56974  40.199  -34.203  82.813 0.0000000000
55696  40.199  -34.523  83.797 0.0000000000
56944  41.116  -34.294  83.348 0.0000000000
56943  41.593  -34.246  83.222 0.0000000000
58199  41.904  -33.699  82.878 0.0000000000
56942  42.358  -34.052  83.080 0.0000000000
52366  41.528  -36.579  82.655 0.0000000000
54566  43.357  -34.445  81.835 0.0000000000
54567  42.980  -34.937  82.173 0.0000000000
55694  43.423  -34.017  82.268 0.0000000000
56956  43.277  -33.448  82.372 0.0000000000
56955  43.769  -33.232  82.060 0.0000000000
58215  44.177  -32.263  81.891 0.0000000000
55744  44.565  -32.925  80.595 0.0000000000
56997  45.092  -32.538  80.652 0.0000000000
57008  45.268  -32.416  80.115 0.0000000000
55792  44.863  -33.151  79.883 0.0000000000
53438  33.657  -37.196  84.345 0.0000000000
54569  36.661  -35.972  83.331 0.0000000000
55712  37.638  -35.519  82.948 0.0000000000
55699  37.955  -35.454  83.711 0.0000000000
55711  38.624  -35.117  82.977 0.0000000000
55688  37.991  -35.442  84.220 0.0000000000
54502  37.354  -36.779  85.516 0.0000000000
54517  38.004  -36.152  84.799 0.0000000000
53396  38.117  -36.611  84.920 0.0000000000
53395  39.195  -36.378  84.463 0.0000000000
52324  38.735  -36.981  84.611 0.0000000000
50076  36.552  -38.107  85.963 0.0000000000
50124  39.002  -38.108  83.806 0.0000000000
81397  57.071  -12.237  63.035 0.0000000000
81413  56.788  -12.011  62.615 0.0000000000
81414  56.265  -12.146  62.575 0.0000000000
78858  55.955  -13.487  65.887 0.0000000000
80092  50.188  -14.079  70.731 0.0000000000
80118  52.947  -13.366  68.863 0.0000000000
80140  52.471  -13.345  67.992 0.0000000000
80139  53.056  -12.864  68.348 0.0000000000
81333  53.116  -12.692  67.884 0.0000000000
81320  53.935  -12.953  68.655 0.0000000000
78785  54.483  -13.688  68.184 0.0000000000
77545  54.077  -14.092  67.884 0.0000000000
77562  54.301  -14.124  67.649 0.0000000000
77546  53.220  -14.437  68.040 0.0000000000
76409  53.023  -15.481  71.007 0.0000000000
77523  52.679  -14.809  70.293 0.0000000000
76472  52.331  -15.789  68.238 0.0000000000
76491  51.859  -15.836  67.601 0.0000000000
62018  43.731  -29.985  81.364 0.0000000000
62019  43.297  -30.056  81.073 0.0000000000
63166  43.410  -29.519  80.575 0.0000000000
66501  45.650  -25.369  78.567 0.0000000000
70111  45.637  -22.496  76.954 0.0000000000
73318  45.777  -19.655  76.438 0.0000000000
73326  45.136  -19.540  76.056 0.0000000000
74309  45.681  -18.681  76.193 0.0000000000
75333  46.042  -17.809  76.634 0.0000000000
74300  46.771  -18.728  77.329 0.0000000000
73271  47.586  -20.516  78.735 0.0000000000
73292  47.440  -19.922  78.488 0.0000000000
73291  47.923  -19.788  78.793 0.0000000000
74279  47.956  -18.723  78.375 0.0000000000
72257  48.247  -20.541  78.743 0.0000000000
143131  48.199  -24.733  79.529 0.0000000000
68924  48.383  -23.452  79.434 0.0000000000
70102  48.620  -24.253  79.161 0.0000000000
143126  49.251  -24.809  77.697 0.0000000000
68923  49.264  -24.125  78.472 0.0000000000
70091  49.700  -22.759  78.185 0.0000000000
72255  49.300  -21.334  78.451 0.0000000000
70110  50.063  -22.457  77.453 0.0000000000
67684  49.871  -23.760  77.338 0.0000000000
66543  48.701  -24.646  75.958 0.0000000000
58308  45.679  -31.467  78.708 0.0000000000
47857  26.011  -41.359  89.237 0.0000000000
47823  26.195  -42.125  90.231 0.0000000000
46761  26.195  -42.646  90.943 0.0000000000
78715  44.827  -15.275  74.706 0.0000000000
78684  45.738  -15.459  76.337 0.0000000000
77425  46.179  -16.558  76.850 0.0000000000
50105  32.666  -39.327  86.629 0.0000000000
48995  33.177  -39.600  86.144 0.0000000000
48994  34.107  -39.371  85.982 0.0000000000
82475  55.610  -12.095  67.192 0.0000000000
81339  55.714  -12.664  67.506 0.0000000000
81329  55.527  -13.395  68.093 0.0000000000
81264  51.279  -12.933  73.733 0.0000000000
81248  52.448  -12.988  74.004 0.0000000000
81234  52.653  -13.135  74.036 0.0000000000
80033  52.961  -13.922  73.545 0.0000000000
78721  52.846  -14.116  73.089 0.0000000000
78722  52.661  -14.152  73.714 0.0000000000
60781  45.444  -30.472  81.446 0.0000000000
60759  45.155  -30.442  81.576 0.0000000000
62015  45.555  -29.937  81.335 0.0000000000
63142  46.056  -28.792  81.484 0.0000000000
64209  45.914  -28.215  81.445 0.0000000000
64231  46.088  -27.651  81.004 0.0000000000
64208  46.241  -28.105  81.362 0.0000000000
64230  46.601  -27.656  80.920 0.0000000000
63163  47.300  -27.783  80.610 0.0000000000
64229  47.432  -26.965  80.422 0.0000000000
63183  47.508  -28.116  80.224 0.0000000000
62055  47.382  -28.596  79.719 0.0000000000
51184  28.801  -39.621  88.150 0.0000000000
50037  28.804  -40.034  88.416 0.0000000000
50035  29.738  -39.526  88.081 0.0000000000
50057  30.062  -39.652  88.008 0.0000000000
80048  46.335  -13.577  73.889 0.0000000000
81268  47.234  -13.255  73.553 0.0000000000
81267  48.361  -12.926  73.791 0.0000000000
81222  50.329  -12.889  76.495 0.0000000000
81209  50.140  -13.126  77.372 0.0000000000
79964  50.022  -13.886  77.841 0.0000000000
77402  48.705  -16.117  78.505 0.0000000000
76304  49.626  -17.003  78.346 0.0000000000
75291  50.228  -17.683  78.040 0.0000000000
73316  50.437  -18.906  76.958 0.0000000000
72273  50.476  -20.762  77.164 0.0000000000
71240  50.398  -21.448  76.927 0.0000000000
55675  39.654  -35.365  84.210 0.0000000000
55685  40.422  -34.805  84.020 0.0000000000
55674  40.466  -35.226  84.113 0.0000000000
54533  41.216  -35.251  83.759 0.0000000000
54532  42.174  -35.310  83.373 0.0000000000
53482  42.645  -35.704  81.540 0.0000000000
54588  43.474  -34.439  81.055 0.0000000000
55724  43.876  -33.258  81.002 0.0000000000
54612  43.776  -33.916  80.685 0.0000000000
54635  43.856  -34.020  80.287 0.0000000000
53401  34.530  -37.635  85.594 0.0000000000
54553  35.284  -36.526  83.760 0.0000000000
54552  35.947  -36.322  83.976 0.0000000000
54551  36.696  -36.279  84.148 0.0000000000
54535  37.512  -36.078  84.694 0.0000000000
54518  37.201  -36.646  85.306 0.0000000000
54503  37.179  -36.966  85.960 0.0000000000
53376  37.245  -36.899  85.744 0.0000000000
81381  57.435  -11.935  64.046 0.0000000000
80184  57.101  -12.270  64.039 0.0000000000
77631  54.807  -14.453  66.259 0.0000000000
80070  51.812  -13.613  71.519 0.0000000000
80091  51.074  -13.990  70.540 0.0000000000
80087  53.268  -13.725  68.997 0.0000000000
77530  52.983  -14.307  69.144 0.0000000000
76427  52.167  -16.109  70.870 0.0000000000
76441  51.916  -15.808  70.009 0.0000000000
76457  51.443  -15.870  69.458 0.0000000000
58251  41.423  -33.032  82.074 0.0000000000
63185  43.571  -28.446  80.128 0.0000000000
63186  43.283  -29.070  79.830 0.0000000000
64263  43.167  -27.968  79.444 0.0000000000
64276  42.861  -28.003  78.710 0.0000000000
67659  46.467  -24.376  78.740 0.0000000000
67669  46.230  -24.499  78.389 0.0000000000
68935  46.339  -23.415  77.949 0.0000000000
70103  46.200  -22.473  77.549 0.0000000000
71241  45.614  -21.835  76.560 0.0000000000
71235  45.578  -21.203  76.555 0.0000000000
71234  46.073  -21.552  77.044 0.0000000000
72274  46.412  -20.649  77.475 0.0000000000
73311  46.797  -19.737  77.791 0.0000000000
72260  46.927  -20.854  78.631 0.0000000000
72259  47.264  -21.025  78.828 0.0000000000
72247  47.609  -21.189  78.882 0.0000000000
64260  48.590  -25.794  79.009 0.0000000000
143132  48.802  -24.788  78.816 0.0000000000
143122  48.787  -25.530  78.052 0.0000000000
65365  49.245  -24.872  77.210 0.0000000000
66516  49.569  -24.409  77.152 0.0000000000
65377  49.129  -24.955  76.904 0.0000000000
50059  27.943  -40.058  88.133 0.0000000000
50039  27.628  -40.572  88.553 0.0000000000
50038  28.243  -40.222  88.535 0.0000000000
48935  28.123  -40.995  89.094 0.0000000000
47855  28.326  -41.011  89.062 0.0000000000
47836  28.468  -41.391  88.728 0.0000000000
46772  28.599  -41.880  88.355 0.0000000000
46773  27.898  -42.056  88.580 0.0000000000
45691  27.301  -42.317  88.539 0.0000000000
45680  26.305  -42.976  90.464 0.0000000000
80039  45.681  -13.911  74.411 0.0000000000
80038  46.587  -13.526  74.848 0.0000000000
80023  47.234  -13.472  76.086 0.0000000000
81225  47.699  -13.312  76.274 0.0000000000
80005  47.602  -13.654  76.729 0.0000000000
78663  47.750  -15.092  77.819 0.0000000000
78683  46.599  -15.002  76.638 0.0000000000
78664  47.231  -15.351  77.278 0.0000000000
78645  47.962  -15.472  78.206 0.0000000000
76306  48.286  -16.684  78.496 0.0000000000
76290  48.406  -17.270  78.521 0.0000000000
75276  48.875  -18.052  78.626 0.0000000000
52367  40.488  -36.912  82.665 0.0000000000
53403  31.829  -37.515  86.072 0.0000000000
53402  33.251  -37.577  85.754 0.0000000000
52326  35.057  -37.660  86.065 0.0000000000
52303  35.200  -37.260  86.663 0.0000000000
52279  36.067  -37.570  86.913 0.0000000000
50055  35.672  -37.834  86.901 0.0000000000
50101  35.792  -38.487  85.906 0.0000000000
48991  36.109  -38.889  85.442 0.0000000000
80154  56.666  -12.540  65.794 0.0000000000
80164  56.489  -12.956  65.671 0.0000000000
78846  56.205  -13.426  66.293 0.0000000000
80146  56.230  -13.513  67.146 0.0000000000
78835  56.241  -13.829  66.843 0.0000000000
78847  55.718  -14.040  66.650 0.0000000000
77614  54.917  -14.478  66.811 0.0000000000
77591  53.937  -14.607  67.093 0.0000000000
80072  49.798  -13.523  71.454 0.0000000000
81277  51.588  -13.165  72.963 0.0000000000
81287  51.875  -13.234  72.335 0.0000000000
77514  53.358  -14.924  71.758 0.0000000000
77515  53.181  -15.457  71.829 0.0000000000
77501  52.957  -14.925  72.496 0.0000000000
76410  52.859  -15.992  71.407 0.0000000000
75393  50.794  -15.983  70.403 0.0000000000
60763  43.289  -31.325  81.635 0.0000000000
60762  43.642  -31.076  81.692 0.0000000000
61997  43.816  -30.263  81.501 0.0000000000
63144  44.283  -29.181  81.015 0.0000000000
61995  44.928  -29.864  81.507 0.0000000000
63143  44.719  -28.969  81.154 0.0000000000
64212  44.530  -28.899  80.930 0.0000000000
64248  43.887  -27.961  80.232 0.0000000000
65337  43.895  -27.466  79.844 0.0000000000
65350  44.391  -26.465  78.809 0.0000000000
65366  44.307  -26.192  78.193 0.0000000000
66487  45.080  -25.893  79.161 0.0000000000
66475  45.436  -26.067  79.712 0.0000000000
66474  46.041  -25.677  79.666 0.0000000000
67652  46.605  -24.669  79.227 0.0000000000
67651  46.861  -24.519  79.382 0.0000000000
68917  47.067  -23.773  79.246 0.0000000000
68916  47.582  -23.689  79.496 0.0000000000
68903  47.523  -24.438  79.664 0.0000000000
67640  47.915  -25.038  79.709 0.0000000000
143124  48.303  -25.630  79.498 0.0000000000
64228  47.908  -26.531  79.950 0.0000000000
64246  48.168  -26.805  79.635 0.0000000000
63201  48.428  -26.896  78.849 0.0000000000
63219  48.517  -26.586  78.606 0.0000000000
63220  48.369  -27.271  78.345 0.0000000000
53422  30.746  -37.575  84.953 0.0000000000
53405  30.082  -37.804  85.480 0.0000000000
53404  30.879  -37.840  85.630 0.0000000000
53381  31.165  -37.836  86.065 0.0000000000
52305  31.520  -38.359  86.583 0.0000000000
51198  31.615  -39.007  86.977 0.0000000000
50056  30.729  -39.605  87.532 0.0000000000
50080  31.452  -39.651  87.241 0.0000000000
50079  32.081  -39.571  86.998 0.0000000000
81266  49.433  -12.782  73.866 0.0000000000
81265  50.408  -12.818  73.831 0.0000000000
78724  51.534  -14.276  74.650 0.0000000000
78712  51.146  -14.122  75.289 0.0000000000
80004  48.467  -13.535  77.120 0.0000000000
79965  49.620  -13.952  77.908 0.0000000000
78660  49.842  -14.423  77.970 0.0000000000
77420  49.753  -15.412  78.033 0.0000000000
76345  50.076  -16.633  77.735 0.0000000000
56973  40.790  -33.896  82.740 0.0000000000
56945  40.688  -34.453  83.592 0.0000000000
58220  41.067  -33.919  82.977 0.0000000000
58237  41.226  -33.624  82.655 0.0000000000
58236  41.926  -32.810  82.227 0.0000000000
58218  42.242  -32.905  82.307 0.0000000000
59493  43.061  -32.387  82.383 0.0000000000
53415  41.676  -35.953  83.114 0.0000000000
53456  42.720  -35.453  82.110 0.0000000000
54548  42.781  -34.901  82.655 0.0000000000
55682  42.511  -34.676  83.191 0.0000000000
56957  42.861  -33.603  82.693 0.0000000000
58217  43.020  -33.025  82.327 0.0000000000
59492  43.288  -32.223  82.250 0.0000000000
59491  43.971  -32.038  82.011 0.0000000000
59490  44.312  -31.798  81.880 0.0000000000
59508  44.702  -31.487  81.788 0.0000000000
56984  44.052  -32.858  81.115 0.0000000000
56971  44.617  -32.313  81.476 0.0000000000
59507  45.049  -31.618  81.693 0.0000000000
59524  45.549  -31.314  81.417 0.0000000000
59538  45.918  -31.472  81.097 0.0000000000
59537  46.284  -31.028  80.771 0.0000000000
59549  46.338  -30.848  80.303 0.0000000000
58276  46.126  -31.303  80.089 0.0000000000
57025  45.379  -32.099  79.382 0.0000000000
57049  45.351  -32.112  78.880 0.0000000000
55815  44.878  -33.092  79.453 0.0000000000
57051  44.852  -32.938  78.659 0.0000000000
53439  32.529  -37.584  84.215 0.0000000000
55698  38.774  -35.223  83.651 0.0000000000
55677  38.243  -35.716  84.528 0.0000000000
55676  38.771  -35.615  84.276 0.0000000000
52323  39.685  -36.805  84.180 0.0000000000
52348  39.733  -37.268  83.814 0.0000000000
52301  36.283  -37.411  86.297 0.0000000000
51215  36.961  -37.525  85.700 0.0000000000
51234  37.577  -37.547  85.255 0.0000000000
50098  37.846  -37.831  84.920 0.0000000000
51233  38.399  -37.583  84.569 0.0000000000
81331  54.584  -12.672  68.278 0.0000000000
80115  55.147  -13.559  68.339 0.0000000000
80116  54.167  -13.308  68.462 0.0000000000
78784  54.923  -13.853  68.143 0.0000000000
77563  53.613  -14.464  67.524 0.0000000000
76489  53.167  -14.952  67.322 0.0000000000
76440  52.349  -15.610  69.542 0.0000000000
76439  52.567  -15.160  68.825 0.0000000000
76454  52.764  -15.008  67.841 0.0000000000
76502  52.323  -15.361  66.959 0.0000000000
77461  44.508  -16.602  75.033 0.0000000000
60784  42.985  -30.834  81.300 0.0000000000
60804  42.851  -30.703  81.121 0.0000000000
72283  45.147  -20.594  76.230 0.0000000000
75344  44.473  -17.743  75.121 0.0000000000
75343  44.985  -17.784  75.675 0.0000000000
76358  44.866  -16.940  75.350 0.0000000000
76348  45.502  -16.995  75.940 0.0000000000
76327  46.312  -17.028  77.062 0.0000000000
75316  47.104  -17.778  77.563 0.0000000000
73310  47.221  -19.459  78.102 0.0000000000
74299  47.244  -18.690  77.766 0.0000000000
75294  47.542  -17.753  77.941 0.0000000000
75293  47.844  -17.796  78.215 0.0000000000
74278  48.339  -18.876  78.591 0.0000000000
73289  48.983  -19.847  78.688 0.0000000000
70085  48.099  -22.888  79.470 0.0000000000
71205  48.303  -21.900  79.195 0.0000000000
143135  48.946  -24.262  78.843 0.0000000000
71218  48.914  -22.862  79.271 0.0000000000
72245  48.472  -21.171  78.667 0.0000000000
72244  48.931  -21.338  78.576 0.0000000000
72256  49.206  -20.603  78.469 0.0000000000
72267  49.430  -19.818  78.414 0.0000000000
71225  50.266  -21.363  77.702 0.0000000000
70109  50.161  -22.244  77.223 0.0000000000
70120  49.751  -22.668  76.507 0.0000000000
67699  49.850  -23.793  76.885 0.0000000000
67713  49.553  -23.796  76.385 0.0000000000
59564  46.467  -30.429  79.728 0.0000000000
59579  46.756  -30.073  79.279 0.0000000000
60850  47.124  -29.500  78.892 0.0000000000
59599  46.354  -30.413  78.176 0.0000000000
60865  46.792  -29.316  78.160 0.0000000000
62112  47.420  -28.570  77.642 0.0000000000
45679  26.411  -42.829  90.217 0.0000000000
45705  27.996  -42.694  88.198 0.0000000000
45706  27.651  -42.551  88.262 0.0000000000
46760  26.311  -42.563  90.157 0.0000000000
46771  28.853  -41.879  88.258 0.0000000000
46775  26.277  -42.269  89.776 0.0000000000
46786  28.475  -42.296  88.194 0.0000000000
46787  28.197  -42.484  88.244 0.0000000000
47822  26.475  -41.994  90.039 0.0000000000
47856  28.154  -41.012  89.833 0.0000000000
48911  29.110  -41.304  88.647 0.0000000000
48955  30.162  -40.478  88.154 0.0000000000
49010  34.530  -39.201  86.049 0.0000000000
50036  29.472  -39.732  88.226 0.0000000000
50054  35.740  -37.751  86.853 0.0000000000
50058  29.808  -39.929  88.209 0.0000000000
50075  36.848  -37.939  85.832 0.0000000000
50125  38.109  -38.057  84.410 0.0000000000
50129  34.464  -39.065  86.245 0.0000000000
51181  30.120  -39.441  88.079 0.0000000000
51182  29.664  -39.366  87.948 0.0000000000
51195  36.032  -37.824  86.843 0.0000000000
51196  35.543  -37.922  87.066 0.0000000000
51197  35.332  -37.780  87.114 0.0000000000
51216  36.512  -37.838  86.173 0.0000000000
51217  36.131  -37.881  86.404 0.0000000000
51218  35.354  -38.011  87.178 0.0000000000
51219  35.124  -37.684  86.685 0.0000000000
51221  31.700  -39.319  87.076 0.0000000000
52278  36.044  -37.639  86.509 0.0000000000
52280  35.391  -37.754  86.831 0.0000000000
52281  31.959  -39.071  86.993 0.0000000000
52282  31.494  -38.783  86.865 0.0000000000
52283  30.937  -38.805  87.005 0.0000000000
52299  37.185  -37.134  85.595 0.0000000000
52300  37.078  -37.066  86.332 0.0000000000
52302  36.066  -37.140  86.391 0.0000000000
52307  30.165  -38.544  86.541 0.0000000000
52346  41.182  -36.278  83.133 0.0000000000
52365  42.312  -35.985  82.437 0.0000000000
53393  40.468  -36.207  83.868 0.0000000000
53397  36.894  -37.154  85.975 0.0000000000
53435  42.541  -35.510  82.501 0.0000000000
53455  43.075  -34.981  81.947 0.0000000000
54515  39.806  -35.781  84.322 0.0000000000
54531  42.569  -34.988  83.154 0.0000000000
54536  36.726  -36.363  84.791 0.0000000000
54547  43.242  -34.471  82.296 0.0000000000
54549  42.478  -35.320  83.014 0.0000000000
54565  43.523  -34.060  81.486 0.0000000000
54568  37.298  -35.876  83.699 0.0000000000
54587  43.593  -33.999  81.193 0.0000000000
55693  43.574  -33.705  81.932 0.0000000000
55709  43.464  -34.065  81.913 0.0000000000
55723  44.350  -32.797  80.908 0.0000000000
56958  40.975  -34.122  83.187 0.0000000000
56959  40.629  -34.214  83.236 0.0000000000
56983  44.636  -32.570  81.079 0.0000000000
56985  40.764  -33.750  82.425 0.0000000000
57007  45.610  -31.754  79.945 0.0000000000
58200  41.461  -33.970  83.012 0.0000000000
58233  45.067  -32.024  81.544 0.0000000000
58234  44.653  -32.058  81.725 0.0000000000
58235  42.204  -32.459  82.178 0.0000000000
58264  46.105  -31.370  80.507 0.0000000000
58277  45.721  -31.708  80.351 0.0000000000
59512  42.170  -32.227  82.124 0.0000000000
59523  46.093  -30.987  81.168 0.0000000000
59525  45.172  -31.183  81.668 0.0000000000
59563  46.717  -30.053  79.546 0.0000000000
59598  46.696  -30.002  78.738 0.0000000000
60821  46.912  -29.243  79.935 0.0000000000
60838  46.654  -30.023  79.850 0.0000000000
61993  45.729  -29.459  81.393 0.0000000000
61994  45.402  -29.773  81.410 0.0000000000
61996  44.134  -30.077  81.508 0.0000000000
62016  44.554  -29.390  81.275 0.0000000000
62036  42.990  -30.197  80.830 0.0000000000
62054  47.648  -28.169  79.568 0.0000000000
63123  45.894  -29.199  81.441 0.0000000000
63146  43.388  -29.780  80.897 0.0000000000
63162  47.748  -27.333  80.124 0.0000000000
63165  43.756  -28.816  80.397 0.0000000000
64193  45.986  -28.557  81.506 0.0000000000
64210  45.275  -28.389  81.191 0.0000000000
64227  48.018  -26.204  79.859 0.0000000000
64233  44.774  -28.289  80.862 0.0000000000
64234  44.260  -28.555  80.654 0.0000000000
64245  48.215  -26.218  79.648 0.0000000000
64247  44.426  -27.888  80.567 0.0000000000
64249  43.411  -28.157  79.943 0.0000000000
64261  48.314  -27.055  79.217 0.0000000000
64275  48.490  -26.810  77.751 0.0000000000
64300  48.512  -25.990  76.917 0.0000000000
65297  45.262  -28.111  80.945 0.0000000000
65331  48.330  -25.917  79.512 0.0000000000
65332  46.971  -25.795  80.239 0.0000000000
65389  48.938  -24.836  76.574 0.0000000000
65390  48.603  -25.374  76.416 0.0000000000
66455  48.136  -25.600  79.684 0.0000000000
66456  47.951  -25.627  79.846 0.0000000000
66458  47.092  -25.101  80.073 0.0000000000
66460  46.419  -25.289  79.472 0.0000000000
66472  46.908  -25.377  80.034 0.0000000000
66529  49.312  -24.452  76.527 0.0000000000
66542  49.256  -24.246  76.194 0.0000000000
67639  48.186  -25.162  79.537 0.0000000000
67641  47.361  -25.092  79.861 0.0000000000
67643  46.853  -24.920  79.614 0.0000000000
67644  46.584  -25.006  79.399 0.0000000000
67649  47.216  -25.135  80.174 0.0000000000
67650  47.022  -25.193  79.978 0.0000000000
67685  46.035  -24.259  77.649 0.0000000000
67714  49.258  -24.004  75.918 0.0000000000
68902  47.851  -24.574  79.714 0.0000000000
68904  47.190  -24.351  79.505 0.0000000000
68905  46.976  -24.175  79.291 0.0000000000
68934  49.810  -23.398  77.777 0.0000000000
68943  50.081  -22.653  77.312 0.0000000000
68956  50.105  -22.673  77.069 0.0000000000
68957  49.831  -23.061  76.784 0.0000000000
70084  48.565  -22.613  79.357 0.0000000000
70093  48.436  -23.023  79.438 0.0000000000
70100  50.126  -21.980  77.596 0.0000000000
70101  49.937  -22.565  77.714 0.0000000000
70119  50.052  -22.203  76.690 0.0000000000
71204  48.817  -21.983  78.983 0.0000000000
71206  47.810  -21.914  79.243 0.0000000000
71216  49.645  -22.298  78.291 0.0000000000
71217  49.333  -22.389  78.665 0.0000000000
71227  49.582  -21.509  78.328 0.0000000000
71233  50.362  -21.451  77.370 0.0000000000
72243  49.157  -21.675  78.600 0.0000000000
72258  47.966  -20.275  78.855 0.0000000000
72265  50.211  -20.710  77.776 0.0000000000
72266  49.767  -20.529  78.193 0.0000000000
72284  44.838  -20.145  75.800 0.0000000000
73268  48.893  -20.741  78.522 0.0000000000
73269  48.583  -20.417  78.670 0.0000000000
73270  47.818  -20.580  78.801 0.0000000000
73287  50.203  -18.860  77.454 0.0000000000
73288  50.042  -18.787  77.632 0.0000000000
73306  50.298  -20.322  77.393 0.0000000000
73315  50.266  -19.898  77.003 0.0000000000
73324  50.242  -20.012  76.687 0.0000000000
74260  48.783  -18.239  78.618 0.0000000000
74261  48.553  -18.248  78.549 0.0000000000
74262  48.284  -18.240  78.440 0.0000000000
74275  50.224  -18.527  77.639 0.0000000000
74277  48.841  -18.618  78.670 0.0000000000
74298  49.264  -18.120  78.560 0.0000000000
74308  46.344  -18.719  76.658 0.0000000000
75277  48.460  -17.812  78.471 0.0000000000
75290  50.266  -17.864  77.969 0.0000000000
75315  49.198  -17.594  78.598 0.0000000000
76289  48.730  -17.508  78.596 0.0000000000
76291  47.900  -17.146  78.396 0.0000000000
76324  49.254  -17.283  78.564 0.0000000000
76325  48.806  -17.239  78.833 0.0000000000
76326  46.809  -17.000  77.516 0.0000000000
76346  49.867  -16.456  77.357 0.0000000000
76347  45.932  -17.040  76.509 0.0000000000
76359  44.232  -17.008  74.946 0.0000000000
76471  52.688  -15.288  67.872 0.0000000000
76488  53.480  -14.688  67.417 0.0000000000
77401  49.373  -16.206  78.394 0.0000000000
77403  48.122  -15.885  78.365 0.0000000000
77419  49.936  -16.223  77.773 0.0000000000
77422  48.538  -15.622  78.397 0.0000000000
77443  50.019  -16.322  77.814 0.0000000000
77485  52.848  -14.373  72.761 0.0000000000
77502  52.365  -14.988  72.854 0.0000000000
77561  54.940  -13.971  67.952 0.0000000000
77592  53.586  -14.872  66.892 0.0000000000
78644  48.196  -15.441  78.288 0.0000000000
78696  52.977  -13.320  75.063 0.0000000000
78697  52.873  -13.240  75.392 0.0000000000
78709  52.742  -13.927  73.792 0.0000000000
78723  52.166  -14.042  74.321 0.0000000000
78751  52.732  -14.169  69.686 0.0000000000
78813  55.543  -13.944  67.863 0.0000000000
78848  55.226  -14.274  66.434 0.0000000000
78857  56.303  -13.257  65.810 0.0000000000
79984  49.325  -13.729  77.735 0.0000000000
79985  48.640  -13.889  77.686 0.0000000000
79987  47.253  -14.314  76.900 0.0000000000
80000  53.107  -13.072  75.077 0.0000000000
80001  53.071  -12.991  75.425 0.0000000000
80003  49.141  -13.513  77.376 0.0000000000
80018  52.886  -14.100  73.931 0.0000000000
80019  52.987  -13.286  74.075 0.0000000000
80026  45.338  -14.455  74.758 0.0000000000
80034  52.734  -13.487  73.566 0.0000000000
80035  51.757  -13.452  74.682 0.0000000000
80137  55.768  -13.636  67.753 0.0000000000
80220  56.650  -12.224  62.728 0.0000000000
80221  56.479  -12.349  62.844 0.0000000000
81191  49.960  -13.466  77.780 0.0000000000
81192  49.709  -13.565  77.770 0.0000000000
81221  52.838  -12.898  75.242 0.0000000000
81235  52.373  -12.852  74.985 0.0000000000
81262  52.494  -12.778  73.342 0.0000000000
81275  52.531  -13.038  72.311 0.0000000000
81317  55.333  -13.419  68.365 0.0000000000
81318  55.097  -13.291  68.472 0.0000000000
81382  57.249  -12.104  63.536 0.0000000000
143120  48.701  -25.658  78.289 0.0000000000
143121  48.790  -25.547  77.880 0.0000000000
143123  48.879  -25.159  78.330 0.0000000000
143125  48.768  -25.119  78.674 0.0000000000
143127  48.271  -25.396  79.492 0.0000000000
143128  48.667  -24.983  78.972 0.0000000000
143133  48.121  -24.496  79.601 0.0000000000
143134  48.885  -24.489  78.833 0.0000000000
