#!ascii label  , from subject 3068 vox2ras=TkReg
1129
59556  19.123  -30.482  81.305 0.0000000000
59472  33.403  -28.919  86.171 0.0000000000
83631  40.351  -9.873  67.033 0.0000000000
74365  34.105  -19.030  73.225 0.0000000000
65381  35.643  -24.641  78.725 0.0000000000
90149  49.689  -3.164  60.233 0.0000000000
83558  39.189  -8.687  72.181 0.0000000000
81302  35.065  -11.500  70.974 0.0000000000
62072  14.059  -29.462  79.779 0.0000000000
59513  23.911  -29.673  85.142 0.0000000000
64198  28.804  -27.166  83.234 0.0000000000
60857  21.661  -28.709  79.337 0.0000000000
83699  45.372  -8.241  63.613 0.0000000000
56931  22.040  -32.074  86.894 0.0000000000
63071  18.241  -27.812  87.365 0.0000000000
83595  45.116  -8.470  68.221 0.0000000000
60714  12.848  -29.198  86.155 0.0000000000
56952  8.024  -33.152  84.881 0.0000000000
80010  34.633  -13.763  76.972 0.0000000000
70153  35.396  -21.611  75.785 0.0000000000
65458  31.351  -24.853  74.925 0.0000000000
64281  30.881  -27.102  78.948 0.0000000000
83549  38.689  -8.445  74.677 0.0000000000
83570  36.670  -9.818  72.016 0.0000000000
82431  36.430  -10.063  74.030 0.0000000000
84640  41.113  -7.247  75.128 0.0000000000
60860  18.816  -29.882  78.161 0.0000000000
62107  16.294  -30.023  77.903 0.0000000000
62069  17.339  -28.558  80.201 0.0000000000
58254  22.309  -31.680  81.990 0.0000000000
60826  22.961  -28.916  81.901 0.0000000000
59569  21.267  -31.127  79.646 0.0000000000
59610  20.613  -31.124  77.490 0.0000000000
82518  41.163  -10.582  65.128 0.0000000000
84687  42.164  -8.252  70.409 0.0000000000
83615  42.247  -8.953  67.402 0.0000000000
82516  42.539  -9.690  65.359 0.0000000000
61930  16.617  -28.135  89.623 0.0000000000
61962  14.765  -27.407  86.885 0.0000000000
61944  13.663  -28.680  88.943 0.0000000000
58134  8.651  -32.068  90.749 0.0000000000
58182  9.434  -31.046  87.835 0.0000000000
55668  6.730  -32.855  87.448 0.0000000000
54499  5.191  -34.699  88.023 0.0000000000
54479  4.537  -34.727  89.228 0.0000000000
71243  37.307  -20.716  78.151 0.0000000000
67719  36.021  -23.044  77.476 0.0000000000
67742  33.738  -23.237  75.741 0.0000000000
65414  33.901  -24.658  77.439 0.0000000000
66480  26.570  -25.172  80.568 0.0000000000
64253  29.668  -27.083  80.762 0.0000000000
67673  28.058  -24.256  78.957 0.0000000000
66537  28.934  -24.879  76.562 0.0000000000
76389  33.720  -16.652  75.085 0.0000000000
78737  32.472  -14.337  73.350 0.0000000000
75401  32.513  -18.082  72.019 0.0000000000
93489  51.541  -1.061  57.279 0.0000000000
91274  49.880  -2.552  57.765 0.0000000000
83579  39.966  -8.830  70.174 0.0000000000
83602  38.129  -9.581  69.706 0.0000000000
84659  41.938  -7.733  72.336 0.0000000000
60727  29.773  -28.369  86.585 0.0000000000
61983  30.873  -27.950  84.724 0.0000000000
63132  25.904  -27.209  84.378 0.0000000000
63172  23.945  -26.766  82.001 0.0000000000
63244  23.053  -27.278  78.027 0.0000000000
83657  47.457  -8.277  65.511 0.0000000000
84771  47.628  -7.171  63.733 0.0000000000
86879  47.301  -6.095  61.609 0.0000000000
89058  47.471  -4.948  59.854 0.0000000000
58257  19.655  -31.863  83.080 0.0000000000
62007  18.245  -29.626  83.469 0.0000000000
60712  19.590  -30.334  86.161 0.0000000000
58221  23.674  -32.087  84.778 0.0000000000
82513  45.139  -8.967  65.540 0.0000000000
64202  16.220  -27.032  83.513 0.0000000000
62010  13.713  -29.213  83.479 0.0000000000
59519  11.230  -31.081  83.413 0.0000000000
60697  11.160  -29.551  88.834 0.0000000000
59485  10.581  -30.993  85.702 0.0000000000
52243  2.356  -36.900  90.897 0.0000000000
81228  36.563  -11.771  76.793 0.0000000000
76387  35.226  -17.984  75.776 0.0000000000
73329  36.838  -19.505  76.536 0.0000000000
73375  34.978  -19.740  74.960 0.0000000000
70171  33.935  -21.961  74.135 0.0000000000
67786  31.208  -23.466  72.564 0.0000000000
66627  30.064  -26.005  71.491 0.0000000000
62024  32.102  -29.180  82.836 0.0000000000
62084  32.668  -28.493  79.898 0.0000000000
63254  33.834  -25.895  78.909 0.0000000000
64324  31.885  -26.446  76.301 0.0000000000
65461  29.795  -25.578  73.218 0.0000000000
81272  34.431  -11.958  73.769 0.0000000000
80100  32.926  -13.254  70.596 0.0000000000
83541  38.572  -9.294  76.491 0.0000000000
82429  37.576  -9.494  74.675 0.0000000000
82419  38.068  -9.666  76.297 0.0000000000
83544  39.538  -8.470  76.714 0.0000000000
59571  19.118  -30.616  79.923 0.0000000000
62089  18.068  -29.221  79.220 0.0000000000
60814  17.901  -29.559  81.370 0.0000000000
58270  20.816  -30.919  82.224 0.0000000000
58280  21.412  -30.939  80.683 0.0000000000
58301  20.335  -30.664  80.476 0.0000000000
59591  19.934  -30.951  78.678 0.0000000000
82485  40.953  -10.106  66.499 0.0000000000
83599  41.210  -9.025  68.989 0.0000000000
83598  42.119  -8.566  68.489 0.0000000000
83630  41.335  -9.600  66.983 0.0000000000
83629  41.800  -9.443  66.800 0.0000000000
56916  7.171  -32.547  90.310 0.0000000000
58150  7.941  -32.013  88.907 0.0000000000
56921  7.138  -32.698  89.176 0.0000000000
55669  6.244  -33.462  87.922 0.0000000000
55665  5.703  -33.694  88.863 0.0000000000
54490  5.194  -35.199  88.860 0.0000000000
67702  36.458  -22.947  78.551 0.0000000000
66534  36.115  -23.839  77.960 0.0000000000
66551  35.065  -24.087  77.457 0.0000000000
65396  35.263  -24.920  77.616 0.0000000000
60743  33.844  -28.616  85.435 0.0000000000
66494  25.303  -24.742  79.122 0.0000000000
66492  27.417  -24.559  79.846 0.0000000000
66509  25.764  -24.108  78.627 0.0000000000
68948  26.920  -23.578  77.058 0.0000000000
75382  33.536  -18.305  74.082 0.0000000000
76421  32.774  -17.494  73.338 0.0000000000
89044  49.531  -4.258  61.149 0.0000000000
90141  50.946  -3.396  61.267 0.0000000000
90156  50.244  -2.690  59.715 0.0000000000
92376  50.522  -2.099  59.105 0.0000000000
91272  49.468  -2.691  59.040 0.0000000000
83567  39.537  -8.868  71.198 0.0000000000
83601  39.157  -9.349  69.458 0.0000000000
83568  38.722  -9.580  71.519 0.0000000000
82440  36.012  -10.466  72.015 0.0000000000
82462  36.605  -10.178  70.481 0.0000000000
82450  35.683  -11.069  70.413 0.0000000000
84654  40.610  -7.705  73.539 0.0000000000
84660  40.939  -8.051  72.608 0.0000000000
84671  41.092  -8.084  71.617 0.0000000000
62092  15.200  -29.951  78.804 0.0000000000
62073  13.453  -29.843  80.192 0.0000000000
60750  26.004  -28.867  85.919 0.0000000000
61985  28.014  -27.581  85.489 0.0000000000
62005  25.794  -28.363  85.094 0.0000000000
60841  22.019  -28.963  80.143 0.0000000000
63173  23.352  -27.465  82.254 0.0000000000
62087  22.522  -27.812  80.437 0.0000000000
64255  23.639  -26.245  80.937 0.0000000000
62104  21.633  -27.732  78.877 0.0000000000
60875  21.233  -29.374  77.630 0.0000000000
70198  32.832  -21.779  71.409 0.0000000000
83682  46.405  -8.242  64.468 0.0000000000
84743  47.593  -7.939  64.766 0.0000000000
84773  45.978  -7.982  63.643 0.0000000000
87943  46.381  -6.389  61.543 0.0000000000
87966  46.041  -5.711  60.087 0.0000000000
87954  47.965  -5.179  60.948 0.0000000000
56949  20.835  -32.274  84.896 0.0000000000
59500  19.682  -31.126  84.703 0.0000000000
58181  20.562  -31.541  86.778 0.0000000000
56947  22.139  -32.395  85.571 0.0000000000
58223  21.859  -32.320  84.031 0.0000000000
83626  46.001  -8.594  66.934 0.0000000000
82480  45.170  -8.951  66.645 0.0000000000
82554  42.799  -9.519  64.177 0.0000000000
63090  18.311  -28.538  85.588 0.0000000000
63115  17.755  -28.382  83.794 0.0000000000
63101  16.803  -27.150  85.249 0.0000000000
61973  13.888  -29.111  85.939 0.0000000000
61989  14.355  -28.246  85.037 0.0000000000
60733  13.133  -29.500  85.128 0.0000000000
60776  12.487  -29.982  83.429 0.0000000000
59483  11.560  -30.110  84.763 0.0000000000
60687  10.333  -28.677  89.661 0.0000000000
56939  8.372  -32.165  86.552 0.0000000000
58194  9.757  -31.532  86.885 0.0000000000
56950  9.217  -32.025  85.354 0.0000000000
58228  10.123  -32.120  84.440 0.0000000000
76361  35.349  -16.910  77.219 0.0000000000
71257  36.228  -21.203  76.561 0.0000000000
72296  36.831  -20.187  77.059 0.0000000000
72310  36.322  -20.356  76.139 0.0000000000
73357  36.123  -19.891  75.930 0.0000000000
71285  35.447  -20.837  75.522 0.0000000000
71299  34.602  -20.882  73.794 0.0000000000
70170  34.556  -21.582  74.645 0.0000000000
66573  32.492  -24.268  75.423 0.0000000000
67769  32.434  -23.044  74.350 0.0000000000
66597  31.852  -23.846  74.463 0.0000000000
66612  30.627  -24.314  72.903 0.0000000000
65472  30.665  -24.800  74.017 0.0000000000
62004  29.282  -27.427  84.186 0.0000000000
62002  31.272  -28.747  83.759 0.0000000000
62026  30.082  -28.129  82.763 0.0000000000
64268  30.130  -27.107  79.620 0.0000000000
63192  30.883  -28.150  80.001 0.0000000000
63211  31.963  -27.488  79.776 0.0000000000
63226  33.590  -27.341  79.723 0.0000000000
63242  32.058  -26.767  78.548 0.0000000000
63256  32.609  -25.805  78.482 0.0000000000
64311  31.685  -26.894  77.031 0.0000000000
67743  28.095  -23.646  74.873 0.0000000000
66554  29.513  -24.885  74.745 0.0000000000
81229  35.829  -12.636  76.893 0.0000000000
81243  36.056  -12.081  75.782 0.0000000000
80042  34.132  -13.106  75.175 0.0000000000
77536  31.354  -15.091  71.561 0.0000000000
80082  32.027  -13.800  72.200 0.0000000000
93488  52.152  -0.575  56.658 0.0000000000
83553  38.929  -8.607  73.343 0.0000000000
83559  38.348  -9.433  72.566 0.0000000000
83554  37.892  -9.257  73.833 0.0000000000
82434  36.976  -9.874  73.535 0.0000000000
82436  36.208  -10.606  72.817 0.0000000000
84631  41.283  -7.483  76.417 0.0000000000
84650  39.700  -8.274  75.094 0.0000000000
62106  17.247  -29.333  78.133 0.0000000000
62091  16.338  -29.120  78.884 0.0000000000
62049  15.992  -28.201  80.806 0.0000000000
59530  23.340  -30.723  82.505 0.0000000000
60793  23.878  -29.222  83.594 0.0000000000
59543  22.670  -31.055  81.477 0.0000000000
59553  22.159  -30.573  80.569 0.0000000000
59588  20.914  -29.943  79.551 0.0000000000
59609  21.160  -30.707  77.860 0.0000000000
59590  20.977  -31.211  78.894 0.0000000000
60877  19.321  -30.439  77.751 0.0000000000
84789  43.936  -7.976  62.169 0.0000000000
59432  21.632  -31.684  88.349 0.0000000000
84668  43.473  -7.623  70.614 0.0000000000
84706  43.919  -7.897  68.904 0.0000000000
83614  43.432  -8.757  67.659 0.0000000000
82481  44.266  -8.909  66.876 0.0000000000
82471  42.998  -9.223  67.173 0.0000000000
82517  41.871  -10.344  65.250 0.0000000000
61940  17.679  -28.227  88.551 0.0000000000
63083  16.749  -27.358  87.393 0.0000000000
61942  15.597  -27.817  88.639 0.0000000000
61952  14.198  -27.885  87.849 0.0000000000
61953  13.697  -28.868  87.994 0.0000000000
59421  10.283  -31.059  89.657 0.0000000000
58149  8.802  -31.515  89.639 0.0000000000
56926  7.954  -31.868  88.015 0.0000000000
56933  7.515  -32.460  86.981 0.0000000000
55672  6.272  -33.541  86.923 0.0000000000
70124  36.263  -21.726  77.714 0.0000000000
68989  35.692  -22.222  76.435 0.0000000000
68990  34.924  -22.213  76.236 0.0000000000
67740  34.991  -22.719  76.919 0.0000000000
66552  34.218  -23.838  76.881 0.0000000000
65434  32.584  -24.561  76.234 0.0000000000
65320  27.785  -25.782  82.123 0.0000000000
64237  29.279  -27.021  81.884 0.0000000000
65341  28.679  -25.741  80.764 0.0000000000
65357  28.906  -25.654  79.720 0.0000000000
65372  29.652  -26.272  78.282 0.0000000000
65384  29.680  -26.186  77.471 0.0000000000
66522  28.984  -24.837  77.919 0.0000000000
68974  27.745  -23.638  75.893 0.0000000000
77479  33.735  -15.682  76.119 0.0000000000
80043  33.237  -13.703  74.872 0.0000000000
77497  32.603  -15.390  74.435 0.0000000000
77526  31.635  -15.992  72.501 0.0000000000
93486  51.580  -1.039  58.478 0.0000000000
92379  50.807  -1.309  57.935 0.0000000000
83600  40.197  -9.398  69.231 0.0000000000
83647  39.260  -9.953  66.641 0.0000000000
83618  39.334  -9.557  68.497 0.0000000000
83581  38.001  -9.858  70.751 0.0000000000
83621  36.809  -10.415  68.851 0.0000000000
85685  41.847  -6.814  75.283 0.0000000000
85695  42.423  -6.737  74.287 0.0000000000
85711  42.712  -7.010  72.508 0.0000000000
84670  42.047  -8.078  71.346 0.0000000000
84688  41.137  -8.421  70.574 0.0000000000
60726  30.867  -28.657  86.273 0.0000000000
60745  32.205  -28.687  85.165 0.0000000000
60747  30.234  -28.169  85.698 0.0000000000
63111  28.339  -27.449  84.643 0.0000000000
63131  27.527  -27.062  84.261 0.0000000000
62027  24.030  -28.109  84.095 0.0000000000
63152  25.215  -26.234  83.943 0.0000000000
64219  26.269  -25.872  83.483 0.0000000000
65321  25.781  -25.673  81.461 0.0000000000
65343  24.842  -25.704  80.756 0.0000000000
65375  23.561  -25.757  78.198 0.0000000000
85808  48.623  -6.605  63.465 0.0000000000
85824  46.285  -7.012  62.441 0.0000000000
85823  47.143  -6.716  62.630 0.0000000000
85821  48.798  -6.161  62.764 0.0000000000
86877  48.459  -5.336  61.802 0.0000000000
89045  49.026  -4.753  60.892 0.0000000000
89056  48.711  -3.745  60.216 0.0000000000
90158  48.883  -3.047  59.224 0.0000000000
58283  19.481  -30.711  82.169 0.0000000000
60795  18.410  -30.387  82.685 0.0000000000
59532  18.826  -30.971  83.131 0.0000000000
60732  19.134  -30.002  85.553 0.0000000000
61950  19.021  -29.038  87.012 0.0000000000
59434  20.600  -30.670  87.706 0.0000000000
61939  18.694  -28.474  87.873 0.0000000000
61917  18.358  -29.114  89.950 0.0000000000
59457  32.048  -29.241  87.050 0.0000000000
59475  30.475  -28.841  87.115 0.0000000000
59477  28.017  -28.893  87.371 0.0000000000
59496  25.463  -29.694  85.817 0.0000000000
59480  25.160  -31.422  85.753 0.0000000000
59498  24.294  -31.374  84.852 0.0000000000
58238  22.844  -31.630  82.938 0.0000000000
58256  20.403  -32.005  82.641 0.0000000000
83609  47.504  -8.270  67.191 0.0000000000
83659  45.944  -8.732  65.875 0.0000000000
83684  44.715  -8.620  64.346 0.0000000000
82498  44.427  -9.398  66.172 0.0000000000
83685  43.773  -8.998  64.311 0.0000000000
83701  43.838  -8.603  63.636 0.0000000000
62029  17.707  -28.963  82.077 0.0000000000
63156  16.570  -27.910  82.442 0.0000000000
63177  15.302  -27.912  81.987 0.0000000000
63102  15.767  -27.317  85.580 0.0000000000
63137  14.924  -27.626  83.653 0.0000000000
62031  13.585  -29.055  82.145 0.0000000000
60815  13.028  -29.994  81.647 0.0000000000
59533  11.705  -30.732  81.925 0.0000000000
60685  12.628  -28.614  89.020 0.0000000000
60704  12.260  -29.758  87.614 0.0000000000
59450  10.825  -30.317  87.330 0.0000000000
59466  11.305  -29.768  85.548 0.0000000000
59503  11.126  -30.871  84.366 0.0000000000
53336  3.255  -35.853  90.626 0.0000000000
81226  38.057  -10.578  77.309 0.0000000000
77450  34.425  -15.072  77.690 0.0000000000
77478  34.216  -16.358  76.720 0.0000000000
76388  34.590  -17.725  75.355 0.0000000000
75381  34.435  -18.462  74.328 0.0000000000
74331  36.473  -18.905  76.059 0.0000000000
74346  35.469  -18.920  74.961 0.0000000000
74364  34.596  -19.397  73.788 0.0000000000
72340  34.420  -20.240  73.266 0.0000000000
71300  33.830  -21.000  73.461 0.0000000000
69037  32.626  -22.129  72.350 0.0000000000
69012  33.980  -22.370  74.776 0.0000000000
67784  32.731  -22.601  74.020 0.0000000000
67795  31.590  -23.163  72.019 0.0000000000
67796  31.370  -24.095  71.512 0.0000000000
66626  30.892  -25.243  71.500 0.0000000000
64279  35.586  -26.068  79.501 0.0000000000
60769  32.711  -28.791  84.365 0.0000000000
60790  33.241  -28.429  83.503 0.0000000000
62042  33.811  -28.459  82.091 0.0000000000
62045  31.319  -28.388  81.397 0.0000000000
62064  32.810  -28.965  80.870 0.0000000000
62082  34.390  -28.619  80.658 0.0000000000
63208  34.159  -28.106  79.920 0.0000000000
63238  34.761  -26.642  79.207 0.0000000000
64291  34.834  -26.238  78.624 0.0000000000
64308  33.682  -25.483  78.063 0.0000000000
64322  32.811  -25.094  77.551 0.0000000000
64338  31.852  -25.675  76.230 0.0000000000
65399  30.495  -26.339  76.329 0.0000000000
65437  30.766  -25.614  75.001 0.0000000000
65459  30.692  -25.335  74.593 0.0000000000
65474  30.100  -26.030  72.852 0.0000000000
81242  36.685  -10.960  75.638 0.0000000000
81271  35.124  -11.074  74.123 0.0000000000
81285  34.387  -11.571  72.669 0.0000000000
80053  33.065  -13.695  73.717 0.0000000000
80063  33.535  -12.609  72.729 0.0000000000
80080  33.490  -12.503  71.224 0.0000000000
90165  49.025  -3.700  57.675 0.0000000000
83540  38.937  -9.160  77.176 0.0000000000
60829  18.389  -30.096  80.672 0.0000000000
58282  20.067  -30.552  81.582 0.0000000000
59555  19.678  -30.583  80.633 0.0000000000
82503  40.243  -10.062  65.919 0.0000000000
83616  41.250  -9.295  67.857 0.0000000000
56922  6.622  -33.049  89.280 0.0000000000
55664  6.350  -33.517  88.752 0.0000000000
55657  6.136  -33.147  89.338 0.0000000000
66520  36.054  -24.102  78.624 0.0000000000
66521  35.761  -24.564  78.337 0.0000000000
66535  35.770  -24.241  77.826 0.0000000000
65382  35.478  -25.093  78.442 0.0000000000
59471  34.272  -28.716  86.081 0.0000000000
59495  33.781  -28.763  85.852 0.0000000000
66510  25.108  -24.997  78.214 0.0000000000
66523  25.314  -24.221  77.718 0.0000000000
75389  34.078  -18.703  73.722 0.0000000000
75390  33.383  -18.382  73.280 0.0000000000
89055  49.598  -3.639  60.724 0.0000000000
89054  50.024  -3.380  60.833 0.0000000000
90157  49.808  -2.833  59.624 0.0000000000
82441  35.723  -11.037  71.280 0.0000000000
81321  34.869  -11.424  69.942 0.0000000000
84661  39.806  -7.925  72.861 0.0000000000
84672  40.091  -8.113  71.846 0.0000000000
62071  15.428  -28.745  79.803 0.0000000000
60831  13.413  -30.039  79.879 0.0000000000
60770  25.496  -28.763  85.464 0.0000000000
60771  24.715  -29.030  85.318 0.0000000000
62068  22.382  -28.490  80.550 0.0000000000
62088  21.930  -28.150  79.872 0.0000000000
62103  22.237  -27.578  79.656 0.0000000000
60874  21.506  -28.647  78.451 0.0000000000
70199  32.425  -22.386  70.843 0.0000000000
83683  45.749  -8.380  64.254 0.0000000000
84760  46.267  -8.191  64.208 0.0000000000
56938  20.983  -32.238  85.658 0.0000000000
58205  20.470  -31.906  85.385 0.0000000000
58192  20.893  -31.908  86.384 0.0000000000
56936  22.234  -32.270  86.464 0.0000000000
56948  21.386  -32.441  85.272 0.0000000000
84705  44.909  -7.809  68.685 0.0000000000
83594  45.784  -8.383  68.054 0.0000000000
83627  45.286  -8.753  67.194 0.0000000000
83628  44.815  -8.773  67.346 0.0000000000
63081  18.435  -28.241  86.706 0.0000000000
63100  17.746  -27.842  84.894 0.0000000000
63091  17.665  -27.627  85.975 0.0000000000
60755  12.412  -29.919  84.453 0.0000000000
60734  12.096  -29.482  85.354 0.0000000000
59406  9.960  -29.684  90.270 0.0000000000
58195  9.158  -31.901  86.257 0.0000000000
56951  8.715  -32.408  85.462 0.0000000000
56964  9.365  -32.371  84.809 0.0000000000
71269  36.327  -20.753  76.417 0.0000000000
71270  35.959  -21.013  76.083 0.0000000000
72311  35.739  -20.327  75.833 0.0000000000
70169  35.163  -21.212  75.188 0.0000000000
66598  30.946  -24.332  74.139 0.0000000000
63129  29.387  -27.474  83.306 0.0000000000
64216  29.134  -27.264  82.766 0.0000000000
63212  31.297  -27.513  79.436 0.0000000000
63229  31.532  -27.156  78.662 0.0000000000
63228  32.228  -27.197  79.215 0.0000000000
63243  31.617  -26.955  78.194 0.0000000000
64294  31.852  -26.711  77.860 0.0000000000
64295  31.017  -27.219  77.819 0.0000000000
80009  35.382  -13.423  77.015 0.0000000000
81244  35.279  -12.627  76.110 0.0000000000
80028  34.224  -13.640  76.204 0.0000000000
82430  37.216  -9.806  74.226 0.0000000000
83555  37.356  -9.688  73.600 0.0000000000
82435  36.606  -10.168  73.076 0.0000000000
82432  36.160  -10.397  73.424 0.0000000000
83545  39.211  -8.633  75.905 0.0000000000
84642  39.740  -8.371  75.581 0.0000000000
84655  39.797  -8.297  74.025 0.0000000000
62090  17.433  -28.998  79.307 0.0000000000
62070  16.589  -28.410  79.851 0.0000000000
62048  16.937  -28.115  80.745 0.0000000000
58253  22.871  -31.410  82.324 0.0000000000
58299  21.272  -31.079  80.119 0.0000000000
59554  21.698  -30.833  80.443 0.0000000000
59568  21.418  -30.682  80.082 0.0000000000
59567  21.494  -30.001  80.102 0.0000000000
59589  21.425  -30.818  79.075 0.0000000000
60859  19.298  -30.453  78.355 0.0000000000
84669  42.864  -7.609  71.062 0.0000000000
84686  43.003  -8.105  70.161 0.0000000000
84707  43.083  -8.325  69.258 0.0000000000
83597  43.180  -8.586  68.374 0.0000000000
82501  41.736  -10.200  65.918 0.0000000000
61941  16.808  -27.851  88.883 0.0000000000
63074  16.297  -27.806  88.410 0.0000000000
61943  14.523  -28.214  88.856 0.0000000000
59408  9.298  -31.537  90.580 0.0000000000
59422  9.659  -31.317  90.075 0.0000000000
56927  7.434  -32.274  88.084 0.0000000000
58167  7.940  -31.906  88.309 0.0000000000
55671  6.995  -33.154  86.445 0.0000000000
54488  5.725  -33.907  88.219 0.0000000000
54498  5.716  -34.034  87.436 0.0000000000
53348  4.921  -35.651  89.513 0.0000000000
53334  4.255  -35.368  89.742 0.0000000000
68960  36.343  -22.517  78.166 0.0000000000
68961  36.130  -22.616  77.524 0.0000000000
70125  36.162  -22.274  77.121 0.0000000000
68972  35.950  -22.564  76.996 0.0000000000
68973  35.506  -22.534  76.819 0.0000000000
67720  35.532  -23.205  77.340 0.0000000000
65413  34.754  -24.589  77.431 0.0000000000
66553  33.737  -24.211  76.684 0.0000000000
65433  33.341  -24.408  76.652 0.0000000000
66466  26.837  -25.242  81.610 0.0000000000
65319  28.301  -25.775  81.721 0.0000000000
66479  27.511  -24.820  81.015 0.0000000000
66508  27.922  -24.309  79.309 0.0000000000
66491  28.305  -24.927  80.363 0.0000000000
66507  28.435  -24.778  79.151 0.0000000000
65356  29.605  -26.277  79.199 0.0000000000
65373  29.138  -25.618  78.690 0.0000000000
65385  29.283  -25.744  77.912 0.0000000000
67706  27.519  -23.735  76.664 0.0000000000
77495  33.591  -16.141  75.512 0.0000000000
77480  33.078  -15.123  75.345 0.0000000000
76390  33.249  -16.157  74.571 0.0000000000
76435  32.332  -17.695  72.663 0.0000000000
76422  32.114  -16.534  73.232 0.0000000000
76436  32.109  -16.987  72.174 0.0000000000
92380  50.356  -1.923  58.416 0.0000000000
92384  50.224  -1.955  57.258 0.0000000000
91277  50.001  -2.851  56.620 0.0000000000
83619  38.308  -9.559  68.709 0.0000000000
83620  37.435  -9.933  68.903 0.0000000000
83569  37.779  -9.987  71.809 0.0000000000
82463  36.291  -10.558  69.898 0.0000000000
83604  36.635  -10.450  69.360 0.0000000000
82472  36.169  -10.557  68.916 0.0000000000
82487  36.273  -10.589  67.705 0.0000000000
85673  41.989  -6.815  76.031 0.0000000000
84653  41.536  -7.498  73.198 0.0000000000
85704  42.043  -7.119  73.735 0.0000000000
85712  42.244  -7.318  73.052 0.0000000000
85703  42.598  -7.011  73.367 0.0000000000
84658  42.462  -7.257  71.751 0.0000000000
84689  40.374  -8.467  71.076 0.0000000000
83578  40.830  -8.949  69.767 0.0000000000
60748  28.957  -27.724  86.102 0.0000000000
63113  26.390  -27.725  85.006 0.0000000000
63112  27.107  -27.133  85.095 0.0000000000
60811  23.442  -29.024  82.593 0.0000000000
62028  23.526  -28.179  83.249 0.0000000000
63153  24.108  -26.904  83.474 0.0000000000
64220  25.149  -26.031  83.279 0.0000000000
64239  25.674  -25.698  82.646 0.0000000000
64240  25.100  -26.584  82.155 0.0000000000
64270  23.266  -26.202  79.898 0.0000000000
64269  23.907  -25.605  80.622 0.0000000000
65360  23.544  -25.916  79.036 0.0000000000
64283  23.301  -26.564  78.578 0.0000000000
59631  20.994  -30.836  76.578 0.0000000000
83623  48.189  -8.221  66.435 0.0000000000
84758  47.638  -7.601  64.285 0.0000000000
84742  48.310  -7.586  64.942 0.0000000000
84757  48.424  -7.087  64.123 0.0000000000
84770  48.091  -6.856  63.692 0.0000000000
85825  45.062  -7.346  61.980 0.0000000000
85811  46.159  -7.541  62.964 0.0000000000
86880  46.827  -6.380  61.651 0.0000000000
86866  46.575  -6.608  61.974 0.0000000000
86865  47.344  -6.452  62.106 0.0000000000
85822  47.951  -6.410  62.757 0.0000000000
86864  48.089  -6.125  62.195 0.0000000000
86863  48.852  -5.661  62.389 0.0000000000
86878  47.963  -5.630  61.712 0.0000000000
87964  47.640  -5.027  60.178 0.0000000000
89046  48.564  -4.996  60.918 0.0000000000
89057  48.046  -4.655  60.173 0.0000000000
58272  19.342  -31.086  82.844 0.0000000000
58258  19.372  -31.354  83.510 0.0000000000
59482  19.781  -31.114  85.748 0.0000000000
60752  19.387  -30.680  84.780 0.0000000000
61961  18.878  -29.376  86.144 0.0000000000
61949  19.494  -29.659  86.700 0.0000000000
59433  21.134  -31.117  88.092 0.0000000000
60684  19.995  -29.927  89.334 0.0000000000
61927  19.457  -29.327  88.642 0.0000000000
61916  19.193  -29.451  89.590 0.0000000000
61928  18.422  -29.019  88.978 0.0000000000
59474  31.475  -28.924  86.755 0.0000000000
60730  26.348  -29.144  86.634 0.0000000000
58202  24.269  -32.166  85.568 0.0000000000
59481  24.659  -31.749  85.308 0.0000000000
59515  23.488  -31.262  83.823 0.0000000000
58222  22.922  -32.151  84.075 0.0000000000
56976  20.835  -32.226  83.761 0.0000000000
58240  21.146  -32.242  83.363 0.0000000000
58271  20.069  -30.873  82.697 0.0000000000
82479  45.635  -8.786  66.535 0.0000000000
83645  46.089  -8.663  66.433 0.0000000000
83669  45.576  -8.666  65.111 0.0000000000
82531  44.970  -8.900  65.210 0.0000000000
82499  43.411  -9.452  66.120 0.0000000000
82515  43.532  -9.431  65.479 0.0000000000
83686  42.913  -9.342  63.863 0.0000000000
82553  43.284  -9.278  64.318 0.0000000000
83702  43.032  -9.048  63.471 0.0000000000
60774  18.130  -29.919  83.037 0.0000000000
60796  17.960  -29.786  82.354 0.0000000000
62008  17.694  -29.314  83.081 0.0000000000
64201  16.666  -27.291  83.718 0.0000000000
63135  16.973  -27.815  83.353 0.0000000000
64222  16.105  -27.383  82.840 0.0000000000
63176  15.828  -28.043  81.747 0.0000000000
63136  15.607  -27.292  83.215 0.0000000000
63093  15.503  -27.215  86.797 0.0000000000
63103  14.834  -27.845  85.864 0.0000000000
61990  14.045  -29.191  84.794 0.0000000000
62009  14.212  -28.268  84.101 0.0000000000
62030  14.151  -28.211  82.855 0.0000000000
60797  12.914  -29.514  82.744 0.0000000000
59518  11.748  -30.564  82.911 0.0000000000
60798  12.302  -30.142  82.317 0.0000000000
59534  11.339  -31.290  82.475 0.0000000000
60686  11.538  -28.526  89.247 0.0000000000
60696  11.980  -29.180  88.440 0.0000000000
60705  11.646  -30.160  88.035 0.0000000000
58165  9.336  -30.907  88.926 0.0000000000
59436  10.265  -30.972  88.636 0.0000000000
59468  10.287  -30.881  86.552 0.0000000000
59467  10.909  -30.144  86.271 0.0000000000
59484  11.105  -30.687  85.278 0.0000000000
58207  10.667  -31.425  84.921 0.0000000000
54470  3.598  -34.720  90.524 0.0000000000
54460  3.444  -34.487  91.096 0.0000000000
53322  2.580  -35.756  91.093 0.0000000000
52242  2.916  -36.501  91.153 0.0000000000
79990  36.766  -12.734  78.475 0.0000000000
77449  35.111  -15.694  78.333 0.0000000000
77463  34.389  -16.033  77.401 0.0000000000
77462  34.938  -16.406  77.933 0.0000000000
76373  35.052  -17.713  76.342 0.0000000000
75373  34.760  -18.163  74.882 0.0000000000
75372  35.396  -18.460  75.320 0.0000000000
73328  36.989  -19.701  77.030 0.0000000000
74330  36.596  -19.398  76.181 0.0000000000
73358  35.483  -19.828  75.578 0.0000000000
74345  35.853  -19.289  75.565 0.0000000000
74355  35.358  -19.580  75.171 0.0000000000
74356  35.041  -19.164  74.427 0.0000000000
73376  34.867  -19.630  74.119 0.0000000000
72328  34.928  -20.169  74.181 0.0000000000
70184  34.238  -21.332  73.734 0.0000000000
70185  33.524  -21.652  73.235 0.0000000000
69027  33.072  -22.440  73.191 0.0000000000
68991  34.336  -22.490  75.700 0.0000000000
69011  34.566  -22.126  75.401 0.0000000000
67767  33.900  -22.789  75.532 0.0000000000
67785  32.085  -22.960  73.148 0.0000000000
66642  29.706  -25.860  70.848 0.0000000000
60746  31.272  -28.536  85.412 0.0000000000
61982  31.601  -28.750  84.638 0.0000000000
60791  32.616  -29.118  83.470 0.0000000000
62023  32.833  -28.878  82.854 0.0000000000
60810  33.318  -28.404  82.661 0.0000000000
62043  32.933  -28.852  81.982 0.0000000000
63171  29.843  -27.827  81.293 0.0000000000
62085  32.106  -27.767  80.255 0.0000000000
62065  32.153  -28.255  80.853 0.0000000000
62063  33.724  -29.068  81.163 0.0000000000
62083  33.566  -29.040  80.007 0.0000000000
63209  33.708  -28.361  79.595 0.0000000000
63240  33.399  -26.083  79.717 0.0000000000
63225  34.330  -27.018  79.861 0.0000000000
63239  34.222  -26.474  79.216 0.0000000000
64280  35.178  -26.466  79.020 0.0000000000
64292  34.327  -25.971  78.601 0.0000000000
64307  34.541  -25.659  78.202 0.0000000000
64310  32.417  -26.353  77.437 0.0000000000
64309  32.821  -25.560  77.927 0.0000000000
64323  32.382  -25.753  76.764 0.0000000000
64339  31.909  -25.965  76.258 0.0000000000
65400  29.711  -25.866  76.526 0.0000000000
65383  30.368  -26.524  77.141 0.0000000000
65438  30.075  -25.358  74.302 0.0000000000
65419  30.225  -25.688  75.482 0.0000000000
65460  30.343  -25.544  73.883 0.0000000000
81227  37.255  -10.706  76.928 0.0000000000
81257  35.031  -12.226  74.998 0.0000000000
81256  35.844  -11.220  74.891 0.0000000000
81284  34.858  -10.880  73.116 0.0000000000
78728  32.545  -14.665  74.570 0.0000000000
80101  32.099  -13.794  71.188 0.0000000000
80081  32.720  -13.199  71.788 0.0000000000
93492  51.961  -0.375  55.448 0.0000000000
94593  52.783  0.145  54.860 0.0000000000
83546  38.277  -8.957  75.656 0.0000000000
83550  37.854  -8.930  74.855 0.0000000000
82424  37.657  -9.400  75.464 0.0000000000
82425  37.169  -9.739  75.124 0.0000000000
59592  19.080  -30.482  78.919 0.0000000000
62105  18.056  -29.312  78.567 0.0000000000
60843  18.409  -29.819  79.411 0.0000000000
60830  17.836  -29.311  80.240 0.0000000000
58269  21.437  -31.229  81.577 0.0000000000
58281  20.877  -30.794  81.128 0.0000000000
58300  20.984  -31.361  80.022 0.0000000000
58321  20.671  -31.182  79.294 0.0000000000
59570  19.930  -30.477  79.830 0.0000000000
82502  41.059  -10.367  65.878 0.0000000000
84708  42.163  -8.388  69.483 0.0000000000
82484  41.529  -9.940  66.451 0.0000000000
61919  16.544  -28.389  90.433 0.0000000000
61931  15.563  -28.135  89.690 0.0000000000
61920  15.586  -28.354  90.608 0.0000000000
55663  6.705  -32.931  88.323 0.0000000000
54489  5.401  -34.245  88.502 0.0000000000
54478  4.948  -34.052  88.719 0.0000000000
54468  4.649  -33.796  89.509 0.0000000000
67688  36.371  -23.430  78.678 0.0000000000
67703  36.263  -23.294  78.005 0.0000000000
67704  35.964  -23.507  77.703 0.0000000000
65412  35.087  -24.593  77.458 0.0000000000
65342  25.571  -25.427  80.167 0.0000000000
66493  26.135  -24.592  79.666 0.0000000000
67662  26.892  -24.195  79.517 0.0000000000
67674  27.414  -24.045  78.951 0.0000000000
67689  28.152  -24.243  78.336 0.0000000000
67675  26.640  -23.708  78.463 0.0000000000
67691  26.225  -23.806  77.502 0.0000000000
76404  33.663  -17.715  74.369 0.0000000000
76405  32.966  -16.499  74.012 0.0000000000
76420  33.103  -18.143  73.912 0.0000000000
75391  32.584  -18.034  72.922 0.0000000000
87951  49.847  -4.419  61.798 0.0000000000
89043  50.346  -3.817  61.540 0.0000000000
92375  51.221  -1.697  59.308 0.0000000000
91270  50.602  -2.341  59.679 0.0000000000
91271  49.954  -2.407  58.986 0.0000000000
83580  38.930  -9.388  70.488 0.0000000000
83582  36.939  -9.962  71.023 0.0000000000
82449  36.127  -10.233  70.984 0.0000000000
82464  35.510  -10.884  69.405 0.0000000000
84649  40.423  -7.715  74.607 0.0000000000
84648  41.264  -7.269  74.103 0.0000000000
62108  15.671  -30.475  78.278 0.0000000000
60832  12.787  -30.427  80.270 0.0000000000
60749  27.514  -27.922  86.265 0.0000000000
61986  26.728  -27.748  85.622 0.0000000000
60827  22.788  -29.322  80.907 0.0000000000
62046  23.289  -28.282  82.354 0.0000000000
62067  22.734  -28.187  81.435 0.0000000000
63195  23.379  -27.162  81.003 0.0000000000
63194  23.740  -26.531  81.411 0.0000000000
63214  22.822  -27.205  80.001 0.0000000000
63230  22.616  -27.121  79.031 0.0000000000
63231  22.191  -27.433  78.106 0.0000000000
62119  21.678  -28.092  77.577 0.0000000000
62120  21.702  -28.785  76.711 0.0000000000
70197  33.245  -21.354  72.187 0.0000000000
83668  46.683  -8.279  64.939 0.0000000000
83667  47.514  -8.142  65.076 0.0000000000
84759  46.824  -7.957  64.409 0.0000000000
84772  46.869  -7.563  63.736 0.0000000000
86867  45.768  -6.679  61.781 0.0000000000
87957  45.857  -6.408  61.259 0.0000000000
87955  47.110  -5.664  60.886 0.0000000000
87965  46.996  -5.331  59.835 0.0000000000
58225  20.309  -32.069  84.459 0.0000000000
58242  19.614  -31.884  84.021 0.0000000000
58226  20.022  -31.726  84.773 0.0000000000
58206  20.031  -31.503  85.365 0.0000000000
59465  20.131  -31.064  86.572 0.0000000000
58203  23.075  -32.330  85.294 0.0000000000
58204  22.362  -32.312  84.745 0.0000000000
56962  21.287  -32.353  84.424 0.0000000000
83611  46.093  -8.407  67.600 0.0000000000
82497  45.292  -9.036  66.125 0.0000000000
82534  42.666  -9.620  64.667 0.0000000000
63099  18.344  -28.683  84.591 0.0000000000
63116  16.933  -27.369  84.183 0.0000000000
63117  15.878  -26.780  84.305 0.0000000000
61963  14.205  -27.872  86.622 0.0000000000
61972  14.203  -28.475  85.642 0.0000000000
60754  13.215  -29.661  84.129 0.0000000000
60775  13.075  -29.586  83.465 0.0000000000
59502  11.751  -30.414  83.889 0.0000000000
60675  11.395  -28.501  90.288 0.0000000000
58183  8.971  -31.753  87.211 0.0000000000
58209  9.185  -31.948  85.676 0.0000000000
58208  9.734  -31.568  85.568 0.0000000000
76351  35.325  -16.466  78.099 0.0000000000
76360  36.042  -17.256  77.640 0.0000000000
75347  35.721  -17.568  76.567 0.0000000000
75359  35.799  -17.875  76.015 0.0000000000
71256  36.389  -20.859  77.053 0.0000000000
71255  36.783  -20.485  77.591 0.0000000000
72297  36.640  -20.329  76.508 0.0000000000
73341  36.734  -19.880  76.254 0.0000000000
74344  36.384  -19.648  75.987 0.0000000000
72327  35.091  -20.242  75.331 0.0000000000
71286  35.035  -20.810  74.783 0.0000000000
67768  33.184  -22.885  74.957 0.0000000000
66596  32.681  -23.411  74.884 0.0000000000
66611  31.235  -23.474  73.299 0.0000000000
66613  30.473  -25.754  72.427 0.0000000000
62003  30.216  -28.042  83.770 0.0000000000
62025  31.075  -28.557  82.572 0.0000000000
63193  30.072  -27.978  80.234 0.0000000000
63213  30.592  -27.705  79.702 0.0000000000
62086  31.561  -27.765  80.027 0.0000000000
63210  32.450  -27.602  79.744 0.0000000000
62102  32.880  -27.868  79.342 0.0000000000
63227  32.786  -26.888  79.866 0.0000000000
63241  32.513  -26.085  79.290 0.0000000000
63255  33.131  -25.548  78.898 0.0000000000
64293  32.319  -26.307  78.327 0.0000000000
66555  28.863  -24.391  75.342 0.0000000000
66536  29.435  -25.178  75.706 0.0000000000
66575  28.691  -24.293  74.127 0.0000000000
66574  29.297  -24.866  73.532 0.0000000000
66616  28.639  -25.039  72.122 0.0000000000
81258  34.235  -12.426  74.578 0.0000000000
78748  31.488  -14.982  72.397 0.0000000000
80065  32.239  -14.090  72.615 0.0000000000
78758  31.581  -14.309  71.759 0.0000000000
93493  51.365  -1.021  56.062 0.0000000000
83560  37.262  -9.705  72.868 0.0000000000
82439  36.429  -10.238  72.533 0.0000000000
81295  35.074  -11.012  72.024 0.0000000000
84641  40.196  -8.083  75.800 0.0000000000
62123  16.794  -30.429  77.429 0.0000000000
59514  24.385  -30.268  83.966 0.0000000000
60772  23.846  -29.366  84.656 0.0000000000
59529  24.085  -30.035  83.037 0.0000000000
60794  23.698  -29.758  82.651 0.0000000000
60812  23.167  -29.682  81.969 0.0000000000
58268  21.962  -31.117  81.115 0.0000000000
59552  22.705  -30.057  80.574 0.0000000000
60828  22.197  -29.752  80.245 0.0000000000
60842  21.579  -29.421  79.744 0.0000000000
60858  21.348  -29.356  78.879 0.0000000000
59608  20.744  -29.996  78.628 0.0000000000
84774  44.861  -7.910  62.926 0.0000000000
84788  44.482  -7.747  62.175 0.0000000000
58179  22.023  -31.228  87.009 0.0000000000
58162  22.661  -32.043  88.029 0.0000000000
85739  43.948  -7.335  70.628 0.0000000000
84685  43.845  -7.738  69.913 0.0000000000
83596  44.183  -8.468  68.291 0.0000000000
83613  44.368  -8.685  67.561 0.0000000000
82470  43.694  -8.841  67.166 0.0000000000
82482  43.179  -9.328  66.690 0.0000000000
82500  42.438  -9.717  66.006 0.0000000000
82483  42.257  -9.526  66.622 0.0000000000
82535  41.946  -10.299  64.486 0.0000000000
63072  17.717  -27.730  87.782 0.0000000000
63082  17.739  -27.319  86.974 0.0000000000
63073  16.853  -27.827  88.163 0.0000000000
63084  15.987  -27.728  87.819 0.0000000000
61951  14.974  -27.546  87.488 0.0000000000
61964  13.507  -28.599  86.945 0.0000000000
60703  12.838  -29.207  87.220 0.0000000000
59407  10.156  -31.006  90.883 0.0000000000
58148  9.506  -31.221  89.547 0.0000000000
58166  8.497  -31.510  88.265 0.0000000000
56932  8.094  -31.946  87.489 0.0000000000
56940  7.864  -32.847  86.001 0.0000000000
55679  6.444  -33.851  85.779 0.0000000000
70114  36.548  -22.019  78.436 0.0000000000
70123  36.749  -21.177  78.274 0.0000000000
70137  36.257  -21.453  76.912 0.0000000000
70138  36.115  -21.846  76.603 0.0000000000
67741  34.286  -22.921  76.403 0.0000000000
67721  34.780  -23.262  77.147 0.0000000000
66571  33.887  -23.486  76.199 0.0000000000
66572  33.303  -23.944  75.702 0.0000000000
65457  31.981  -24.511  75.472 0.0000000000
65301  27.990  -26.197  82.346 0.0000000000
64217  28.447  -26.911  82.623 0.0000000000
64238  28.681  -26.408  82.008 0.0000000000
65318  29.008  -26.409  81.236 0.0000000000
65340  29.288  -26.435  80.195 0.0000000000
64282  30.314  -26.716  78.636 0.0000000000
64296  30.169  -26.704  77.847 0.0000000000
65401  29.286  -25.519  77.275 0.0000000000
67705  28.137  -24.316  77.192 0.0000000000
67722  28.168  -23.872  76.035 0.0000000000
78717  33.742  -14.466  76.308 0.0000000000
80029  33.603  -13.817  75.679 0.0000000000
78718  33.236  -14.539  75.520 0.0000000000
78738  32.272  -14.998  73.648 0.0000000000
76406  32.349  -16.101  73.602 0.0000000000
77518  32.083  -15.607  73.142 0.0000000000
92388  50.440  -2.396  56.111 0.0000000000
83617  40.301  -9.526  68.201 0.0000000000
83632  39.377  -9.749  67.530 0.0000000000
83633  38.443  -9.783  67.837 0.0000000000
83603  37.131  -10.176  69.854 0.0000000000
83635  36.974  -10.247  68.372 0.0000000000
85696  41.782  -6.926  74.493 0.0000000000
85725  43.029  -6.836  71.727 0.0000000000
84709  41.511  -8.608  69.829 0.0000000000
59473  32.431  -29.012  86.392 0.0000000000
60724  32.740  -28.791  85.807 0.0000000000
60725  31.843  -28.772  85.979 0.0000000000
61984  29.422  -27.870  84.928 0.0000000000
63130  28.645  -26.939  83.956 0.0000000000
64199  27.914  -27.154  83.397 0.0000000000
60792  24.194  -28.795  84.517 0.0000000000
62006  24.839  -28.182  84.683 0.0000000000
63133  24.585  -27.501  84.314 0.0000000000
63154  23.462  -27.686  82.879 0.0000000000
64200  27.102  -26.552  83.900 0.0000000000
64218  27.512  -26.430  83.074 0.0000000000
65302  27.252  -25.699  82.514 0.0000000000
65303  26.465  -25.454  82.397 0.0000000000
64254  24.312  -26.198  81.366 0.0000000000
65359  24.320  -25.239  79.406 0.0000000000
65374  24.260  -25.316  77.841 0.0000000000
60876  21.137  -30.162  76.820 0.0000000000
73385  34.049  -19.378  72.762 0.0000000000
85795  49.408  -6.728  64.033 0.0000000000
85812  45.530  -7.702  62.909 0.0000000000
85810  46.963  -7.114  63.163 0.0000000000
85809  47.697  -6.703  63.308 0.0000000000
85807  49.579  -6.331  63.071 0.0000000000
85820  49.337  -6.024  62.706 0.0000000000
87942  49.319  -5.523  62.438 0.0000000000
87953  48.911  -5.087  61.841 0.0000000000
87952  49.506  -4.773  61.819 0.0000000000
90150  49.142  -3.176  60.265 0.0000000000
89065  48.359  -3.469  59.370 0.0000000000
60813  18.427  -30.178  81.789 0.0000000000
59544  18.853  -30.746  82.299 0.0000000000
60773  18.687  -30.222  83.552 0.0000000000
59517  19.184  -30.992  84.004 0.0000000000
60753  19.070  -30.266  84.613 0.0000000000
61987  18.593  -29.439  84.123 0.0000000000
61971  18.587  -29.478  85.151 0.0000000000
58180  21.156  -31.626  87.204 0.0000000000
59449  20.733  -31.050  87.275 0.0000000000
60702  20.246  -30.219  87.125 0.0000000000
60683  20.516  -30.632  89.145 0.0000000000
60694  20.300  -30.241  88.295 0.0000000000
61938  19.584  -29.445  87.614 0.0000000000
61929  17.562  -28.502  89.419 0.0000000000
61918  17.543  -28.598  90.486 0.0000000000
63053  17.183  -28.444  90.957 0.0000000000
59455  34.022  -28.926  86.508 0.0000000000
59476  29.306  -28.906  87.253 0.0000000000
60728  28.495  -28.368  86.731 0.0000000000
60729  27.206  -28.718  86.687 0.0000000000
60751  25.241  -29.471  85.622 0.0000000000
59479  25.578  -29.945  86.581 0.0000000000
59497  24.560  -30.064  85.582 0.0000000000
58239  22.089  -32.179  83.049 0.0000000000
58255  21.330  -31.885  82.372 0.0000000000
83646  39.803  -9.908  66.347 0.0000000000
84722  48.078  -7.954  67.257 0.0000000000
83643  47.528  -8.383  66.098 0.0000000000
83625  46.852  -8.485  66.832 0.0000000000
83644  46.808  -8.511  66.282 0.0000000000
83658  46.679  -8.473  65.653 0.0000000000
83700  44.757  -8.369  63.630 0.0000000000
82514  44.481  -9.326  65.561 0.0000000000
82533  43.665  -9.297  64.829 0.0000000000
82532  44.538  -9.141  65.152 0.0000000000
83670  44.629  -8.901  64.861 0.0000000000
84775  43.917  -8.355  62.849 0.0000000000
62047  17.477  -28.700  81.110 0.0000000000
63134  17.330  -28.464  82.763 0.0000000000
63155  17.171  -28.377  81.865 0.0000000000
63174  17.143  -28.188  81.315 0.0000000000
63175  16.609  -28.104  81.507 0.0000000000
62050  14.704  -28.455  81.361 0.0000000000
63092  16.730  -27.037  86.369 0.0000000000
63118  14.970  -27.662  84.770 0.0000000000
63158  15.030  -27.832  82.590 0.0000000000
62051  13.569  -29.501  80.883 0.0000000000
60816  12.287  -30.483  81.322 0.0000000000
59545  11.980  -31.124  81.177 0.0000000000
60695  12.879  -29.171  88.209 0.0000000000
60715  11.785  -29.364  86.484 0.0000000000
59420  10.216  -29.925  89.187 0.0000000000
59435  10.944  -30.563  88.372 0.0000000000
59451  10.239  -30.870  87.596 0.0000000000
60716  11.561  -30.068  87.163 0.0000000000
58227  10.519  -31.462  83.865 0.0000000000
58244  10.913  -31.872  82.941 0.0000000000
54469  4.150  -34.542  90.082 0.0000000000
53335  3.687  -35.720  90.309 0.0000000000
52252  3.632  -36.364  90.479 0.0000000000
53321  3.005  -35.607  90.913 0.0000000000
82414  38.536  -10.155  77.244 0.0000000000
80008  35.851  -13.254  77.380 0.0000000000
79993  35.024  -13.937  77.462 0.0000000000
78689  34.510  -14.361  77.449 0.0000000000
77464  33.853  -15.037  77.139 0.0000000000
76375  33.733  -16.449  75.833 0.0000000000
76362  34.565  -16.571  76.908 0.0000000000
76374  34.147  -16.990  76.377 0.0000000000
76403  34.373  -18.044  74.723 0.0000000000
74357  34.408  -18.855  73.958 0.0000000000
74321  36.531  -18.553  76.448 0.0000000000
75358  36.233  -18.374  75.973 0.0000000000
75371  36.062  -18.779  75.686 0.0000000000
75380  35.205  -18.724  74.680 0.0000000000
73384  34.441  -19.674  73.243 0.0000000000
73392  34.234  -19.958  72.730 0.0000000000
71311  33.954  -20.583  73.238 0.0000000000
71312  33.432  -20.832  72.630 0.0000000000
70186  33.010  -21.959  72.574 0.0000000000
69038  32.114  -22.512  71.757 0.0000000000
70154  34.874  -21.854  75.576 0.0000000000
69013  33.290  -22.421  74.189 0.0000000000
69026  33.580  -22.168  73.903 0.0000000000
69028  32.442  -22.452  72.648 0.0000000000
69039  31.746  -23.247  71.196 0.0000000000
67810  31.364  -24.843  71.019 0.0000000000
66625  31.193  -24.713  71.864 0.0000000000
66640  31.038  -25.160  70.326 0.0000000000
65371  35.483  -25.552  79.012 0.0000000000
60723  33.390  -28.770  85.756 0.0000000000
60744  33.068  -28.672  85.217 0.0000000000
60768  33.522  -28.415  84.558 0.0000000000
62001  32.045  -29.272  83.947 0.0000000000
60789  34.103  -28.146  83.820 0.0000000000
62041  34.537  -28.002  82.395 0.0000000000
63151  29.703  -27.641  82.327 0.0000000000
63150  30.450  -28.164  81.871 0.0000000000
63170  30.612  -28.288  80.849 0.0000000000
62044  32.086  -28.679  81.744 0.0000000000
62061  35.204  -27.928  81.928 0.0000000000
62081  35.122  -28.316  81.074 0.0000000000
63224  35.129  -26.753  79.789 0.0000000000
64290  35.329  -25.964  78.679 0.0000000000
64306  35.063  -25.609  78.166 0.0000000000
65397  34.707  -25.246  77.683 0.0000000000
65398  34.257  -25.314  77.827 0.0000000000
64321  33.352  -24.953  77.583 0.0000000000
65416  32.328  -24.930  76.922 0.0000000000
65435  31.732  -25.062  76.208 0.0000000000
64312  30.995  -26.799  76.820 0.0000000000
64325  31.485  -26.772  76.432 0.0000000000
65417  31.552  -26.317  75.924 0.0000000000
65436  31.487  -25.859  75.649 0.0000000000
65473  30.425  -25.340  73.427 0.0000000000
66614  30.153  -26.092  72.237 0.0000000000
65475  29.382  -25.821  72.305 0.0000000000
65485  29.796  -26.128  72.104 0.0000000000
66628  29.512  -25.930  71.067 0.0000000000
82415  37.900  -10.196  76.783 0.0000000000
82421  36.684  -9.999  75.571 0.0000000000
82426  36.682  -10.071  74.906 0.0000000000
81269  36.068  -10.172  74.327 0.0000000000
81283  35.624  -10.614  73.349 0.0000000000
80052  33.839  -12.973  74.113 0.0000000000
80064  32.644  -13.721  72.741 0.0000000000
81296  34.246  -11.784  71.673 0.0000000000
81303  34.286  -12.039  70.553 0.0000000000
91275  49.413  -2.887  58.287 0.0000000000
91278  49.352  -3.137  57.053 0.0000000000
52241  3.105  -36.342  91.020 0.0000000000
53320  3.235  -35.260  90.585 0.0000000000
56917  6.534  -32.602  89.745 0.0000000000
56937  21.546  -32.246  86.240 0.0000000000
56961  21.798  -32.387  84.801 0.0000000000
56963  20.784  -32.180  84.166 0.0000000000
56975  21.087  -32.172  83.926 0.0000000000
58163  21.870  -31.762  87.732 0.0000000000
58164  21.453  -31.465  87.490 0.0000000000
58191  21.506  -31.944  86.997 0.0000000000
58193  20.226  -31.602  86.107 0.0000000000
58224  21.354  -32.265  83.924 0.0000000000
58241  20.312  -32.259  83.592 0.0000000000
58243  19.385  -31.447  83.915 0.0000000000
58279  21.796  -30.889  80.668 0.0000000000
58322  20.412  -30.807  79.632 0.0000000000
59448  21.062  -31.140  87.543 0.0000000000
59494  34.052  -28.709  85.827 0.0000000000
59499  23.561  -31.707  84.392 0.0000000000
59501  19.353  -30.749  84.501 0.0000000000
59516  19.461  -31.393  84.148 0.0000000000
59531  22.870  -31.329  82.001 0.0000000000
59542  22.921  -30.303  81.241 0.0000000000
60713  19.279  -29.858  86.000 0.0000000000
60731  19.426  -30.612  85.278 0.0000000000
60844  17.975  -29.290  79.575 0.0000000000
61960  19.346  -29.792  86.236 0.0000000000
61981  32.150  -28.953  84.573 0.0000000000
61988  18.139  -29.136  83.659 0.0000000000
62062  34.592  -28.649  81.524 0.0000000000
62066  31.457  -28.135  80.550 0.0000000000
62101  33.269  -28.422  79.443 0.0000000000
63094  14.800  -27.600  86.568 0.0000000000
63114  18.340  -28.834  83.994 0.0000000000
63157  15.737  -27.679  82.429 0.0000000000
63191  35.258  -27.812  81.313 0.0000000000
64186  16.758  -27.174  84.028 0.0000000000
64187  16.523  -26.931  83.965 0.0000000000
64197  29.114  -27.308  83.127 0.0000000000
64221  16.513  -27.477  83.178 0.0000000000
64267  30.716  -27.370  79.401 0.0000000000
65322  25.081  -26.112  81.444 0.0000000000
65358  25.331  -25.007  79.626 0.0000000000
65415  33.010  -24.695  77.145 0.0000000000
65418  31.173  -26.473  75.810 0.0000000000
66449  27.290  -25.544  82.165 0.0000000000
66450  27.086  -25.415  82.149 0.0000000000
66464  28.033  -25.452  81.649 0.0000000000
66465  27.583  -25.445  81.817 0.0000000000
66478  28.162  -25.190  81.318 0.0000000000
66599  29.118  -25.077  72.509 0.0000000000
67663  26.546  -23.998  79.138 0.0000000000
67690  27.357  -23.715  77.772 0.0000000000
67723  27.691  -23.679  76.132 0.0000000000
68962  26.962  -23.559  76.510 0.0000000000
68992  27.746  -23.588  75.565 0.0000000000
71244  36.598  -20.964  77.808 0.0000000000
73340  36.895  -20.021  76.607 0.0000000000
77451  34.173  -14.699  77.354 0.0000000000
77496  33.194  -15.700  74.984 0.0000000000
77510  32.925  -15.856  74.353 0.0000000000
77511  32.476  -15.666  73.916 0.0000000000
77519  31.643  -15.304  72.615 0.0000000000
77527  31.339  -15.333  72.118 0.0000000000
77535  31.397  -15.904  71.436 0.0000000000
78702  34.102  -14.297  76.970 0.0000000000
78729  32.392  -15.156  74.173 0.0000000000
78746  32.361  -14.221  72.820 0.0000000000
78747  31.958  -14.635  72.653 0.0000000000
78759  31.382  -14.784  72.034 0.0000000000
78776  31.441  -14.721  71.525 0.0000000000
79992  35.610  -13.847  77.632 0.0000000000
80027  34.955  -13.265  76.402 0.0000000000
80041  34.720  -12.960  75.774 0.0000000000
81215  36.065  -12.928  77.475 0.0000000000
81230  35.426  -13.038  76.556 0.0000000000
81241  36.744  -10.203  76.155 0.0000000000
81255  36.189  -10.406  74.730 0.0000000000
81270  35.778  -10.404  74.154 0.0000000000
81294  35.627  -10.729  72.655 0.0000000000
82420  37.211  -9.730  76.165 0.0000000000
82448  36.519  -10.012  70.814 0.0000000000
82469  44.099  -8.707  67.181 0.0000000000
83561  36.680  -9.924  72.633 0.0000000000
83571  36.272  -10.083  71.659 0.0000000000
83583  36.455  -9.908  71.436 0.0000000000
83612  45.271  -8.658  67.691 0.0000000000
83624  47.713  -8.388  66.756 0.0000000000
83671  44.184  -9.138  64.796 0.0000000000
84744  47.156  -8.047  64.843 0.0000000000
87944  46.148  -6.492  61.664 0.0000000000
93481  51.716  -1.228  59.214 0.0000000000
