#!ascii label  , from subject 3068 vox2ras=TkReg
1079
64401  29.975  -27.056  70.008 0.0000000000
82614  43.907  -11.044  59.497 0.0000000000
77604  35.377  -15.649  67.008 0.0000000000
57021  10.718  -33.398  80.568 0.0000000000
65386  24.241  -25.314  77.173 0.0000000000
82507  36.391  -10.940  66.467 0.0000000000
58363  18.432  -32.365  76.289 0.0000000000
57015  15.777  -34.371  79.122 0.0000000000
58392  22.485  -32.468  74.239 0.0000000000
84815  48.762  -10.237  58.863 0.0000000000
69048  32.162  -22.942  70.491 0.0000000000
70226  35.107  -22.310  67.962 0.0000000000
64380  36.421  -27.442  71.092 0.0000000000
87975  45.565  -6.638  59.198 0.0000000000
88006  48.381  -6.762  55.547 0.0000000000
82556  41.313  -10.766  63.560 0.0000000000
80208  45.211  -13.854  62.268 0.0000000000
78922  39.231  -13.975  62.364 0.0000000000
76517  39.690  -16.267  65.836 0.0000000000
60924  28.715  -31.071  73.899 0.0000000000
53473  8.925  -37.338  83.078 0.0000000000
52361  4.597  -37.160  85.271 0.0000000000
52265  3.561  -37.163  89.911 0.0000000000
66601  26.760  -25.146  72.940 0.0000000000
62136  26.255  -30.769  75.288 0.0000000000
77551  31.506  -15.910  70.115 0.0000000000
73405  38.466  -19.264  68.599 0.0000000000
92391  50.520  -2.708  54.981 0.0000000000
83746  46.281  -10.581  58.983 0.0000000000
82584  46.834  -12.240  60.730 0.0000000000
66639  31.523  -25.048  69.766 0.0000000000
66650  34.043  -25.554  68.820 0.0000000000
64383  33.370  -28.303  70.347 0.0000000000
85840  43.456  -8.360  60.684 0.0000000000
86881  45.086  -6.951  60.820 0.0000000000
85862  44.785  -8.735  58.555 0.0000000000
85860  46.130  -8.679  57.903 0.0000000000
47878  2.925  -41.448  87.779 0.0000000000
81408  40.369  -11.964  62.564 0.0000000000
82538  39.529  -10.990  64.456 0.0000000000
80160  35.060  -13.667  66.052 0.0000000000
78888  36.314  -13.988  64.059 0.0000000000
77625  36.687  -16.473  66.085 0.0000000000
77549  37.970  -15.875  69.153 0.0000000000
57044  13.401  -33.759  79.462 0.0000000000
54625  14.369  -35.884  81.427 0.0000000000
54628  12.029  -36.032  80.767 0.0000000000
53472  11.758  -37.334  82.910 0.0000000000
54630  10.034  -35.819  81.537 0.0000000000
54543  6.622  -34.869  85.384 0.0000000000
52318  4.196  -37.019  87.274 0.0000000000
67724  25.967  -24.035  75.640 0.0000000000
65420  25.657  -26.922  74.598 0.0000000000
64329  23.862  -27.463  74.973 0.0000000000
55836  21.522  -34.908  76.691 0.0000000000
55834  23.350  -34.611  76.844 0.0000000000
69046  38.233  -23.699  69.748 0.0000000000
71339  37.626  -21.289  67.905 0.0000000000
83648  38.401  -10.028  67.009 0.0000000000
82473  35.585  -10.920  68.378 0.0000000000
81336  33.365  -12.741  68.215 0.0000000000
55839  18.169  -35.262  76.909 0.0000000000
54676  17.196  -36.223  78.587 0.0000000000
57065  16.349  -33.800  78.010 0.0000000000
59572  14.529  -32.185  79.013 0.0000000000
60833  12.234  -30.805  80.741 0.0000000000
63260  22.607  -28.335  75.576 0.0000000000
60895  21.230  -30.276  75.797 0.0000000000
58379  19.811  -32.824  75.196 0.0000000000
71312  33.432  -20.832  72.630 0.0000000000
73401  33.312  -19.755  70.771 0.0000000000
70218  33.577  -22.338  68.484 0.0000000000
67806  36.521  -24.943  69.482 0.0000000000
90169  48.377  -4.399  56.881 0.0000000000
87985  46.676  -6.227  57.108 0.0000000000
85868  48.211  -8.733  57.270 0.0000000000
83734  41.950  -10.157  60.933 0.0000000000
81438  43.995  -12.365  60.263 0.0000000000
81425  42.173  -12.329  60.916 0.0000000000
80210  42.513  -13.991  61.909 0.0000000000
77668  41.764  -15.653  63.779 0.0000000000
81378  37.341  -12.520  64.444 0.0000000000
78885  39.303  -15.541  63.500 0.0000000000
63322  28.988  -29.864  71.645 0.0000000000
62202  32.665  -29.995  71.961 0.0000000000
83702  43.032  -9.048  63.471 0.0000000000
56989  9.839  -33.159  82.712 0.0000000000
55719  7.629  -34.866  82.795 0.0000000000
52406  6.918  -37.737  83.631 0.0000000000
50141  6.955  -39.499  85.403 0.0000000000
50144  4.481  -39.565  85.930 0.0000000000
50096  3.463  -39.458  87.114 0.0000000000
50052  1.794  -38.989  88.804 0.0000000000
50018  1.277  -38.170  90.181 0.0000000000
65488  27.956  -26.989  71.192 0.0000000000
63302  27.307  -28.707  72.747 0.0000000000
63257  27.523  -30.047  75.040 0.0000000000
59649  24.316  -31.613  74.181 0.0000000000
77577  33.585  -15.864  67.829 0.0000000000
74407  33.734  -19.057  68.730 0.0000000000
74405  35.551  -18.602  67.695 0.0000000000
76475  36.457  -16.325  68.368 0.0000000000
62179  35.757  -29.490  72.933 0.0000000000
91290  51.811  -4.172  52.442 0.0000000000
90172  49.082  -4.263  55.228 0.0000000000
90181  50.918  -5.126  53.612 0.0000000000
83747  45.304  -10.479  58.613 0.0000000000
82611  46.693  -11.165  59.125 0.0000000000
82613  44.967  -11.273  59.251 0.0000000000
65514  30.527  -26.118  69.516 0.0000000000
64413  32.006  -26.851  69.389 0.0000000000
64400  31.019  -27.621  69.739 0.0000000000
84820  43.396  -9.241  59.578 0.0000000000
85850  43.750  -8.497  59.725 0.0000000000
83763  44.267  -9.685  58.596 0.0000000000
84833  45.186  -9.543  58.230 0.0000000000
46806  2.432  -41.879  88.024 0.0000000000
82519  40.347  -10.446  65.046 0.0000000000
82503  40.243  -10.062  65.919 0.0000000000
78854  35.120  -14.516  66.051 0.0000000000
77644  35.811  -15.278  65.497 0.0000000000
77626  35.890  -15.847  66.205 0.0000000000
77602  37.257  -15.902  67.376 0.0000000000
77603  36.248  -15.716  67.191 0.0000000000
57046  11.834  -33.344  79.896 0.0000000000
55787  12.116  -34.650  79.801 0.0000000000
55788  11.180  -34.241  80.229 0.0000000000
54629  11.094  -35.539  80.951 0.0000000000
55762  10.379  -34.551  81.085 0.0000000000
67692  25.401  -24.086  76.993 0.0000000000
66557  24.042  -25.334  75.327 0.0000000000
66539  23.737  -25.290  76.062 0.0000000000
54673  20.539  -35.904  77.751 0.0000000000
75400  33.217  -18.515  72.468 0.0000000000
69045  38.833  -23.301  70.458 0.0000000000
81335  34.210  -12.117  68.378 0.0000000000
81322  34.215  -12.166  69.450 0.0000000000
57078  18.026  -34.141  76.677 0.0000000000
57079  17.347  -33.988  77.157 0.0000000000
58343  16.826  -32.980  77.118 0.0000000000
60862  15.288  -31.038  78.420 0.0000000000
62093  14.155  -30.104  78.952 0.0000000000
60846  13.455  -30.563  79.427 0.0000000000
62119  21.678  -28.092  77.577 0.0000000000
58342  18.973  -31.657  76.514 0.0000000000
59633  19.635  -31.858  75.618 0.0000000000
58362  19.153  -32.806  75.772 0.0000000000
57093  18.718  -33.949  76.271 0.0000000000
71313  33.380  -21.111  71.397 0.0000000000
70207  32.707  -22.504  69.834 0.0000000000
65497  35.067  -26.837  69.741 0.0000000000
67807  35.087  -25.354  68.971 0.0000000000
66624  36.253  -26.586  70.224 0.0000000000
66622  37.605  -25.748  70.508 0.0000000000
65471  37.262  -26.888  71.654 0.0000000000
87967  45.594  -6.383  60.368 0.0000000000
87973  46.720  -5.740  58.437 0.0000000000
87974  46.228  -6.235  58.876 0.0000000000
85859  47.127  -9.445  57.564 0.0000000000
85869  47.249  -8.810  57.117 0.0000000000
85858  48.111  -9.349  57.783 0.0000000000
82570  41.433  -10.486  62.360 0.0000000000
81440  42.105  -11.484  60.476 0.0000000000
82587  41.030  -11.133  61.862 0.0000000000
81409  39.674  -12.826  62.705 0.0000000000
80229  40.963  -13.178  61.584 0.0000000000
80212  40.588  -13.845  61.775 0.0000000000
78919  41.951  -14.493  62.573 0.0000000000
78920  40.939  -14.600  62.317 0.0000000000
82506  37.239  -10.389  66.645 0.0000000000
81365  37.722  -11.555  64.870 0.0000000000
77642  37.704  -16.273  64.769 0.0000000000
78886  38.158  -14.983  63.680 0.0000000000
77660  38.715  -16.010  64.094 0.0000000000
77658  40.980  -16.098  64.360 0.0000000000
62184  28.849  -31.109  72.810 0.0000000000
60962  30.776  -31.083  72.666 0.0000000000
82535  41.946  -10.299  64.486 0.0000000000
83703  42.247  -9.640  63.017 0.0000000000
84791  41.962  -8.960  62.078 0.0000000000
55808  16.232  -35.567  79.108 0.0000000000
55783  15.606  -35.542  79.893 0.0000000000
52422  10.078  -37.327  82.646 0.0000000000
52378  11.382  -37.840  83.994 0.0000000000
52379  10.176  -37.993  84.393 0.0000000000
52380  9.410  -38.392  84.623 0.0000000000
56965  8.938  -33.376  84.469 0.0000000000
55718  8.014  -34.040  83.151 0.0000000000
55703  8.103  -34.005  84.371 0.0000000000
54545  5.609  -35.645  85.222 0.0000000000
54563  6.394  -35.798  84.336 0.0000000000
53453  5.386  -37.053  84.342 0.0000000000
51280  7.159  -39.010  84.464 0.0000000000
51282  5.455  -39.205  84.775 0.0000000000
50142  6.092  -39.801  85.652 0.0000000000
51264  4.723  -38.548  85.113 0.0000000000
52275  3.389  -37.159  88.777 0.0000000000
51230  3.357  -38.297  87.046 0.0000000000
51212  2.664  -38.213  87.895 0.0000000000
51213  2.401  -38.904  88.101 0.0000000000
51176  3.067  -37.576  90.334 0.0000000000
66600  28.089  -24.627  72.662 0.0000000000
66615  28.898  -25.442  72.097 0.0000000000
65463  27.344  -25.759  72.250 0.0000000000
63324  27.460  -28.287  71.603 0.0000000000
64359  27.054  -27.299  72.387 0.0000000000
63271  25.875  -28.729  74.366 0.0000000000
64326  27.062  -28.284  74.589 0.0000000000
62135  26.825  -30.483  75.220 0.0000000000
62169  22.472  -29.768  74.254 0.0000000000
63284  23.503  -28.964  73.853 0.0000000000
59668  23.593  -31.438  73.779 0.0000000000
57076  24.788  -33.870  77.156 0.0000000000
80225  44.820  -13.195  61.579 0.0000000000
81422  45.409  -12.886  61.414 0.0000000000
81406  46.110  -13.149  61.942 0.0000000000
78799  31.780  -14.787  69.472 0.0000000000
78828  32.233  -14.576  68.565 0.0000000000
77578  32.293  -15.899  68.825 0.0000000000
70227  34.275  -21.653  68.107 0.0000000000
73407  33.616  -19.823  69.438 0.0000000000
72381  34.148  -20.241  68.027 0.0000000000
72367  38.139  -20.392  68.125 0.0000000000
73415  36.507  -19.201  67.449 0.0000000000
73406  37.679  -19.247  67.861 0.0000000000
75447  35.917  -17.369  67.785 0.0000000000
74388  38.231  -18.073  68.164 0.0000000000
75429  38.105  -17.141  69.092 0.0000000000
62201  33.998  -29.794  72.152 0.0000000000
91283  50.876  -3.183  54.005 0.0000000000
89085  47.745  -5.118  56.177 0.0000000000
90173  48.443  -4.707  55.733 0.0000000000
89091  48.230  -5.661  55.387 0.0000000000
88013  50.653  -6.641  54.051 0.0000000000
86965  51.608  -7.108  53.776 0.0000000000
60896  18.191  -30.473  76.634 0.0000000000
60879  16.996  -30.857  77.054 0.0000000000
83760  47.495  -10.365  58.593 0.0000000000
83743  49.164  -10.590  59.492 0.0000000000
83732  47.930  -11.075  59.620 0.0000000000
69049  31.822  -23.734  70.325 0.0000000000
69059  32.528  -23.589  69.210 0.0000000000
66652  32.105  -25.522  69.344 0.0000000000
65511  33.405  -26.530  69.256 0.0000000000
64397  34.697  -27.409  70.154 0.0000000000
85825  45.062  -7.346  61.980 0.0000000000
85826  44.125  -7.869  61.521 0.0000000000
86890  44.506  -7.452  59.863 0.0000000000
86889  45.114  -7.140  59.569 0.0000000000
86897  45.795  -7.278  58.082 0.0000000000
85861  45.335  -8.647  58.304 0.0000000000
84832  46.008  -9.458  58.429 0.0000000000
47877  4.064  -41.495  87.972 0.0000000000
82536  41.234  -10.635  64.340 0.0000000000
82572  40.891  -11.200  62.947 0.0000000000
82557  40.682  -11.069  63.446 0.0000000000
81389  40.021  -11.426  63.459 0.0000000000
81390  39.438  -12.196  63.263 0.0000000000
81367  35.565  -13.011  65.604 0.0000000000
81379  36.558  -12.940  64.581 0.0000000000
80169  36.048  -13.538  64.890 0.0000000000
77643  36.419  -16.003  65.066 0.0000000000
77624  38.065  -16.468  66.301 0.0000000000
77601  38.439  -16.184  67.561 0.0000000000
77572  38.781  -15.787  68.695 0.0000000000
60889  28.718  -32.296  75.152 0.0000000000
57017  14.115  -34.152  79.453 0.0000000000
55784  14.634  -35.049  80.052 0.0000000000
55785  13.885  -34.924  80.323 0.0000000000
54647  13.338  -35.468  80.485 0.0000000000
53495  12.976  -36.922  81.931 0.0000000000
53522  10.526  -36.455  81.749 0.0000000000
54605  9.512  -36.085  82.091 0.0000000000
55678  7.319  -33.456  85.462 0.0000000000
54509  5.828  -34.180  86.376 0.0000000000
53413  5.040  -36.071  86.038 0.0000000000
52342  4.561  -36.600  86.613 0.0000000000
52317  4.819  -36.387  87.642 0.0000000000
53374  5.058  -36.247  88.783 0.0000000000
53349  4.396  -36.062  89.913 0.0000000000
67745  26.246  -24.356  74.534 0.0000000000
65464  26.299  -26.338  73.142 0.0000000000
66577  25.335  -25.498  74.479 0.0000000000
65421  25.139  -26.586  74.570 0.0000000000
63272  24.700  -28.584  74.509 0.0000000000
55867  21.559  -34.181  75.432 0.0000000000
57103  22.911  -33.837  75.366 0.0000000000
55835  22.408  -34.738  76.657 0.0000000000
78916  44.991  -14.580  63.053 0.0000000000
76449  31.920  -16.779  70.939 0.0000000000
69055  37.381  -23.060  69.124 0.0000000000
71340  36.473  -21.701  67.747 0.0000000000
70205  38.279  -22.590  69.248 0.0000000000
71320  38.884  -21.955  69.389 0.0000000000
92388  50.440  -2.396  56.111 0.0000000000
48972  1.110  -40.477  88.553 0.0000000000
83633  38.443  -9.783  67.837 0.0000000000
82486  37.152  -10.247  67.429 0.0000000000
81345  35.778  -11.145  67.385 0.0000000000
81346  35.273  -11.507  67.669 0.0000000000
81358  34.519  -13.241  66.671 0.0000000000
78843  34.188  -14.422  66.883 0.0000000000
54674  19.256  -36.342  77.522 0.0000000000
54662  19.090  -37.001  78.805 0.0000000000
54675  17.807  -36.443  77.770 0.0000000000
55827  16.923  -35.040  78.211 0.0000000000
57041  16.044  -33.789  78.716 0.0000000000
59614  16.080  -31.910  77.696 0.0000000000
58324  15.457  -32.568  78.506 0.0000000000
58303  15.009  -33.090  78.748 0.0000000000
58304  14.090  -33.189  79.067 0.0000000000
58306  12.453  -32.286  79.831 0.0000000000
58287  11.577  -32.231  80.521 0.0000000000
64298  23.144  -27.351  76.310 0.0000000000
63245  22.663  -27.537  77.073 0.0000000000
62138  22.275  -29.028  75.786 0.0000000000
60929  21.521  -30.859  74.262 0.0000000000
59631  20.994  -30.836  76.578 0.0000000000
59652  20.438  -31.741  75.049 0.0000000000
58394  21.055  -32.267  74.558 0.0000000000
57091  20.352  -33.974  75.168 0.0000000000
55825  19.935  -35.680  77.384 0.0000000000
73392  34.234  -19.958  72.730 0.0000000000
74373  33.775  -19.227  72.522 0.0000000000
72350  33.472  -20.395  71.569 0.0000000000
71322  33.547  -20.949  70.529 0.0000000000
70217  34.637  -22.773  68.030 0.0000000000
67820  33.841  -24.811  68.777 0.0000000000
67819  35.035  -24.441  68.595 0.0000000000
67818  35.639  -23.970  68.964 0.0000000000
67805  37.490  -24.392  69.783 0.0000000000
67783  38.337  -25.361  71.292 0.0000000000
89066  47.901  -4.156  58.966 0.0000000000
89086  47.103  -5.580  56.603 0.0000000000
87999  47.440  -6.791  56.250 0.0000000000
86910  46.503  -8.017  57.446 0.0000000000
86909  47.104  -7.739  56.734 0.0000000000
82615  43.258  -10.972  59.711 0.0000000000
82602  44.564  -11.875  59.842 0.0000000000
82603  43.527  -11.597  59.826 0.0000000000
81424  43.446  -12.794  60.809 0.0000000000
80227  42.984  -13.340  61.347 0.0000000000
81426  41.004  -12.035  61.641 0.0000000000
80228  41.856  -13.147  61.443 0.0000000000
80209  43.712  -14.080  61.958 0.0000000000
78918  43.034  -14.608  62.658 0.0000000000
78900  43.445  -15.167  63.564 0.0000000000
82504  39.244  -10.101  65.782 0.0000000000
81377  38.546  -11.774  64.137 0.0000000000
80195  38.687  -13.494  62.990 0.0000000000
80181  36.875  -13.486  64.088 0.0000000000
80180  37.872  -13.377  63.501 0.0000000000
78904  39.182  -14.735  62.845 0.0000000000
77669  41.005  -15.679  63.591 0.0000000000
63350  29.227  -28.078  70.267 0.0000000000
63335  30.942  -29.347  70.668 0.0000000000
62203  31.483  -30.460  71.824 0.0000000000
60940  32.317  -30.904  72.876 0.0000000000
84790  43.077  -8.552  61.711 0.0000000000
84804  42.413  -9.359  61.041 0.0000000000
58259  11.096  -32.024  82.028 0.0000000000
58245  10.289  -32.386  83.380 0.0000000000
57003  10.121  -33.317  81.354 0.0000000000
56990  9.080  -33.757  81.984 0.0000000000
54632  8.586  -35.202  81.848 0.0000000000
53500  8.098  -36.357  82.833 0.0000000000
54562  6.717  -35.295  84.175 0.0000000000
53475  7.269  -36.555  83.438 0.0000000000
52404  8.108  -37.888  83.478 0.0000000000
51279  8.048  -38.521  84.150 0.0000000000
51262  8.078  -39.173  85.318 0.0000000000
48987  4.897  -40.506  87.267 0.0000000000
51248  3.688  -38.437  86.024 0.0000000000
50095  4.267  -40.210  86.702 0.0000000000
48988  3.997  -40.726  87.234 0.0000000000
47891  3.034  -40.865  87.544 0.0000000000
48971  2.079  -40.174  88.163 0.0000000000
48950  1.698  -39.714  88.593 0.0000000000
51165  2.880  -37.644  90.800 0.0000000000
51178  1.800  -38.500  90.148 0.0000000000
48930  1.426  -39.408  89.231 0.0000000000
65500  29.804  -26.114  69.933 0.0000000000
65486  29.258  -26.038  71.465 0.0000000000
64402  28.975  -27.143  70.190 0.0000000000
63337  28.275  -28.406  70.839 0.0000000000
63323  28.348  -29.514  72.062 0.0000000000
62166  28.171  -30.262  73.892 0.0000000000
64341  26.373  -27.377  73.883 0.0000000000
63282  27.412  -29.002  73.915 0.0000000000
60909  28.350  -30.911  74.694 0.0000000000
64330  23.487  -27.568  75.314 0.0000000000
63283  24.158  -28.868  73.928 0.0000000000
60910  25.309  -30.889  74.681 0.0000000000
58361  23.899  -33.046  75.366 0.0000000000
58360  24.683  -32.815  75.836 0.0000000000
59607  25.942  -32.378  75.875 0.0000000000
82585  46.234  -12.411  60.747 0.0000000000
80123  33.120  -13.228  69.316 0.0000000000
80152  33.127  -13.902  67.457 0.0000000000
77606  33.812  -14.869  67.491 0.0000000000
74383  32.989  -19.147  70.728 0.0000000000
74391  32.985  -18.672  69.858 0.0000000000
75450  33.225  -18.281  69.122 0.0000000000
72379  35.917  -20.418  67.615 0.0000000000
74406  34.652  -18.664  68.071 0.0000000000
76478  33.030  -17.120  68.764 0.0000000000
76477  34.294  -16.816  68.139 0.0000000000
76476  35.352  -16.621  67.843 0.0000000000
77575  35.807  -15.941  67.742 0.0000000000
76462  36.832  -15.850  68.853 0.0000000000
63333  32.935  -29.174  70.754 0.0000000000
63320  34.376  -29.067  71.776 0.0000000000
63318  35.952  -28.675  72.182 0.0000000000
62178  36.465  -29.269  73.209 0.0000000000
64358  36.928  -28.148  72.654 0.0000000000
92399  52.443  -2.768  52.083 0.0000000000
91281  49.489  -3.468  55.894 0.0000000000
90171  49.870  -3.995  54.934 0.0000000000
89095  49.611  -5.941  54.256 0.0000000000
89094  50.299  -5.500  53.874 0.0000000000
91284  50.324  -3.611  54.498 0.0000000000
90180  51.528  -4.822  52.926 0.0000000000
90179  52.197  -4.993  52.666 0.0000000000
83748  44.072  -10.239  58.854 0.0000000000
64415  30.662  -26.915  69.554 0.0000000000
64414  31.364  -26.907  69.449 0.0000000000
83762  44.593  -9.917  58.275 0.0000000000
46807  2.016  -41.393  88.246 0.0000000000
77628  34.737  -14.739  66.504 0.0000000000
77627  35.260  -15.175  66.278 0.0000000000
57020  11.251  -33.125  80.133 0.0000000000
55812  11.520  -33.662  79.927 0.0000000000
55761  11.020  -34.810  80.718 0.0000000000
55789  10.615  -33.880  80.793 0.0000000000
66524  24.599  -24.786  76.970 0.0000000000
66525  24.139  -25.310  76.806 0.0000000000
54661  20.294  -36.420  78.789 0.0000000000
53545  21.411  -36.796  79.530 0.0000000000
74366  33.554  -18.683  72.699 0.0000000000
57094  17.836  -33.427  76.346 0.0000000000
58364  17.455  -32.506  76.707 0.0000000000
58341  19.111  -31.950  76.241 0.0000000000
70198  32.832  -21.779  71.409 0.0000000000
70199  32.425  -22.386  70.843 0.0000000000
64396  35.319  -27.279  70.220 0.0000000000
65496  35.771  -26.953  70.220 0.0000000000
65484  36.361  -27.044  70.600 0.0000000000
65483  36.949  -27.115  70.991 0.0000000000
87966  46.041  -5.711  60.087 0.0000000000
84830  47.953  -10.006  58.319 0.0000000000
84829  48.881  -9.833  58.405 0.0000000000
48968  5.373  -40.957  88.226 0.0000000000
80213  39.990  -13.337  62.133 0.0000000000
78921  39.948  -14.427  62.158 0.0000000000
82523  36.713  -10.854  65.903 0.0000000000
82522  37.381  -10.846  65.539 0.0000000000
81366  36.519  -12.047  65.589 0.0000000000
77641  39.074  -16.027  65.335 0.0000000000
60943  29.321  -31.283  73.468 0.0000000000
60923  29.760  -31.579  74.086 0.0000000000
82555  41.981  -10.178  63.586 0.0000000000
55782  16.080  -36.160  79.527 0.0000000000
52423  9.641  -37.496  82.993 0.0000000000
52402  10.212  -37.697  83.351 0.0000000000
52403  9.143  -37.877  83.443 0.0000000000
55702  8.508  -33.659  84.278 0.0000000000
53433  5.427  -36.075  84.982 0.0000000000
52384  5.352  -38.145  84.509 0.0000000000
51192  2.760  -37.747  89.294 0.0000000000
67770  27.862  -23.947  73.827 0.0000000000
66575  28.691  -24.293  74.127 0.0000000000
65462  27.808  -25.051  71.959 0.0000000000
62151  26.439  -29.625  74.672 0.0000000000
60892  26.485  -31.270  75.463 0.0000000000
59684  22.299  -31.438  73.835 0.0000000000
60927  22.846  -30.745  73.691 0.0000000000
59669  22.888  -31.826  73.904 0.0000000000
78775  31.515  -14.753  70.836 0.0000000000
71342  34.115  -20.927  67.944 0.0000000000
71341  35.101  -21.253  67.759 0.0000000000
72366  38.907  -20.367  68.812 0.0000000000
74389  37.184  -18.177  67.951 0.0000000000
74382  38.720  -18.136  69.102 0.0000000000
92387  50.816  -1.785  55.492 0.0000000000
92390  51.084  -2.189  54.418 0.0000000000
89092  47.553  -6.036  55.782 0.0000000000
60878  18.785  -30.154  77.038 0.0000000000
62139  18.112  -29.804  76.800 0.0000000000
62121  18.114  -29.543  77.532 0.0000000000
84816  46.895  -10.375  58.555 0.0000000000
83745  47.166  -10.783  58.921 0.0000000000
82600  47.165  -11.696  59.722 0.0000000000
67809  31.577  -24.543  70.269 0.0000000000
67822  31.841  -24.795  69.495 0.0000000000
64399  32.426  -27.729  69.616 0.0000000000
65512  32.591  -26.528  69.308 0.0000000000
64398  33.682  -27.526  70.018 0.0000000000
64382  34.386  -28.126  70.552 0.0000000000
85827  43.609  -8.143  61.532 0.0000000000
85849  44.268  -8.358  59.219 0.0000000000
85848  44.773  -7.923  58.877 0.0000000000
86898  45.327  -7.658  58.525 0.0000000000
84818  45.873  -9.964  58.753 0.0000000000
84817  46.492  -10.192  58.669 0.0000000000
84831  46.877  -9.950  58.235 0.0000000000
47865  3.818  -41.991  88.510 0.0000000000
82518  41.163  -10.582  65.128 0.0000000000
81375  39.885  -11.190  63.841 0.0000000000
81376  39.596  -11.393  63.833 0.0000000000
80170  35.489  -13.613  65.431 0.0000000000
76519  36.029  -16.017  65.577 0.0000000000
77573  37.675  -15.730  68.431 0.0000000000
82517  41.871  -10.344  65.250 0.0000000000
57043  13.901  -33.685  79.329 0.0000000000
57018  13.646  -34.386  79.734 0.0000000000
54648  12.537  -35.429  80.316 0.0000000000
54627  13.036  -36.324  80.973 0.0000000000
53519  12.359  -36.561  81.402 0.0000000000
53521  10.841  -36.320  81.458 0.0000000000
53498  10.115  -36.619  82.123 0.0000000000
54510  5.281  -34.845  86.845 0.0000000000
54511  5.011  -35.388  86.398 0.0000000000
53390  5.149  -35.820  87.115 0.0000000000
53389  4.934  -35.208  87.724 0.0000000000
53363  4.744  -36.217  89.250 0.0000000000
68949  26.552  -23.769  76.746 0.0000000000
68963  26.555  -23.724  76.112 0.0000000000
68993  27.310  -23.523  75.119 0.0000000000
67746  25.435  -25.070  74.574 0.0000000000
65422  23.741  -26.199  74.958 0.0000000000
66556  24.822  -25.466  74.909 0.0000000000
64328  24.905  -27.467  74.604 0.0000000000
55850  21.885  -34.514  76.004 0.0000000000
75402  32.167  -17.336  71.477 0.0000000000
70196  39.394  -22.620  70.589 0.0000000000
70204  38.877  -22.628  69.930 0.0000000000
48952  0.777  -40.040  88.665 0.0000000000
83634  37.469  -10.057  68.034 0.0000000000
82488  35.720  -11.034  67.897 0.0000000000
81347  34.097  -12.558  67.300 0.0000000000
80161  34.392  -13.846  66.524 0.0000000000
80151  33.774  -13.608  66.980 0.0000000000
54692  18.760  -36.035  76.876 0.0000000000
54693  18.460  -36.142  77.165 0.0000000000
57064  16.857  -34.060  77.754 0.0000000000
55828  16.333  -34.325  78.487 0.0000000000
62123  16.794  -30.429  77.429 0.0000000000
60880  16.443  -30.986  77.506 0.0000000000
59593  15.545  -31.889  78.175 0.0000000000
59594  15.078  -31.949  78.678 0.0000000000
59557  12.412  -30.949  79.945 0.0000000000
59574  12.723  -31.340  79.658 0.0000000000
59575  12.302  -31.748  79.945 0.0000000000
58286  12.107  -32.081  80.177 0.0000000000
59558  12.121  -31.333  80.324 0.0000000000
64297  23.435  -26.776  77.167 0.0000000000
63244  23.053  -27.278  78.027 0.0000000000
62120  21.702  -28.785  76.711 0.0000000000
62137  22.332  -28.278  76.464 0.0000000000
60912  21.769  -29.730  75.082 0.0000000000
60913  21.276  -30.501  74.776 0.0000000000
59653  20.095  -32.274  75.161 0.0000000000
59672  20.828  -31.890  74.658 0.0000000000
58378  20.530  -32.693  74.798 0.0000000000
57105  20.939  -33.732  74.976 0.0000000000
57106  20.208  -33.461  74.984 0.0000000000
55853  18.974  -34.881  76.636 0.0000000000
55852  19.643  -34.742  76.274 0.0000000000
55838  19.304  -35.602  76.799 0.0000000000
72349  33.868  -20.239  72.604 0.0000000000
73393  33.597  -19.687  72.150 0.0000000000
70206  32.995  -21.914  69.881 0.0000000000
71321  33.400  -21.362  70.202 0.0000000000
67821  32.549  -24.770  69.089 0.0000000000
69056  36.333  -23.536  68.596 0.0000000000
66609  37.905  -26.108  71.347 0.0000000000
86867  45.768  -6.679  61.781 0.0000000000
89077  47.337  -5.337  57.980 0.0000000000
86924  47.797  -7.588  56.408 0.0000000000
82604  42.566  -10.964  60.056 0.0000000000
81439  42.903  -12.052  60.191 0.0000000000
81407  40.725  -11.653  62.160 0.0000000000
80211  41.468  -13.930  61.782 0.0000000000
78901  42.373  -15.128  63.242 0.0000000000
77667  42.606  -15.579  63.942 0.0000000000
83647  39.260  -9.953  66.641 0.0000000000
82505  38.310  -10.296  66.071 0.0000000000
81364  38.220  -11.403  64.661 0.0000000000
81391  38.736  -12.800  63.361 0.0000000000
78887  36.764  -14.385  63.489 0.0000000000
78903  40.214  -15.406  63.104 0.0000000000
78884  39.794  -15.716  63.550 0.0000000000
63336  29.539  -29.363  71.168 0.0000000000
62220  30.658  -30.012  71.414 0.0000000000
62221  29.940  -30.085  71.714 0.0000000000
60921  31.864  -31.534  73.705 0.0000000000
60941  31.221  -31.289  73.063 0.0000000000
84776  43.083  -8.794  62.797 0.0000000000
83733  42.298  -9.930  60.173 0.0000000000
54663  17.744  -36.865  79.521 0.0000000000
53548  18.363  -37.220  80.243 0.0000000000
55759  14.820  -35.748  81.099 0.0000000000
53450  12.251  -37.373  83.714 0.0000000000
59546  11.493  -31.480  81.630 0.0000000000
56977  9.777  -33.043  83.927 0.0000000000
58260  10.412  -32.471  82.291 0.0000000000
57004  9.683  -34.060  81.488 0.0000000000
55738  8.266  -34.631  82.050 0.0000000000
55739  7.881  -35.179  82.322 0.0000000000
54606  8.541  -35.681  82.278 0.0000000000
54607  7.768  -35.594  82.707 0.0000000000
55690  7.155  -34.245  84.833 0.0000000000
53476  6.772  -37.216  83.651 0.0000000000
53451  6.617  -35.973  83.996 0.0000000000
52405  7.351  -37.621  83.549 0.0000000000
52381  7.700  -38.100  83.664 0.0000000000
50155  6.649  -39.281  84.770 0.0000000000
51263  7.464  -39.290  85.177 0.0000000000
50140  7.566  -39.425  85.548 0.0000000000
50143  5.104  -39.624  85.565 0.0000000000
50119  5.753  -40.129  86.519 0.0000000000
48986  5.676  -40.459  87.427 0.0000000000
50120  4.802  -40.080  86.391 0.0000000000
52343  3.940  -37.506  86.260 0.0000000000
52319  3.652  -37.594  86.947 0.0000000000
50122  3.558  -38.955  86.752 0.0000000000
48989  3.228  -40.335  87.447 0.0000000000
51193  2.176  -38.526  88.660 0.0000000000
50073  2.241  -39.408  88.176 0.0000000000
52255  2.458  -37.357  90.902 0.0000000000
51166  2.154  -37.798  90.691 0.0000000000
50032  1.521  -38.788  90.186 0.0000000000
50033  0.928  -38.610  90.212 0.0000000000
66641  30.129  -25.617  70.427 0.0000000000
65487  28.404  -26.365  70.981 0.0000000000
65502  28.622  -26.792  70.518 0.0000000000
64403  28.553  -27.213  70.430 0.0000000000
63351  28.589  -27.661  70.394 0.0000000000
64385  28.185  -27.308  70.750 0.0000000000
62185  28.212  -30.416  72.938 0.0000000000
63301  27.564  -29.802  73.246 0.0000000000
65439  25.726  -26.609  74.173 0.0000000000
63269  27.354  -29.815  74.662 0.0000000000
62149  28.117  -29.976  74.743 0.0000000000
62133  28.099  -30.434  75.156 0.0000000000
60890  28.207  -31.717  75.353 0.0000000000
60891  27.883  -31.306  75.450 0.0000000000
64313  23.455  -27.019  75.761 0.0000000000
63273  23.304  -28.138  74.776 0.0000000000
60926  23.869  -30.676  73.736 0.0000000000
60911  24.621  -30.695  74.138 0.0000000000
62153  24.862  -29.784  74.247 0.0000000000
57090  23.163  -33.924  76.028 0.0000000000
57102  23.524  -33.439  75.333 0.0000000000
57089  23.820  -33.713  76.184 0.0000000000
58340  24.929  -33.356  76.498 0.0000000000
58339  25.568  -33.264  76.483 0.0000000000
58359  25.382  -32.588  75.905 0.0000000000
81437  45.034  -12.434  60.583 0.0000000000
80099  33.542  -12.548  70.080 0.0000000000
80143  32.751  -13.693  68.202 0.0000000000
78827  32.958  -14.750  67.848 0.0000000000
73394  33.224  -19.375  71.401 0.0000000000
73418  33.944  -19.843  68.507 0.0000000000
74390  33.292  -19.217  69.769 0.0000000000
74408  33.187  -18.860  69.264 0.0000000000
75431  32.438  -17.949  69.747 0.0000000000
71329  37.539  -22.043  68.104 0.0000000000
74425  35.397  -19.146  67.759 0.0000000000
75449  33.928  -17.933  68.358 0.0000000000
75448  34.944  -17.649  67.905 0.0000000000
75446  36.723  -17.266  68.174 0.0000000000
77576  34.765  -16.028  67.562 0.0000000000
75414  38.769  -17.148  69.676 0.0000000000
62219  31.682  -29.898  71.171 0.0000000000
63334  32.010  -29.528  70.332 0.0000000000
62218  32.339  -29.679  71.057 0.0000000000
62200  34.875  -29.384  72.403 0.0000000000
63319  35.140  -28.816  71.982 0.0000000000
62199  35.439  -29.115  72.356 0.0000000000
63299  36.937  -28.735  73.186 0.0000000000
64357  37.642  -27.796  72.858 0.0000000000
92400  51.755  -3.172  52.536 0.0000000000
92394  52.042  -2.184  52.865 0.0000000000
91289  52.375  -3.744  52.067 0.0000000000
90166  48.533  -4.110  58.212 0.0000000000
90168  48.945  -3.940  56.381 0.0000000000
89100  51.077  -5.995  53.746 0.0000000000
90176  50.200  -4.502  54.051 0.0000000000
90175  50.619  -4.151  53.557 0.0000000000
82612  46.067  -11.237  59.279 0.0000000000
82601  45.870  -12.185  59.970 0.0000000000
66653  31.203  -25.502  69.585 0.0000000000
65513  31.632  -26.223  69.412 0.0000000000
84819  44.012  -9.221  59.050 0.0000000000
84834  44.496  -9.247  58.561 0.0000000000
82520  39.469  -10.568  65.122 0.0000000000
78868  35.464  -14.334  65.347 0.0000000000
77645  35.444  -14.825  65.794 0.0000000000
76507  36.242  -16.250  65.810 0.0000000000
77574  36.752  -15.766  68.254 0.0000000000
57045  12.511  -33.262  79.760 0.0000000000
55810  12.591  -34.079  79.549 0.0000000000
55811  11.906  -33.897  79.657 0.0000000000
54649  11.638  -35.225  80.279 0.0000000000
54650  11.211  -34.991  80.474 0.0000000000
54500  5.130  -35.028  88.513 0.0000000000
67708  25.204  -24.229  76.163 0.0000000000
67725  25.350  -24.653  75.268 0.0000000000
66538  24.471  -24.793  75.723 0.0000000000
54691  21.006  -35.609  77.502 0.0000000000
54690  21.472  -35.358  77.353 0.0000000000
54660  21.391  -36.055  78.697 0.0000000000
75401  32.513  -18.082  72.019 0.0000000000
67792  38.581  -24.271  71.033 0.0000000000
69035  39.176  -23.621  71.107 0.0000000000
81334  34.823  -11.371  68.848 0.0000000000
81323  33.669  -12.536  68.940 0.0000000000
62108  15.671  -30.475  78.278 0.0000000000
62092  15.200  -29.951  78.804 0.0000000000
60845  14.410  -31.051  78.747 0.0000000000
59573  13.732  -31.802  79.228 0.0000000000
60894  21.469  -29.507  76.275 0.0000000000
59611  19.526  -31.095  76.837 0.0000000000
59632  20.227  -31.076  76.061 0.0000000000
57092  19.716  -33.838  75.479 0.0000000000
70219  33.047  -22.976  68.915 0.0000000000
66637  34.498  -26.105  69.079 0.0000000000
67808  34.415  -25.443  68.833 0.0000000000
66636  35.830  -26.078  69.780 0.0000000000
66635  36.488  -25.791  69.811 0.0000000000
67794  37.301  -25.487  70.165 0.0000000000
66623  37.011  -26.295  70.213 0.0000000000
66610  37.396  -26.717  70.957 0.0000000000
65470  37.700  -26.820  72.237 0.0000000000
87956  46.407  -6.084  61.095 0.0000000000
89067  47.287  -4.884  59.236 0.0000000000
87986  46.309  -6.829  57.656 0.0000000000
85870  46.688  -8.813  57.352 0.0000000000
85867  49.323  -8.868  57.310 0.0000000000
85857  49.130  -9.420  57.877 0.0000000000
83716  41.591  -9.994  61.902 0.0000000000
82605  41.848  -10.901  60.501 0.0000000000
82586  41.260  -11.020  61.066 0.0000000000
81427  40.529  -12.765  61.854 0.0000000000
80230  40.503  -13.296  61.787 0.0000000000
78902  41.381  -15.062  63.170 0.0000000000
78866  36.999  -15.501  63.981 0.0000000000
77661  38.071  -15.934  63.989 0.0000000000
77659  39.856  -15.876  64.145 0.0000000000
62205  29.157  -30.471  71.862 0.0000000000
62204  30.384  -30.668  72.174 0.0000000000
60942  30.093  -31.211  73.073 0.0000000000
60922  30.807  -31.736  73.714 0.0000000000
82516  42.539  -9.690  65.359 0.0000000000
82534  42.666  -9.620  64.667 0.0000000000
83687  42.470  -9.681  63.687 0.0000000000
84777  42.594  -9.148  62.878 0.0000000000
54664  16.533  -36.368  78.998 0.0000000000
54645  16.452  -36.881  80.394 0.0000000000
52401  10.834  -37.476  82.810 0.0000000000
52358  9.955  -38.209  85.536 0.0000000000
51261  8.778  -38.733  84.890 0.0000000000
56978  8.886  -33.512  83.191 0.0000000000
55717  8.589  -33.838  83.956 0.0000000000
55704  7.408  -34.600  83.750 0.0000000000
54544  6.035  -35.557  84.950 0.0000000000
53432  5.856  -35.957  84.669 0.0000000000
53452  6.149  -36.385  84.138 0.0000000000
52383  6.304  -37.891  83.852 0.0000000000
52382  7.249  -38.226  83.748 0.0000000000
51281  6.176  -38.945  84.396 0.0000000000
50156  6.184  -39.519  84.936 0.0000000000
50157  5.697  -39.634  85.176 0.0000000000
51265  4.262  -38.969  85.661 0.0000000000
52296  3.494  -37.327  87.684 0.0000000000
50072  2.740  -39.449  87.715 0.0000000000
51177  2.128  -38.165  89.833 0.0000000000
51179  0.985  -37.848  90.287 0.0000000000
65476  28.367  -25.450  71.681 0.0000000000
65477  27.708  -26.509  71.580 0.0000000000
64373  27.575  -27.391  71.469 0.0000000000
64327  26.060  -27.535  74.712 0.0000000000
63270  26.860  -29.065  74.998 0.0000000000
63258  27.270  -30.083  74.788 0.0000000000
62117  27.681  -31.179  75.458 0.0000000000
62118  27.420  -31.162  75.478 0.0000000000
63274  22.625  -28.680  75.015 0.0000000000
62154  22.825  -28.970  74.258 0.0000000000
62168  23.271  -29.782  73.819 0.0000000000
55823  23.687  -34.841  77.900 0.0000000000
57077  24.034  -34.184  76.891 0.0000000000
55833  24.057  -34.381  77.406 0.0000000000
81423  44.485  -12.795  61.072 0.0000000000
80124  32.241  -13.920  70.052 0.0000000000
71330  33.845  -21.227  68.981 0.0000000000
72368  33.931  -20.442  68.820 0.0000000000
72378  37.097  -20.398  67.689 0.0000000000
74404  36.388  -18.116  67.772 0.0000000000
75430  37.520  -17.164  68.384 0.0000000000
76474  36.971  -16.652  68.571 0.0000000000
62182  32.991  -30.566  72.580 0.0000000000
62181  33.643  -30.416  72.555 0.0000000000
60938  34.093  -30.821  72.909 0.0000000000
62180  34.632  -30.213  73.003 0.0000000000
62163  35.505  -30.293  73.635 0.0000000000
92395  51.355  -2.650  53.384 0.0000000000
91286  51.016  -3.651  52.911 0.0000000000
89090  48.863  -5.259  54.818 0.0000000000
88021  51.148  -6.508  53.797 0.0000000000
89099  51.671  -5.760  53.336 0.0000000000
88020  51.604  -6.567  53.600 0.0000000000
59634  17.944  -31.427  76.590 0.0000000000
59635  17.372  -31.461  76.866 0.0000000000
60897  17.598  -30.670  76.751 0.0000000000
62122  17.371  -30.003  77.216 0.0000000000
59612  18.683  -31.191  76.612 0.0000000000
83744  48.180  -10.551  59.128 0.0000000000
83731  48.754  -11.045  59.880 0.0000000000
82599  48.354  -11.494  60.316 0.0000000000
69060  31.864  -24.197  69.511 0.0000000000
66651  33.332  -25.815  68.888 0.0000000000
66638  33.825  -26.345  69.162 0.0000000000
65498  34.045  -26.782  69.639 0.0000000000
64381  35.619  -27.753  70.902 0.0000000000
84788  44.482  -7.747  62.175 0.0000000000
85838  44.730  -7.384  60.979 0.0000000000
85839  44.250  -7.773  60.549 0.0000000000
86882  44.631  -7.405  60.543 0.0000000000
47876  4.833  -41.437  88.462 0.0000000000
82571  41.028  -11.142  62.568 0.0000000000
82537  40.302  -10.851  64.132 0.0000000000
80194  39.173  -13.088  62.989 0.0000000000
81356  35.841  -11.412  66.836 0.0000000000
78867  35.898  -14.809  64.237 0.0000000000
77623  39.317  -16.187  66.488 0.0000000000
60908  28.974  -31.858  74.668 0.0000000000
60907  29.597  -32.010  74.508 0.0000000000
59646  29.764  -32.493  74.833 0.0000000000
57016  14.936  -34.326  78.958 0.0000000000
55760  14.334  -35.560  80.763 0.0000000000
55786  13.091  -34.677  79.882 0.0000000000
54626  13.891  -35.886  81.146 0.0000000000
53520  11.572  -36.450  81.387 0.0000000000
53497  11.020  -37.028  81.959 0.0000000000
52421  10.530  -37.158  82.354 0.0000000000
53499  9.149  -36.953  82.671 0.0000000000
54526  6.166  -34.465  85.823 0.0000000000
54527  6.045  -34.953  85.928 0.0000000000
54528  5.358  -35.363  85.709 0.0000000000
53373  5.346  -35.845  88.258 0.0000000000
52294  4.992  -36.405  88.127 0.0000000000
52295  4.343  -36.427  88.341 0.0000000000
52274  4.028  -36.545  89.433 0.0000000000
52264  3.924  -36.504  90.289 0.0000000000
67744  27.224  -23.745  74.381 0.0000000000
67771  27.026  -24.313  73.552 0.0000000000
66602  26.222  -25.504  73.369 0.0000000000
67772  26.411  -25.004  73.690 0.0000000000
66576  25.694  -25.506  73.901 0.0000000000
62152  25.808  -30.051  74.809 0.0000000000
57104  21.898  -33.653  75.136 0.0000000000
58376  22.307  -33.154  74.598 0.0000000000
55866  22.287  -34.121  75.596 0.0000000000
55849  22.743  -34.243  76.069 0.0000000000
54688  22.731  -34.974  77.080 0.0000000000
54671  22.105  -35.450  77.725 0.0000000000
54670  22.924  -35.371  77.584 0.0000000000
76464  31.864  -17.096  69.784 0.0000000000
70225  36.121  -22.691  68.060 0.0000000000
70216  36.967  -22.646  68.329 0.0000000000
70215  37.784  -22.482  68.626 0.0000000000
71328  38.420  -21.618  68.566 0.0000000000
71327  39.076  -21.187  69.260 0.0000000000
86938  48.985  -7.388  55.818 0.0000000000
47853  1.635  -39.922  88.473 0.0000000000
83649  37.734  -10.088  67.379 0.0000000000
82487  36.273  -10.589  67.705 0.0000000000
81357  35.269  -12.502  66.523 0.0000000000
78855  34.654  -14.259  66.340 0.0000000000
55826  17.467  -35.545  77.457 0.0000000000
55809  16.292  -34.662  79.080 0.0000000000
59613  16.824  -31.929  77.258 0.0000000000
58344  16.375  -32.844  77.582 0.0000000000
60861  15.866  -31.016  77.965 0.0000000000
58323  16.012  -32.803  78.303 0.0000000000
58302  15.686  -33.160  78.670 0.0000000000
57042  15.527  -33.775  78.718 0.0000000000
58284  14.645  -33.621  78.873 0.0000000000
58305  13.175  -32.596  79.530 0.0000000000
57019  11.987  -32.739  80.097 0.0000000000
58288  10.771  -32.667  80.741 0.0000000000
65387  23.823  -25.711  77.051 0.0000000000
63259  22.835  -27.817  75.951 0.0000000000
62155  22.392  -29.217  74.871 0.0000000000
60928  21.934  -30.441  74.181 0.0000000000
59685  21.810  -31.279  73.954 0.0000000000
59651  20.704  -30.820  75.348 0.0000000000
59671  21.229  -31.445  74.440 0.0000000000
58393  21.747  -32.386  74.355 0.0000000000
58377  21.399  -33.017  74.660 0.0000000000
55851  20.746  -34.555  75.745 0.0000000000
55837  20.490  -35.323  77.008 0.0000000000
73400  33.412  -19.978  71.382 0.0000000000
72359  33.403  -20.160  71.008 0.0000000000
71314  33.457  -21.137  70.761 0.0000000000
72361  33.548  -20.729  70.638 0.0000000000
72360  33.616  -20.560  70.293 0.0000000000
69065  35.075  -22.924  67.930 0.0000000000
69058  33.791  -23.632  68.589 0.0000000000
69057  34.952  -23.483  68.104 0.0000000000
69064  35.552  -23.020  68.074 0.0000000000
69047  37.237  -23.945  69.301 0.0000000000
67793  37.897  -24.848  70.627 0.0000000000
90159  48.305  -3.524  58.943 0.0000000000
89076  47.875  -4.864  57.459 0.0000000000
88007  47.757  -6.639  55.815 0.0000000000
87998  47.899  -6.995  55.825 0.0000000000
83749  42.947  -10.230  59.440 0.0000000000
80226  44.130  -13.322  61.515 0.0000000000
78917  44.166  -14.576  62.822 0.0000000000
78899  44.476  -14.865  63.652 0.0000000000
82539  38.994  -11.080  64.687 0.0000000000
82521  38.462  -10.922  65.063 0.0000000000
78923  38.946  -13.772  62.690 0.0000000000
78905  38.514  -14.067  62.715 0.0000000000
77670  40.515  -15.801  63.795 0.0000000000
63349  30.367  -28.335  70.320 0.0000000000
60961  31.378  -30.896  72.451 0.0000000000
60960  32.000  -30.635  72.243 0.0000000000
84803  42.837  -9.217  60.383 0.0000000000
54644  17.268  -37.109  80.125 0.0000000000
59559  11.669  -31.645  80.971 0.0000000000
58273  11.195  -32.073  81.208 0.0000000000
58274  10.654  -32.464  81.469 0.0000000000
55763  9.191  -34.680  81.586 0.0000000000
56991  8.609  -34.108  82.069 0.0000000000
55764  8.695  -34.999  81.671 0.0000000000
54631  9.080  -35.410  81.809 0.0000000000
55689  7.624  -33.677  84.855 0.0000000000
54582  7.348  -35.476  83.312 0.0000000000
53501  7.606  -36.002  83.065 0.0000000000
53474  8.444  -37.200  83.123 0.0000000000
51292  8.622  -38.198  83.645 0.0000000000
51278  8.771  -38.487  84.018 0.0000000000
52360  8.821  -38.870  85.727 0.0000000000
50118  6.695  -39.849  86.441 0.0000000000
52362  4.037  -38.082  85.494 0.0000000000
52344  3.538  -38.044  86.525 0.0000000000
50121  3.942  -39.353  86.317 0.0000000000
48969  4.655  -41.029  87.834 0.0000000000
47890  3.446  -41.066  87.504 0.0000000000
48970  2.675  -40.324  87.771 0.0000000000
47879  2.080  -40.882  88.187 0.0000000000
48929  1.444  -39.646  89.060 0.0000000000
52253  3.365  -36.732  90.814 0.0000000000
50031  1.735  -39.162  89.600 0.0000000000
47852  0.985  -40.059  89.029 0.0000000000
48951  0.993  -39.915  88.714 0.0000000000
71311  33.954  -20.583  73.238 0.0000000000
66654  30.605  -25.450  69.848 0.0000000000
65501  29.284  -26.226  70.536 0.0000000000
63338  27.761  -27.795  71.069 0.0000000000
62206  28.674  -30.358  72.456 0.0000000000
64360  26.636  -27.247  73.219 0.0000000000
64340  27.070  -27.918  73.549 0.0000000000
63281  27.668  -29.784  74.203 0.0000000000
60925  28.328  -30.476  74.334 0.0000000000
65402  23.421  -26.124  76.116 0.0000000000
58375  23.301  -32.900  74.601 0.0000000000
59650  23.728  -32.132  74.111 0.0000000000
58374  24.142  -32.453  74.789 0.0000000000
57088  24.598  -33.498  76.398 0.0000000000
59630  24.652  -32.016  74.980 0.0000000000
59629  25.240  -31.879  75.386 0.0000000000
60893  25.936  -31.313  75.333 0.0000000000
60873  26.412  -31.911  75.632 0.0000000000
81436  45.794  -12.496  60.846 0.0000000000
80207  46.563  -13.490  62.596 0.0000000000
81303  34.286  -12.039  70.553 0.0000000000
80122  33.579  -12.559  69.424 0.0000000000
80144  32.283  -13.960  69.061 0.0000000000
81348  33.330  -13.230  67.568 0.0000000000
78844  33.508  -14.325  67.266 0.0000000000
77605  34.549  -15.217  67.123 0.0000000000
74374  33.279  -18.864  71.911 0.0000000000
74375  32.713  -18.456  71.350 0.0000000000
74384  32.759  -18.573  70.704 0.0000000000
75415  32.375  -18.126  70.795 0.0000000000
75432  32.012  -17.785  70.234 0.0000000000
76463  32.411  -17.268  69.340 0.0000000000
72380  34.844  -20.339  67.764 0.0000000000
73417  34.592  -19.553  68.000 0.0000000000
73416  35.461  -19.567  67.703 0.0000000000
73430  35.110  -19.426  67.847 0.0000000000
76479  32.390  -16.845  69.163 0.0000000000
77550  37.198  -15.773  68.904 0.0000000000
76461  37.290  -16.222  69.110 0.0000000000
63348  31.515  -28.601  70.027 0.0000000000
63347  32.430  -28.871  69.888 0.0000000000
64384  32.862  -28.520  70.109 0.0000000000
63321  33.578  -29.355  71.546 0.0000000000
63332  33.877  -28.696  71.119 0.0000000000
63331  34.823  -28.488  71.328 0.0000000000
63330  35.507  -28.384  71.607 0.0000000000
64372  35.919  -28.097  71.683 0.0000000000
62162  36.726  -29.822  73.946 0.0000000000
63300  36.381  -28.975  72.774 0.0000000000
63317  36.605  -28.486  72.513 0.0000000000
64371  36.617  -27.701  71.941 0.0000000000
64370  37.255  -27.233  72.252 0.0000000000
91278  49.352  -3.137  57.053 0.0000000000
91277  50.001  -2.851  56.620 0.0000000000
91280  50.182  -3.230  55.538 0.0000000000
88005  49.019  -6.338  54.902 0.0000000000
90177  49.553  -4.843  54.348 0.0000000000
90185  52.048  -4.719  52.573 0.0000000000
49004  5.244  -40.231  86.948 0.0000000000
49005  4.988  -40.186  86.935 0.0000000000
50094  4.767  -40.212  86.861 0.0000000000
51164  3.126  -37.345  90.718 0.0000000000
51249  3.576  -38.631  86.538 0.0000000000
51293  8.402  -38.299  83.806 0.0000000000
52254  2.752  -37.242  91.058 0.0000000000
53372  4.947  -35.192  88.148 0.0000000000
54604  9.914  -36.160  81.903 0.0000000000
54672  21.490  -35.680  77.926 0.0000000000
54689  22.186  -35.084  77.228 0.0000000000
55737  8.744  -34.257  81.892 0.0000000000
55824  20.326  -35.610  77.426 0.0000000000
55840  17.430  -34.986  77.382 0.0000000000
55848  23.278  -34.139  76.279 0.0000000000
55865  22.644  -34.052  75.698 0.0000000000
56966  8.385  -33.513  84.462 0.0000000000
56979  8.480  -33.923  82.432 0.0000000000
57080  16.709  -33.541  77.493 0.0000000000
58285  14.475  -33.827  79.046 0.0000000000
58395  20.703  -32.146  74.752 0.0000000000
59647  29.078  -32.420  75.077 0.0000000000
59648  24.857  -31.418  74.654 0.0000000000
59667  29.898  -32.086  74.441 0.0000000000
59670  22.083  -31.814  74.108 0.0000000000
59686  21.575  -31.117  74.148 0.0000000000
60847  12.972  -30.761  79.764 0.0000000000
60939  33.428  -31.048  72.920 0.0000000000
60944  22.554  -31.252  73.724 0.0000000000
60945  22.124  -30.986  73.669 0.0000000000
60946  21.755  -30.911  73.959 0.0000000000
62134  27.695  -30.498  75.302 0.0000000000
62140  17.824  -30.127  76.720 0.0000000000
62150  27.995  -29.932  75.210 0.0000000000
62164  34.867  -30.576  73.639 0.0000000000
62165  28.432  -30.753  73.386 0.0000000000
62167  24.109  -29.748  73.762 0.0000000000
62183  29.563  -30.913  72.451 0.0000000000
63268  27.623  -29.956  74.594 0.0000000000
64314  23.247  -27.578  75.626 0.0000000000
64386  27.841  -27.364  71.105 0.0000000000
65374  24.260  -25.316  77.841 0.0000000000
65440  25.310  -25.926  74.408 0.0000000000
65499  33.239  -27.023  69.544 0.0000000000
67707  26.030  -24.052  76.530 0.0000000000
68975  27.275  -23.542  75.918 0.0000000000
68976  26.651  -23.687  75.335 0.0000000000
68994  26.818  -23.691  74.796 0.0000000000
69036  38.524  -23.944  70.671 0.0000000000
72351  33.459  -20.755  70.947 0.0000000000
72352  33.503  -20.913  70.774 0.0000000000
73429  35.318  -19.380  67.793 0.0000000000
74426  35.130  -19.141  67.877 0.0000000000
75416  32.120  -17.547  70.849 0.0000000000
76506  36.446  -16.316  65.640 0.0000000000
76518  36.287  -16.186  65.520 0.0000000000
78865  37.727  -15.773  64.015 0.0000000000
80182  36.451  -13.510  64.392 0.0000000000
80214  39.361  -13.457  62.634 0.0000000000
80215  39.042  -13.516  62.842 0.0000000000
83761  47.146  -10.401  58.540 0.0000000000
88012  51.260  -6.916  53.818 0.0000000000
