#!ascii label  , from subject 3068 vox2ras=TkReg
1554
51211  9.050  -39.325  88.514 0.0000000000
77636  44.666  -15.600  65.955 0.0000000000
57011  28.907  -34.597  79.764 0.0000000000
55746  39.069  -34.610  81.351 0.0000000000
53546  20.401  -37.421  79.819 0.0000000000
54484  16.112  -36.800  89.202 0.0000000000
85854  52.129  -8.210  58.492 0.0000000000
82477  54.434  -12.011  66.817 0.0000000000
67765  40.214  -24.874  72.657 0.0000000000
90190  53.679  -4.767  51.617 0.0000000000
52332  27.256  -38.156  85.672 0.0000000000
52290  12.431  -36.872  88.691 0.0000000000
83695  54.244  -10.396  62.356 0.0000000000
81402  49.532  -12.544  62.638 0.0000000000
78770  43.483  -14.933  70.676 0.0000000000
80094  48.338  -14.140  70.837 0.0000000000
77533  40.280  -15.933  70.875 0.0000000000
59641  34.975  -31.919  74.972 0.0000000000
55798  34.036  -34.847  79.555 0.0000000000
51257  23.043  -39.671  84.976 0.0000000000
51170  21.022  -38.951  89.848 0.0000000000
52400  18.321  -37.584  84.041 0.0000000000
54580  13.886  -36.783  83.155 0.0000000000
54643  24.692  -35.719  79.832 0.0000000000
89062  56.806  -5.549  58.410 0.0000000000
86836  58.037  -8.079  62.882 0.0000000000
80158  49.575  -14.010  66.461 0.0000000000
72309  43.034  -20.698  73.262 0.0000000000
62115  39.974  -30.245  77.075 0.0000000000
85893  52.859  -8.325  54.839 0.0000000000
86945  58.638  -7.915  54.018 0.0000000000
88055  60.122  -6.697  50.212 0.0000000000
48957  26.112  -40.649  88.184 0.0000000000
52293  10.474  -38.281  88.668 0.0000000000
53332  11.593  -36.497  91.775 0.0000000000
52239  9.821  -37.266  92.930 0.0000000000
82598  49.028  -11.329  60.483 0.0000000000
78734  43.769  -15.211  72.818 0.0000000000
80060  45.225  -14.496  72.636 0.0000000000
47834  3.974  -41.877  90.913 0.0000000000
77571  40.216  -15.427  69.152 0.0000000000
59604  28.846  -33.240  76.581 0.0000000000
58335  31.531  -33.640  76.888 0.0000000000
55801  31.051  -35.265  79.403 0.0000000000
51298  22.016  -38.830  82.622 0.0000000000
51277  20.462  -38.842  84.859 0.0000000000
52435  19.138  -37.902  81.757 0.0000000000
53544  22.326  -36.321  79.358 0.0000000000
52414  24.134  -37.314  82.011 0.0000000000
53340  18.780  -37.782  89.415 0.0000000000
87970  54.689  -6.399  58.233 0.0000000000
89028  58.001  -6.305  60.188 0.0000000000
85834  55.373  -8.121  60.316 0.0000000000
82510  54.134  -11.820  64.805 0.0000000000
83653  56.177  -10.517  65.212 0.0000000000
78899  44.476  -14.865  63.652 0.0000000000
80178  47.152  -14.213  64.265 0.0000000000
78862  46.903  -14.927  65.921 0.0000000000
71310  40.002  -21.943  70.613 0.0000000000
72347  41.282  -20.540  71.221 0.0000000000
69008  41.995  -23.193  73.456 0.0000000000
57052  37.484  -33.561  78.336 0.0000000000
60886  37.680  -30.946  75.742 0.0000000000
59565  39.992  -32.125  78.991 0.0000000000
86906  50.341  -8.194  56.934 0.0000000000
88014  49.916  -6.906  54.663 0.0000000000
86919  52.429  -7.680  56.275 0.0000000000
87995  54.772  -6.592  56.915 0.0000000000
88093  57.376  -5.972  48.553 0.0000000000
88058  56.414  -6.264  50.241 0.0000000000
88025  59.195  -6.939  51.827 0.0000000000
86977  55.455  -6.988  52.505 0.0000000000
54575  28.067  -36.077  82.595 0.0000000000
53510  30.184  -36.380  81.629 0.0000000000
53424  29.063  -37.520  84.828 0.0000000000
54497  14.317  -36.387  88.827 0.0000000000
54453  15.745  -36.213  92.058 0.0000000000
54466  13.592  -36.028  91.524 0.0000000000
85856  50.370  -9.255  58.354 0.0000000000
84799  53.739  -9.172  60.510 0.0000000000
83728  51.335  -10.274  60.600 0.0000000000
82567  51.415  -11.557  62.238 0.0000000000
81383  52.101  -12.564  64.264 0.0000000000
77567  44.549  -15.570  68.407 0.0000000000
77593  46.292  -15.514  68.194 0.0000000000
78767  46.027  -14.737  70.427 0.0000000000
66595  38.170  -26.426  72.198 0.0000000000
58251  41.423  -33.032  82.074 0.0000000000
50071  6.839  -40.139  88.264 0.0000000000
51150  7.738  -39.288  92.707 0.0000000000
48894  5.552  -40.399  92.764 0.0000000000
77639  41.311  -16.226  65.514 0.0000000000
77570  41.575  -15.891  68.731 0.0000000000
78772  42.112  -15.850  70.742 0.0000000000
78736  42.556  -16.065  72.533 0.0000000000
59664  32.355  -31.961  74.277 0.0000000000
58314  34.362  -33.394  77.730 0.0000000000
55771  36.221  -34.843  80.385 0.0000000000
53484  33.170  -36.897  82.355 0.0000000000
54571  35.196  -36.147  83.110 0.0000000000
48959  24.121  -40.756  88.519 0.0000000000
50000  22.872  -40.206  90.256 0.0000000000
50084  22.049  -39.662  87.584 0.0000000000
52333  19.758  -37.912  87.080 0.0000000000
54521  16.818  -37.012  86.384 0.0000000000
54623  16.074  -37.197  81.579 0.0000000000
54577  15.970  -35.973  83.354 0.0000000000
54524  15.218  -35.940  86.588 0.0000000000
53431  13.250  -37.065  85.557 0.0000000000
52357  11.033  -38.376  85.408 0.0000000000
52360  8.821  -38.870  85.727 0.0000000000
59585  27.577  -32.840  77.064 0.0000000000
57075  25.587  -33.592  77.333 0.0000000000
55779  26.874  -35.237  79.888 0.0000000000
53465  26.096  -36.790  82.640 0.0000000000
51255  25.129  -39.263  85.048 0.0000000000
85816  59.323  -8.538  61.184 0.0000000000
85792  56.271  -9.280  63.161 0.0000000000
81405  46.896  -12.920  62.113 0.0000000000
80176  49.686  -13.417  64.257 0.0000000000
81344  52.253  -12.952  66.822 0.0000000000
78817  48.437  -14.881  68.497 0.0000000000
78814  50.878  -14.415  68.790 0.0000000000
75414  38.769  -17.148  69.676 0.0000000000
75387  41.769  -17.548  72.129 0.0000000000
74328  44.211  -18.589  74.735 0.0000000000
63279  37.986  -28.843  74.131 0.0000000000
65410  40.196  -26.821  74.852 0.0000000000
60823  42.107  -30.797  80.300 0.0000000000
64288  41.983  -28.340  77.509 0.0000000000
66547  42.858  -25.763  75.366 0.0000000000
67715  44.799  -24.302  75.551 0.0000000000
71242  45.269  -21.542  76.190 0.0000000000
88018  53.443  -6.257  53.060 0.0000000000
85890  55.281  -8.271  54.312 0.0000000000
86914  57.775  -7.514  56.825 0.0000000000
48915  26.863  -41.037  89.687 0.0000000000
51210  9.721  -38.758  88.579 0.0000000000
52262  9.838  -37.778  90.557 0.0000000000
51175  9.267  -38.457  90.589 0.0000000000
78716  44.265  -15.843  74.272 0.0000000000
80040  45.109  -14.620  74.023 0.0000000000
46784  3.234  -42.938  89.455 0.0000000000
57061  28.933  -33.719  78.357 0.0000000000
57060  29.612  -33.844  78.075 0.0000000000
55803  29.375  -34.697  79.472 0.0000000000
52442  21.131  -37.648  80.702 0.0000000000
52434  20.390  -37.942  81.588 0.0000000000
52444  19.667  -37.743  80.807 0.0000000000
54672  21.490  -35.680  77.926 0.0000000000
53545  21.411  -36.796  79.530 0.0000000000
53514  22.333  -37.121  81.025 0.0000000000
53356  17.606  -37.139  89.010 0.0000000000
53328  17.363  -36.923  90.789 0.0000000000
86894  53.438  -7.457  58.490 0.0000000000
87950  55.403  -7.181  59.723 0.0000000000
86876  54.288  -8.091  59.798 0.0000000000
82494  54.202  -11.798  65.805 0.0000000000
82493  55.128  -11.747  66.226 0.0000000000
77655  44.235  -15.519  65.000 0.0000000000
78881  45.600  -14.920  64.648 0.0000000000
78863  45.758  -15.155  65.675 0.0000000000
67782  38.984  -24.869  71.486 0.0000000000
69034  39.935  -23.489  71.420 0.0000000000
70182  40.878  -22.643  71.861 0.0000000000
69010  40.819  -24.053  72.600 0.0000000000
57028  38.500  -33.961  79.588 0.0000000000
58310  38.854  -32.541  78.161 0.0000000000
57027  39.292  -33.559  79.550 0.0000000000
86896  51.921  -8.121  58.101 0.0000000000
86920  51.530  -7.977  56.308 0.0000000000
86904  52.402  -7.536  57.137 0.0000000000
87983  53.893  -6.725  57.557 0.0000000000
89122  55.349  -5.619  50.007 0.0000000000
89107  55.254  -5.940  50.791 0.0000000000
88027  56.187  -6.730  51.565 0.0000000000
89103  54.500  -5.870  51.820 0.0000000000
53463  27.611  -36.553  83.165 0.0000000000
54555  28.784  -36.435  83.584 0.0000000000
52349  28.416  -37.668  85.238 0.0000000000
53370  12.855  -36.586  88.857 0.0000000000
54477  13.870  -35.987  90.575 0.0000000000
53344  13.186  -36.388  90.639 0.0000000000
53304  11.084  -36.506  93.336 0.0000000000
54445  12.502  -36.431  93.192 0.0000000000
84828  49.690  -9.734  58.614 0.0000000000
84812  51.277  -9.570  59.713 0.0000000000
83742  49.912  -10.406  59.754 0.0000000000
82582  49.261  -11.738  61.327 0.0000000000
82581  50.407  -11.448  61.638 0.0000000000
82568  50.238  -12.049  62.378 0.0000000000
82550  52.324  -12.146  63.405 0.0000000000
81385  50.609  -12.664  63.513 0.0000000000
78822  44.106  -15.328  69.138 0.0000000000
78821  44.957  -15.161  69.038 0.0000000000
78768  45.162  -14.747  70.537 0.0000000000
85867  49.323  -8.868  57.310 0.0000000000
48926  6.651  -40.653  90.526 0.0000000000
48927  5.629  -41.079  90.155 0.0000000000
77640  40.186  -16.255  65.420 0.0000000000
77621  41.682  -16.200  66.627 0.0000000000
77622  40.396  -16.279  66.461 0.0000000000
77547  39.920  -15.600  70.195 0.0000000000
78826  40.802  -15.307  69.782 0.0000000000
78773  41.221  -15.893  70.710 0.0000000000
78756  42.153  -15.858  71.494 0.0000000000
78757  41.858  -16.136  71.331 0.0000000000
60922  30.807  -31.736  73.714 0.0000000000
57057  32.567  -34.247  78.579 0.0000000000
58334  32.608  -33.629  76.864 0.0000000000
57032  34.388  -34.303  78.944 0.0000000000
57031  35.381  -34.270  78.906 0.0000000000
55772  35.408  -34.965  80.347 0.0000000000
53441  30.520  -37.234  84.161 0.0000000000
52412  31.393  -37.180  81.790 0.0000000000
52368  31.901  -37.657  83.712 0.0000000000
53437  34.771  -37.200  84.325 0.0000000000
54569  36.661  -35.972  83.331 0.0000000000
50108  23.579  -40.332  86.417 0.0000000000
48981  23.028  -40.538  87.920 0.0000000000
50133  22.424  -39.774  86.297 0.0000000000
52374  19.795  -37.923  85.031 0.0000000000
51260  20.258  -38.593  85.864 0.0000000000
52353  19.000  -37.776  85.820 0.0000000000
52335  18.338  -37.802  86.562 0.0000000000
53426  17.670  -37.493  85.366 0.0000000000
54645  16.452  -36.881  80.394 0.0000000000
54602  14.214  -36.230  82.317 0.0000000000
55735  14.688  -36.337  82.213 0.0000000000
55701  14.610  -36.278  83.532 0.0000000000
54540  15.735  -35.877  85.349 0.0000000000
54542  14.180  -36.135  84.770 0.0000000000
53430  14.090  -36.573  85.700 0.0000000000
53448  13.697  -36.479  84.745 0.0000000000
52358  9.955  -38.209  85.536 0.0000000000
60871  27.736  -31.872  75.720 0.0000000000
60872  27.050  -31.948  75.571 0.0000000000
55807  24.038  -34.969  78.622 0.0000000000
55821  25.161  -34.565  78.377 0.0000000000
57040  26.420  -34.342  78.651 0.0000000000
55780  26.059  -35.335  79.900 0.0000000000
54620  26.590  -35.646  81.094 0.0000000000
53511  25.128  -36.339  81.154 0.0000000000
51288  23.495  -38.856  83.172 0.0000000000
52373  24.990  -38.355  83.528 0.0000000000
50130  24.449  -39.787  85.340 0.0000000000
50107  24.754  -40.152  86.161 0.0000000000
51169  21.419  -39.664  89.529 0.0000000000
51121  7.001  -38.783  94.495 0.0000000000
52226  8.209  -37.827  94.652 0.0000000000
90143  58.935  -5.467  59.154 0.0000000000
86858  58.131  -7.458  61.399 0.0000000000
86857  58.773  -7.270  61.472 0.0000000000
85801  59.152  -8.326  62.251 0.0000000000
84750  58.758  -9.160  63.060 0.0000000000
84785  53.724  -9.980  61.305 0.0000000000
84784  54.734  -9.378  60.990 0.0000000000
84755  55.004  -10.066  62.915 0.0000000000
83663  57.295  -10.295  64.795 0.0000000000
78878  48.315  -14.279  65.597 0.0000000000
80177  48.449  -13.885  64.684 0.0000000000
80167  49.607  -13.654  65.421 0.0000000000
80166  50.602  -13.287  65.099 0.0000000000
80157  50.534  -13.655  66.162 0.0000000000
78790  47.194  -14.938  69.429 0.0000000000
78818  47.482  -15.130  68.579 0.0000000000
78764  48.704  -14.497  70.067 0.0000000000
74382  38.720  -18.136  69.102 0.0000000000
72338  42.183  -20.564  72.486 0.0000000000
73383  41.655  -19.534  71.715 0.0000000000
73374  42.567  -19.582  73.004 0.0000000000
75378  42.598  -18.136  73.086 0.0000000000
73355  43.310  -19.555  73.483 0.0000000000
60919  34.231  -31.015  73.664 0.0000000000
60918  35.060  -30.754  74.191 0.0000000000
62116  39.347  -30.307  76.619 0.0000000000
62147  37.814  -29.846  74.955 0.0000000000
63266  39.100  -28.784  75.197 0.0000000000
64320  39.208  -27.837  74.519 0.0000000000
64305  40.282  -28.458  75.598 0.0000000000
59540  41.652  -32.135  81.062 0.0000000000
65368  43.239  -27.455  78.391 0.0000000000
65393  42.914  -27.057  76.197 0.0000000000
65392  43.439  -26.698  76.405 0.0000000000
66546  43.840  -25.272  75.386 0.0000000000
66517  44.657  -25.618  76.993 0.0000000000
86950  51.557  -7.581  54.275 0.0000000000
86963  53.042  -7.241  53.499 0.0000000000
86962  54.084  -7.229  53.425 0.0000000000
85891  54.260  -8.307  54.527 0.0000000000
89083  56.099  -5.921  57.347 0.0000000000
86903  56.615  -6.819  57.283 0.0000000000
87980  57.535  -6.277  57.666 0.0000000000
87979  58.465  -6.096  57.540 0.0000000000
88074  58.765  -6.378  49.391 0.0000000000
86958  59.165  -7.521  53.302 0.0000000000
86943  60.451  -7.347  54.261 0.0000000000
86927  59.899  -7.109  55.254 0.0000000000
51224  27.354  -39.632  86.900 0.0000000000
51223  27.995  -39.025  87.131 0.0000000000
50039  27.628  -40.572  88.553 0.0000000000
52292  11.163  -37.685  88.844 0.0000000000
53360  11.855  -36.632  90.004 0.0000000000
52272  10.966  -36.932  89.984 0.0000000000
52249  10.341  -37.202  92.233 0.0000000000
53297  10.392  -36.526  94.352 0.0000000000
82599  48.354  -11.494  60.316 0.0000000000
81419  48.369  -12.412  61.759 0.0000000000
78754  43.359  -14.926  71.407 0.0000000000
80078  44.646  -14.545  71.963 0.0000000000
80050  44.787  -14.768  73.150 0.0000000000
80039  45.681  -13.911  74.411 0.0000000000
47850  4.834  -41.724  90.268 0.0000000000
46794  4.099  -42.302  89.191 0.0000000000
46768  3.569  -42.940  91.456 0.0000000000
77600  39.659  -16.009  67.710 0.0000000000
77548  39.034  -15.813  69.671 0.0000000000
59626  30.337  -33.062  75.541 0.0000000000
58358  30.050  -33.414  76.218 0.0000000000
57058  31.448  -34.296  78.190 0.0000000000
55800  32.274  -35.173  79.352 0.0000000000
51289  22.465  -38.850  83.229 0.0000000000
51258  22.043  -39.492  85.616 0.0000000000
51290  21.336  -38.904  83.564 0.0000000000
52398  20.158  -38.511  83.745 0.0000000000
52420  18.510  -37.709  83.097 0.0000000000
53471  12.952  -37.327  83.002 0.0000000000
53496  12.107  -36.884  82.110 0.0000000000
54670  22.924  -35.371  77.584 0.0000000000
53530  23.879  -36.070  79.627 0.0000000000
53512  24.256  -36.506  80.644 0.0000000000
53513  23.222  -37.156  80.820 0.0000000000
52396  22.993  -38.622  82.798 0.0000000000
52259  20.251  -37.939  90.030 0.0000000000
89063  56.040  -5.640  58.582 0.0000000000
89050  57.512  -5.646  59.220 0.0000000000
89041  56.444  -6.427  59.531 0.0000000000
87936  56.910  -7.008  60.226 0.0000000000
86846  57.233  -8.053  61.812 0.0000000000
82548  54.242  -11.185  63.345 0.0000000000
83664  55.382  -10.495  63.640 0.0000000000
83654  55.514  -10.778  64.728 0.0000000000
83638  56.374  -10.997  65.774 0.0000000000
80192  46.279  -14.189  63.419 0.0000000000
78897  46.075  -14.616  64.142 0.0000000000
78880  46.515  -14.712  64.842 0.0000000000
78861  47.945  -14.556  66.241 0.0000000000
80093  49.266  -14.129  70.809 0.0000000000
71319  39.589  -21.579  69.955 0.0000000000
72357  40.089  -20.379  70.151 0.0000000000
71309  40.626  -21.517  70.950 0.0000000000
71298  41.675  -21.643  72.262 0.0000000000
71283  42.451  -21.657  73.121 0.0000000000
59603  36.057  -32.129  76.281 0.0000000000
60888  36.233  -31.413  75.335 0.0000000000
58329  37.649  -32.337  77.269 0.0000000000
59582  38.958  -31.839  77.592 0.0000000000
60852  39.806  -31.021  77.757 0.0000000000
86938  48.985  -7.388  55.818 0.0000000000
88005  49.019  -6.338  54.902 0.0000000000
86937  49.616  -7.391  55.437 0.0000000000
86935  51.537  -7.973  55.380 0.0000000000
86934  52.513  -8.149  55.371 0.0000000000
86933  53.490  -7.857  55.876 0.0000000000
86918  53.219  -7.260  56.299 0.0000000000
87982  54.712  -6.419  57.469 0.0000000000
89141  55.601  -5.125  49.216 0.0000000000
88075  57.280  -6.287  49.332 0.0000000000
88057  57.821  -6.530  50.312 0.0000000000
88040  59.577  -6.608  51.099 0.0000000000
88041  58.281  -6.783  51.341 0.0000000000
86975  57.683  -7.380  52.217 0.0000000000
86960  56.701  -7.765  53.003 0.0000000000
56988  28.505  -35.277  80.879 0.0000000000
55753  29.288  -34.968  81.082 0.0000000000
54594  29.069  -35.883  82.137 0.0000000000
53462  29.540  -36.594  83.596 0.0000000000
53423  29.906  -37.416  84.879 0.0000000000
54485  15.397  -36.596  89.386 0.0000000000
54474  15.936  -36.685  90.238 0.0000000000
54475  15.331  -36.139  90.351 0.0000000000
54454  15.052  -35.939  92.226 0.0000000000
53331  12.357  -36.291  91.653 0.0000000000
54444  13.284  -36.349  93.247 0.0000000000
85855  51.360  -8.460  58.245 0.0000000000
85837  53.181  -8.849  60.069 0.0000000000
84811  51.992  -9.302  59.798 0.0000000000
84801  51.899  -9.952  60.521 0.0000000000
83712  52.653  -10.514  61.544 0.0000000000
83714  50.555  -10.979  61.110 0.0000000000
83713  51.660  -10.778  61.281 0.0000000000
82565  53.021  -11.156  62.455 0.0000000000
82529  53.413  -11.976  64.132 0.0000000000
82511  53.398  -12.000  65.130 0.0000000000
82495  53.279  -12.252  65.984 0.0000000000
77619  43.856  -15.800  66.782 0.0000000000
77617  45.585  -15.604  67.185 0.0000000000
77566  45.369  -15.464  68.395 0.0000000000
78791  46.306  -14.958  69.573 0.0000000000
80095  47.443  -14.155  70.884 0.0000000000
80077  45.476  -14.278  71.949 0.0000000000
80075  47.082  -13.714  71.530 0.0000000000
81291  48.399  -13.293  72.189 0.0000000000
66593  39.686  -25.573  72.673 0.0000000000
56998  40.116  -34.136  81.348 0.0000000000
86924  47.797  -7.588  56.408 0.0000000000
86907  49.388  -8.283  56.731 0.0000000000
85866  50.317  -8.601  57.481 0.0000000000
92412  53.865  -2.738  50.949 0.0000000000
91288  52.862  -3.360  51.655 0.0000000000
50070  7.542  -39.965  88.282 0.0000000000
50029  8.538  -39.350  90.694 0.0000000000
48925  7.374  -40.300  90.850 0.0000000000
50015  6.629  -40.091  91.972 0.0000000000
49976  6.074  -39.742  94.474 0.0000000000
48895  4.735  -40.981  92.213 0.0000000000
77656  43.216  -15.647  64.678 0.0000000000
77657  42.080  -15.946  64.634 0.0000000000
77637  43.531  -15.733  65.790 0.0000000000
77620  42.812  -15.986  66.685 0.0000000000
77569  42.666  -15.804  68.527 0.0000000000
78823  43.199  -15.383  69.220 0.0000000000
77599  40.935  -16.257  67.799 0.0000000000
78825  41.328  -15.366  69.581 0.0000000000
78771  42.792  -15.355  70.778 0.0000000000
78755  42.753  -15.400  71.479 0.0000000000
78735  43.182  -15.972  72.677 0.0000000000
77493  43.787  -16.418  73.617 0.0000000000
59642  34.147  -32.028  74.895 0.0000000000
58373  31.777  -32.833  75.448 0.0000000000
59624  32.884  -32.393  75.484 0.0000000000
58353  35.159  -32.670  76.223 0.0000000000
58313  35.354  -33.172  77.722 0.0000000000
57030  36.431  -34.307  78.806 0.0000000000
55769  38.006  -34.572  80.494 0.0000000000
54641  30.267  -36.079  80.872 0.0000000000
54639  32.114  -35.949  80.333 0.0000000000
54638  33.167  -36.000  80.450 0.0000000000
53458  33.369  -37.008  83.425 0.0000000000
53483  33.989  -36.638  82.741 0.0000000000
54615  34.703  -36.234  81.134 0.0000000000
55729  35.992  -35.370  81.669 0.0000000000
55713  36.909  -35.504  82.655 0.0000000000
55726  38.367  -34.933  82.181 0.0000000000
48939  24.350  -40.760  89.340 0.0000000000
48940  23.448  -40.512  89.338 0.0000000000
50041  22.188  -39.708  89.116 0.0000000000
51185  21.501  -39.380  88.974 0.0000000000
51243  21.355  -39.392  86.373 0.0000000000
51226  20.516  -38.524  87.607 0.0000000000
52286  20.581  -37.965  88.419 0.0000000000
52288  19.334  -37.757  88.192 0.0000000000
53367  17.838  -36.993  88.075 0.0000000000
54493  16.996  -36.784  87.662 0.0000000000
53548  18.363  -37.220  80.243 0.0000000000
53517  17.787  -37.666  81.993 0.0000000000
53493  16.655  -37.154  82.832 0.0000000000
55758  15.325  -36.158  81.320 0.0000000000
54600  15.777  -36.981  82.553 0.0000000000
53468  16.948  -37.089  83.951 0.0000000000
54539  16.205  -36.277  85.387 0.0000000000
54523  16.094  -35.854  86.340 0.0000000000
54506  15.905  -35.863  87.390 0.0000000000
54525  14.819  -35.934  87.295 0.0000000000
53387  13.831  -36.425  88.193 0.0000000000
52337  12.612  -37.311  86.812 0.0000000000
52377  12.223  -37.520  84.313 0.0000000000
52356  12.179  -37.655  85.287 0.0000000000
52314  11.765  -37.496  87.866 0.0000000000
52315  10.843  -37.868  87.669 0.0000000000
52316  10.026  -38.302  87.556 0.0000000000
51247  8.680  -39.178  86.567 0.0000000000
50091  8.082  -39.809  87.395 0.0000000000
50092  7.156  -39.809  87.373 0.0000000000
60890  28.207  -31.717  75.353 0.0000000000
59584  28.032  -32.723  77.207 0.0000000000
58295  27.963  -33.260  78.726 0.0000000000
59587  26.361  -33.061  76.368 0.0000000000
58297  26.801  -33.721  78.350 0.0000000000
57013  27.723  -34.598  79.949 0.0000000000
55733  27.621  -35.587  81.260 0.0000000000
53464  26.932  -36.528  82.706 0.0000000000
52392  26.476  -36.992  83.345 0.0000000000
53466  25.332  -37.005  82.498 0.0000000000
51271  25.659  -38.071  84.193 0.0000000000
51254  25.916  -38.426  84.698 0.0000000000
50106  25.789  -40.012  86.277 0.0000000000
48978  25.573  -40.575  87.603 0.0000000000
51149  8.576  -38.513  93.089 0.0000000000
53299  9.230  -37.082  94.818 0.0000000000
89027  58.540  -6.174  60.333 0.0000000000
84798  54.253  -8.910  60.429 0.0000000000
85818  55.908  -8.526  61.158 0.0000000000
85804  57.012  -8.474  62.363 0.0000000000
84738  56.515  -9.523  64.060 0.0000000000
85779  57.124  -8.897  63.933 0.0000000000
84751  58.267  -9.017  63.581 0.0000000000
81420  47.348  -12.452  61.590 0.0000000000
81403  48.727  -12.760  62.475 0.0000000000
80191  47.580  -13.555  63.324 0.0000000000
81388  48.375  -13.049  63.041 0.0000000000
81386  49.819  -12.915  63.442 0.0000000000
81373  50.869  -12.916  64.368 0.0000000000
81362  51.682  -12.881  65.401 0.0000000000
81353  53.235  -12.396  66.708 0.0000000000
78841  46.723  -15.380  67.760 0.0000000000
78840  47.798  -14.979  67.748 0.0000000000
78839  48.739  -14.752  67.655 0.0000000000
78763  49.619  -14.522  70.034 0.0000000000
78786  50.561  -14.422  69.146 0.0000000000
78837  50.273  -14.343  67.738 0.0000000000
80141  51.287  -14.204  68.190 0.0000000000
80139  53.056  -12.864  68.348 0.0000000000
76460  38.333  -16.352  69.496 0.0000000000
76447  39.677  -16.488  70.447 0.0000000000
73391  40.560  -19.390  70.428 0.0000000000
75398  40.684  -17.539  70.782 0.0000000000
76433  41.284  -16.898  71.016 0.0000000000
76401  42.140  -16.829  72.447 0.0000000000
76385  43.122  -16.906  73.385 0.0000000000
76359  44.232  -17.008  74.946 0.0000000000
62148  37.032  -30.197  74.800 0.0000000000
64356  38.307  -27.394  73.100 0.0000000000
65432  39.298  -26.976  73.894 0.0000000000
66569  40.091  -26.114  73.412 0.0000000000
59541  41.090  -32.694  80.799 0.0000000000
60825  40.545  -31.480  79.373 0.0000000000
62099  41.055  -30.210  78.334 0.0000000000
62098  41.898  -29.752  78.697 0.0000000000
63237  41.493  -29.079  77.240 0.0000000000
64304  40.884  -28.055  75.940 0.0000000000
65409  41.098  -26.692  75.187 0.0000000000
66568  41.015  -25.535  73.893 0.0000000000
67737  42.177  -24.701  73.946 0.0000000000
68986  43.365  -23.384  74.199 0.0000000000
70150  43.942  -22.460  74.290 0.0000000000
67686  45.415  -24.921  77.388 0.0000000000
70135  45.219  -22.788  75.764 0.0000000000
71254  44.217  -20.960  74.828 0.0000000000
72294  44.530  -20.340  75.257 0.0000000000
91289  52.375  -3.744  52.067 0.0000000000
89104  53.667  -5.505  52.380 0.0000000000
88017  54.422  -6.611  52.996 0.0000000000
86961  55.319  -7.414  53.205 0.0000000000
85889  56.426  -8.500  54.515 0.0000000000
86931  55.370  -8.071  56.099 0.0000000000
86930  56.076  -8.253  56.058 0.0000000000
85878  58.169  -8.067  55.588 0.0000000000
88004  59.378  -6.606  56.054 0.0000000000
48916  25.235  -41.874  89.958 0.0000000000
47858  25.661  -41.624  89.618 0.0000000000
51191  9.309  -39.150  89.643 0.0000000000
78715  44.827  -15.275  74.706 0.0000000000
57037  28.512  -33.756  79.106 0.0000000000
57036  29.282  -34.290  78.920 0.0000000000
53534  20.925  -37.594  80.384 0.0000000000
52443  20.549  -37.710  80.619 0.0000000000
52453  20.025  -37.646  80.256 0.0000000000
53533  21.513  -37.315  80.536 0.0000000000
53357  16.908  -36.863  89.128 0.0000000000
53342  17.486  -36.979  89.905 0.0000000000
53343  16.744  -36.788  90.058 0.0000000000
86895  52.716  -7.786  58.291 0.0000000000
86887  53.788  -7.705  59.146 0.0000000000
86888  53.050  -8.011  59.051 0.0000000000
82476  55.172  -11.936  67.124 0.0000000000
78864  45.040  -15.322  65.105 0.0000000000
67781  39.739  -24.575  71.974 0.0000000000
69025  39.650  -24.080  71.548 0.0000000000
69024  40.375  -23.816  71.938 0.0000000000
67764  40.878  -24.471  73.039 0.0000000000
57010  38.712  -34.370  80.237 0.0000000000
57009  39.492  -34.092  80.293 0.0000000000
86905  51.458  -8.046  57.357 0.0000000000
87972  53.301  -7.308  58.203 0.0000000000
89108  54.556  -5.396  51.041 0.0000000000
89102  55.031  -6.087  51.297 0.0000000000
89109  54.102  -5.369  51.745 0.0000000000
52370  27.211  -37.369  83.833 0.0000000000
52350  27.716  -37.474  84.981 0.0000000000
53358  13.404  -36.367  89.787 0.0000000000
53371  12.327  -36.682  89.458 0.0000000000
84829  48.881  -9.833  58.405 0.0000000000
84814  49.487  -10.086  59.100 0.0000000000
82569  49.543  -12.180  62.087 0.0000000000
82551  51.106  -12.243  63.052 0.0000000000
81401  50.144  -12.495  62.988 0.0000000000
78794  43.740  -15.066  69.908 0.0000000000
78793  44.609  -14.977  69.827 0.0000000000
78769  44.305  -14.772  70.602 0.0000000000
48949  5.904  -41.076  89.009 0.0000000000
76516  39.980  -16.341  65.821 0.0000000000
76505  39.911  -16.349  66.111 0.0000000000
78798  40.576  -15.433  70.138 0.0000000000
78774  40.394  -15.661  70.552 0.0000000000
77532  41.297  -16.186  70.875 0.0000000000
57033  33.445  -34.355  79.080 0.0000000000
55797  34.936  -34.706  79.631 0.0000000000
55773  34.578  -35.335  80.300 0.0000000000
53440  31.454  -37.626  84.194 0.0000000000
53460  31.338  -37.409  83.355 0.0000000000
48998  23.307  -40.532  87.236 0.0000000000
50132  22.967  -39.830  85.980 0.0000000000
52375  18.804  -37.597  84.842 0.0000000000
52354  17.986  -37.742  85.541 0.0000000000
52376  18.103  -37.519  84.757 0.0000000000
54579  14.327  -36.399  83.435 0.0000000000
54559  14.618  -36.153  84.163 0.0000000000
54560  14.104  -36.367  84.114 0.0000000000
54561  13.796  -36.817  84.075 0.0000000000
54657  24.043  -35.440  79.197 0.0000000000
55822  24.496  -34.531  78.081 0.0000000000
55806  24.812  -35.127  78.897 0.0000000000
55805  25.807  -35.028  78.785 0.0000000000
55781  25.369  -35.382  79.530 0.0000000000
54642  25.398  -35.599  80.194 0.0000000000
54622  25.072  -35.976  80.570 0.0000000000
51274  23.276  -39.008  84.107 0.0000000000
51256  24.029  -39.507  84.741 0.0000000000
50131  23.813  -39.946  85.567 0.0000000000
51112  6.316  -39.058  94.895 0.0000000000
51111  7.157  -38.581  95.560 0.0000000000
90164  57.564  -5.617  58.375 0.0000000000
90153  58.617  -5.463  58.724 0.0000000000
90154  58.058  -5.577  58.721 0.0000000000
86844  58.523  -7.832  62.303 0.0000000000
85802  58.902  -8.064  62.590 0.0000000000
85788  58.920  -8.438  62.807 0.0000000000
85789  58.518  -8.344  63.085 0.0000000000
84769  54.038  -10.223  62.032 0.0000000000
84768  54.701  -9.976  62.187 0.0000000000
80168  48.888  -13.936  65.793 0.0000000000
78765  47.780  -14.452  70.089 0.0000000000
78789  48.118  -14.807  69.327 0.0000000000
73399  39.104  -19.259  69.351 0.0000000000
72326  42.561  -20.665  72.908 0.0000000000
73382  42.066  -19.567  72.379 0.0000000000
73356  42.847  -20.117  73.136 0.0000000000
72308  43.655  -20.536  73.811 0.0000000000
60905  34.660  -31.430  74.461 0.0000000000
60904  35.542  -31.230  74.853 0.0000000000
62131  38.834  -29.886  75.844 0.0000000000
62130  39.724  -29.786  76.247 0.0000000000
63253  39.479  -29.167  75.839 0.0000000000
62129  40.388  -29.650  76.584 0.0000000000
65352  43.198  -27.639  78.970 0.0000000000
65380  43.217  -27.337  77.396 0.0000000000
65367  43.767  -26.656  78.010 0.0000000000
66518  44.172  -26.403  77.144 0.0000000000
66503  44.319  -26.078  77.738 0.0000000000
86965  51.608  -7.108  53.776 0.0000000000
86964  52.119  -7.216  53.673 0.0000000000
86949  52.662  -7.991  54.186 0.0000000000
86948  53.656  -7.914  53.936 0.0000000000
85892  53.395  -8.344  54.639 0.0000000000
89074  56.050  -5.654  57.881 0.0000000000
89082  56.427  -6.031  57.454 0.0000000000
89073  56.847  -5.824  57.835 0.0000000000
89072  57.920  -5.926  58.077 0.0000000000
88073  60.022  -6.506  49.320 0.0000000000
88054  60.570  -7.040  50.188 0.0000000000
86959  57.967  -7.796  53.295 0.0000000000
86944  59.450  -7.641  54.448 0.0000000000
85887  58.634  -8.040  54.742 0.0000000000
50081  26.341  -40.157  87.052 0.0000000000
50060  27.244  -40.379  87.861 0.0000000000
52273  10.511  -37.842  89.587 0.0000000000
52250  9.785  -37.559  91.766 0.0000000000
52238  10.225  -37.082  92.657 0.0000000000
53319  10.124  -36.853  93.273 0.0000000000
82583  47.886  -11.967  60.934 0.0000000000
80062  43.925  -14.841  72.441 0.0000000000
80079  43.946  -14.735  71.966 0.0000000000
80051  44.210  -14.829  72.808 0.0000000000
47864  4.527  -41.851  89.065 0.0000000000
45700  3.431  -43.190  90.527 0.0000000000
45687  3.455  -43.328  91.040 0.0000000000
59627  29.073  -32.816  75.793 0.0000000000
58337  29.482  -33.495  76.977 0.0000000000
55820  30.283  -34.528  78.634 0.0000000000
57059  30.478  -34.152  78.195 0.0000000000
55819  30.811  -34.713  78.659 0.0000000000
55818  31.659  -34.806  78.751 0.0000000000
51299  21.774  -38.860  82.943 0.0000000000
52418  20.176  -38.236  82.557 0.0000000000
52419  19.357  -37.889  82.906 0.0000000000
52436  18.702  -37.808  82.424 0.0000000000
54659  22.420  -35.791  78.437 0.0000000000
53543  23.205  -36.110  79.128 0.0000000000
53531  23.207  -36.508  79.975 0.0000000000
53515  21.896  -37.341  81.177 0.0000000000
52432  22.400  -37.665  81.427 0.0000000000
52416  22.471  -38.420  82.196 0.0000000000
52260  19.472  -37.794  89.826 0.0000000000
52247  19.365  -37.617  90.803 0.0000000000
89064  55.343  -5.973  58.798 0.0000000000
89052  56.062  -6.051  59.244 0.0000000000
89053  55.484  -6.238  59.101 0.0000000000
86874  55.811  -7.631  60.172 0.0000000000
87937  56.343  -7.273  60.190 0.0000000000
86860  56.510  -7.643  60.759 0.0000000000
82528  54.239  -11.659  63.917 0.0000000000
83665  54.849  -11.087  63.853 0.0000000000
83655  54.837  -11.534  64.633 0.0000000000
83639  55.699  -11.091  65.718 0.0000000000
78898  45.412  -14.700  63.757 0.0000000000
71327  39.076  -21.187  69.260 0.0000000000
71318  40.143  -21.158  70.521 0.0000000000
70168  41.467  -22.660  72.600 0.0000000000
71284  41.936  -22.006  72.773 0.0000000000
70167  41.953  -22.633  73.105 0.0000000000
58312  36.478  -33.005  77.785 0.0000000000
58330  37.030  -32.448  77.213 0.0000000000
59566  39.306  -32.222  78.401 0.0000000000
60853  39.275  -31.090  77.291 0.0000000000
59581  39.696  -31.731  78.270 0.0000000000
86922  49.525  -7.904  56.163 0.0000000000
86921  50.515  -8.120  56.219 0.0000000000
87997  53.072  -6.907  56.923 0.0000000000
89075  55.337  -5.873  58.045 0.0000000000
89121  56.150  -5.905  49.808 0.0000000000
88042  56.921  -6.632  51.136 0.0000000000
86976  56.290  -7.170  52.176 0.0000000000
86989  56.637  -6.906  51.618 0.0000000000
54596  27.825  -35.344  81.965 0.0000000000
55731  28.616  -35.244  81.447 0.0000000000
54595  28.460  -35.578  82.126 0.0000000000
53443  28.879  -36.759  84.254 0.0000000000
54554  29.222  -36.506  83.794 0.0000000000
53442  29.609  -36.898  84.147 0.0000000000
53406  29.471  -37.817  85.386 0.0000000000
54496  14.979  -36.383  88.581 0.0000000000
54486  14.767  -36.331  89.569 0.0000000000
54465  14.441  -35.830  91.409 0.0000000000
54455  14.272  -35.970  92.383 0.0000000000
54442  14.940  -35.890  93.247 0.0000000000
54443  14.078  -36.272  93.233 0.0000000000
53346  11.808  -36.546  90.942 0.0000000000
53316  12.034  -36.320  92.486 0.0000000000
85846  51.400  -9.064  59.110 0.0000000000
84802  51.087  -9.926  60.206 0.0000000000
84786  52.757  -10.086  61.062 0.0000000000
84787  52.246  -10.334  61.104 0.0000000000
83731  48.754  -11.045  59.880 0.0000000000
83730  49.668  -10.956  60.466 0.0000000000
82580  51.026  -11.221  61.544 0.0000000000
83698  52.039  -11.186  62.017 0.0000000000
83697  52.553  -10.920  62.038 0.0000000000
82566  52.491  -11.452  62.522 0.0000000000
82549  53.443  -11.485  63.088 0.0000000000
82530  52.728  -12.304  64.553 0.0000000000
82512  52.801  -12.377  65.380 0.0000000000
77596  44.185  -15.801  67.665 0.0000000000
77595  45.045  -15.594  67.735 0.0000000000
78792  45.464  -14.946  69.731 0.0000000000
78766  46.884  -14.559  70.224 0.0000000000
80096  46.592  -14.321  71.037 0.0000000000
81293  46.816  -13.454  72.096 0.0000000000
81292  47.520  -13.286  72.086 0.0000000000
66608  38.551  -25.603  71.636 0.0000000000
66594  38.879  -25.996  72.452 0.0000000000
86908  48.347  -8.207  56.691 0.0000000000
91297  53.534  -3.629  51.216 0.0000000000
50051  7.163  -40.071  88.982 0.0000000000
50050  7.794  -39.937  89.212 0.0000000000
48947  7.398  -40.511  89.809 0.0000000000
48909  5.883  -40.497  91.587 0.0000000000
49999  6.199  -40.138  92.434 0.0000000000
49985  6.041  -39.918  93.513 0.0000000000
48887  5.516  -40.288  93.284 0.0000000000
48928  5.141  -41.196  90.497 0.0000000000
47820  4.521  -41.413  92.006 0.0000000000
77667  42.606  -15.579  63.942 0.0000000000
77658  40.980  -16.098  64.360 0.0000000000
77638  42.456  -16.028  65.643 0.0000000000
77598  42.132  -15.975  67.665 0.0000000000
78824  42.282  -15.532  69.383 0.0000000000
78797  41.293  -15.435  70.194 0.0000000000
78796  42.102  -15.489  70.140 0.0000000000
78744  42.118  -15.873  72.237 0.0000000000
78743  42.867  -15.571  72.150 0.0000000000
78727  43.728  -16.146  73.133 0.0000000000
77507  43.371  -16.307  72.955 0.0000000000
60921  31.864  -31.534  73.705 0.0000000000
60920  33.047  -31.559  73.726 0.0000000000
59643  33.158  -32.053  74.765 0.0000000000
58357  30.953  -33.410  76.182 0.0000000000
59645  31.030  -32.532  75.053 0.0000000000
58356  31.995  -33.355  76.010 0.0000000000
58333  33.680  -33.336  77.147 0.0000000000
58355  33.006  -32.749  76.245 0.0000000000
58354  34.122  -32.761  76.294 0.0000000000
58332  34.753  -32.963  77.045 0.0000000000
55796  35.862  -34.671  79.598 0.0000000000
55795  36.811  -34.635  79.589 0.0000000000
55794  37.607  -34.457  79.765 0.0000000000
55770  37.073  -34.773  80.442 0.0000000000
54618  29.572  -35.806  81.482 0.0000000000
55752  29.802  -35.506  80.914 0.0000000000
53485  31.997  -37.524  82.197 0.0000000000
53508  31.754  -36.921  81.159 0.0000000000
53507  32.689  -37.026  81.494 0.0000000000
54617  32.703  -36.632  80.802 0.0000000000
54616  33.566  -36.582  81.192 0.0000000000
54553  35.284  -36.526  83.760 0.0000000000
53457  34.481  -36.727  83.456 0.0000000000
54591  34.877  -36.349  82.347 0.0000000000
54614  35.448  -35.781  81.568 0.0000000000
54590  35.746  -35.837  82.404 0.0000000000
54589  36.333  -35.774  82.733 0.0000000000
55727  37.486  -35.198  82.077 0.0000000000
50083  22.534  -40.171  87.817 0.0000000000
50061  22.693  -40.111  88.557 0.0000000000
50062  22.126  -39.679  88.407 0.0000000000
51205  21.526  -39.214  88.289 0.0000000000
51276  21.306  -39.138  84.700 0.0000000000
51259  21.079  -38.989  85.672 0.0000000000
51245  20.111  -38.423  86.829 0.0000000000
51244  20.735  -38.918  86.621 0.0000000000
51206  21.084  -38.527  88.318 0.0000000000
52309  20.253  -37.917  87.916 0.0000000000
52287  19.960  -37.750  88.408 0.0000000000
52310  19.828  -37.810  87.754 0.0000000000
53407  17.718  -37.622  86.800 0.0000000000
53385  18.097  -37.489  87.371 0.0000000000
53386  17.405  -37.250  87.239 0.0000000000
53537  17.110  -37.371  81.137 0.0000000000
53518  16.743  -37.208  81.664 0.0000000000
54599  16.270  -37.230  82.141 0.0000000000
55759  14.820  -35.748  81.099 0.0000000000
54578  15.247  -36.119  83.506 0.0000000000
55734  15.249  -36.580  82.336 0.0000000000
53494  15.970  -36.866  83.218 0.0000000000
53469  16.243  -36.699  83.762 0.0000000000
53447  16.468  -36.731  84.633 0.0000000000
54557  16.165  -35.939  84.395 0.0000000000
54507  15.195  -35.906  87.694 0.0000000000
53412  13.499  -36.759  86.532 0.0000000000
53411  14.329  -36.326  86.982 0.0000000000
53388  13.251  -36.690  87.580 0.0000000000
53472  11.758  -37.334  82.910 0.0000000000
53450  12.251  -37.373  83.714 0.0000000000
52338  11.457  -37.767  86.611 0.0000000000
52339  10.422  -38.039  86.559 0.0000000000
52359  9.300  -38.542  85.605 0.0000000000
52340  9.611  -38.466  86.515 0.0000000000
51228  9.319  -38.865  87.412 0.0000000000
51246  9.186  -38.754  86.675 0.0000000000
50117  7.657  -39.657  86.276 0.0000000000
50118  6.695  -39.849  86.441 0.0000000000
60856  27.525  -32.531  76.222 0.0000000000
60855  27.883  -32.540  76.507 0.0000000000
58318  27.719  -33.083  77.916 0.0000000000
58339  25.568  -33.264  76.483 0.0000000000
58320  26.320  -33.411  77.406 0.0000000000
55804  26.592  -35.076  79.146 0.0000000000
57039  27.172  -34.434  79.225 0.0000000000
57014  27.372  -35.076  79.935 0.0000000000
57002  27.662  -35.302  80.228 0.0000000000
55756  27.151  -35.346  80.748 0.0000000000
53488  26.552  -36.629  81.970 0.0000000000
54597  27.216  -36.124  81.602 0.0000000000
52391  27.063  -36.830  83.262 0.0000000000
53490  24.691  -36.864  81.826 0.0000000000
52394  24.582  -37.819  82.786 0.0000000000
51272  25.258  -38.469  84.168 0.0000000000
51241  26.494  -39.209  85.774 0.0000000000
51242  25.605  -39.751  85.744 0.0000000000
48979  24.713  -40.709  87.453 0.0000000000
50082  25.479  -40.434  86.872 0.0000000000
48958  25.076  -40.788  88.404 0.0000000000
48899  22.972  -40.438  90.269 0.0000000000
54463  15.937  -36.197  91.138 0.0000000000
53315  16.499  -36.520  91.899 0.0000000000
51163  8.043  -39.393  92.073 0.0000000000
51162  8.525  -38.927  91.774 0.0000000000
52217  8.473  -37.589  95.392 0.0000000000
52225  8.788  -37.489  94.888 0.0000000000
53290  8.819  -36.953  95.565 0.0000000000
53289  9.411  -36.652  95.419 0.0000000000
53282  9.195  -36.443  96.028 0.0000000000
89039  57.616  -5.932  59.516 0.0000000000
89038  58.235  -5.919  59.773 0.0000000000
86856  59.217  -7.442  61.266 0.0000000000
85836  53.719  -8.482  59.892 0.0000000000
84767  55.510  -9.389  61.817 0.0000000000
84783  55.385  -9.109  61.177 0.0000000000
85805  56.200  -9.051  62.534 0.0000000000
85791  56.737  -8.948  63.459 0.0000000000
84730  55.975  -10.256  64.803 0.0000000000
84739  55.882  -10.051  64.253 0.0000000000
84729  56.393  -10.036  64.737 0.0000000000
84737  57.305  -9.508  64.311 0.0000000000
84752  57.898  -9.081  63.972 0.0000000000
84736  58.041  -9.583  63.995 0.0000000000
83661  58.224  -10.127  63.668 0.0000000000
81421  46.378  -12.613  61.369 0.0000000000
81404  47.784  -12.888  62.426 0.0000000000
80190  48.770  -13.415  63.647 0.0000000000
81387  49.095  -12.981  63.140 0.0000000000
80189  49.356  -13.240  63.596 0.0000000000
81374  50.286  -13.044  63.989 0.0000000000
80175  50.372  -13.187  64.429 0.0000000000
80156  51.284  -13.256  65.855 0.0000000000
80165  51.203  -13.113  65.337 0.0000000000
81355  51.949  -12.923  66.209 0.0000000000
81354  52.680  -12.640  66.369 0.0000000000
77594  45.883  -15.599  67.868 0.0000000000
78842  46.109  -15.502  67.388 0.0000000000
78816  49.370  -14.655  68.411 0.0000000000
80120  51.219  -14.349  69.436 0.0000000000
78815  50.326  -14.415  68.361 0.0000000000
76448  38.929  -16.366  70.142 0.0000000000
75413  39.266  -17.053  70.176 0.0000000000
72348  40.710  -20.441  70.623 0.0000000000
74363  41.486  -18.533  71.552 0.0000000000
74371  40.917  -18.474  70.896 0.0000000000
75388  41.368  -17.626  71.325 0.0000000000
76419  41.763  -16.827  71.830 0.0000000000
74343  43.165  -18.494  73.624 0.0000000000
75369  42.912  -17.694  73.468 0.0000000000
75357  43.490  -17.735  74.048 0.0000000000
76372  43.611  -17.091  73.804 0.0000000000
75356  44.025  -17.740  74.560 0.0000000000
60887  36.813  -31.088  75.598 0.0000000000
60903  36.558  -30.791  74.813 0.0000000000
60902  37.178  -30.571  75.178 0.0000000000
62161  37.441  -29.356  74.240 0.0000000000
63280  37.287  -29.009  73.860 0.0000000000
63298  37.585  -28.583  73.480 0.0000000000
64337  38.014  -28.358  73.464 0.0000000000
65411  39.657  -27.187  74.591 0.0000000000
65431  39.932  -26.762  74.191 0.0000000000
66550  40.238  -26.471  74.256 0.0000000000
58252  40.891  -33.487  82.129 0.0000000000
58278  40.520  -33.250  80.589 0.0000000000
58267  40.982  -33.164  81.540 0.0000000000
60806  41.809  -31.428  80.487 0.0000000000
59550  41.460  -31.801  80.331 0.0000000000
60824  41.376  -31.218  79.834 0.0000000000
60839  40.786  -30.865  79.006 0.0000000000
62080  41.612  -30.514  79.152 0.0000000000
63221  42.628  -28.606  78.677 0.0000000000
63204  42.638  -29.259  79.073 0.0000000000
63222  42.143  -28.960  78.260 0.0000000000
62113  41.600  -29.511  77.888 0.0000000000
63236  41.790  -28.969  77.730 0.0000000000
64289  41.453  -28.493  76.731 0.0000000000
65408  42.134  -26.471  75.471 0.0000000000
65394  41.679  -27.279  75.759 0.0000000000
66549  40.596  -26.114  74.520 0.0000000000
66548  41.678  -25.650  74.712 0.0000000000
66567  41.619  -25.224  73.935 0.0000000000
67718  42.592  -25.085  74.614 0.0000000000
66545  44.370  -24.860  75.380 0.0000000000
67717  43.304  -24.831  74.843 0.0000000000
67735  43.567  -24.080  74.553 0.0000000000
68985  44.125  -23.390  74.659 0.0000000000
67670  45.750  -25.058  78.002 0.0000000000
68958  45.512  -23.376  76.598 0.0000000000
70121  45.357  -22.414  76.194 0.0000000000
71265  44.714  -21.754  75.165 0.0000000000
71252  44.898  -21.404  75.730 0.0000000000
71253  44.521  -21.111  75.268 0.0000000000
72293  44.741  -20.713  75.694 0.0000000000
89098  52.521  -5.530  52.862 0.0000000000
89105  53.037  -5.360  52.617 0.0000000000
89097  53.179  -5.652  52.760 0.0000000000
88030  54.002  -6.161  52.725 0.0000000000
86947  54.611  -7.880  53.834 0.0000000000
86946  55.142  -7.916  53.762 0.0000000000
85898  55.990  -8.161  53.679 0.0000000000
86917  54.080  -7.066  56.331 0.0000000000
86932  54.411  -7.900  55.985 0.0000000000
86916  55.060  -7.240  56.539 0.0000000000
86902  57.193  -6.953  57.391 0.0000000000
86915  56.384  -7.531  56.782 0.0000000000
85873  57.973  -7.865  56.258 0.0000000000
86929  58.387  -7.604  56.185 0.0000000000
86913  58.671  -6.981  56.464 0.0000000000
89081  59.189  -5.770  57.221 0.0000000000
88105  57.229  -5.685  48.175 0.0000000000
89168  57.012  -5.258  47.784 0.0000000000
88104  57.801  -5.879  47.905 0.0000000000
47857  26.011  -41.359  89.237 0.0000000000
51190  9.950  -38.474  89.767 0.0000000000
52263  9.354  -38.018  90.773 0.0000000000
52251  9.211  -38.024  91.274 0.0000000000
78725  44.467  -15.100  73.571 0.0000000000
58338  28.763  -33.334  77.132 0.0000000000
57035  29.910  -34.343  78.584 0.0000000000
55802  29.987  -34.876  79.175 0.0000000000
52433  21.461  -37.830  81.325 0.0000000000
52417  21.284  -38.546  82.424 0.0000000000
54660  21.391  -36.055  78.697 0.0000000000
53532  22.316  -36.761  80.280 0.0000000000
53341  18.087  -37.502  89.732 0.0000000000
53326  18.781  -37.477  90.329 0.0000000000
53327  18.115  -37.109  90.580 0.0000000000
53313  18.019  -36.973  91.355 0.0000000000
52237  17.813  -37.042  92.057 0.0000000000
87971  53.895  -6.995  58.454 0.0000000000
87962  54.981  -6.758  59.165 0.0000000000
87963  54.286  -7.193  59.001 0.0000000000
86875  54.829  -7.614  59.807 0.0000000000
83641  54.625  -11.763  65.184 0.0000000000
83640  55.081  -11.496  65.413 0.0000000000
78882  44.815  -15.119  64.380 0.0000000000
69035  39.176  -23.621  71.107 0.0000000000
70195  40.137  -22.674  71.152 0.0000000000
70183  40.322  -23.160  71.581 0.0000000000
69023  40.983  -23.350  72.436 0.0000000000
69009  41.414  -23.614  73.020 0.0000000000
58311  37.918  -33.031  77.896 0.0000000000
58294  38.222  -33.444  78.840 0.0000000000
58293  39.060  -33.030  78.815 0.0000000000
58292  40.020  -33.119  79.595 0.0000000000
85865  50.881  -8.320  57.506 0.0000000000
87984  53.143  -7.057  57.744 0.0000000000
88059  55.701  -6.042  50.556 0.0000000000
88043  55.838  -6.311  51.089 0.0000000000
88028  55.272  -6.641  51.886 0.0000000000
54556  28.260  -36.427  83.227 0.0000000000
53444  28.223  -37.008  83.871 0.0000000000
53425  28.449  -37.279  84.635 0.0000000000
53369  13.698  -36.404  89.071 0.0000000000
54487  14.103  -36.160  89.710 0.0000000000
53317  11.314  -36.522  92.596 0.0000000000
85847  50.882  -9.432  59.156 0.0000000000
84813  50.427  -9.834  59.429 0.0000000000
83729  50.665  -10.436  60.414 0.0000000000
83715  49.944  -11.204  61.193 0.0000000000
81384  51.459  -12.620  63.846 0.0000000000
80059  46.234  -13.761  72.745 0.0000000000
85857  49.130  -9.420  57.877 0.0000000000
48967  6.170  -40.607  88.241 0.0000000000
48948  6.634  -40.704  89.247 0.0000000000
78745  41.721  -16.044  71.853 0.0000000000
59665  31.459  -32.108  74.316 0.0000000000
57072  32.031  -33.847  77.681 0.0000000000
57071  33.054  -33.811  77.690 0.0000000000
57070  33.601  -33.630  77.698 0.0000000000
57055  34.842  -33.741  78.315 0.0000000000
53487  30.267  -36.662  82.333 0.0000000000
53509  30.950  -36.768  81.649 0.0000000000
53486  31.026  -37.062  82.386 0.0000000000
53459  32.357  -37.391  83.248 0.0000000000
54538  35.469  -36.802  84.411 0.0000000000
54570  35.838  -36.126  83.216 0.0000000000
48997  24.025  -40.668  86.960 0.0000000000
48980  23.742  -40.782  87.771 0.0000000000
48999  22.869  -40.394  87.458 0.0000000000
50110  21.962  -39.657  86.682 0.0000000000
52352  19.752  -37.966  86.222 0.0000000000
52334  19.169  -37.822  86.755 0.0000000000
52336  17.706  -37.784  86.249 0.0000000000
53408  17.209  -37.402  86.390 0.0000000000
54646  15.790  -36.242  80.793 0.0000000000
54625  14.369  -35.884  81.427 0.0000000000
54601  14.508  -36.088  81.756 0.0000000000
55736  14.401  -36.335  82.522 0.0000000000
55716  14.454  -36.470  82.926 0.0000000000
55700  14.913  -36.129  83.751 0.0000000000
54558  15.403  -35.837  84.225 0.0000000000
54541  14.963  -36.459  85.240 0.0000000000
53429  14.755  -36.465  86.254 0.0000000000
52380  9.410  -38.392  84.623 0.0000000000
59586  27.002  -32.888  76.588 0.0000000000
57063  24.983  -34.118  78.032 0.0000000000
57062  25.610  -33.882  78.175 0.0000000000
55757  26.486  -35.357  80.602 0.0000000000
54621  25.824  -35.744  80.925 0.0000000000
53489  25.711  -36.514  81.792 0.0000000000
51287  24.054  -38.531  83.018 0.0000000000
51273  24.373  -38.742  83.815 0.0000000000
51151  7.174  -39.422  92.980 0.0000000000
51135  8.030  -38.492  93.931 0.0000000000
51120  7.599  -38.319  94.975 0.0000000000
52218  7.828  -37.987  95.669 0.0000000000
87935  57.713  -6.905  60.635 0.0000000000
87934  58.413  -6.727  60.816 0.0000000000
86843  59.023  -7.682  62.098 0.0000000000
84766  58.844  -9.290  61.995 0.0000000000
83677  58.285  -10.194  62.746 0.0000000000
84754  55.727  -9.762  63.121 0.0000000000
83637  56.923  -11.044  65.691 0.0000000000
83652  56.883  -10.324  65.134 0.0000000000
81406  46.110  -13.149  61.942 0.0000000000
80148  51.643  -13.564  66.930 0.0000000000
78788  49.042  -14.708  69.265 0.0000000000
80119  51.969  -13.878  69.070 0.0000000000
74381  39.447  -18.062  69.804 0.0000000000
72339  41.755  -20.579  71.903 0.0000000000
73390  41.216  -19.480  70.976 0.0000000000
74362  41.878  -18.574  72.297 0.0000000000
74354  42.329  -18.671  72.837 0.0000000000
73373  42.934  -19.035  73.326 0.0000000000
73339  43.945  -19.514  74.262 0.0000000000
60885  38.442  -30.704  75.994 0.0000000000
62132  38.209  -30.334  75.614 0.0000000000
62146  38.565  -29.396  75.173 0.0000000000
63267  38.354  -28.983  74.889 0.0000000000
63278  38.694  -28.514  74.467 0.0000000000
63265  39.836  -28.712  75.506 0.0000000000
64319  40.085  -27.983  75.002 0.0000000000
58266  41.451  -32.642  81.687 0.0000000000
59528  41.636  -32.409  81.745 0.0000000000
59539  42.215  -31.646  81.233 0.0000000000
60805  42.248  -30.986  80.954 0.0000000000
64287  42.720  -27.867  77.892 0.0000000000
64302  42.608  -27.768  77.053 0.0000000000
66533  43.120  -26.415  75.776 0.0000000000
66532  43.728  -26.179  76.197 0.0000000000
66531  44.604  -25.287  75.868 0.0000000000
86951  50.708  -7.479  54.748 0.0000000000
88013  50.653  -6.641  54.051 0.0000000000
88019  52.402  -6.436  53.313 0.0000000000
87994  55.648  -6.488  56.961 0.0000000000
87981  56.784  -6.337  57.496 0.0000000000
87992  58.142  -6.715  57.235 0.0000000000
88092  58.307  -6.197  48.538 0.0000000000
86974  58.744  -7.298  52.496 0.0000000000
51240  27.593  -38.791  86.279 0.0000000000
51204  27.871  -39.742  87.583 0.0000000000
48937  26.813  -41.200  88.751 0.0000000000
52291  11.967  -37.056  89.090 0.0000000000
52271  11.582  -36.903  89.704 0.0000000000
53361  11.442  -36.721  90.482 0.0000000000
53347  11.158  -36.716  91.041 0.0000000000
52261  10.420  -37.064  91.218 0.0000000000
53333  10.938  -36.882  91.951 0.0000000000
53305  10.470  -36.630  93.598 0.0000000000
81418  49.126  -12.415  61.996 0.0000000000
78753  44.071  -14.668  71.331 0.0000000000
80049  45.510  -14.126  73.481 0.0000000000
47863  5.306  -41.493  89.311 0.0000000000
46782  4.453  -42.166  89.672 0.0000000000
47851  4.310  -42.090  90.492 0.0000000000
46783  4.112  -42.611  90.100 0.0000000000
46756  3.459  -42.485  92.750 0.0000000000
77572  38.781  -15.787  68.695 0.0000000000
77534  39.455  -15.926  70.371 0.0000000000
57074  30.235  -33.749  77.576 0.0000000000
57073  31.046  -33.854  77.591 0.0000000000
57034  32.871  -34.563  79.197 0.0000000000
55799  33.208  -34.942  79.502 0.0000000000
51275  22.245  -39.165  84.370 0.0000000000
51291  20.803  -38.896  84.202 0.0000000000
52397  20.702  -38.672  83.030 0.0000000000
52399  19.221  -37.753  83.931 0.0000000000
54626  13.891  -35.886  81.146 0.0000000000
54603  13.646  -36.531  81.987 0.0000000000
53470  13.423  -36.955  82.510 0.0000000000
54581  13.503  -37.116  83.658 0.0000000000
53495  12.976  -36.922  81.931 0.0000000000
54658  23.454  -35.522  78.562 0.0000000000
53491  23.950  -37.117  81.427 0.0000000000
52415  23.378  -37.636  81.842 0.0000000000
52431  22.851  -37.488  81.204 0.0000000000
52395  23.487  -38.260  82.670 0.0000000000
90146  57.459  -5.514  59.029 0.0000000000
89051  56.976  -5.634  59.067 0.0000000000
89040  56.897  -6.224  59.555 0.0000000000
89030  57.015  -6.601  59.839 0.0000000000
87949  56.059  -6.841  59.650 0.0000000000
87948  56.693  -6.630  59.743 0.0000000000
86859  57.293  -7.571  61.230 0.0000000000
86845  57.748  -8.069  62.203 0.0000000000
83681  53.925  -10.935  62.961 0.0000000000
83680  54.595  -10.591  62.951 0.0000000000
80193  45.539  -14.442  63.050 0.0000000000
80179  46.515  -14.449  64.147 0.0000000000
78879  47.578  -14.520  65.223 0.0000000000
78860  48.610  -14.263  66.136 0.0000000000
80073  48.862  -13.693  71.545 0.0000000000
72358  39.532  -20.360  69.503 0.0000000000
70194  40.741  -22.125  71.342 0.0000000000
71308  41.199  -21.537  71.567 0.0000000000
71297  42.192  -21.333  72.689 0.0000000000
71268  43.121  -21.579  73.557 0.0000000000
59621  35.629  -32.038  75.637 0.0000000000
59620  36.416  -31.687  75.932 0.0000000000
59619  37.014  -31.481  76.115 0.0000000000
59601  37.623  -31.832  76.640 0.0000000000
59583  38.106  -32.122  77.259 0.0000000000
60869  38.281  -31.287  76.344 0.0000000000
60868  38.876  -30.891  76.749 0.0000000000
60867  39.435  -30.692  77.110 0.0000000000
86952  50.189  -7.451  55.041 0.0000000000
86936  50.657  -7.848  55.478 0.0000000000
85883  53.183  -8.344  55.271 0.0000000000
87996  53.905  -6.699  56.850 0.0000000000
89084  55.424  -6.048  57.385 0.0000000000
89156  56.199  -5.001  48.582 0.0000000000
89139  56.916  -5.958  48.899 0.0000000000
89140  56.318  -5.742  49.238 0.0000000000
88056  59.148  -6.550  50.316 0.0000000000
88026  58.512  -7.116  51.949 0.0000000000
86988  57.167  -7.039  51.655 0.0000000000
57000  28.730  -34.834  80.610 0.0000000000
56999  29.114  -34.744  80.442 0.0000000000
55754  28.850  -34.914  81.110 0.0000000000
54619  29.152  -35.444  81.622 0.0000000000
54593  29.707  -36.256  82.271 0.0000000000
54574  28.643  -36.214  82.775 0.0000000000
54573  29.387  -36.367  83.063 0.0000000000
54572  29.936  -36.366  82.779 0.0000000000
53461  30.150  -36.843  83.238 0.0000000000
52331  28.041  -38.154  85.728 0.0000000000
52330  28.872  -38.180  85.861 0.0000000000
52308  29.448  -38.530  86.572 0.0000000000
54662  19.090  -37.001  78.805 0.0000000000
54464  15.233  -35.848  91.270 0.0000000000
54476  14.631  -35.886  90.462 0.0000000000
54441  15.595  -35.989  92.823 0.0000000000
53345  12.458  -36.472  90.729 0.0000000000
53330  12.951  -36.402  91.301 0.0000000000
54467  13.044  -36.254  91.895 0.0000000000
54456  13.518  -36.196  92.469 0.0000000000
85845  52.543  -8.535  59.295 0.0000000000
84800  52.835  -9.412  60.365 0.0000000000
83711  53.164  -10.300  61.543 0.0000000000
83696  53.530  -10.637  62.239 0.0000000000
83743  49.164  -10.590  59.492 0.0000000000
82478  53.751  -12.095  66.554 0.0000000000
77618  44.794  -15.741  66.961 0.0000000000
77565  46.017  -15.471  68.419 0.0000000000
78820  45.763  -15.156  68.935 0.0000000000
78819  46.514  -15.307  68.671 0.0000000000
80098  44.879  -14.564  71.290 0.0000000000
80097  45.742  -14.492  71.206 0.0000000000
80076  46.302  -13.970  71.753 0.0000000000
80074  47.938  -13.723  71.539 0.0000000000
81290  49.350  -13.192  72.175 0.0000000000
67766  39.500  -25.191  72.241 0.0000000000
55725  39.339  -34.585  82.213 0.0000000000
56986  40.341  -34.066  82.253 0.0000000000
86923  48.429  -7.541  56.116 0.0000000000
50069  8.364  -39.836  88.412 0.0000000000
50049  8.536  -39.653  89.466 0.0000000000
50030  7.978  -40.016  90.297 0.0000000000
50014  7.671  -39.738  91.647 0.0000000000
48908  6.944  -40.315  91.366 0.0000000000
49998  6.924  -39.669  92.712 0.0000000000
49984  6.637  -39.638  93.261 0.0000000000
51122  6.486  -39.405  94.137 0.0000000000
47849  5.255  -41.396  89.909 0.0000000000
48910  4.967  -40.922  90.942 0.0000000000
48888  4.964  -40.498  93.533 0.0000000000
49986  5.446  -40.175  93.828 0.0000000000
49973  5.771  -39.715  95.120 0.0000000000
78883  44.049  -15.281  64.239 0.0000000000
77597  43.219  -15.959  67.640 0.0000000000
77568  43.655  -15.736  68.448 0.0000000000
78795  42.947  -15.427  70.065 0.0000000000
77623  39.317  -16.187  66.488 0.0000000000
78742  43.356  -14.972  72.087 0.0000000000
78726  44.050  -15.765  73.601 0.0000000000
77492  44.019  -16.028  74.086 0.0000000000
77476  44.233  -16.252  74.633 0.0000000000
60939  33.428  -31.048  72.920 0.0000000000
60906  33.869  -31.673  74.267 0.0000000000
59666  30.447  -32.149  74.366 0.0000000000
59644  32.180  -32.429  74.963 0.0000000000
58372  32.416  -32.775  75.610 0.0000000000
59623  33.607  -32.355  75.572 0.0000000000
59622  34.621  -32.435  75.518 0.0000000000
58352  35.689  -32.358  76.278 0.0000000000
58331  35.900  -32.596  76.911 0.0000000000
57054  35.907  -33.772  78.208 0.0000000000
57053  36.976  -33.679  78.235 0.0000000000
57029  37.500  -33.897  78.890 0.0000000000
55747  38.139  -34.752  81.378 0.0000000000
55778  29.458  -34.856  80.058 0.0000000000
55777  30.199  -35.356  80.203 0.0000000000
55776  30.846  -35.544  79.886 0.0000000000
53528  31.018  -36.438  80.932 0.0000000000
54640  31.042  -35.951  80.214 0.0000000000
54655  31.532  -35.562  79.831 0.0000000000
55775  32.894  -35.474  79.933 0.0000000000
55774  33.650  -35.394  80.048 0.0000000000
53439  32.529  -37.584  84.215 0.0000000000
54592  34.083  -36.562  81.977 0.0000000000
54637  33.991  -35.977  80.543 0.0000000000
55751  35.203  -35.435  80.884 0.0000000000
55750  35.760  -35.120  81.055 0.0000000000
55728  36.593  -35.379  82.010 0.0000000000
55749  36.462  -34.969  81.180 0.0000000000
55748  37.274  -34.866  81.297 0.0000000000
48917  24.530  -41.082  90.136 0.0000000000
48918  23.354  -40.580  90.091 0.0000000000
50019  22.974  -39.935  89.947 0.0000000000
48960  23.292  -40.544  88.600 0.0000000000
50040  22.891  -39.977  89.266 0.0000000000
50020  22.226  -39.759  89.724 0.0000000000
51186  21.156  -38.720  89.071 0.0000000000
51225  21.300  -39.175  87.367 0.0000000000
52268  20.848  -38.004  89.156 0.0000000000
52269  20.143  -37.796  89.164 0.0000000000
53354  18.858  -37.752  88.615 0.0000000000
52289  18.966  -37.726  87.868 0.0000000000
53366  18.535  -37.532  88.050 0.0000000000
53355  18.278  -37.454  88.818 0.0000000000
53368  17.144  -36.868  88.402 0.0000000000
54494  16.383  -36.600  88.137 0.0000000000
53547  19.158  -37.328  80.034 0.0000000000
53535  18.732  -37.591  80.751 0.0000000000
53536  17.691  -37.436  80.609 0.0000000000
53516  18.321  -37.766  81.235 0.0000000000
53492  17.603  -37.531  83.363 0.0000000000
54624  15.707  -36.710  81.471 0.0000000000
53467  17.622  -37.408  84.330 0.0000000000
53446  17.227  -36.971  84.823 0.0000000000
53428  16.712  -36.869  85.440 0.0000000000
53409  16.938  -37.007  86.002 0.0000000000
54522  16.400  -36.712  86.249 0.0000000000
54505  16.453  -36.260  87.129 0.0000000000
54495  15.658  -36.286  88.356 0.0000000000
54508  14.567  -36.138  87.913 0.0000000000
52313  12.520  -37.074  88.169 0.0000000000
53449  13.034  -37.227  84.308 0.0000000000
51229  8.809  -39.511  87.627 0.0000000000
50093  6.413  -40.177  87.373 0.0000000000
59628  28.398  -32.481  75.958 0.0000000000
60891  27.883  -31.306  75.450 0.0000000000
60870  28.104  -32.376  76.136 0.0000000000
59605  28.418  -32.885  76.660 0.0000000000
58317  28.366  -33.309  77.861 0.0000000000
59606  26.591  -32.513  75.951 0.0000000000
58319  27.133  -33.177  77.715 0.0000000000
58296  27.424  -33.479  78.633 0.0000000000
57038  27.807  -33.768  79.448 0.0000000000
57012  28.295  -34.425  79.904 0.0000000000
57001  28.193  -35.263  80.357 0.0000000000
55732  28.139  -35.528  81.084 0.0000000000
54576  27.590  -36.159  82.406 0.0000000000
52351  26.775  -37.981  84.894 0.0000000000
52393  25.666  -37.317  83.204 0.0000000000
52371  26.087  -37.582  84.099 0.0000000000
48938  25.489  -41.158  89.213 0.0000000000
53329  16.569  -36.777  91.005 0.0000000000
53314  17.255  -36.846  91.660 0.0000000000
52240  9.084  -37.930  92.418 0.0000000000
51134  8.473  -38.170  93.599 0.0000000000
52232  8.898  -37.603  93.812 0.0000000000
52231  9.476  -37.219  93.500 0.0000000000
53307  9.394  -36.997  94.277 0.0000000000
53298  9.787  -36.626  94.766 0.0000000000
90145  57.862  -5.615  59.134 0.0000000000
89037  58.883  -5.755  59.910 0.0000000000
85835  54.825  -8.559  60.347 0.0000000000
85819  55.264  -8.961  60.854 0.0000000000
85817  56.807  -8.056  61.465 0.0000000000
86837  57.762  -8.177  62.899 0.0000000000
83679  55.196  -10.237  63.155 0.0000000000
84753  56.332  -9.374  63.478 0.0000000000
84728  56.814  -9.832  64.604 0.0000000000
85790  57.636  -8.584  63.411 0.0000000000
84735  58.383  -9.466  63.606 0.0000000000
82584  46.834  -12.240  60.730 0.0000000000
80207  46.563  -13.490  62.596 0.0000000000
80206  47.218  -13.224  62.599 0.0000000000
81372  51.593  -12.766  64.642 0.0000000000
81363  51.188  -12.979  64.974 0.0000000000
81371  52.214  -12.588  64.999 0.0000000000
82496  52.795  -12.497  65.864 0.0000000000
81342  53.694  -12.463  67.294 0.0000000000
77635  45.416  -15.527  66.490 0.0000000000
78853  46.241  -15.264  66.763 0.0000000000
78852  47.263  -14.905  66.930 0.0000000000
78851  48.146  -14.789  67.054 0.0000000000
78850  48.905  -14.429  66.773 0.0000000000
78849  49.505  -14.297  66.925 0.0000000000
80121  50.458  -14.425  69.889 0.0000000000
78787  49.895  -14.480  69.186 0.0000000000
78838  49.681  -14.423  67.508 0.0000000000
80150  49.811  -14.215  67.025 0.0000000000
80149  50.443  -14.116  67.227 0.0000000000
80140  52.471  -13.345  67.992 0.0000000000
80147  52.300  -13.136  67.257 0.0000000000
81343  52.794  -12.724  67.230 0.0000000000
81341  54.544  -12.300  67.658 0.0000000000
73398  39.971  -19.285  69.782 0.0000000000
74372  40.219  -18.340  70.376 0.0000000000
75399  39.982  -17.328  70.315 0.0000000000
76434  40.461  -16.700  70.718 0.0000000000
77525  41.043  -16.400  70.859 0.0000000000
77524  41.748  -16.406  71.288 0.0000000000
77517  41.785  -16.191  72.181 0.0000000000
77509  42.116  -16.331  72.475 0.0000000000
75379  42.406  -17.667  72.798 0.0000000000
76386  42.681  -16.837  72.967 0.0000000000
77494  43.167  -16.528  73.073 0.0000000000
77477  43.991  -16.685  74.122 0.0000000000
60917  35.939  -30.725  74.187 0.0000000000
62162  36.726  -29.822  73.946 0.0000000000
65456  38.206  -26.867  72.720 0.0000000000
64336  38.564  -27.896  73.648 0.0000000000
65455  38.726  -26.914  73.209 0.0000000000
66570  39.228  -26.481  73.269 0.0000000000
59551  40.814  -32.183  80.093 0.0000000000
60840  40.162  -31.288  78.674 0.0000000000
60851  40.398  -30.736  78.345 0.0000000000
62100  40.393  -30.382  77.791 0.0000000000
62037  42.606  -30.396  80.551 0.0000000000
63186  43.283  -29.070  79.830 0.0000000000
62058  42.660  -30.114  79.992 0.0000000000
62059  42.066  -30.622  79.724 0.0000000000
62114  40.863  -29.776  77.327 0.0000000000
63251  41.002  -29.125  76.503 0.0000000000
64318  40.655  -27.356  75.310 0.0000000000
64303  41.884  -27.807  76.550 0.0000000000
65395  41.053  -27.331  75.560 0.0000000000
67739  40.687  -25.131  73.317 0.0000000000
67738  41.377  -24.688  73.466 0.0000000000
68988  41.953  -23.952  73.438 0.0000000000
67736  42.919  -24.267  74.319 0.0000000000
68987  42.549  -23.485  73.806 0.0000000000
70152  42.475  -22.519  73.499 0.0000000000
70151  43.212  -22.492  73.823 0.0000000000
66502  44.876  -25.653  78.159 0.0000000000
67701  45.321  -24.574  76.410 0.0000000000
67700  45.842  -24.127  77.001 0.0000000000
68959  45.342  -23.766  75.945 0.0000000000
68970  44.980  -23.309  75.545 0.0000000000
68984  44.629  -23.057  75.119 0.0000000000
71266  44.383  -21.632  74.655 0.0000000000
71267  43.825  -21.418  74.178 0.0000000000
72295  44.124  -20.387  74.555 0.0000000000
73338  44.435  -19.487  74.934 0.0000000000
73327  44.809  -19.474  75.553 0.0000000000
74318  44.685  -18.607  75.318 0.0000000000
91298  53.002  -4.186  51.747 0.0000000000
90191  53.209  -4.630  52.020 0.0000000000
90183  53.338  -4.902  52.145 0.0000000000
88029  54.471  -6.252  52.437 0.0000000000
88016  54.980  -6.763  52.645 0.0000000000
85897  56.961  -8.200  53.748 0.0000000000
85888  57.702  -8.282  54.489 0.0000000000
85882  53.896  -8.386  55.347 0.0000000000
85881  54.813  -8.344  55.297 0.0000000000
85880  55.774  -8.463  55.349 0.0000000000
85879  56.888  -8.517  55.696 0.0000000000
85877  58.923  -7.857  55.148 0.0000000000
86928  59.023  -7.378  55.605 0.0000000000
87991  58.906  -6.231  56.770 0.0000000000
87990  59.654  -6.032  56.519 0.0000000000
47833  4.620  -41.526  91.473 0.0000000000
47840  25.805  -42.124  89.936 0.0000000000
48907  7.339  -40.116  91.305 0.0000000000
48919  23.027  -40.642  90.336 0.0000000000
49977  5.347  -40.049  94.356 0.0000000000
49997  7.442  -39.580  92.368 0.0000000000
50013  8.276  -39.381  91.389 0.0000000000
50016  6.240  -40.319  92.023 0.0000000000
50109  22.671  -40.144  86.905 0.0000000000
51110  7.539  -38.335  95.428 0.0000000000
51136  6.916  -39.315  93.491 0.0000000000
51137  6.503  -39.589  93.745 0.0000000000
51174  9.677  -38.238  90.314 0.0000000000
51227  20.171  -37.996  87.413 0.0000000000
52233  8.370  -37.950  94.126 0.0000000000
52270  19.428  -37.802  88.952 0.0000000000
52311  19.320  -37.791  87.502 0.0000000000
52312  18.742  -37.707  87.357 0.0000000000
52341  9.120  -38.700  86.234 0.0000000000
52355  17.505  -37.672  85.914 0.0000000000
52369  31.517  -37.598  83.728 0.0000000000
52372  25.422  -37.966  83.642 0.0000000000
52389  31.825  -37.544  83.355 0.0000000000
52390  31.613  -37.561  83.511 0.0000000000
52413  31.125  -36.993  81.937 0.0000000000
52429  31.369  -36.941  81.538 0.0000000000
52430  31.221  -36.943  81.716 0.0000000000
52452  20.332  -37.602  80.218 0.0000000000
53291  8.415  -37.413  95.920 0.0000000000
53295  11.488  -36.576  93.765 0.0000000000
53306  9.734  -36.840  93.777 0.0000000000
53318  10.528  -36.813  92.818 0.0000000000
53359  12.667  -36.531  89.898 0.0000000000
53365  18.915  -37.717  88.192 0.0000000000
53384  29.566  -38.169  85.817 0.0000000000
53410  14.793  -36.173  86.646 0.0000000000
53427  17.352  -37.326  85.549 0.0000000000
53445  17.701  -37.346  85.064 0.0000000000
53527  31.494  -36.350  80.608 0.0000000000
53529  30.588  -36.454  81.248 0.0000000000
53542  23.626  -35.751  79.174 0.0000000000
54457  12.784  -36.287  92.491 0.0000000000
54504  16.789  -36.947  86.886 0.0000000000
54598  26.393  -36.161  81.439 0.0000000000
54656  31.126  -35.570  79.826 0.0000000000
55714  15.366  -36.541  83.067 0.0000000000
55715  14.878  -36.472  83.139 0.0000000000
55730  28.896  -35.364  81.713 0.0000000000
55755  27.769  -35.559  80.689 0.0000000000
55768  38.707  -34.546  80.741 0.0000000000
56974  40.199  -34.203  82.813 0.0000000000
56987  28.690  -35.083  81.020 0.0000000000
57056  33.751  -33.824  78.255 0.0000000000
58298  26.278  -33.700  78.264 0.0000000000
58315  33.856  -33.539  77.715 0.0000000000
58316  28.994  -33.554  77.686 0.0000000000
58336  30.549  -33.574  76.922 0.0000000000
59600  38.361  -31.569  76.947 0.0000000000
59602  36.694  -32.067  76.496 0.0000000000
59625  31.219  -32.992  75.671 0.0000000000
60854  28.097  -32.631  76.651 0.0000000000
62079  42.307  -30.025  79.391 0.0000000000
63187  42.760  -29.632  79.600 0.0000000000
63252  40.238  -29.014  75.998 0.0000000000
64277  42.463  -28.327  78.214 0.0000000000
65379  43.642  -26.829  76.854 0.0000000000
65407  42.753  -26.457  75.650 0.0000000000
67716  44.034  -24.339  75.089 0.0000000000
68969  45.397  -23.124  75.966 0.0000000000
68971  44.482  -23.689  75.198 0.0000000000
70122  45.114  -21.916  75.905 0.0000000000
70136  44.960  -22.373  75.510 0.0000000000
70149  44.539  -22.446  74.815 0.0000000000
71241  45.614  -21.835  76.560 0.0000000000
74329  43.694  -18.570  74.116 0.0000000000
74353  42.736  -18.577  73.221 0.0000000000
75370  42.766  -17.234  73.183 0.0000000000
76371  43.981  -17.066  74.380 0.0000000000
76402  41.840  -16.512  72.201 0.0000000000
76418  41.880  -17.018  72.172 0.0000000000
76504  40.163  -16.351  65.981 0.0000000000
76517  39.690  -16.267  65.836 0.0000000000
77508  42.673  -16.344  72.688 0.0000000000
77516  42.202  -16.062  72.514 0.0000000000
77564  46.273  -15.443  68.432 0.0000000000
78733  44.258  -14.889  73.107 0.0000000000
80061  44.452  -14.727  72.494 0.0000000000
80142  50.608  -14.329  67.872 0.0000000000
80159  48.988  -14.125  66.294 0.0000000000
81361  52.359  -12.653  65.710 0.0000000000
82552  50.526  -12.361  62.976 0.0000000000
85780  56.900  -9.090  64.052 0.0000000000
85803  57.562  -8.264  62.786 0.0000000000
85844  53.275  -8.191  59.335 0.0000000000
85874  57.458  -8.093  56.362 0.0000000000
85899  55.417  -7.985  53.723 0.0000000000
86886  54.473  -7.318  59.276 0.0000000000
87961  55.651  -6.449  59.251 0.0000000000
87993  56.272  -6.410  57.187 0.0000000000
88076  56.514  -6.096  49.649 0.0000000000
89029  57.382  -6.472  59.989 0.0000000000
89155  56.802  -5.632  48.515 0.0000000000
90136  58.643  -5.632  59.320 0.0000000000
90137  58.334  -5.706  59.397 0.0000000000
90138  57.927  -5.827  59.434 0.0000000000
90144  58.413  -5.549  59.050 0.0000000000
90155  57.466  -5.513  58.781 0.0000000000
