#!ascii label  , from subject 3068 vox2ras=TkReg
1985
75493  47.859  -16.426  64.556 0.0000000000
51340  37.220  -37.293  79.534 0.0000000000
44766  23.363  -43.843  82.125 0.0000000000
47920  18.176  -40.342  83.786 0.0000000000
46830  32.717  -40.918  85.129 0.0000000000
52467  27.604  -37.552  77.868 0.0000000000
72403  40.653  -20.757  66.786 0.0000000000
82578  54.909  -11.798  61.440 0.0000000000
67777  47.714  -23.708  73.956 0.0000000000
59706  38.760  -30.967  71.699 0.0000000000
54786  29.835  -34.787  70.600 0.0000000000
43676  24.723  -42.941  87.241 0.0000000000
45807  20.509  -42.806  82.632 0.0000000000
46802  20.752  -42.682  88.443 0.0000000000
45781  27.814  -41.921  85.523 0.0000000000
75354  49.430  -17.596  76.055 0.0000000000
52347  40.403  -36.631  83.337 0.0000000000
53525  43.052  -35.124  80.359 0.0000000000
57087  43.687  -32.348  76.411 0.0000000000
55861  38.375  -34.183  75.437 0.0000000000
57181  34.640  -32.522  71.786 0.0000000000
53613  33.281  -36.024  74.850 0.0000000000
51381  22.414  -38.724  77.252 0.0000000000
53640  24.466  -36.188  73.391 0.0000000000
77674  50.890  -14.535  62.548 0.0000000000
81457  49.100  -12.415  57.553 0.0000000000
45856  22.861  -43.090  77.864 0.0000000000
45863  20.367  -43.613  77.366 0.0000000000
47955  35.703  -39.144  82.310 0.0000000000
50252  32.576  -38.339  78.072 0.0000000000
47961  31.107  -40.550  82.108 0.0000000000
49084  25.238  -40.384  81.055 0.0000000000
74454  43.603  -17.866  65.701 0.0000000000
50005  17.725  -39.386  91.437 0.0000000000
50088  14.249  -39.148  87.286 0.0000000000
76501  53.013  -15.148  66.945 0.0000000000
75422  50.033  -16.233  69.090 0.0000000000
75396  45.988  -17.511  71.847 0.0000000000
71307  44.709  -21.876  71.284 0.0000000000
64411  42.192  -27.334  69.947 0.0000000000
63249  47.855  -27.344  76.785 0.0000000000
60953  44.618  -29.335  72.620 0.0000000000
59773  39.506  -31.339  67.663 0.0000000000
62276  34.534  -29.512  67.056 0.0000000000
52539  29.581  -37.165  74.323 0.0000000000
45707  24.754  -42.432  89.458 0.0000000000
45733  22.477  -43.308  87.579 0.0000000000
46777  22.788  -42.348  90.294 0.0000000000
44656  26.648  -42.583  88.141 0.0000000000
50167  39.958  -37.609  82.201 0.0000000000
52450  40.510  -36.350  80.241 0.0000000000
53560  40.505  -35.288  77.905 0.0000000000
53563  38.475  -35.777  78.029 0.0000000000
55883  35.540  -34.700  75.167 0.0000000000
53580  35.484  -36.322  77.221 0.0000000000
49167  22.448  -40.782  75.156 0.0000000000
50293  21.908  -39.311  73.669 0.0000000000
76530  49.087  -15.612  63.441 0.0000000000
77691  48.631  -15.157  60.982 0.0000000000
76543  47.392  -16.529  61.788 0.0000000000
43752  22.965  -43.956  79.477 0.0000000000
44825  21.576  -44.686  77.652 0.0000000000
44808  21.692  -44.468  79.658 0.0000000000
46869  19.532  -41.507  83.197 0.0000000000
47982  19.075  -41.323  80.550 0.0000000000
49088  17.336  -39.950  80.808 0.0000000000
49073  15.803  -39.901  81.325 0.0000000000
50127  36.832  -38.822  84.955 0.0000000000
46858  34.621  -40.286  83.714 0.0000000000
47958  33.422  -40.193  82.328 0.0000000000
46861  32.197  -41.021  83.725 0.0000000000
44750  25.254  -42.728  83.953 0.0000000000
47932  26.861  -40.988  83.706 0.0000000000
46899  24.406  -42.317  81.902 0.0000000000
47999  23.303  -41.747  79.662 0.0000000000
74456  41.674  -18.726  66.564 0.0000000000
73461  41.210  -19.251  62.615 0.0000000000
72422  39.116  -20.812  62.893 0.0000000000
50047  12.473  -39.554  88.899 0.0000000000
76459  47.974  -16.449  70.046 0.0000000000
76397  48.914  -15.566  73.401 0.0000000000
72322  49.186  -21.068  74.575 0.0000000000
73370  47.699  -20.206  73.541 0.0000000000
70179  46.852  -22.396  72.794 0.0000000000
67804  42.980  -24.436  70.579 0.0000000000
66607  45.226  -25.326  72.553 0.0000000000
58390  41.013  -31.890  74.944 0.0000000000
58400  44.329  -30.645  74.385 0.0000000000
60956  41.866  -30.448  72.533 0.0000000000
143108  42.459  -30.310  70.072 0.0000000000
60991  39.741  -30.350  70.135 0.0000000000
62260  37.734  -29.890  66.701 0.0000000000
61012  37.533  -30.458  69.573 0.0000000000
58469  31.950  -31.780  69.107 0.0000000000
50255  30.152  -39.222  77.844 0.0000000000
51396  30.860  -37.998  75.998 0.0000000000
52500  28.751  -37.303  75.917 0.0000000000
54783  24.779  -35.507  71.325 0.0000000000
83770  57.052  -9.621  57.979 0.0000000000
83757  54.741  -10.102  58.567 0.0000000000
43703  23.964  -43.472  85.026 0.0000000000
44768  22.320  -44.152  82.734 0.0000000000
44723  22.127  -43.990  85.166 0.0000000000
46834  21.103  -42.918  86.100 0.0000000000
47899  19.540  -41.482  86.659 0.0000000000
46810  31.032  -41.798  87.206 0.0000000000
45761  30.792  -41.588  85.809 0.0000000000
45731  28.467  -42.375  87.213 0.0000000000
44705  26.402  -42.750  86.375 0.0000000000
77472  50.152  -14.817  75.624 0.0000000000
70134  49.731  -22.278  76.074 0.0000000000
55832  43.820  -33.547  78.128 0.0000000000
54739  40.850  -33.789  75.857 0.0000000000
57124  38.271  -32.810  73.523 0.0000000000
58437  36.242  -31.762  71.598 0.0000000000
57141  36.024  -33.381  73.466 0.0000000000
57143  33.880  -33.711  72.714 0.0000000000
54767  32.117  -35.153  72.713 0.0000000000
51363  25.124  -38.058  77.988 0.0000000000
52525  25.749  -36.778  75.928 0.0000000000
52527  23.264  -37.383  75.967 0.0000000000
80223  52.897  -13.123  61.728 0.0000000000
81445  52.221  -12.103  59.653 0.0000000000
80238  50.625  -13.583  60.596 0.0000000000
46914  20.543  -43.157  79.856 0.0000000000
50161  38.798  -38.221  83.213 0.0000000000
50216  36.995  -38.096  80.641 0.0000000000
52465  35.421  -37.422  79.109 0.0000000000
49101  33.908  -39.002  80.159 0.0000000000
49103  32.198  -39.440  79.929 0.0000000000
50223  29.464  -39.408  79.578 0.0000000000
47929  30.069  -41.134  83.900 0.0000000000
50171  28.250  -39.374  82.181 0.0000000000
51329  26.525  -38.510  79.812 0.0000000000
50241  23.932  -39.383  79.516 0.0000000000
49147  22.167  -40.687  77.738 0.0000000000
74452  45.810  -17.491  65.335 0.0000000000
74468  45.177  -17.917  61.783 0.0000000000
74477  42.944  -18.389  61.808 0.0000000000
48941  19.178  -40.730  89.916 0.0000000000
48983  17.664  -39.960  87.439 0.0000000000
50064  15.975  -39.333  88.774 0.0000000000
50135  15.634  -39.306  85.683 0.0000000000
78893  53.788  -13.633  63.809 0.0000000000
77651  52.120  -14.637  64.949 0.0000000000
75490  49.965  -15.579  65.756 0.0000000000
75461  48.836  -16.710  67.126 0.0000000000
74398  47.113  -17.077  67.778 0.0000000000
74400  44.914  -17.614  68.265 0.0000000000
74402  43.030  -18.940  69.003 0.0000000000
76399  47.430  -17.198  74.054 0.0000000000
73388  44.866  -19.865  71.526 0.0000000000
72375  42.447  -21.217  68.820 0.0000000000
67828  40.913  -23.623  68.447 0.0000000000
65534  40.167  -27.032  68.432 0.0000000000
65430  47.651  -25.950  75.415 0.0000000000
59639  46.059  -29.944  76.500 0.0000000000
60915  46.165  -28.848  75.052 0.0000000000
64367  46.404  -27.044  73.644 0.0000000000
63359  43.672  -28.610  70.575 0.0000000000
61027  42.281  -30.251  68.274 0.0000000000
61015  34.583  -30.837  69.595 0.0000000000
51393  32.886  -37.349  76.646 0.0000000000
53615  31.479  -36.588  74.240 0.0000000000
53659  29.925  -35.916  72.400 0.0000000000
53618  27.187  -36.369  73.901 0.0000000000
53652  27.475  -36.050  72.417 0.0000000000
45696  23.544  -42.533  89.979 0.0000000000
47826  23.899  -41.633  90.658 0.0000000000
51310  39.063  -37.516  80.836 0.0000000000
51308  40.429  -37.110  80.868 0.0000000000
51338  38.730  -36.614  79.675 0.0000000000
52479  39.190  -36.105  78.455 0.0000000000
52481  37.445  -36.429  78.422 0.0000000000
54687  36.840  -35.942  77.461 0.0000000000
53553  36.403  -36.651  78.433 0.0000000000
76527  48.038  -16.143  63.817 0.0000000000
76537  48.348  -16.076  62.804 0.0000000000
75504  47.264  -16.741  63.003 0.0000000000
44796  22.904  -43.969  80.495 0.0000000000
43760  22.638  -44.321  79.401 0.0000000000
44797  22.415  -44.363  80.290 0.0000000000
47919  18.656  -40.792  84.303 0.0000000000
47950  18.710  -40.940  82.339 0.0000000000
49036  18.052  -40.127  82.936 0.0000000000
50209  16.764  -39.656  81.091 0.0000000000
49053  17.200  -39.918  83.124 0.0000000000
47896  32.841  -40.183  85.881 0.0000000000
47895  33.651  -39.911  85.595 0.0000000000
47906  34.692  -40.022  84.854 0.0000000000
46842  33.952  -40.580  84.207 0.0000000000
46860  32.830  -40.778  83.605 0.0000000000
45777  32.237  -41.256  84.629 0.0000000000
43726  24.226  -43.347  83.218 0.0000000000
45805  24.722  -42.777  82.929 0.0000000000
44781  24.187  -43.244  82.124 0.0000000000
45835  23.842  -43.272  80.636 0.0000000000
73449  40.511  -19.956  66.336 0.0000000000
73457  40.121  -19.768  64.091 0.0000000000
72414  39.597  -20.223  64.719 0.0000000000
77503  51.711  -15.149  73.335 0.0000000000
76396  50.022  -15.592  73.087 0.0000000000
77504  50.759  -15.180  73.708 0.0000000000
70165  48.838  -22.515  74.037 0.0000000000
71294  47.977  -21.942  73.286 0.0000000000
69020  47.157  -23.219  73.238 0.0000000000
67780  45.854  -24.295  72.703 0.0000000000
66592  46.679  -24.882  73.751 0.0000000000
59683  39.732  -31.395  73.404 0.0000000000
59681  41.204  -30.865  73.516 0.0000000000
60958  39.878  -30.474  72.007 0.0000000000
60974  40.564  -30.225  71.120 0.0000000000
60975  39.346  -30.563  71.178 0.0000000000
59722  37.683  -30.979  70.884 0.0000000000
51344  29.389  -38.889  77.809 0.0000000000
51361  29.776  -38.555  77.174 0.0000000000
52466  28.286  -37.764  77.442 0.0000000000
83739  56.057  -10.109  60.074 0.0000000000
83727  55.300  -10.765  60.492 0.0000000000
43691  23.841  -43.238  85.733 0.0000000000
43704  23.416  -43.883  85.199 0.0000000000
43692  23.327  -43.701  85.848 0.0000000000
45722  21.709  -43.118  88.250 0.0000000000
45750  21.437  -43.456  86.399 0.0000000000
46822  20.681  -42.771  86.584 0.0000000000
46823  19.981  -42.089  86.133 0.0000000000
46813  19.975  -42.221  87.090 0.0000000000
47870  30.025  -41.434  88.158 0.0000000000
45729  29.828  -42.380  87.393 0.0000000000
45718  28.658  -42.707  87.763 0.0000000000
44672  25.580  -42.747  87.521 0.0000000000
44689  26.487  -42.787  87.042 0.0000000000
43683  25.164  -43.015  86.781 0.0000000000
44721  25.276  -43.098  85.244 0.0000000000
53506  42.612  -35.718  81.078 0.0000000000
54613  43.581  -34.286  80.635 0.0000000000
54653  43.994  -33.924  79.994 0.0000000000
54667  44.106  -33.796  79.493 0.0000000000
53550  42.929  -34.733  79.108 0.0000000000
53594  39.942  -34.943  76.683 0.0000000000
54703  40.994  -34.736  77.174 0.0000000000
54741  39.724  -34.195  75.673 0.0000000000
55878  40.377  -33.504  75.231 0.0000000000
55880  38.434  -33.805  74.833 0.0000000000
57125  37.575  -33.246  73.762 0.0000000000
55881  37.692  -33.960  74.765 0.0000000000
54742  35.015  -35.178  75.349 0.0000000000
55900  34.378  -34.548  74.331 0.0000000000
55901  33.558  -34.783  73.945 0.0000000000
54766  32.784  -34.686  73.168 0.0000000000
54756  32.922  -35.112  73.681 0.0000000000
51380  23.536  -38.082  77.352 0.0000000000
52504  24.399  -37.726  77.042 0.0000000000
51398  22.843  -37.934  76.698 0.0000000000
78930  51.981  -13.650  62.093 0.0000000000
80236  52.128  -13.246  60.970 0.0000000000
78932  50.927  -14.135  61.755 0.0000000000
78952  47.758  -14.601  59.744 0.0000000000
46952  22.471  -42.924  76.590 0.0000000000
46953  22.213  -43.470  76.470 0.0000000000
45806  21.200  -43.456  82.787 0.0000000000
44786  21.181  -43.856  81.265 0.0000000000
45837  20.594  -43.168  81.150 0.0000000000
49110  18.207  -40.389  79.101 0.0000000000
48001  19.629  -41.583  78.995 0.0000000000
49031  36.757  -39.071  83.630 0.0000000000
50149  37.782  -38.301  84.086 0.0000000000
49043  37.401  -38.581  82.679 0.0000000000
49059  37.945  -38.123  82.102 0.0000000000
49077  36.355  -38.571  81.469 0.0000000000
49099  35.542  -38.508  80.754 0.0000000000
49079  34.739  -39.194  81.288 0.0000000000
47977  32.116  -40.251  81.667 0.0000000000
47997  32.126  -39.800  80.889 0.0000000000
47998  31.650  -40.197  81.074 0.0000000000
49105  30.583  -39.911  79.919 0.0000000000
49082  30.524  -40.029  80.845 0.0000000000
46831  29.538  -41.732  85.682 0.0000000000
46847  29.985  -41.396  84.938 0.0000000000
46848  29.101  -41.511  84.983 0.0000000000
49049  26.427  -40.745  82.591 0.0000000000
49048  27.254  -40.019  82.500 0.0000000000
49067  26.843  -39.785  81.917 0.0000000000
50205  27.557  -39.042  80.810 0.0000000000
50206  26.530  -39.240  80.640 0.0000000000
51330  25.508  -38.817  79.622 0.0000000000
50227  24.493  -39.687  80.234 0.0000000000
46935  23.225  -42.686  78.878 0.0000000000
49130  22.741  -40.834  79.173 0.0000000000
48025  22.459  -41.814  77.862 0.0000000000
74453  44.719  -17.753  65.428 0.0000000000
74460  44.970  -17.588  64.161 0.0000000000
74461  43.799  -17.988  64.615 0.0000000000
73466  41.336  -19.418  61.594 0.0000000000
48921  18.761  -40.238  90.443 0.0000000000
48962  18.644  -40.519  88.797 0.0000000000
48943  17.801  -39.870  89.562 0.0000000000
51188  14.135  -38.418  88.969 0.0000000000
50065  15.138  -38.878  88.383 0.0000000000
50086  15.961  -39.358  87.755 0.0000000000
50113  14.935  -38.899  86.492 0.0000000000
50152  15.124  -39.151  84.784 0.0000000000
50153  14.139  -39.397  84.907 0.0000000000
78912  55.301  -12.986  63.665 0.0000000000
77649  54.010  -14.173  65.495 0.0000000000
77634  52.432  -14.713  65.661 0.0000000000
76523  51.231  -15.187  65.321 0.0000000000
76514  51.342  -15.494  66.032 0.0000000000
75421  50.788  -15.922  68.921 0.0000000000
75459  50.122  -15.808  67.523 0.0000000000
75440  49.314  -16.516  68.364 0.0000000000
74418  47.281  -16.915  67.013 0.0000000000
75441  48.596  -16.652  68.443 0.0000000000
76446  47.725  -16.308  70.955 0.0000000000
75426  46.362  -17.096  69.630 0.0000000000
75427  45.359  -17.460  70.029 0.0000000000
74401  43.983  -18.141  68.616 0.0000000000
75428  44.569  -18.093  70.339 0.0000000000
76369  49.263  -16.704  76.197 0.0000000000
77491  48.870  -16.096  75.410 0.0000000000
75355  48.665  -17.655  75.385 0.0000000000
71305  45.738  -21.558  71.942 0.0000000000
73380  46.249  -19.757  72.678 0.0000000000
72345  44.793  -20.722  71.278 0.0000000000
72346  44.339  -20.369  70.745 0.0000000000
71325  43.670  -21.599  70.028 0.0000000000
69062  41.744  -22.300  68.625 0.0000000000
70212  43.335  -22.424  69.955 0.0000000000
65508  42.265  -26.301  70.309 0.0000000000
66648  41.290  -25.463  69.493 0.0000000000
65522  41.345  -26.815  69.411 0.0000000000
63368  41.216  -28.322  68.329 0.0000000000
64316  47.612  -26.518  75.782 0.0000000000
57085  44.609  -32.452  77.506 0.0000000000
58327  45.802  -31.105  77.787 0.0000000000
58368  45.144  -31.259  76.200 0.0000000000
59691  44.237  -30.010  73.096 0.0000000000
59676  45.142  -29.799  74.511 0.0000000000
60932  45.266  -29.255  73.766 0.0000000000
63297  46.265  -27.834  74.096 0.0000000000
62198  44.925  -28.587  72.625 0.0000000000
63328  44.692  -27.943  72.217 0.0000000000
60972  44.145  -29.300  71.597 0.0000000000
58435  41.016  -31.089  68.871 0.0000000000
59750  42.095  -30.649  68.711 0.0000000000
59752  40.844  -31.128  67.617 0.0000000000
58503  40.602  -31.843  66.541 0.0000000000
58505  39.758  -32.378  66.368 0.0000000000
59794  39.313  -31.768  66.643 0.0000000000
62261  36.721  -29.550  67.211 0.0000000000
62274  36.698  -29.801  66.024 0.0000000000
58438  35.175  -31.806  71.415 0.0000000000
59724  35.795  -31.167  70.720 0.0000000000
59726  34.106  -31.603  70.442 0.0000000000
59758  32.246  -31.471  68.477 0.0000000000
50250  33.661  -37.914  78.373 0.0000000000
51375  33.964  -37.286  77.745 0.0000000000
50269  32.754  -38.062  77.714 0.0000000000
52521  29.890  -37.511  75.060 0.0000000000
52519  31.280  -37.369  75.543 0.0000000000
52548  30.647  -36.819  74.186 0.0000000000
53649  30.312  -36.207  73.000 0.0000000000
52556  29.861  -36.545  73.236 0.0000000000
53602  25.052  -36.334  75.306 0.0000000000
53601  26.321  -36.324  75.258 0.0000000000
54745  26.012  -35.651  74.217 0.0000000000
54770  26.165  -35.565  71.730 0.0000000000
54779  28.047  -35.460  71.155 0.0000000000
81449  51.516  -11.798  58.882 0.0000000000
82618  52.272  -11.155  58.555 0.0000000000
74483  44.917  -17.967  60.648 0.0000000000
44658  25.052  -42.576  88.694 0.0000000000
44692  23.334  -43.083  87.160 0.0000000000
45720  23.496  -43.110  88.810 0.0000000000
45709  22.811  -42.920  89.558 0.0000000000
46789  21.724  -42.491  89.619 0.0000000000
44646  25.776  -42.571  89.128 0.0000000000
51286  40.700  -37.961  82.647 0.0000000000
52388  41.908  -37.364  82.407 0.0000000000
51296  41.563  -37.657  81.851 0.0000000000
52440  41.435  -36.532  80.870 0.0000000000
52448  41.960  -35.501  80.105 0.0000000000
53552  41.735  -35.160  79.400 0.0000000000
52458  40.287  -35.534  79.323 0.0000000000
52496  39.745  -35.628  77.917 0.0000000000
53596  38.569  -35.363  76.856 0.0000000000
55862  37.587  -34.446  75.562 0.0000000000
54725  36.556  -35.313  76.346 0.0000000000
54726  35.412  -35.564  76.133 0.0000000000
54727  34.462  -35.652  75.989 0.0000000000
50287  21.770  -39.639  76.204 0.0000000000
51399  22.175  -38.359  75.817 0.0000000000
50290  21.761  -39.417  74.767 0.0000000000
77675  49.825  -15.218  62.676 0.0000000000
77684  50.541  -14.770  62.000 0.0000000000
77676  48.818  -15.618  62.485 0.0000000000
77687  47.508  -16.081  61.320 0.0000000000
45855  23.050  -43.470  78.336 0.0000000000
44824  22.275  -44.316  77.486 0.0000000000
43766  22.615  -44.592  78.773 0.0000000000
44817  21.679  -44.536  78.622 0.0000000000
44826  20.934  -44.426  78.022 0.0000000000
46868  20.205  -41.997  83.563 0.0000000000
46900  19.666  -42.179  81.433 0.0000000000
46901  19.300  -41.951  81.974 0.0000000000
49087  18.401  -40.603  80.397 0.0000000000
49113  15.539  -40.746  80.228 0.0000000000
47912  35.949  -39.571  84.290 0.0000000000
47925  35.224  -39.908  83.324 0.0000000000
47957  34.436  -39.782  81.978 0.0000000000
46877  33.689  -40.527  83.060 0.0000000000
46896  32.607  -40.630  82.821 0.0000000000
47943  31.420  -40.997  83.175 0.0000000000
45766  26.489  -42.514  85.160 0.0000000000
46850  27.101  -41.410  84.405 0.0000000000
46866  25.948  -41.720  83.849 0.0000000000
47948  25.493  -41.463  82.527 0.0000000000
47963  25.183  -41.100  81.973 0.0000000000
49085  24.673  -40.790  80.852 0.0000000000
47979  24.277  -41.699  81.044 0.0000000000
46926  23.420  -42.635  79.763 0.0000000000
74455  42.586  -18.235  66.097 0.0000000000
73451  41.954  -18.775  64.338 0.0000000000
73456  41.133  -19.261  63.673 0.0000000000
73462  40.244  -19.533  62.999 0.0000000000
50026  13.294  -38.691  90.261 0.0000000000
50067  13.587  -39.211  88.156 0.0000000000
50115  13.192  -39.486  86.272 0.0000000000
48984  12.078  -40.316  87.487 0.0000000000
76429  50.528  -15.942  70.954 0.0000000000
75407  49.202  -16.466  69.907 0.0000000000
76430  49.525  -15.780  71.253 0.0000000000
76431  48.464  -15.888  71.582 0.0000000000
76432  47.556  -16.499  72.026 0.0000000000
73336  49.546  -19.522  75.289 0.0000000000
74340  49.020  -18.955  74.812 0.0000000000
72307  48.570  -20.339  74.323 0.0000000000
71295  47.321  -21.588  73.005 0.0000000000
70192  45.185  -22.423  71.668 0.0000000000
69043  43.765  -23.549  70.714 0.0000000000
67791  44.539  -23.797  71.434 0.0000000000
66631  44.189  -24.987  71.542 0.0000000000
65494  43.554  -26.304  71.138 0.0000000000
58388  42.659  -31.748  75.323 0.0000000000
58387  43.462  -31.524  75.210 0.0000000000
59659  43.256  -31.270  74.485 0.0000000000
60935  43.251  -30.624  73.341 0.0000000000
58418  43.051  -30.176  72.221 0.0000000000
59720  43.157  -30.158  71.030 0.0000000000
60973  42.125  -30.339  71.480 0.0000000000
60990  41.269  -30.738  69.742 0.0000000000
61028  39.658  -31.222  68.523 0.0000000000
61047  38.667  -30.654  67.044 0.0000000000
61029  38.982  -30.821  68.295 0.0000000000
61049  37.061  -29.917  68.064 0.0000000000
62249  35.545  -29.682  68.463 0.0000000000
57183  32.523  -32.912  71.232 0.0000000000
58454  32.941  -31.718  70.202 0.0000000000
57198  32.101  -32.361  70.458 0.0000000000
57214  31.374  -32.645  69.237 0.0000000000
57232  30.268  -32.879  67.770 0.0000000000
50254  31.098  -38.981  77.919 0.0000000000
50270  32.205  -38.415  77.373 0.0000000000
50272  30.602  -38.760  77.106 0.0000000000
52499  29.591  -37.671  75.782 0.0000000000
52522  29.093  -37.289  75.033 0.0000000000
53655  24.794  -35.789  72.546 0.0000000000
53665  23.546  -36.542  70.944 0.0000000000
84810  57.413  -9.895  59.310 0.0000000000
83771  55.709  -9.901  57.587 0.0000000000
83772  54.559  -10.143  57.355 0.0000000000
43727  23.835  -43.487  83.507 0.0000000000
44767  23.094  -44.040  82.681 0.0000000000
44752  22.861  -43.869  83.624 0.0000000000
44753  22.179  -44.032  83.656 0.0000000000
44740  21.387  -43.574  84.240 0.0000000000
44708  22.132  -44.072  86.062 0.0000000000
44709  21.651  -43.766  85.587 0.0000000000
45785  20.595  -42.649  84.097 0.0000000000
46852  20.319  -42.175  84.549 0.0000000000
47918  19.253  -41.323  84.931 0.0000000000
47908  18.851  -40.848  85.312 0.0000000000
46819  31.944  -41.155  86.111 0.0000000000
45760  31.586  -41.447  85.482 0.0000000000
45743  30.918  -41.893  86.559 0.0000000000
45744  29.986  -42.192  86.645 0.0000000000
45746  28.191  -42.265  86.687 0.0000000000
44670  27.369  -42.732  87.770 0.0000000000
44704  27.241  -42.693  86.756 0.0000000000
45765  27.169  -42.451  85.728 0.0000000000
44720  26.198  -42.708  85.646 0.0000000000
44737  24.917  -43.109  84.481 0.0000000000
71366  39.521  -22.110  65.996 0.0000000000
71378  38.532  -22.105  64.575 0.0000000000
69127  38.016  -23.605  64.421 0.0000000000
77471  50.960  -14.538  74.881 0.0000000000
74315  50.356  -18.343  76.689 0.0000000000
72291  50.174  -20.217  75.962 0.0000000000
71262  49.934  -21.498  75.616 0.0000000000
69005  48.893  -23.231  74.633 0.0000000000
57051  44.852  -32.938  78.659 0.0000000000
55847  43.426  -33.200  77.292 0.0000000000
54683  41.865  -34.862  77.972 0.0000000000
54701  42.239  -33.880  77.260 0.0000000000
55859  42.060  -33.003  76.166 0.0000000000
57114  41.320  -32.556  75.396 0.0000000000
58401  39.533  -32.112  74.029 0.0000000000
58410  38.437  -31.955  72.839 0.0000000000
58420  37.845  -31.821  72.197 0.0000000000
57138  37.755  -32.303  72.622 0.0000000000
57160  36.561  -32.564  72.507 0.0000000000
57162  35.033  -33.062  72.429 0.0000000000
55898  36.267  -33.732  74.176 0.0000000000
55914  35.375  -33.513  73.047 0.0000000000
57163  34.139  -33.139  72.213 0.0000000000
57164  33.039  -33.527  72.133 0.0000000000
55927  32.185  -34.269  72.091 0.0000000000
54776  31.252  -34.954  71.856 0.0000000000
52468  26.685  -37.565  78.230 0.0000000000
52486  27.570  -37.263  77.034 0.0000000000
52503  25.580  -37.224  76.749 0.0000000000
52526  24.573  -36.872  76.013 0.0000000000
53621  24.101  -36.536  74.432 0.0000000000
52528  22.377  -37.607  75.051 0.0000000000
52552  22.744  -37.134  73.589 0.0000000000
81416  54.248  -12.353  61.819 0.0000000000
82597  53.474  -11.826  60.354 0.0000000000
81435  52.639  -12.606  60.519 0.0000000000
80244  51.546  -12.958  60.110 0.0000000000
81447  50.359  -13.046  59.164 0.0000000000
78940  49.808  -14.370  60.987 0.0000000000
80246  49.517  -13.697  59.510 0.0000000000
44798  21.724  -44.378  80.743 0.0000000000
45848  20.663  -43.887  79.539 0.0000000000
46937  20.341  -43.059  77.931 0.0000000000
46928  20.126  -42.454  79.525 0.0000000000
46938  19.989  -42.359  78.383 0.0000000000
51270  39.602  -37.940  83.228 0.0000000000
50168  39.427  -37.895  82.549 0.0000000000
50198  37.718  -38.037  81.257 0.0000000000
51323  37.071  -37.659  80.103 0.0000000000
51341  36.495  -37.458  79.483 0.0000000000
51325  35.584  -38.094  79.940 0.0000000000
50219  34.640  -38.410  79.932 0.0000000000
49123  33.523  -38.613  79.342 0.0000000000
47975  33.618  -39.532  81.220 0.0000000000
49102  32.991  -39.250  79.855 0.0000000000
49125  32.381  -38.885  79.196 0.0000000000
50238  30.718  -39.442  78.934 0.0000000000
50239  29.608  -39.412  78.720 0.0000000000
50240  28.955  -38.984  79.093 0.0000000000
45793  31.683  -41.447  84.280 0.0000000000
47928  30.999  -41.186  83.659 0.0000000000
47944  30.718  -40.882  82.980 0.0000000000
47916  28.111  -40.617  84.217 0.0000000000
47946  29.403  -40.257  82.894 0.0000000000
49066  29.771  -39.754  81.795 0.0000000000
50184  29.188  -39.305  81.406 0.0000000000
51313  28.181  -38.473  79.924 0.0000000000
51328  27.501  -38.152  79.538 0.0000000000
51348  25.544  -38.243  78.694 0.0000000000
51349  24.497  -39.024  79.049 0.0000000000
51365  23.305  -38.552  78.303 0.0000000000
50228  23.815  -40.116  80.129 0.0000000000
50243  22.924  -40.043  78.954 0.0000000000
50273  22.079  -40.008  77.442 0.0000000000
49163  22.038  -40.852  76.525 0.0000000000
74458  46.593  -17.129  64.629 0.0000000000
75500  46.180  -17.431  63.258 0.0000000000
75501  45.426  -17.693  63.153 0.0000000000
73460  42.060  -18.770  62.211 0.0000000000
73465  42.235  -19.000  61.229 0.0000000000
70288  38.710  -22.601  63.023 0.0000000000
47827  22.604  -41.271  90.356 0.0000000000
47828  21.634  -41.365  90.323 0.0000000000
47859  20.581  -41.582  89.853 0.0000000000
47846  20.088  -41.116  90.147 0.0000000000
46791  20.151  -41.992  88.861 0.0000000000
47886  19.565  -41.479  87.589 0.0000000000
47887  19.039  -40.891  87.173 0.0000000000
49012  18.362  -40.329  85.837 0.0000000000
50042  16.956  -39.377  89.929 0.0000000000
50085  16.846  -39.636  88.106 0.0000000000
50111  16.818  -39.585  87.045 0.0000000000
50150  17.168  -39.643  85.019 0.0000000000
50162  16.369  -39.585  83.650 0.0000000000
81415  55.304  -12.115  62.187 0.0000000000
81400  54.810  -12.528  62.556 0.0000000000
80204  53.855  -13.208  62.598 0.0000000000
78894  52.854  -13.867  63.572 0.0000000000
78873  54.990  -13.737  65.077 0.0000000000
78875  52.970  -14.020  64.386 0.0000000000
78877  51.465  -14.277  63.630 0.0000000000
77653  49.981  -15.135  63.994 0.0000000000
76525  49.248  -15.672  64.342 0.0000000000
75492  48.664  -16.382  64.875 0.0000000000
75473  50.954  -15.563  66.665 0.0000000000
75484  49.464  -16.083  66.105 0.0000000000
74449  48.112  -16.708  65.697 0.0000000000
74436  47.482  -16.982  66.184 0.0000000000
74437  46.599  -17.403  66.217 0.0000000000
74438  45.564  -17.669  66.322 0.0000000000
75442  47.707  -16.789  68.478 0.0000000000
75463  45.885  -17.504  67.995 0.0000000000
74439  44.456  -17.709  66.487 0.0000000000
74440  43.371  -17.898  66.807 0.0000000000
74423  42.499  -19.218  68.115 0.0000000000
73428  41.712  -19.862  67.971 0.0000000000
77490  49.483  -15.363  75.116 0.0000000000
76398  48.011  -16.172  73.811 0.0000000000
76417  46.796  -17.384  73.337 0.0000000000
74342  47.724  -18.695  73.998 0.0000000000
74352  46.668  -18.765  73.092 0.0000000000
75397  45.591  -18.336  72.072 0.0000000000
74379  44.295  -19.050  70.700 0.0000000000
73403  42.857  -19.906  69.484 0.0000000000
72390  41.839  -20.988  67.926 0.0000000000
70239  40.842  -22.191  67.552 0.0000000000
69081  40.013  -23.796  67.484 0.0000000000
67815  42.307  -24.340  69.981 0.0000000000
66661  40.247  -25.703  68.696 0.0000000000
67733  49.053  -23.894  75.495 0.0000000000
66589  47.903  -24.475  74.885 0.0000000000
60884  46.643  -29.358  76.719 0.0000000000
58385  44.860  -30.770  75.369 0.0000000000
60900  46.228  -29.294  75.870 0.0000000000
62144  46.965  -27.910  75.722 0.0000000000
63295  47.086  -27.138  75.060 0.0000000000
64355  46.782  -26.910  74.142 0.0000000000
66591  46.868  -25.385  74.017 0.0000000000
65469  45.579  -26.323  72.910 0.0000000000
64378  43.753  -27.363  71.314 0.0000000000
64410  42.677  -28.237  69.849 0.0000000000
61007  43.406  -29.490  70.209 0.0000000000
62246  42.841  -29.409  68.979 0.0000000000
63367  42.293  -28.728  68.665 0.0000000000
61046  41.677  -30.151  66.975 0.0000000000
61068  37.884  -30.526  65.633 0.0000000000
61098  36.935  -30.914  64.518 0.0000000000
60994  36.586  -30.866  70.609 0.0000000000
61014  35.182  -30.648  69.613 0.0000000000
62250  34.930  -29.818  68.762 0.0000000000
59739  33.103  -31.453  69.550 0.0000000000
61034  33.577  -30.687  68.714 0.0000000000
52483  35.084  -36.987  78.016 0.0000000000
52515  34.047  -36.429  77.096 0.0000000000
52534  33.352  -36.555  75.788 0.0000000000
51394  32.194  -37.645  76.429 0.0000000000
52535  32.723  -36.929  75.308 0.0000000000
53614  32.343  -36.432  74.431 0.0000000000
53633  31.856  -36.022  73.481 0.0000000000
54768  31.104  -35.434  72.439 0.0000000000
54777  30.190  -35.298  71.483 0.0000000000
52501  27.701  -36.906  76.110 0.0000000000
52523  28.050  -37.001  75.052 0.0000000000
52540  28.694  -36.843  74.184 0.0000000000
53654  25.746  -35.763  72.814 0.0000000000
53637  27.259  -36.278  73.117 0.0000000000
52551  28.729  -36.583  73.312 0.0000000000
53650  28.998  -36.273  72.312 0.0000000000
54778  28.975  -35.439  71.282 0.0000000000
82609  53.224  -11.236  59.589 0.0000000000
83759  53.036  -10.616  58.136 0.0000000000
82625  53.035  -10.900  56.692 0.0000000000
75513  46.521  -17.119  61.843 0.0000000000
51322  37.757  -37.381  80.196 0.0000000000
51321  38.658  -37.183  80.406 0.0000000000
51339  37.954  -36.958  79.669 0.0000000000
52461  38.120  -36.605  79.041 0.0000000000
52462  37.364  -36.821  79.035 0.0000000000
76532  47.915  -16.324  63.219 0.0000000000
75498  47.419  -16.463  63.795 0.0000000000
44782  23.667  -43.588  81.550 0.0000000000
44783  23.042  -44.177  81.481 0.0000000000
47935  18.541  -40.479  83.270 0.0000000000
49037  17.803  -40.081  83.409 0.0000000000
49052  17.467  -39.840  82.582 0.0000000000
46817  33.408  -40.387  85.307 0.0000000000
46816  33.973  -40.195  85.275 0.0000000000
46829  33.177  -40.740  84.844 0.0000000000
46843  32.991  -40.809  84.188 0.0000000000
45776  32.688  -40.985  84.698 0.0000000000
43737  24.068  -43.361  82.544 0.0000000000
44765  24.437  -43.135  82.813 0.0000000000
43747  23.973  -43.360  82.079 0.0000000000
73440  40.877  -20.217  66.769 0.0000000000
72411  39.750  -20.608  65.791 0.0000000000
77488  51.492  -14.744  74.222 0.0000000000
69007  48.180  -23.197  73.976 0.0000000000
69019  47.740  -23.166  73.578 0.0000000000
67778  47.353  -23.879  73.672 0.0000000000
67779  46.702  -24.204  73.373 0.0000000000
67763  46.988  -24.533  73.886 0.0000000000
59697  39.122  -31.064  72.570 0.0000000000
59696  40.152  -30.811  72.847 0.0000000000
60959  39.264  -30.710  71.853 0.0000000000
60976  38.628  -30.878  71.157 0.0000000000
51345  28.668  -38.317  78.282 0.0000000000
51362  29.014  -38.161  77.343 0.0000000000
82595  55.436  -11.254  61.042 0.0000000000
43684  24.244  -42.958  86.612 0.0000000000
43685  23.521  -43.271  86.324 0.0000000000
45723  21.074  -43.140  87.739 0.0000000000
46812  20.581  -42.729  87.500 0.0000000000
46803  20.064  -42.115  88.029 0.0000000000
48955  30.162  -40.478  88.154 0.0000000000
46800  29.648  -42.030  87.936 0.0000000000
46785  29.007  -42.000  88.115 0.0000000000
43675  25.069  -42.905  87.380 0.0000000000
53526  42.476  -35.647  80.638 0.0000000000
53505  43.250  -35.029  80.911 0.0000000000
54636  43.553  -34.399  80.388 0.0000000000
54654  43.567  -34.411  79.860 0.0000000000
53539  42.987  -34.821  79.599 0.0000000000
54722  39.249  -34.427  75.896 0.0000000000
54721  40.053  -34.473  76.201 0.0000000000
55860  38.822  -33.955  75.326 0.0000000000
55897  37.955  -33.650  74.331 0.0000000000
54743  34.271  -35.289  75.281 0.0000000000
55884  34.768  -34.885  75.053 0.0000000000
54755  33.528  -35.179  74.418 0.0000000000
53631  33.078  -35.527  74.249 0.0000000000
77673  51.461  -13.993  62.452 0.0000000000
78931  51.453  -13.844  61.904 0.0000000000
77683  51.150  -14.232  62.139 0.0000000000
46944  22.613  -42.658  77.496 0.0000000000
45869  22.295  -43.760  76.861 0.0000000000
45821  21.014  -43.399  81.749 0.0000000000
45822  20.261  -42.901  81.619 0.0000000000
48027  18.160  -41.016  77.189 0.0000000000
47939  35.733  -39.361  82.806 0.0000000000
49044  36.658  -39.031  83.030 0.0000000000
49061  36.440  -38.689  82.116 0.0000000000
49062  35.490  -39.144  81.861 0.0000000000
47978  31.581  -40.400  81.667 0.0000000000
49081  31.084  -40.346  80.979 0.0000000000
49064  30.830  -40.293  81.397 0.0000000000
46833  28.501  -41.791  85.403 0.0000000000
46832  29.090  -41.802  85.540 0.0000000000
49069  25.568  -40.610  81.773 0.0000000000
49068  26.396  -40.124  81.982 0.0000000000
50188  26.031  -40.130  81.491 0.0000000000
50187  26.485  -39.806  81.397 0.0000000000
50207  25.656  -39.974  80.884 0.0000000000
50226  25.525  -39.271  80.226 0.0000000000
50208  25.021  -40.198  80.762 0.0000000000
46936  22.827  -42.607  78.207 0.0000000000
50004  18.585  -39.698  91.154 0.0000000000
50021  18.169  -39.711  90.788 0.0000000000
48922  18.160  -39.960  90.247 0.0000000000
51209  14.074  -38.857  88.224 0.0000000000
51208  14.410  -38.690  88.472 0.0000000000
50066  14.440  -38.976  87.978 0.0000000000
50087  15.132  -38.961  87.426 0.0000000000
50136  14.594  -39.095  85.634 0.0000000000
50114  14.011  -39.228  86.416 0.0000000000
78890  56.278  -13.103  64.721 0.0000000000
80174  56.603  -12.746  64.892 0.0000000000
77616  53.466  -14.789  66.510 0.0000000000
77633  53.136  -14.639  65.980 0.0000000000
76512  52.780  -14.955  66.568 0.0000000000
76513  52.126  -15.025  66.300 0.0000000000
75439  50.012  -16.116  68.290 0.0000000000
75423  49.295  -16.492  69.189 0.0000000000
75395  46.905  -16.976  71.398 0.0000000000
75410  46.134  -17.277  70.745 0.0000000000
75411  45.139  -17.983  71.163 0.0000000000
75342  49.585  -17.076  76.428 0.0000000000
76370  48.847  -16.864  75.698 0.0000000000
71306  45.139  -21.559  71.585 0.0000000000
72336  45.687  -20.703  72.169 0.0000000000
71316  44.627  -21.361  71.151 0.0000000000
72354  44.369  -21.120  70.845 0.0000000000
71317  44.169  -21.704  70.710 0.0000000000
70211  43.753  -22.039  70.323 0.0000000000
64395  42.614  -26.896  70.465 0.0000000000
65509  41.669  -26.388  69.752 0.0000000000
64424  41.566  -27.617  69.117 0.0000000000
63263  47.499  -26.948  76.264 0.0000000000
58350  44.261  -32.083  76.626 0.0000000000
58349  44.834  -31.787  76.834 0.0000000000
60933  44.697  -29.680  73.388 0.0000000000
60952  45.155  -29.005  73.021 0.0000000000
59754  40.081  -31.391  68.330 0.0000000000
58467  40.761  -30.925  67.955 0.0000000000
59772  40.177  -32.001  67.348 0.0000000000
58483  40.835  -32.904  67.356 0.0000000000
59793  39.880  -32.306  66.892 0.0000000000
58506  39.200  -32.224  66.108 0.0000000000
62262  35.514  -29.417  67.567 0.0000000000
62275  35.545  -29.570  66.367 0.0000000000
61071  34.645  -29.842  66.174 0.0000000000
58439  34.150  -31.900  71.060 0.0000000000
50251  33.199  -38.289  78.434 0.0000000000
50268  33.265  -37.802  77.972 0.0000000000
52538  30.320  -37.223  74.505 0.0000000000
52549  30.112  -36.775  73.851 0.0000000000
52550  29.386  -36.787  73.601 0.0000000000
53620  25.425  -35.959  74.341 0.0000000000
81451  49.911  -12.634  58.535 0.0000000000
81456  50.077  -11.743  57.412 0.0000000000
44659  24.178  -42.838  88.481 0.0000000000
45708  24.039  -42.660  89.290 0.0000000000
45710  22.031  -43.064  89.061 0.0000000000
46788  22.257  -42.430  89.955 0.0000000000
45694  25.390  -42.285  89.849 0.0000000000
45693  26.082  -43.173  89.950 0.0000000000
51297  40.906  -37.737  82.382 0.0000000000
51303  40.745  -37.396  81.795 0.0000000000
51319  40.167  -36.714  80.289 0.0000000000
51307  41.031  -36.870  81.077 0.0000000000
52441  40.888  -36.755  80.803 0.0000000000
52449  41.324  -35.557  80.041 0.0000000000
52497  39.483  -35.761  78.145 0.0000000000
54684  39.001  -35.859  78.137 0.0000000000
53576  39.194  -35.580  77.653 0.0000000000
53597  38.182  -35.500  76.943 0.0000000000
54724  37.654  -35.211  76.436 0.0000000000
53578  37.917  -35.604  77.250 0.0000000000
53579  36.045  -36.084  77.212 0.0000000000
54707  36.398  -35.758  77.039 0.0000000000
54708  35.819  -35.933  76.884 0.0000000000
53598  34.475  -36.069  76.621 0.0000000000
76535  49.336  -15.501  63.076 0.0000000000
76536  48.960  -15.645  63.018 0.0000000000
76542  47.980  -16.185  62.305 0.0000000000
76547  47.156  -16.406  61.063 0.0000000000
44806  23.148  -43.968  78.925 0.0000000000
44815  22.836  -44.324  78.344 0.0000000000
43759  23.100  -44.501  79.112 0.0000000000
44807  22.315  -44.453  79.134 0.0000000000
44818  21.020  -44.382  79.084 0.0000000000
46885  19.159  -41.596  82.416 0.0000000000
49071  18.280  -40.494  81.542 0.0000000000
49111  17.309  -40.204  79.611 0.0000000000
50210  16.405  -39.693  81.346 0.0000000000
49089  16.132  -39.923  80.711 0.0000000000
49090  15.169  -40.516  80.922 0.0000000000
50102  34.884  -38.628  85.894 0.0000000000
46841  34.695  -40.162  84.305 0.0000000000
47905  35.193  -39.639  84.687 0.0000000000
47913  35.327  -39.889  83.957 0.0000000000
47926  34.581  -40.324  83.178 0.0000000000
46859  33.763  -40.576  83.456 0.0000000000
46879  32.526  -40.786  83.255 0.0000000000
46897  32.306  -40.778  82.978 0.0000000000
46880  32.012  -40.948  83.282 0.0000000000
44736  25.571  -42.740  84.633 0.0000000000
45783  26.260  -42.058  84.592 0.0000000000
45794  25.554  -42.336  84.002 0.0000000000
46898  24.576  -42.583  82.493 0.0000000000
46881  24.858  -42.186  82.712 0.0000000000
47949  24.860  -41.732  82.409 0.0000000000
47964  24.733  -41.456  81.888 0.0000000000
46925  23.645  -42.949  80.282 0.0000000000
45846  23.330  -43.229  79.954 0.0000000000
45847  23.286  -43.312  79.192 0.0000000000
73447  41.834  -18.723  65.413 0.0000000000
73458  39.623  -20.207  63.869 0.0000000000
73463  39.618  -20.158  63.350 0.0000000000
72421  39.782  -20.251  62.517 0.0000000000
72427  39.579  -20.935  62.283 0.0000000000
50046  13.356  -38.789  89.177 0.0000000000
50068  12.714  -39.770  87.843 0.0000000000
48964  12.040  -40.103  88.384 0.0000000000
76413  50.299  -15.700  72.025 0.0000000000
76414  49.251  -15.722  72.338 0.0000000000
76415  48.201  -15.982  72.701 0.0000000000
72305  49.567  -20.615  74.954 0.0000000000
72306  49.104  -20.481  74.630 0.0000000000
72323  48.723  -21.065  74.299 0.0000000000
70178  47.588  -22.459  73.221 0.0000000000
71296  46.428  -21.542  72.449 0.0000000000
70180  45.989  -22.407  72.117 0.0000000000
70181  45.535  -22.825  71.932 0.0000000000
69022  45.621  -23.336  72.245 0.0000000000
67801  44.384  -24.760  71.642 0.0000000000
66620  44.445  -25.405  71.793 0.0000000000
66632  43.933  -25.353  71.344 0.0000000000
66621  44.196  -25.807  71.484 0.0000000000
58389  41.782  -31.725  75.187 0.0000000000
59660  42.453  -31.213  74.432 0.0000000000
60936  41.483  -30.527  72.981 0.0000000000
59680  42.153  -30.618  73.415 0.0000000000
59693  42.990  -30.499  72.964 0.0000000000
60955  43.385  -30.484  73.193 0.0000000000
58407  42.810  -30.320  72.360 0.0000000000
58433  42.893  -30.188  71.708 0.0000000000
58408  42.533  -30.367  72.044 0.0000000000
61010  39.958  -31.095  69.124 0.0000000000
61011  38.766  -30.440  69.358 0.0000000000
61030  37.821  -30.247  68.615 0.0000000000
61031  36.565  -30.171  68.785 0.0000000000
57184  31.664  -33.326  70.798 0.0000000000
57215  30.603  -32.813  68.685 0.0000000000
58471  30.657  -32.288  68.025 0.0000000000
51378  29.323  -37.906  76.578 0.0000000000
83740  54.871  -10.481  59.737 0.0000000000
83756  55.840  -9.780  58.894 0.0000000000
43715  23.891  -43.431  84.243 0.0000000000
43728  23.400  -43.625  83.620 0.0000000000
43716  23.378  -43.698  84.390 0.0000000000
44738  22.710  -44.035  84.567 0.0000000000
44739  21.914  -43.883  84.386 0.0000000000
44754  21.519  -43.757  83.610 0.0000000000
44675  23.047  -43.285  87.790 0.0000000000
45748  22.724  -43.274  87.034 0.0000000000
45749  22.193  -43.584  86.809 0.0000000000
46821  21.093  -43.101  86.455 0.0000000000
45767  21.160  -43.180  85.403 0.0000000000
45784  21.053  -43.170  84.536 0.0000000000
45768  20.741  -42.757  84.810 0.0000000000
46835  20.589  -42.530  85.532 0.0000000000
46836  19.837  -41.874  85.176 0.0000000000
47907  19.455  -41.385  85.731 0.0000000000
48977  30.841  -40.793  87.653 0.0000000000
48976  31.043  -40.280  87.439 0.0000000000
47884  31.306  -41.039  87.069 0.0000000000
47897  32.064  -40.666  86.500 0.0000000000
46820  31.406  -41.436  86.536 0.0000000000
45730  28.960  -42.405  87.423 0.0000000000
45745  29.127  -42.143  86.741 0.0000000000
44643  27.182  -42.444  88.357 0.0000000000
44654  27.895  -42.814  88.013 0.0000000000
44688  27.282  -42.703  87.339 0.0000000000
44719  26.940  -42.825  86.146 0.0000000000
43702  24.517  -43.258  84.809 0.0000000000
43714  24.366  -43.279  84.000 0.0000000000
70266  38.709  -22.805  65.629 0.0000000000
74324  50.058  -18.930  76.406 0.0000000000
73325  50.172  -19.471  76.573 0.0000000000
71250  50.303  -21.378  76.396 0.0000000000
72290  50.336  -20.723  76.183 0.0000000000
70146  49.489  -22.325  75.295 0.0000000000
68983  49.219  -23.143  75.043 0.0000000000
55817  44.178  -33.633  78.808 0.0000000000
55816  44.709  -33.284  79.075 0.0000000000
55846  44.106  -33.034  77.609 0.0000000000
53559  41.312  -34.937  78.217 0.0000000000
53558  42.028  -34.897  78.317 0.0000000000
54720  40.786  -34.445  76.546 0.0000000000
54702  41.539  -34.546  77.383 0.0000000000
54719  41.533  -33.703  76.443 0.0000000000
54718  42.320  -33.398  76.621 0.0000000000
54738  41.190  -33.483  75.895 0.0000000000
55876  41.501  -33.094  75.839 0.0000000000
55877  41.020  -33.280  75.484 0.0000000000
57123  39.059  -32.849  74.218 0.0000000000
57116  39.914  -32.902  74.643 0.0000000000
58402  38.866  -32.349  73.574 0.0000000000
57140  36.634  -32.914  73.279 0.0000000000
57139  37.318  -32.600  73.001 0.0000000000
57161  35.825  -33.103  72.683 0.0000000000
55863  36.673  -34.793  75.676 0.0000000000
55882  36.655  -34.062  74.743 0.0000000000
55915  34.630  -33.875  73.197 0.0000000000
55899  35.607  -33.917  73.980 0.0000000000
57142  34.575  -33.493  72.614 0.0000000000
57144  33.289  -33.934  72.771 0.0000000000
55917  32.780  -34.282  72.754 0.0000000000
54775  31.740  -34.679  72.003 0.0000000000
52488  25.575  -37.635  77.811 0.0000000000
52487  26.593  -37.286  77.377 0.0000000000
52542  23.835  -36.819  75.286 0.0000000000
53603  24.348  -36.582  75.282 0.0000000000
51408  21.827  -38.358  74.507 0.0000000000
52544  22.195  -37.551  74.098 0.0000000000
52553  22.284  -37.715  73.177 0.0000000000
80222  53.598  -12.780  61.901 0.0000000000
81434  53.396  -12.458  60.815 0.0000000000
80235  52.793  -12.882  61.010 0.0000000000
80237  51.149  -13.425  60.705 0.0000000000
80245  50.470  -13.406  59.885 0.0000000000
77685  49.479  -15.132  61.658 0.0000000000
78933  50.309  -14.482  61.539 0.0000000000
77690  49.292  -14.876  61.016 0.0000000000
78951  48.799  -14.222  59.828 0.0000000000
44830  22.032  -44.124  76.807 0.0000000000
44831  21.490  -44.234  76.618 0.0000000000
44784  22.390  -44.356  81.645 0.0000000000
44785  21.635  -44.069  81.775 0.0000000000
45836  20.823  -43.627  80.650 0.0000000000
44799  21.273  -44.144  80.911 0.0000000000
46927  20.455  -43.133  78.948 0.0000000000
47965  19.347  -41.685  80.939 0.0000000000
47981  19.587  -41.870  80.257 0.0000000000
48015  19.320  -41.573  77.755 0.0000000000
50100  36.537  -38.523  85.472 0.0000000000
50126  37.191  -38.426  84.704 0.0000000000
49017  37.961  -38.328  83.563 0.0000000000
50148  38.555  -38.208  83.728 0.0000000000
50147  39.302  -38.087  83.299 0.0000000000
50160  39.505  -38.062  83.009 0.0000000000
50169  38.824  -38.156  82.716 0.0000000000
50182  37.646  -38.236  81.770 0.0000000000
50181  38.481  -37.990  82.000 0.0000000000
50215  37.680  -37.726  80.685 0.0000000000
51324  36.347  -37.841  80.086 0.0000000000
50217  36.129  -38.396  80.647 0.0000000000
49100  34.931  -38.561  80.694 0.0000000000
50218  35.305  -38.377  80.316 0.0000000000
47976  32.733  -39.799  81.596 0.0000000000
47996  32.826  -39.507  80.657 0.0000000000
50220  31.966  -39.060  79.345 0.0000000000
50237  31.678  -38.936  78.808 0.0000000000
50221  31.501  -39.380  79.498 0.0000000000
49128  29.940  -39.739  79.491 0.0000000000
49127  30.172  -39.728  79.239 0.0000000000
45778  31.504  -41.466  84.749 0.0000000000
45779  30.823  -41.492  85.181 0.0000000000
46864  30.289  -41.332  84.327 0.0000000000
46863  30.653  -41.357  84.231 0.0000000000
47917  27.366  -40.797  84.052 0.0000000000
49047  28.187  -39.814  82.690 0.0000000000
49032  28.622  -40.106  82.991 0.0000000000
49046  29.137  -39.868  82.456 0.0000000000
50170  28.756  -39.321  81.927 0.0000000000
51315  27.034  -38.802  80.400 0.0000000000
50204  28.473  -38.843  80.619 0.0000000000
51314  27.554  -38.538  80.241 0.0000000000
51347  26.649  -37.945  78.941 0.0000000000
51331  24.978  -39.138  79.814 0.0000000000
51350  23.414  -39.239  79.023 0.0000000000
49086  24.040  -41.265  80.580 0.0000000000
49107  24.087  -40.327  80.342 0.0000000000
49108  23.455  -40.784  80.107 0.0000000000
49146  22.287  -40.965  78.207 0.0000000000
50256  22.440  -40.250  78.329 0.0000000000
51366  22.593  -39.367  78.433 0.0000000000
50274  22.143  -40.211  77.572 0.0000000000
49160  22.128  -40.456  77.562 0.0000000000
74459  46.090  -17.325  64.561 0.0000000000
75496  45.812  -17.408  63.824 0.0000000000
74465  43.852  -18.143  63.498 0.0000000000
74464  44.641  -18.035  62.959 0.0000000000
74470  43.805  -18.204  62.443 0.0000000000
73455  42.007  -18.759  63.271 0.0000000000
73474  41.658  -19.766  60.717 0.0000000000
72429  42.137  -20.211  60.152 0.0000000000
70279  38.277  -22.698  64.015 0.0000000000
71381  38.480  -21.666  63.730 0.0000000000
47843  23.051  -40.878  90.344 0.0000000000
47844  21.286  -41.526  90.294 0.0000000000
47845  20.873  -41.510  90.237 0.0000000000
48920  19.472  -40.698  90.254 0.0000000000
47860  19.909  -41.270  89.556 0.0000000000
47871  19.581  -41.248  88.591 0.0000000000
48982  18.436  -40.427  87.784 0.0000000000
49000  18.359  -40.403  86.814 0.0000000000
49001  17.654  -39.886  86.393 0.0000000000
50043  16.116  -39.096  89.751 0.0000000000
50024  15.316  -38.586  90.648 0.0000000000
50023  16.409  -39.103  90.663 0.0000000000
50063  16.891  -39.594  89.102 0.0000000000
50112  15.893  -39.275  86.703 0.0000000000
50134  16.761  -39.574  85.839 0.0000000000
50151  16.390  -39.515  84.640 0.0000000000
50176  14.789  -39.670  83.265 0.0000000000
49026  13.037  -40.308  84.686 0.0000000000
81413  56.788  -12.011  62.615 0.0000000000
81399  55.650  -12.448  62.798 0.0000000000
80187  54.495  -13.301  63.441 0.0000000000
80188  53.901  -13.506  63.249 0.0000000000
78914  52.830  -13.723  62.870 0.0000000000
78872  55.940  -13.635  65.154 0.0000000000
77650  53.089  -14.288  65.218 0.0000000000
78876  52.077  -14.166  64.033 0.0000000000
77652  51.077  -14.674  64.371 0.0000000000
76515  50.678  -15.513  65.698 0.0000000000
76524  50.204  -15.392  65.008 0.0000000000
75491  49.319  -15.958  65.335 0.0000000000
76503  51.569  -15.529  66.724 0.0000000000
75458  51.006  -15.599  67.258 0.0000000000
75460  49.256  -16.501  67.495 0.0000000000
75475  49.633  -15.927  66.833 0.0000000000
75476  48.953  -16.672  66.625 0.0000000000
75485  48.694  -16.590  65.717 0.0000000000
74435  48.181  -16.697  66.135 0.0000000000
74450  47.659  -16.860  65.625 0.0000000000
74419  46.369  -17.484  67.281 0.0000000000
75408  48.771  -16.518  69.924 0.0000000000
75424  48.453  -16.598  69.399 0.0000000000
75444  45.598  -17.284  68.915 0.0000000000
75443  46.633  -17.138  68.444 0.0000000000
74420  45.249  -17.667  67.295 0.0000000000
74421  44.135  -17.647  67.559 0.0000000000
74386  43.938  -18.482  69.696 0.0000000000
74422  43.201  -18.329  67.896 0.0000000000
74424  42.056  -19.463  67.954 0.0000000000
74403  42.576  -19.403  68.697 0.0000000000
77489  50.461  -14.997  74.656 0.0000000000
76383  48.274  -16.831  74.821 0.0000000000
77506  48.723  -15.704  74.492 0.0000000000
76416  47.332  -16.610  73.099 0.0000000000
73353  48.069  -19.627  73.921 0.0000000000
74341  48.472  -18.664  74.596 0.0000000000
73354  47.557  -19.166  73.626 0.0000000000
73381  45.437  -19.782  72.018 0.0000000000
73372  46.594  -19.262  72.893 0.0000000000
74361  45.649  -19.053  72.339 0.0000000000
75386  45.863  -18.568  72.514 0.0000000000
74369  44.892  -18.979  71.656 0.0000000000
74378  44.673  -18.569  71.160 0.0000000000
74370  44.593  -19.437  71.239 0.0000000000
72364  42.905  -20.885  69.309 0.0000000000
72356  43.351  -20.432  69.765 0.0000000000
72376  42.119  -20.808  68.369 0.0000000000
71351  41.762  -21.350  68.005 0.0000000000
71352  41.244  -21.506  67.565 0.0000000000
70237  41.822  -21.819  68.335 0.0000000000
69063  41.491  -22.847  68.832 0.0000000000
69079  41.016  -22.718  68.109 0.0000000000
67847  40.357  -23.870  67.943 0.0000000000
67848  39.699  -24.731  67.689 0.0000000000
69052  43.351  -23.211  70.340 0.0000000000
65523  40.648  -26.665  69.058 0.0000000000
66649  40.743  -25.613  69.156 0.0000000000
65524  40.022  -26.370  68.556 0.0000000000
66662  39.724  -25.728  68.242 0.0000000000
66544  48.249  -25.344  75.709 0.0000000000
66565  48.043  -24.946  75.362 0.0000000000
67734  48.574  -24.194  75.223 0.0000000000
66566  47.617  -25.569  75.201 0.0000000000
58347  45.666  -30.828  77.274 0.0000000000
59617  46.112  -30.291  77.253 0.0000000000
60883  47.075  -29.117  77.319 0.0000000000
58386  44.182  -31.149  74.977 0.0000000000
58399  44.564  -30.552  74.716 0.0000000000
60916  45.609  -29.401  74.709 0.0000000000
60901  45.799  -29.560  75.346 0.0000000000
62145  46.553  -28.519  75.554 0.0000000000
62160  46.692  -27.996  75.120 0.0000000000
62159  46.935  -27.595  75.394 0.0000000000
63315  45.990  -27.754  73.554 0.0000000000
63314  46.453  -27.403  73.966 0.0000000000
65454  46.979  -26.152  74.450 0.0000000000
65467  46.743  -26.386  73.820 0.0000000000
65468  46.274  -26.429  73.425 0.0000000000
64368  45.849  -27.133  73.153 0.0000000000
62217  44.004  -28.474  71.269 0.0000000000
64377  44.410  -27.205  71.930 0.0000000000
63345  43.694  -28.249  71.042 0.0000000000
64393  43.439  -27.883  70.947 0.0000000000
63346  43.411  -28.223  70.664 0.0000000000
60989  43.215  -29.916  70.312 0.0000000000
143107  42.704  -30.207  69.854 0.0000000000
61026  42.624  -29.899  68.754 0.0000000000
63366  42.965  -28.728  69.336 0.0000000000
62247  42.438  -29.602  68.412 0.0000000000
63376  42.098  -29.370  68.152 0.0000000000
61045  41.694  -30.400  67.299 0.0000000000
57266  40.230  -32.284  66.138 0.0000000000
62259  38.156  -30.369  66.372 0.0000000000
62286  36.122  -29.878  65.534 0.0000000000
61085  36.553  -30.213  65.147 0.0000000000
61099  36.019  -30.712  64.557 0.0000000000
58421  37.393  -31.882  71.892 0.0000000000
59708  37.349  -31.635  71.534 0.0000000000
58436  36.990  -31.888  71.653 0.0000000000
59737  34.939  -31.049  70.042 0.0000000000
59736  35.536  -30.839  70.069 0.0000000000
61032  35.466  -30.142  69.134 0.0000000000
61033  34.336  -30.449  68.907 0.0000000000
58455  32.215  -31.873  69.832 0.0000000000
58468  32.642  -31.627  69.487 0.0000000000
59775  32.256  -31.196  67.691 0.0000000000
59774  32.905  -30.936  68.042 0.0000000000
61052  32.852  -30.774  67.763 0.0000000000
52464  35.812  -37.130  78.836 0.0000000000
52484  35.083  -37.299  78.754 0.0000000000
51392  33.567  -36.891  77.244 0.0000000000
51374  34.131  -36.894  77.538 0.0000000000
52516  33.687  -36.335  76.568 0.0000000000
51406  33.294  -36.843  76.437 0.0000000000
50286  31.337  -38.323  76.497 0.0000000000
50285  31.876  -38.230  76.729 0.0000000000
51395  31.548  -37.786  76.226 0.0000000000
52536  31.817  -36.940  74.993 0.0000000000
52518  32.018  -37.329  75.760 0.0000000000
53648  31.001  -35.841  73.057 0.0000000000
54769  30.486  -35.703  72.517 0.0000000000
52502  26.624  -36.807  76.493 0.0000000000
53600  27.206  -36.514  74.707 0.0000000000
53581  27.267  -36.618  75.376 0.0000000000
52541  27.855  -36.554  74.344 0.0000000000
54772  24.783  -35.555  71.923 0.0000000000
54771  25.454  -35.495  72.044 0.0000000000
53663  26.912  -35.702  71.783 0.0000000000
53653  26.498  -35.842  72.493 0.0000000000
53636  28.117  -36.242  72.953 0.0000000000
53651  28.304  -36.115  72.343 0.0000000000
52558  28.722  -36.397  72.738 0.0000000000
54789  27.378  -35.065  70.264 0.0000000000
54787  29.205  -34.950  70.667 0.0000000000
83769  57.959  -10.012  57.837 0.0000000000
81444  52.995  -12.054  60.236 0.0000000000
82626  52.166  -10.796  57.118 0.0000000000
75506  45.819  -17.579  62.363 0.0000000000
75505  46.629  -17.181  62.704 0.0000000000
45682  25.043  -42.781  90.801 0.0000000000
45695  24.449  -42.277  90.075 0.0000000000
46763  24.451  -42.150  90.737 0.0000000000
46776  23.692  -42.288  90.409 0.0000000000
46764  23.271  -41.991  90.636 0.0000000000
50196  39.405  -37.518  81.218 0.0000000000
50179  39.984  -37.390  81.580 0.0000000000
51309  39.524  -37.275  80.741 0.0000000000
51320  39.561  -36.688  80.145 0.0000000000
52451  39.985  -36.476  80.028 0.0000000000
52459  39.687  -36.206  79.377 0.0000000000
52460  38.913  -36.456  79.037 0.0000000000
52480  38.268  -36.206  78.471 0.0000000000
53564  37.456  -35.933  77.726 0.0000000000
53565  36.547  -36.314  77.760 0.0000000000
76531  48.501  -15.954  63.381 0.0000000000
76538  47.682  -16.466  62.569 0.0000000000
75512  47.124  -16.871  62.347 0.0000000000
44795  23.158  -43.629  80.176 0.0000000000
43753  22.793  -44.036  79.694 0.0000000000
43754  22.623  -44.155  79.909 0.0000000000
46854  19.074  -41.108  83.600 0.0000000000
46870  19.149  -41.009  82.935 0.0000000000
49051  18.173  -40.304  82.413 0.0000000000
49072  17.702  -39.997  81.802 0.0000000000
50173  16.864  -39.549  82.286 0.0000000000
50190  16.240  -39.655  81.960 0.0000000000
48994  34.107  -39.371  85.982 0.0000000000
48993  34.783  -39.214  85.753 0.0000000000
47894  34.481  -39.814  85.289 0.0000000000
46828  34.193  -40.344  84.847 0.0000000000
46844  32.411  -41.010  84.051 0.0000000000
44751  24.839  -43.009  83.687 0.0000000000
45795  25.149  -42.595  83.420 0.0000000000
45818  24.458  -42.905  82.298 0.0000000000
45819  24.370  -43.135  81.459 0.0000000000
73448  41.030  -19.273  65.895 0.0000000000
73453  40.249  -19.712  65.289 0.0000000000
72418  39.133  -20.695  63.934 0.0000000000
50028  11.730  -39.589  89.589 0.0000000000
76395  51.042  -15.515  72.764 0.0000000000
77505  49.672  -15.213  74.075 0.0000000000
71280  49.086  -21.680  74.227 0.0000000000
71281  48.453  -21.712  73.765 0.0000000000
70166  48.162  -22.500  73.623 0.0000000000
69021  46.376  -23.281  72.779 0.0000000000
59662  40.764  -31.423  74.210 0.0000000000
59661  41.568  -31.244  74.333 0.0000000000
59682  40.484  -31.175  73.491 0.0000000000
59695  40.801  -30.759  73.049 0.0000000000
60957  41.004  -30.418  72.385 0.0000000000
60992  38.393  -30.637  70.494 0.0000000000
60993  37.257  -30.700  70.470 0.0000000000
52485  28.471  -37.535  76.770 0.0000000000
44722  22.796  -44.093  85.569 0.0000000000
45734  21.622  -43.383  87.321 0.0000000000
45735  20.981  -43.278  87.050 0.0000000000
47885  30.646  -41.288  87.672 0.0000000000
45728  30.598  -42.124  87.219 0.0000000000
46811  30.312  -41.899  87.593 0.0000000000
44657  25.912  -42.594  88.297 0.0000000000
44671  26.524  -42.685  87.619 0.0000000000
44690  25.844  -42.765  86.735 0.0000000000
44706  25.601  -42.896  86.077 0.0000000000
43690  24.717  -43.244  85.752 0.0000000000
52410  42.290  -36.519  81.586 0.0000000000
53482  42.645  -35.704  81.540 0.0000000000
53481  43.145  -35.049  81.562 0.0000000000
55767  44.453  -33.625  80.008 0.0000000000
55793  44.571  -33.476  79.756 0.0000000000
54668  43.405  -34.331  78.864 0.0000000000
53574  40.621  -34.979  77.257 0.0000000000
53593  40.359  -34.742  76.665 0.0000000000
54740  40.224  -34.101  75.683 0.0000000000
55879  39.274  -33.613  75.045 0.0000000000
55895  38.722  -33.227  74.266 0.0000000000
55896  38.397  -33.449  74.252 0.0000000000
57117  37.452  -33.569  74.287 0.0000000000
57126  36.726  -33.432  74.057 0.0000000000
55916  33.530  -34.375  73.311 0.0000000000
54757  32.390  -35.534  73.461 0.0000000000
51364  24.452  -38.276  77.880 0.0000000000
51379  24.153  -38.084  77.375 0.0000000000
52505  23.489  -37.728  76.782 0.0000000000
78929  52.530  -13.555  62.398 0.0000000000
80224  52.221  -13.426  61.598 0.0000000000
78937  51.851  -13.587  61.611 0.0000000000
78938  51.379  -13.662  61.403 0.0000000000
78939  50.623  -13.853  61.160 0.0000000000
78942  48.261  -14.676  60.444 0.0000000000
44832  20.850  -44.338  77.019 0.0000000000
44769  21.719  -43.909  82.828 0.0000000000
48002  19.013  -41.056  79.635 0.0000000000
48016  18.796  -40.915  78.434 0.0000000000
49019  36.518  -39.301  84.092 0.0000000000
49007  36.905  -38.822  84.657 0.0000000000
49018  37.082  -38.699  84.098 0.0000000000
49030  37.350  -38.667  83.333 0.0000000000
49029  38.117  -38.328  82.991 0.0000000000
49042  38.083  -38.208  82.448 0.0000000000
50183  37.153  -38.468  81.832 0.0000000000
50199  36.880  -38.432  81.331 0.0000000000
49078  35.741  -38.666  81.270 0.0000000000
47959  32.626  -40.327  82.310 0.0000000000
49104  31.445  -39.892  80.252 0.0000000000
50222  31.040  -39.670  79.651 0.0000000000
49106  29.983  -39.743  80.169 0.0000000000
45762  29.980  -41.706  85.869 0.0000000000
45780  30.437  -41.487  85.199 0.0000000000
47914  29.594  -41.272  84.582 0.0000000000
47915  29.082  -41.024  84.451 0.0000000000
49035  26.685  -40.927  83.168 0.0000000000
49034  27.154  -40.594  83.256 0.0000000000
50172  27.738  -39.565  82.332 0.0000000000
50185  28.277  -39.079  81.486 0.0000000000
50186  27.348  -39.417  81.687 0.0000000000
50225  26.040  -38.987  80.040 0.0000000000
48013  23.238  -42.227  79.249 0.0000000000
48000  22.916  -41.401  79.342 0.0000000000
48014  22.825  -41.800  78.834 0.0000000000
49159  22.105  -40.953  77.470 0.0000000000
48035  22.314  -41.850  76.972 0.0000000000
74471  42.860  -18.208  62.852 0.0000000000
73467  40.434  -19.772  62.014 0.0000000000
72425  40.796  -20.455  61.151 0.0000000000
48904  19.160  -40.244  90.728 0.0000000000
48961  19.241  -40.763  89.329 0.0000000000
48942  18.598  -40.416  89.753 0.0000000000
48963  17.768  -39.904  88.463 0.0000000000
50045  14.076  -38.616  89.643 0.0000000000
50044  15.009  -38.841  89.499 0.0000000000
80202  56.042  -12.563  63.292 0.0000000000
80186  56.085  -12.775  63.913 0.0000000000
78911  55.724  -12.864  63.983 0.0000000000
78892  54.944  -13.474  64.096 0.0000000000
77648  54.678  -14.202  65.780 0.0000000000
77632  54.095  -14.536  66.087 0.0000000000
76522  51.799  -14.984  65.716 0.0000000000
75438  50.920  -15.765  68.080 0.0000000000
74416  48.766  -16.669  67.351 0.0000000000
74417  48.278  -16.614  66.993 0.0000000000
74396  48.702  -16.648  67.731 0.0000000000
74397  47.944  -16.616  67.719 0.0000000000
75409  47.046  -16.734  70.346 0.0000000000
75445  44.718  -17.836  69.299 0.0000000000
77473  49.324  -15.796  76.158 0.0000000000
77474  49.074  -16.350  75.878 0.0000000000
76384  47.914  -17.441  74.555 0.0000000000
72335  46.702  -20.595  72.855 0.0000000000
73379  46.690  -20.020  72.933 0.0000000000
72337  45.202  -20.289  71.752 0.0000000000
73389  44.519  -19.898  70.967 0.0000000000
72355  43.927  -20.822  70.248 0.0000000000
72363  43.535  -21.250  69.668 0.0000000000
71337  42.608  -21.553  69.074 0.0000000000
70222  42.812  -22.019  69.325 0.0000000000
70213  42.510  -22.570  69.485 0.0000000000
69054  42.057  -23.291  69.492 0.0000000000
66634  42.586  -25.333  70.518 0.0000000000
66647  41.920  -25.352  69.899 0.0000000000
65510  41.145  -26.194  69.393 0.0000000000
64432  40.127  -27.613  67.739 0.0000000000
63369  40.652  -28.035  68.082 0.0000000000
63378  40.720  -28.399  67.594 0.0000000000
65391  48.383  -25.881  76.173 0.0000000000
64334  47.606  -26.267  75.559 0.0000000000
57068  45.130  -32.238  77.890 0.0000000000
58328  45.417  -31.880  78.161 0.0000000000
57084  45.039  -32.023  77.356 0.0000000000
58348  45.347  -31.417  77.186 0.0000000000
58367  45.454  -30.863  76.346 0.0000000000
59677  44.619  -30.092  74.069 0.0000000000
59657  44.904  -30.244  74.768 0.0000000000
60931  45.812  -28.800  74.423 0.0000000000
62176  46.306  -28.246  74.500 0.0000000000
62177  45.825  -28.370  73.966 0.0000000000
62197  45.456  -28.505  73.295 0.0000000000
63316  45.394  -27.875  72.871 0.0000000000
62216  44.309  -28.716  71.705 0.0000000000
62229  43.979  -28.741  70.911 0.0000000000
58450  41.538  -30.869  69.092 0.0000000000
143115  42.233  -30.592  69.162 0.0000000000
58465  41.546  -30.783  68.647 0.0000000000
58466  41.057  -30.813  68.255 0.0000000000
59751  41.454  -30.747  67.873 0.0000000000
59769  41.415  -30.953  67.110 0.0000000000
59770  41.057  -31.484  67.108 0.0000000000
57246  40.943  -32.803  66.675 0.0000000000
57248  40.064  -32.482  66.196 0.0000000000
61083  38.180  -31.085  65.206 0.0000000000
62287  35.912  -29.735  65.785 0.0000000000
59725  34.675  -31.488  70.553 0.0000000000
59738  33.895  -31.244  69.756 0.0000000000
58485  31.797  -31.691  68.299 0.0000000000
51360  34.324  -37.512  78.389 0.0000000000
50267  33.726  -37.610  78.030 0.0000000000
50282  33.502  -37.452  77.686 0.0000000000
50283  33.037  -37.574  77.413 0.0000000000
52520  30.577  -37.460  75.275 0.0000000000
52537  31.025  -37.035  74.689 0.0000000000
53616  30.980  -36.685  74.212 0.0000000000
53634  30.810  -36.388  73.710 0.0000000000
53635  30.255  -36.468  73.452 0.0000000000
52563  29.790  -36.326  72.771 0.0000000000
52524  26.355  -36.569  75.903 0.0000000000
53619  26.472  -36.031  74.287 0.0000000000
54782  25.535  -35.447  71.169 0.0000000000
53662  27.763  -35.797  71.780 0.0000000000
82610  52.523  -11.456  59.342 0.0000000000
74475  44.639  -18.139  61.279 0.0000000000
74474  45.173  -17.919  61.202 0.0000000000
74484  44.018  -18.428  60.563 0.0000000000
44673  24.667  -42.934  87.836 0.0000000000
44691  24.165  -42.926  87.411 0.0000000000
44674  23.673  -43.153  88.020 0.0000000000
45721  22.738  -43.278  88.486 0.0000000000
46801  21.345  -42.818  89.024 0.0000000000
44644  26.785  -42.353  88.552 0.0000000000
44645  26.165  -42.506  88.958 0.0000000000
51269  40.220  -37.819  82.702 0.0000000000
51268  40.958  -37.428  82.224 0.0000000000
51285  41.431  -37.652  82.191 0.0000000000
52411  42.181  -37.427  81.980 0.0000000000
51302  41.239  -37.096  81.421 0.0000000000
52428  41.884  -37.037  81.477 0.0000000000
52427  42.145  -36.263  81.048 0.0000000000
53540  42.428  -35.340  79.985 0.0000000000
53541  41.952  -35.396  79.919 0.0000000000
52457  40.824  -35.007  79.034 0.0000000000
52476  40.709  -35.123  78.366 0.0000000000
52478  40.013  -35.586  78.461 0.0000000000
53575  39.962  -35.476  77.510 0.0000000000
53595  39.265  -35.190  76.737 0.0000000000
54723  38.452  -34.743  76.189 0.0000000000
54706  37.152  -35.538  77.039 0.0000000000
55864  36.055  -35.128  75.793 0.0000000000
49171  23.498  -41.008  74.005 0.0000000000
49172  22.483  -40.209  73.893 0.0000000000
77677  48.313  -15.933  62.421 0.0000000000
77686  48.092  -15.690  61.811 0.0000000000
77692  47.292  -15.487  60.611 0.0000000000
45862  22.656  -43.557  77.553 0.0000000000
44823  22.638  -44.074  77.863 0.0000000000
43767  22.804  -44.793  78.979 0.0000000000
44816  22.418  -44.800  78.378 0.0000000000
46883  20.269  -42.342  83.062 0.0000000000
45808  19.993  -42.559  82.083 0.0000000000
46884  19.845  -42.099  82.566 0.0000000000
47966  18.944  -41.418  81.458 0.0000000000
49112  16.303  -40.216  79.919 0.0000000000
47893  34.967  -39.374  85.219 0.0000000000
49009  35.776  -39.373  84.868 0.0000000000
49008  36.402  -39.189  84.834 0.0000000000
47924  36.071  -39.525  83.580 0.0000000000
47956  35.223  -39.506  82.279 0.0000000000
47940  34.902  -39.917  82.739 0.0000000000
47941  34.116  -40.400  82.771 0.0000000000
47942  33.622  -40.459  82.828 0.0000000000
46878  33.187  -40.597  83.019 0.0000000000
46895  32.957  -40.440  82.673 0.0000000000
47960  32.000  -40.691  82.493 0.0000000000
45782  27.099  -41.912  85.208 0.0000000000
46851  26.429  -41.657  84.248 0.0000000000
46865  26.502  -41.420  83.903 0.0000000000
47934  25.812  -41.677  83.196 0.0000000000
47933  26.271  -41.329  83.158 0.0000000000
47947  26.073  -41.189  82.619 0.0000000000
49050  25.909  -41.015  82.369 0.0000000000
49070  25.046  -40.990  81.613 0.0000000000
47980  23.741  -41.719  80.405 0.0000000000
46912  24.036  -42.571  80.662 0.0000000000
46913  23.589  -42.195  80.153 0.0000000000
74462  42.776  -18.308  65.003 0.0000000000
73452  41.066  -19.246  64.764 0.0000000000
72426  40.091  -20.693  61.861 0.0000000000
50089  13.364  -39.390  87.146 0.0000000000
50090  12.578  -39.790  86.876 0.0000000000
75406  50.083  -16.095  69.929 0.0000000000
76443  50.278  -16.003  70.413 0.0000000000
76444  49.758  -16.040  70.438 0.0000000000
76445  48.748  -16.170  70.453 0.0000000000
74325  49.952  -18.513  76.020 0.0000000000
74326  49.072  -18.567  75.340 0.0000000000
73337  49.228  -19.137  74.967 0.0000000000
72324  48.092  -20.764  73.830 0.0000000000
71282  47.861  -21.397  73.434 0.0000000000
72325  47.475  -20.727  73.295 0.0000000000
70202  43.902  -22.619  70.623 0.0000000000
70193  44.500  -22.514  71.159 0.0000000000
69042  44.296  -23.351  71.091 0.0000000000
67802  44.191  -24.333  71.317 0.0000000000
67790  44.920  -24.203  71.865 0.0000000000
67803  43.601  -24.482  70.918 0.0000000000
66633  43.294  -25.362  70.931 0.0000000000
65495  42.918  -26.296  70.738 0.0000000000
62126  47.891  -28.007  77.292 0.0000000000
58371  43.183  -32.115  75.706 0.0000000000
58370  43.805  -31.938  75.967 0.0000000000
59658  43.734  -31.207  74.600 0.0000000000
59679  43.111  -30.901  73.657 0.0000000000
59678  43.849  -30.703  73.869 0.0000000000
60954  43.587  -30.487  73.347 0.0000000000
59692  43.502  -30.252  72.799 0.0000000000
59704  43.826  -29.770  71.987 0.0000000000
59705  43.265  -29.988  71.953 0.0000000000
61009  40.725  -31.172  69.141 0.0000000000
59735  40.397  -31.298  68.935 0.0000000000
59755  39.574  -31.246  68.223 0.0000000000
61048  37.892  -30.063  67.667 0.0000000000
62248  36.288  -29.674  68.036 0.0000000000
57182  33.561  -32.636  71.424 0.0000000000
58440  33.417  -31.976  70.853 0.0000000000
57197  32.847  -32.211  70.912 0.0000000000
57213  31.766  -32.296  69.738 0.0000000000
58470  31.286  -32.197  68.509 0.0000000000
50253  31.969  -38.666  78.029 0.0000000000
50271  31.470  -38.694  77.081 0.0000000000
51376  30.908  -38.497  76.555 0.0000000000
51377  30.172  -38.276  76.352 0.0000000000
51397  30.210  -37.814  75.686 0.0000000000
53656  23.770  -36.618  72.198 0.0000000000
53664  24.300  -35.989  71.608 0.0000000000
53668  24.166  -35.956  70.655 0.0000000000
84827  57.481  -9.852  58.757 0.0000000000
83755  56.862  -9.780  59.199 0.0000000000
83781  54.431  -10.686  56.414 0.0000000000
43739  23.499  -43.691  83.155 0.0000000000
45796  20.929  -43.177  83.628 0.0000000000
44707  22.865  -43.635  86.410 0.0000000000
44724  21.557  -43.605  84.894 0.0000000000
45797  20.463  -42.593  83.421 0.0000000000
46853  19.531  -41.567  84.186 0.0000000000
49022  18.253  -40.404  84.995 0.0000000000
48996  32.503  -39.952  86.605 0.0000000000
45741  32.140  -41.169  85.693 0.0000000000
45759  32.340  -41.182  85.250 0.0000000000
45742  31.725  -41.417  85.926 0.0000000000
45763  29.052  -42.037  86.108 0.0000000000
45764  28.200  -42.122  85.935 0.0000000000
45704  28.513  -42.573  88.032 0.0000000000
44668  28.444  -43.221  87.772 0.0000000000
44687  28.113  -42.579  87.669 0.0000000000
44703  27.848  -42.475  87.214 0.0000000000
45747  27.500  -42.451  86.303 0.0000000000
71365  39.866  -21.614  66.313 0.0000000000
71373  39.521  -21.296  65.753 0.0000000000
71374  39.183  -21.829  65.370 0.0000000000
71375  38.697  -22.405  65.077 0.0000000000
69140  38.318  -23.520  63.643 0.0000000000
77458  49.837  -15.388  76.798 0.0000000000
77459  49.604  -16.018  76.727 0.0000000000
76356  49.771  -16.500  76.920 0.0000000000
75341  49.992  -17.428  76.709 0.0000000000
75331  50.163  -17.283  77.316 0.0000000000
74316  50.203  -18.014  76.391 0.0000000000
73335  49.951  -19.468  76.003 0.0000000000
72292  49.907  -20.128  75.513 0.0000000000
72282  50.251  -20.182  76.418 0.0000000000
72304  49.981  -20.790  75.412 0.0000000000
71263  49.525  -21.536  74.983 0.0000000000
70147  49.224  -22.457  74.574 0.0000000000
70164  48.929  -22.867  74.353 0.0000000000
69006  48.528  -23.262  74.378 0.0000000000
57050  45.142  -32.595  78.807 0.0000000000
57069  44.887  -32.690  78.277 0.0000000000
57086  43.808  -32.570  76.914 0.0000000000
53551  42.362  -34.889  78.994 0.0000000000
54669  42.804  -34.663  78.811 0.0000000000
54682  42.429  -34.542  78.172 0.0000000000
54681  42.981  -33.767  77.845 0.0000000000
54700  42.756  -33.393  77.076 0.0000000000
55857  43.084  -33.155  76.667 0.0000000000
57100  43.294  -32.617  76.301 0.0000000000
57101  42.651  -32.554  75.866 0.0000000000
57113  41.963  -32.416  75.696 0.0000000000
57115  40.711  -32.791  75.001 0.0000000000
58391  40.325  -32.111  74.537 0.0000000000
59663  40.117  -31.570  74.024 0.0000000000
58409  39.101  -31.774  73.305 0.0000000000
59698  38.386  -31.435  72.131 0.0000000000
57158  37.506  -32.077  72.233 0.0000000000
57159  37.193  -32.275  72.255 0.0000000000
57179  36.673  -32.233  71.956 0.0000000000
57180  35.753  -32.486  72.036 0.0000000000
57118  37.146  -33.700  74.491 0.0000000000
57127  36.132  -33.588  73.915 0.0000000000
55925  35.296  -33.314  72.665 0.0000000000
57165  32.130  -33.636  71.541 0.0000000000
55928  31.396  -34.185  71.360 0.0000000000
51413  21.927  -38.438  73.559 0.0000000000
52543  22.980  -36.909  74.671 0.0000000000
53622  23.261  -36.719  73.992 0.0000000000
53641  23.424  -36.678  73.311 0.0000000000
82579  54.354  -12.014  61.203 0.0000000000
82596  54.284  -11.500  60.591 0.0000000000
81433  53.984  -12.239  61.120 0.0000000000
80243  52.151  -12.750  60.324 0.0000000000
81446  50.978  -12.557  59.230 0.0000000000
78949  50.232  -13.813  60.580 0.0000000000
78941  49.102  -14.592  60.547 0.0000000000
78950  49.651  -13.998  60.219 0.0000000000
80249  49.955  -13.319  59.138 0.0000000000
45870  21.922  -43.811  76.399 0.0000000000
44809  21.116  -44.313  80.120 0.0000000000
45857  20.543  -43.900  78.492 0.0000000000
46945  20.057  -43.118  77.423 0.0000000000
46915  20.216  -42.781  80.644 0.0000000000
45864  19.901  -43.158  77.162 0.0000000000
51252  39.306  -37.785  83.936 0.0000000000
51251  39.974  -37.481  83.262 0.0000000000
50146  39.909  -37.986  82.991 0.0000000000
50159  40.095  -37.941  82.820 0.0000000000
50180  39.333  -37.742  81.820 0.0000000000
50197  38.578  -37.729  81.105 0.0000000000
50214  38.154  -37.524  80.620 0.0000000000
51342  35.805  -37.601  79.475 0.0000000000
51343  34.937  -37.742  79.381 0.0000000000
51326  35.066  -38.210  79.806 0.0000000000
50234  33.913  -38.249  79.118 0.0000000000
50235  33.402  -38.512  78.972 0.0000000000
49143  32.923  -38.408  78.455 0.0000000000
49063  35.007  -39.490  81.842 0.0000000000
47974  34.245  -39.489  81.378 0.0000000000
49080  34.143  -39.359  80.996 0.0000000000
47995  33.344  -39.367  80.447 0.0000000000
49124  33.117  -38.743  79.081 0.0000000000
49144  32.532  -38.580  78.572 0.0000000000
49145  32.127  -38.697  78.695 0.0000000000
45792  31.952  -41.364  84.192 0.0000000000
46846  30.817  -41.454  84.693 0.0000000000
46862  31.484  -41.352  84.000 0.0000000000
47927  31.354  -41.226  83.621 0.0000000000
47962  30.597  -40.515  82.420 0.0000000000
46849  28.156  -41.530  84.892 0.0000000000
49033  28.049  -40.234  83.369 0.0000000000
47931  28.429  -40.381  83.725 0.0000000000
47930  29.036  -40.379  83.485 0.0000000000
47945  29.954  -40.410  82.780 0.0000000000
49065  30.424  -40.085  81.834 0.0000000000
49083  29.982  -39.620  81.053 0.0000000000
50203  29.389  -39.272  80.414 0.0000000000
50224  28.851  -38.860  79.813 0.0000000000
51327  28.355  -38.349  79.254 0.0000000000
51346  27.614  -37.839  78.726 0.0000000000
52469  26.099  -37.802  78.438 0.0000000000
50242  23.500  -39.878  79.558 0.0000000000
49129  23.135  -40.372  79.439 0.0000000000
51351  23.052  -39.595  79.005 0.0000000000
75494  46.977  -16.787  64.489 0.0000000000
75499  46.780  -16.962  63.544 0.0000000000
75495  46.403  -17.166  64.057 0.0000000000
75507  45.126  -17.909  62.457 0.0000000000
74469  44.539  -18.061  62.058 0.0000000000
74466  42.871  -18.327  63.933 0.0000000000
72415  39.033  -20.803  65.069 0.0000000000
71380  38.734  -21.189  63.941 0.0000000000
71384  38.714  -21.530  63.005 0.0000000000
47842  23.654  -41.037  90.540 0.0000000000
46765  22.367  -41.848  90.525 0.0000000000
47817  21.911  -41.105  90.154 0.0000000000
46778  21.719  -42.001  90.268 0.0000000000
46779  21.139  -41.951  89.856 0.0000000000
46790  20.776  -42.165  89.376 0.0000000000
47830  20.370  -41.018  90.413 0.0000000000
47872  19.100  -40.872  87.986 0.0000000000
47900  18.950  -40.895  86.247 0.0000000000
50022  17.440  -39.474  90.616 0.0000000000
49013  17.748  -39.820  85.370 0.0000000000
49023  17.604  -40.004  84.300 0.0000000000
49038  17.025  -39.969  83.551 0.0000000000
50174  16.596  -39.664  82.848 0.0000000000
50191  15.748  -39.691  82.434 0.0000000000
50163  15.484  -39.252  83.855 0.0000000000
50175  15.680  -39.552  83.068 0.0000000000
50137  13.736  -39.426  85.637 0.0000000000
49025  13.655  -39.863  84.345 0.0000000000
82577  55.837  -11.561  61.783 0.0000000000
80203  55.027  -12.747  63.174 0.0000000000
80205  53.017  -13.438  62.407 0.0000000000
78915  52.000  -13.716  62.741 0.0000000000
77663  51.442  -14.173  62.916 0.0000000000
78871  56.349  -13.257  65.337 0.0000000000
78891  55.833  -13.195  64.378 0.0000000000
78874  53.949  -13.720  64.732 0.0000000000
78895  52.000  -13.895  63.295 0.0000000000
78896  51.439  -14.243  63.248 0.0000000000
77664  50.715  -14.667  63.311 0.0000000000
77665  49.600  -15.358  63.274 0.0000000000
77654  49.395  -15.451  63.615 0.0000000000
76526  48.525  -15.954  64.098 0.0000000000
75482  51.129  -15.548  66.383 0.0000000000
75483  50.454  -15.627  66.282 0.0000000000
75474  50.419  -15.618  66.893 0.0000000000
75486  48.073  -16.692  65.294 0.0000000000
75487  47.465  -16.827  65.108 0.0000000000
74451  46.861  -17.173  65.281 0.0000000000
75425  47.363  -16.757  69.356 0.0000000000
74399  46.626  -17.307  67.817 0.0000000000
74441  42.530  -18.559  67.185 0.0000000000
74442  41.860  -19.170  67.520 0.0000000000
73439  41.252  -19.773  66.956 0.0000000000
72402  41.042  -20.347  67.033 0.0000000000
75384  46.753  -17.147  72.439 0.0000000000
74327  48.620  -18.172  75.037 0.0000000000
75368  47.750  -17.993  74.436 0.0000000000
75376  47.254  -18.053  73.935 0.0000000000
73371  47.126  -19.675  73.189 0.0000000000
74351  47.160  -18.737  73.571 0.0000000000
76400  47.031  -17.657  73.728 0.0000000000
75385  46.131  -18.012  72.828 0.0000000000
75412  44.596  -18.375  70.884 0.0000000000
74387  43.546  -19.299  69.934 0.0000000000
73396  44.125  -19.954  70.494 0.0000000000
74380  43.906  -19.570  70.301 0.0000000000
73412  42.616  -19.519  69.008 0.0000000000
73413  42.202  -19.910  68.702 0.0000000000
72377  41.788  -20.404  68.040 0.0000000000
72392  41.000  -21.127  67.294 0.0000000000
71353  40.618  -21.560  67.146 0.0000000000
70252  40.173  -22.293  67.064 0.0000000000
69078  41.612  -22.249  68.400 0.0000000000
69080  40.398  -23.107  67.440 0.0000000000
70203  43.558  -22.924  70.428 0.0000000000
69053  42.863  -23.430  70.027 0.0000000000
67816  41.420  -24.305  69.265 0.0000000000
67829  40.479  -24.712  68.653 0.0000000000
67830  39.997  -25.197  68.347 0.0000000000
68968  49.502  -23.093  76.307 0.0000000000
67759  48.828  -23.684  75.015 0.0000000000
67760  48.370  -23.950  74.842 0.0000000000
67761  47.898  -23.975  74.451 0.0000000000
62112  47.420  -28.570  77.642 0.0000000000
62127  47.380  -28.261  76.598 0.0000000000
58369  44.519  -31.488  76.002 0.0000000000
58384  45.351  -30.682  75.773 0.0000000000
59656  45.380  -30.117  75.172 0.0000000000
59640  45.690  -30.151  75.956 0.0000000000
62128  46.716  -28.623  76.099 0.0000000000
63250  47.492  -27.493  76.355 0.0000000000
63264  47.277  -27.325  75.924 0.0000000000
64317  47.271  -26.941  75.590 0.0000000000
64335  47.310  -26.644  75.359 0.0000000000
63296  46.710  -27.461  74.587 0.0000000000
64354  47.045  -26.769  74.765 0.0000000000
65453  47.200  -26.052  75.122 0.0000000000
66590  47.491  -25.142  74.725 0.0000000000
67762  47.376  -24.414  74.154 0.0000000000
66606  46.255  -25.394  73.301 0.0000000000
65480  44.779  -26.310  72.265 0.0000000000
64369  45.189  -27.160  72.488 0.0000000000
65481  44.239  -26.396  71.595 0.0000000000
65482  43.841  -26.615  71.340 0.0000000000
64394  43.110  -27.456  70.686 0.0000000000
62238  43.881  -29.188  70.693 0.0000000000
62239  43.789  -29.036  70.390 0.0000000000
61008  42.690  -30.159  69.421 0.0000000000
62240  43.212  -29.228  69.721 0.0000000000
63360  43.282  -28.549  70.158 0.0000000000
64422  42.677  -28.426  69.223 0.0000000000
64423  42.317  -28.114  69.351 0.0000000000
63377  41.497  -29.189  67.698 0.0000000000
59790  41.437  -30.929  66.703 0.0000000000
61067  38.419  -30.993  66.090 0.0000000000
61069  37.258  -30.205  65.562 0.0000000000
61084  37.458  -30.598  65.045 0.0000000000
59707  37.965  -31.358  71.405 0.0000000000
61013  36.255  -30.622  69.859 0.0000000000
62263  34.575  -29.732  68.100 0.0000000000
58453  33.698  -31.698  70.454 0.0000000000
59757  32.926  -31.117  68.825 0.0000000000
59756  33.661  -30.853  69.075 0.0000000000
61050  34.123  -30.194  68.217 0.0000000000
52463  36.614  -36.980  78.943 0.0000000000
53566  35.871  -36.613  78.196 0.0000000000
51359  34.437  -37.115  77.760 0.0000000000
52498  34.567  -36.675  77.334 0.0000000000
53599  33.791  -35.820  75.924 0.0000000000
50284  32.466  -37.921  77.041 0.0000000000
52517  32.586  -37.291  76.008 0.0000000000
51407  33.065  -37.114  75.958 0.0000000000
53632  32.669  -35.804  73.996 0.0000000000
53647  31.532  -35.608  72.929 0.0000000000
53582  26.885  -36.495  75.874 0.0000000000
53639  25.507  -35.842  73.416 0.0000000000
54758  26.013  -35.673  73.564 0.0000000000
53638  26.405  -35.977  73.404 0.0000000000
53617  28.018  -36.361  73.675 0.0000000000
52557  29.303  -36.524  72.880 0.0000000000
52564  29.495  -36.210  72.463 0.0000000000
53661  28.599  -35.856  71.810 0.0000000000
53660  29.380  -35.856  71.968 0.0000000000
82608  54.080  -10.924  59.854 0.0000000000
83741  54.083  -10.598  59.288 0.0000000000
82617  53.035  -10.817  58.742 0.0000000000
83758  53.712  -10.476  58.452 0.0000000000
83773  53.580  -10.521  57.233 0.0000000000
83782  53.721  -10.917  56.368 0.0000000000
75514  45.694  -17.563  61.399 0.0000000000
75518  46.251  -17.163  61.111 0.0000000000
43738  23.694  -43.602  82.662 0.0000000000
43748  23.829  -43.468  82.248 0.0000000000
43758  23.089  -44.082  79.219 0.0000000000
44655  27.459  -42.626  88.140 0.0000000000
44669  28.114  -42.804  87.913 0.0000000000
44686  28.520  -42.987  87.775 0.0000000000
44693  22.967  -43.254  87.545 0.0000000000
44805  23.142  -43.707  79.477 0.0000000000
45703  28.762  -42.399  88.019 0.0000000000
45717  29.053  -42.384  87.816 0.0000000000
45719  28.358  -43.011  87.830 0.0000000000
45732  22.877  -43.236  87.320 0.0000000000
45751  21.061  -43.194  86.685 0.0000000000
45758  32.772  -40.951  84.907 0.0000000000
45820  21.427  -43.704  82.283 0.0000000000
45861  22.785  -43.892  78.035 0.0000000000
46818  32.561  -40.805  85.558 0.0000000000
46827  34.723  -40.072  84.607 0.0000000000
46845  31.212  -41.478  84.642 0.0000000000
46867  25.456  -42.023  83.301 0.0000000000
46882  24.630  -41.902  82.294 0.0000000000
47829  20.911  -41.223  90.488 0.0000000000
47883  31.598  -40.571  87.045 0.0000000000
47898  31.675  -41.113  86.526 0.0000000000
47904  35.857  -39.450  84.640 0.0000000000
47936  18.192  -40.289  83.541 0.0000000000
48944  11.984  -39.922  88.872 0.0000000000
49014  12.865  -40.112  85.223 0.0000000000
49020  27.583  -40.543  83.758 0.0000000000
49021  27.245  -40.727  83.705 0.0000000000
49024  16.833  -39.853  84.026 0.0000000000
49045  29.876  -40.002  82.237 0.0000000000
49060  37.492  -38.407  82.153 0.0000000000
49109  23.000  -41.184  79.644 0.0000000000
49126  31.998  -38.743  78.905 0.0000000000
50048  11.915  -39.807  89.110 0.0000000000
50116  12.637  -39.964  86.051 0.0000000000
50138  13.074  -39.737  85.609 0.0000000000
50154  13.407  -39.774  85.047 0.0000000000
50189  17.056  -39.488  81.674 0.0000000000
50195  39.858  -37.329  81.118 0.0000000000
50200  36.302  -38.533  81.161 0.0000000000
50201  35.017  -38.413  80.182 0.0000000000
50202  34.838  -38.377  79.924 0.0000000000
50236  32.005  -38.847  79.128 0.0000000000
50257  22.206  -40.415  77.790 0.0000000000
50291  21.521  -38.921  74.105 0.0000000000
51189  13.888  -38.690  88.553 0.0000000000
51207  14.680  -38.540  88.903 0.0000000000
51311  35.247  -38.327  80.025 0.0000000000
51312  35.011  -38.372  79.981 0.0000000000
51337  39.240  -36.461  79.534 0.0000000000
51391  34.081  -36.670  77.354 0.0000000000
51409  21.687  -38.615  73.915 0.0000000000
52439  42.029  -35.809  80.542 0.0000000000
52477  40.343  -35.357  78.451 0.0000000000
52482  36.880  -36.647  78.518 0.0000000000
52489  24.888  -37.959  77.654 0.0000000000
52560  22.363  -37.786  72.770 0.0000000000
53554  36.155  -36.812  78.635 0.0000000000
53561  40.166  -35.520  77.994 0.0000000000
53562  39.193  -35.939  78.166 0.0000000000
53573  41.090  -34.806  77.521 0.0000000000
53577  38.526  -35.551  77.468 0.0000000000
54685  38.755  -35.848  78.159 0.0000000000
54686  36.957  -35.755  77.335 0.0000000000
54704  39.024  -35.723  77.951 0.0000000000
54705  38.804  -35.706  77.957 0.0000000000
54717  42.718  -33.279  76.626 0.0000000000
54744  26.192  -35.745  73.865 0.0000000000
54759  25.820  -35.686  73.883 0.0000000000
55831  44.555  -33.145  78.296 0.0000000000
55858  42.710  -33.086  76.287 0.0000000000
55926  35.003  -33.500  72.711 0.0000000000
57099  43.408  -32.907  76.781 0.0000000000
57178  37.076  -32.101  71.918 0.0000000000
57229  41.057  -33.079  66.994 0.0000000000
57230  40.713  -33.023  66.907 0.0000000000
57231  40.250  -32.604  66.834 0.0000000000
57247  40.413  -32.514  66.638 0.0000000000
57265  40.406  -32.235  66.527 0.0000000000
57267  40.068  -32.394  65.823 0.0000000000
58351  43.897  -32.238  76.478 0.0000000000
58406  43.103  -30.312  72.575 0.0000000000
58419  42.724  -30.257  71.933 0.0000000000
58434  41.254  -30.973  69.124 0.0000000000
58451  41.202  -30.912  68.792 0.0000000000
58452  40.802  -30.973  68.460 0.0000000000
58464  41.891  -30.808  68.970 0.0000000000
58482  41.077  -32.574  67.021 0.0000000000
58484  40.377  -32.647  67.042 0.0000000000
58524  40.342  -31.990  66.115 0.0000000000
59618  45.663  -30.567  76.765 0.0000000000
59694  42.434  -30.414  72.456 0.0000000000
59721  41.054  -31.129  69.118 0.0000000000
59723  37.005  -31.294  71.140 0.0000000000
59734  40.688  -31.232  68.693 0.0000000000
59753  40.458  -31.256  67.870 0.0000000000
59771  40.631  -31.925  67.063 0.0000000000
59791  41.182  -31.173  66.430 0.0000000000
60934  43.463  -30.650  73.490 0.0000000000
60937  41.134  -30.631  72.978 0.0000000000
60988  43.706  -29.504  70.890 0.0000000000
61006  43.733  -29.270  70.530 0.0000000000
61064  41.524  -30.763  66.942 0.0000000000
61065  41.383  -30.593  66.602 0.0000000000
61073  32.789  -30.510  67.355 0.0000000000
62228  44.053  -29.100  70.962 0.0000000000
62257  42.113  -29.812  67.761 0.0000000000
62258  41.720  -29.837  67.192 0.0000000000
62272  38.076  -30.454  66.017 0.0000000000
62273  37.648  -30.160  66.049 0.0000000000
63276  47.148  -27.285  75.443 0.0000000000
63277  46.917  -27.445  75.153 0.0000000000
63329  44.014  -28.025  71.651 0.0000000000
63384  41.370  -29.459  67.000 0.0000000000
64379  43.576  -26.946  71.143 0.0000000000
64412  41.720  -27.061  69.539 0.0000000000
64425  40.726  -27.574  68.482 0.0000000000
65405  48.419  -25.300  75.964 0.0000000000
65406  48.268  -25.858  75.902 0.0000000000
65429  47.938  -25.871  75.572 0.0000000000
65493  44.008  -26.087  71.363 0.0000000000
66564  48.589  -24.435  75.488 0.0000000000
66605  46.605  -25.970  73.603 0.0000000000
66675  39.425  -25.844  67.663 0.0000000000
67732  49.348  -23.605  75.984 0.0000000000
67817  40.890  -24.976  69.280 0.0000000000
67846  40.657  -23.314  67.988 0.0000000000
68982  49.339  -23.063  75.707 0.0000000000
69032  45.238  -23.203  71.804 0.0000000000
69033  44.775  -23.243  71.505 0.0000000000
69044  43.331  -23.822  70.511 0.0000000000
70133  50.062  -21.862  76.307 0.0000000000
70148  49.198  -22.142  74.258 0.0000000000
70191  45.578  -21.973  71.771 0.0000000000
70214  41.942  -22.541  69.144 0.0000000000
70223  42.158  -22.090  68.804 0.0000000000
70224  41.824  -22.382  68.824 0.0000000000
70238  41.456  -21.991  67.935 0.0000000000
70265  39.234  -22.434  65.961 0.0000000000
70272  38.356  -22.881  64.846 0.0000000000
71251  50.104  -21.634  76.054 0.0000000000
71261  50.257  -21.207  75.974 0.0000000000
71264  49.266  -21.832  74.504 0.0000000000
71279  49.319  -21.344  74.645 0.0000000000
71326  43.224  -21.611  69.496 0.0000000000
71338  42.173  -21.490  68.543 0.0000000000
71377  38.749  -21.331  64.446 0.0000000000
72303  50.230  -20.865  75.781 0.0000000000
72344  45.340  -21.147  71.764 0.0000000000
72365  42.410  -20.516  68.888 0.0000000000
72391  41.448  -20.710  67.585 0.0000000000
72412  39.351  -21.126  65.496 0.0000000000
72417  39.613  -20.211  64.135 0.0000000000
72419  38.764  -21.167  63.694 0.0000000000
72423  38.779  -21.148  63.415 0.0000000000
73351  49.391  -20.053  74.832 0.0000000000
73352  48.972  -19.594  74.652 0.0000000000
73397  43.598  -20.006  70.077 0.0000000000
73404  42.544  -20.325  69.131 0.0000000000
73414  41.911  -20.242  68.288 0.0000000000
73427  42.112  -19.603  68.198 0.0000000000
74360  46.182  -18.897  72.749 0.0000000000
74482  45.363  -17.756  60.948 0.0000000000
75340  50.417  -17.749  76.952 0.0000000000
75353  50.034  -17.856  76.240 0.0000000000
75367  48.249  -17.801  74.844 0.0000000000
75377  46.716  -18.079  73.517 0.0000000000
75394  50.503  -16.003  70.403 0.0000000000
75462  46.382  -17.396  67.864 0.0000000000
76357  49.562  -16.573  76.602 0.0000000000
76458  48.523  -16.494  69.948 0.0000000000
76529  49.281  -15.504  63.298 0.0000000000
77615  54.186  -14.657  66.595 0.0000000000
77666  49.322  -15.488  63.336 0.0000000000
77682  51.470  -13.898  62.173 0.0000000000
78913  53.442  -13.651  63.206 0.0000000000
81398  56.076  -12.452  62.884 0.0000000000
81417  53.605  -12.594  61.444 0.0000000000
83774  52.785  -10.676  57.548 0.0000000000
143109  42.871  -30.138  70.120 0.0000000000
143110  42.376  -30.451  69.306 0.0000000000
143111  41.848  -30.732  69.262 0.0000000000
143112  42.225  -30.520  69.493 0.0000000000
143113  42.479  -30.338  69.636 0.0000000000
143114  42.453  -30.395  69.188 0.0000000000
