#!ascii label  , from subject 3068 vox2ras=TkReg
867
92921  20.348  -2.436  9.434 0.2500000000
91807  20.772  -3.183  8.580 0.2500000000
96150  20.352  0.249  10.262 0.2500000000
95077  20.255  -0.597  9.645 0.1250000000
96170  20.255  0.464  9.205 0.3750000000
94035  20.150  -1.393  9.125 0.2500000000
91824  20.972  -2.607  7.814 0.7500000000
92936  20.710  -2.104  8.516 0.3750000000
91806  21.426  -3.984  8.297 0.8750000000
91823  21.489  -3.356  7.531 0.8750000000
90732  22.219  -3.678  6.933 0.8750000000
95097  20.448  -0.384  8.659 0.3750000000
94050  20.835  -1.174  8.250 0.3750000000
92976  22.071  -2.180  6.704 1.0000000000
92950  21.062  -1.834  7.649 0.8750000000
92949  21.439  -2.427  7.193 0.8750000000
90731  23.210  -4.380  6.712 1.0000000000
95110  20.981  -0.290  7.687 0.8750000000
94064  21.224  -1.056  7.466 0.8750000000
92975  22.821  -1.958  6.558 1.0000000000
94085  22.337  -1.108  6.489 1.0000000000
95109  21.555  -0.431  6.786 1.0000000000
92973  24.440  -2.452  6.149 1.0000000000
92974  23.549  -2.256  6.376 1.0000000000
91844  23.850  -3.346  6.248 1.0000000000
91845  22.750  -2.993  6.508 1.0000000000
96188  21.172  0.580  6.972 1.0000000000
96189  20.626  0.721  7.998 0.8750000000
94083  24.064  -1.486  6.092 1.0000000000
94084  23.208  -1.298  6.141 1.0000000000
95125  22.277  -0.163  6.325 1.0000000000
92971  26.279  -2.511  6.441 1.0000000000
91843  24.881  -3.448  6.238 1.0000000000
101046  18.994  5.703  11.460 0.2500000000
97147  20.108  1.179  10.016 0.2500000000
97168  19.800  1.736  9.484 0.3750000000
97167  20.161  1.667  8.646 0.5000000000
97191  20.618  1.591  7.781 1.0000000000
97190  21.004  1.488  7.227 1.0000000000
96216  22.056  0.978  5.649 1.0000000000
97207  21.530  1.496  6.474 1.0000000000
95122  24.507  -0.708  5.908 1.0000000000
95123  23.697  -0.633  5.794 1.0000000000
96214  23.280  0.701  5.479 1.0000000000
95121  25.401  -0.520  6.103 1.0000000000
94081  25.783  -1.557  6.518 1.0000000000
95120  26.349  -0.630  6.566 1.0000000000
94080  26.769  -1.567  6.598 1.0000000000
101055  19.360  5.712  10.454 0.5000000000
100075  18.816  4.645  11.103 0.3750000000
99095  19.188  3.758  10.320 0.3750000000
99107  19.453  3.264  9.663 0.5000000000
99094  19.642  4.014  9.572 0.5000000000
99120  20.455  3.691  7.757 0.8750000000
98158  20.782  2.538  7.346 1.0000000000
99140  20.922  3.789  6.871 1.0000000000
97219  22.374  1.479  5.683 1.0000000000
98179  21.627  2.665  6.375 1.0000000000
97216  24.271  0.986  5.658 1.0000000000
97217  23.821  1.354  5.652 1.0000000000
96200  26.108  0.373  6.324 1.0000000000
95119  27.218  -0.677  6.878 0.8750000000
102002  19.473  6.661  11.077 0.5000000000
100085  19.446  4.760  9.958 0.5000000000
100084  20.037  4.744  9.102 0.6250000000
101077  20.679  5.643  7.566 0.6250000000
100109  20.763  4.698  7.226 1.0000000000
99139  21.571  3.902  6.226 1.0000000000
98175  25.306  2.445  6.191 1.0000000000
98176  24.382  2.505  5.884 1.0000000000
98178  22.606  2.465  5.917 1.0000000000
97203  25.736  1.415  6.289 1.0000000000
97204  24.743  1.474  5.713 1.0000000000
97205  24.219  1.849  5.712 1.0000000000
97202  26.792  1.241  6.865 0.8750000000
96199  26.925  0.197  6.693 0.8750000000
101054  19.852  5.761  9.440 0.5000000000
101065  20.407  5.708  8.522 0.8750000000
101093  22.405  5.345  6.050 1.0000000000
101105  21.820  4.987  5.676 1.0000000000
99134  25.655  3.365  6.620 1.0000000000
100125  24.425  4.254  6.570 1.0000000000
99137  23.143  3.548  6.001 1.0000000000
100123  25.890  4.273  6.741 1.0000000000
98173  26.997  2.134  7.277 1.0000000000
98174  26.253  2.431  6.769 1.0000000000
99119  26.391  3.515  7.011 1.0000000000
98156  26.852  2.896  7.223 1.0000000000
102012  19.785  6.801  9.969 0.5000000000
102011  20.371  6.828  8.935 0.8750000000
102046  20.954  6.408  7.153 1.0000000000
102044  23.256  6.756  7.106 1.0000000000
102063  22.042  6.231  6.413 1.0000000000
102064  21.490  6.234  6.594 1.0000000000
102040  27.232  6.566  7.523 1.0000000000
101074  25.709  5.328  7.023 1.0000000000
101072  27.824  5.578  7.613 1.0000000000
101073  26.829  5.508  7.417 1.0000000000
99118  27.177  3.637  7.357 1.0000000000
100108  26.584  4.477  7.179 1.0000000000
99117  28.230  3.581  7.605 0.8750000000
105840  24.333  10.162  7.815 1.0000000000
104889  23.469  10.231  7.998 0.3750000000
105855  24.400  9.709  7.554 0.8750000000
104005  24.119  8.471  7.226 1.0000000000
102041  26.160  6.501  7.400 1.0000000000
102042  25.123  6.488  7.025 1.0000000000
105839  24.994  10.902  7.715 0.8750000000
105838  25.819  11.062  7.182 1.0000000000
105854  24.783  10.001  7.211 1.0000000000
105853  25.660  10.258  7.141 1.0000000000
104004  25.120  8.393  7.350 1.0000000000
103023  26.680  7.537  7.136 1.0000000000
104002  27.110  8.547  7.016 1.0000000000
103022  27.654  7.604  7.411 1.0000000000
106822  24.989  11.727  8.267 0.7500000000
104905  26.395  9.477  7.155 1.0000000000
104903  28.085  9.191  7.537 1.0000000000
104904  27.300  9.553  7.423 1.0000000000
105852  26.590  10.643  7.033 1.0000000000
111387  25.809  16.739  9.588 0.1250000000
111383  26.148  16.774  10.520 0.1250000000
111398  25.714  16.592  8.658 0.2500000000
111397  25.754  17.157  9.075 0.1250000000
111409  24.801  16.970  6.949 0.3750000000
112169  24.653  17.982  8.271 0.2500000000
111426  24.922  16.762  6.638 0.5000000000
112195  24.732  17.305  6.402 0.2500000000
112208  24.726  17.455  5.525 0.3750000000
112884  24.740  18.480  8.585 0.2500000000
112908  24.586  18.326  6.888 0.2500000000
112894  24.599  18.438  7.825 0.2500000000
114335  24.734  19.617  7.709 0.2500000000
113645  24.395  19.506  5.856 0.2500000000
112922  24.469  18.232  5.888 0.3750000000
113630  24.553  19.297  6.319 0.2500000000
112935  24.575  18.157  4.918 0.3750000000
113646  24.391  19.089  5.531 0.2500000000
92912  20.343  -2.773  10.325 0.1250000000
101095  21.084  5.653  6.768 0.8750000000
101091  24.093  5.348  6.518 1.0000000000
91774  20.529  -3.925  10.514 0.1250000000
90714  22.035  -4.619  7.402 0.7500000000
95062  20.489  -0.711  10.279 0.1250000000
90713  22.860  -5.029  7.144 1.0000000000
94022  20.146  -1.681  10.115 0.1250000000
90730  24.415  -4.418  6.235 1.0000000000
91842  25.848  -3.461  6.301 1.0000000000
97148  19.512  1.775  10.043 0.3750000000
100076  18.499  4.081  11.678 0.2500000000
98119  19.145  2.570  10.460 0.2500000000
97189  27.271  0.678  6.991 0.8750000000
98154  28.355  2.315  7.535 0.8750000000
104874  23.469  10.267  8.715 0.1250000000
104875  22.450  9.991  9.142 0.1250000000
102991  20.284  7.939  9.592 0.3750000000
103008  20.837  8.101  8.193 0.6250000000
100107  27.524  4.583  7.423 1.0000000000
98155  27.541  2.761  7.417 0.8750000000
104890  22.510  10.039  8.225 0.3750000000
104909  22.787  9.471  7.602 0.8750000000
103021  28.453  7.729  8.083 1.0000000000
104001  27.999  8.593  7.360 1.0000000000
106821  25.571  11.702  7.735 0.8750000000
107778  26.666  12.262  6.573 1.0000000000
106833  27.298  11.442  6.888 1.0000000000
104888  27.333  10.059  7.821 1.0000000000
110564  25.570  15.149  10.754 0.1250000000
110595  25.575  15.355  6.905 0.6250000000
111408  25.189  16.414  7.157 0.6250000000
112207  25.047  16.848  5.370 0.5000000000
112167  25.649  17.289  9.300 0.2500000000
112220  24.822  17.331  5.105 0.5000000000
113601  25.488  18.904  9.249 0.2500000000
113608  24.693  19.164  8.107 0.2500000000
114334  24.821  19.876  8.136 0.1250000000
113629  24.466  19.739  6.043 0.2500000000
113658  24.034  19.725  4.835 0.2500000000
113657  24.747  19.011  4.009 0.3750000000
113663  23.846  19.943  3.742 0.2500000000
114345  24.542  20.182  7.215 0.1250000000
91788  20.380  -3.520  9.612 0.1250000000
90698  20.792  -4.179  8.994 0.5000000000
94063  21.529  -1.522  6.961 1.0000000000
91846  21.922  -2.951  6.878 1.0000000000
96203  21.903  0.583  6.171 1.0000000000
94082  24.942  -1.559  6.037 1.0000000000
95124  22.828  -0.282  5.790 1.0000000000
96202  22.421  0.214  5.993 1.0000000000
92972  25.359  -2.514  6.216 1.0000000000
98136  19.676  2.466  9.327 0.5000000000
98135  20.240  2.798  8.393 0.8750000000
98157  21.229  2.039  6.830 1.0000000000
97206  21.982  1.868  6.043 1.0000000000
95140  24.175  -0.043  5.571 1.0000000000
95141  23.465  0.077  5.516 1.0000000000
96213  23.928  0.594  5.593 1.0000000000
95139  24.827  -0.049  5.635 1.0000000000
99106  20.013  3.652  8.854 0.6250000000
100096  20.405  4.682  8.157 0.6250000000
98180  21.196  3.217  6.652 1.0000000000
100129  21.334  4.693  6.521 1.0000000000
98192  23.263  1.954  5.678 1.0000000000
96201  25.290  0.546  5.780 1.0000000000
94079  27.780  -1.493  6.647 0.8750000000
99150  22.059  4.506  5.577 1.0000000000
98177  23.528  2.658  5.964 1.0000000000
99136  23.955  3.424  6.345 1.0000000000
97201  27.265  1.608  7.279 0.8750000000
102061  23.556  5.831  6.492 1.0000000000
101094  21.754  5.362  6.170 1.0000000000
101092  23.239  5.306  6.248 1.0000000000
100127  22.868  4.562  5.783 1.0000000000
100124  25.216  4.147  6.611 1.0000000000
101090  24.959  4.934  6.621 1.0000000000
103029  21.129  7.210  7.455 0.7500000000
103045  21.727  6.871  6.825 1.0000000000
102062  22.899  6.230  6.668 1.0000000000
103043  22.779  7.085  7.141 1.0000000000
103026  23.461  7.557  6.996 1.0000000000
103025  24.582  7.479  6.989 1.0000000000
101076  24.266  5.838  6.620 1.0000000000
104908  23.825  9.424  7.580 1.0000000000
103027  22.500  7.944  6.871 1.0000000000
104006  23.105  8.648  7.179 1.0000000000
103024  25.643  7.486  7.004 1.0000000000
104907  24.629  9.224  7.426 1.0000000000
104906  25.459  9.323  7.216 1.0000000000
104003  26.099  8.470  7.039 1.0000000000
105851  27.173  10.555  7.405 1.0000000000
106834  26.535  11.698  6.838 1.0000000000
106820  26.067  11.543  7.205 1.0000000000
110555  25.512  16.063  11.318 0.1250000000
111388  25.873  16.267  9.345 0.1250000000
110563  25.878  16.052  10.259 0.1250000000
112156  25.936  17.589  9.603 0.2500000000
112179  24.822  17.525  7.555 0.2500000000
110575  25.792  15.557  9.434 0.3750000000
112194  24.953  17.001  5.817 0.5000000000
111425  25.050  16.339  6.072 0.7500000000
114354  24.177  20.062  6.028 0.2500000000
113662  24.184  19.458  3.609 0.2500000000
91763  20.979  -3.856  11.232 0.1250000000
89638  20.852  -4.951  9.117 0.6250000000
90697  21.414  -4.853  8.429 0.7500000000
104891  21.449  9.894  8.535 0.5000000000
103028  21.538  7.993  7.141 0.8750000000
103989  21.107  9.067  7.613 0.7500000000
103007  21.089  8.465  7.539 0.8750000000
104910  21.861  9.494  7.595 0.8750000000
104007  22.151  8.885  6.972 1.0000000000
106835  26.089  12.036  7.378 1.0000000000
106843  27.363  12.237  6.528 1.0000000000
106819  27.455  11.053  7.483 1.0000000000
110594  25.224  15.841  6.412 0.7500000000
110586  25.583  15.479  8.089 0.5000000000
110607  25.128  15.825  6.069 0.7500000000
114376  24.466  19.221  3.217 0.2500000000
114375  25.008  19.295  3.175 0.3750000000
85411  24.406  -9.470  7.584 0.7500000000
84344  26.071  -10.062  7.570 0.7500000000
85412  23.508  -9.265  7.889 0.7500000000
86439  22.915  -8.513  8.066 0.7500000000
85409  26.172  -9.403  7.277 0.7500000000
86438  23.657  -8.505  7.484 0.7500000000
86435  26.353  -8.731  6.846 0.7500000000
86436  25.448  -8.737  6.999 0.7500000000
86452  24.020  -8.113  6.996 0.7500000000
88589  22.596  -6.510  7.540 0.7500000000
89650  21.969  -5.677  7.895 0.6250000000
87514  23.939  -7.293  6.921 0.7500000000
88605  23.294  -6.422  7.055 0.8750000000
86450  25.576  -7.989  6.619 0.7500000000
87513  24.819  -7.197  6.585 0.7500000000
88604  24.085  -6.368  6.643 0.8750000000
89666  23.382  -5.546  6.853 0.8750000000
87511  26.576  -7.135  6.025 0.7500000000
87512  25.703  -7.154  6.345 0.7500000000
88603  24.914  -6.324  6.223 0.8750000000
89665  24.159  -5.421  6.345 0.8750000000
88601  26.764  -6.243  6.030 0.7500000000
89664  25.106  -5.389  6.205 0.8750000000
89662  27.021  -5.279  5.847 0.8750000000
90728  26.412  -4.392  6.313 0.8750000000
90727  27.325  -4.339  6.246 0.8750000000
91841  26.782  -3.437  6.444 0.8750000000
91838  29.339  -3.217  6.884 0.3750000000
91839  28.565  -3.297  6.637 0.6250000000
91840  27.693  -3.383  6.504 0.7500000000
92970  27.247  -2.464  6.394 0.7500000000
91822  29.792  -3.135  7.492 0.5000000000
92968  29.004  -2.274  6.787 0.5000000000
94077  29.035  -1.609  6.790 0.7500000000
94049  30.687  -1.529  8.060 0.1250000000
94059  30.253  -1.501  7.351 0.3750000000
94060  29.548  -1.432  6.979 0.6250000000
94062  28.428  -1.108  6.912 0.6250000000
95108  28.008  -0.608  7.118 0.6250000000
94047  32.290  -1.515  9.035 0.1250000000
94048  31.402  -1.515  8.571 0.1250000000
96169  30.227  -0.290  7.765 0.1250000000
96168  30.499  0.138  8.268 0.1250000000
96185  29.111  0.041  7.546 0.6250000000
97187  29.145  1.214  7.833 0.6250000000
97188  27.757  1.146  7.413 0.7500000000
95094  31.878  -0.625  9.063 0.1250000000
97163  32.117  1.235  9.216 0.1250000000
97164  30.938  1.232  8.493 0.1250000000
97165  30.024  1.729  8.311 0.5000000000
97166  29.541  2.004  8.081 0.6250000000
98153  29.175  2.455  7.845 0.7500000000
98133  30.734  2.439  8.544 0.5000000000
98134  29.803  2.593  8.326 0.5000000000
99116  28.745  2.971  7.782 0.7500000000
107766  25.301  12.122  8.245 0.6250000000
107752  25.656  13.011  8.698 0.5000000000
107765  25.616  12.622  7.909 0.7500000000
100094  29.824  4.460  8.587 0.6250000000
100095  29.002  4.619  8.165 0.6250000000
101064  28.591  5.513  8.087 0.8750000000
100093  30.837  4.360  8.994 0.5000000000
101063  29.374  5.458  8.526 0.6250000000
103988  28.639  8.839  8.098 0.8750000000
102025  28.932  6.209  8.359 0.7500000000
103006  29.090  8.093  8.472 0.8750000000
104886  29.223  9.829  8.716 0.8750000000
101061  31.389  5.350  9.377 0.3750000000
101062  30.293  5.401  9.007 0.5000000000
102023  30.803  6.315  9.398 0.5000000000
102024  29.732  6.600  8.735 0.6250000000
102022  31.972  6.323  9.443 0.2500000000
103004  30.525  7.354  9.330 0.5000000000
108714  25.628  13.602  8.251 0.6250000000
108727  25.689  13.518  7.204 0.7500000000
107779  26.201  12.673  6.826 0.8750000000
108739  25.965  13.579  6.369 0.7500000000
105836  27.586  10.596  7.935 0.8750000000
106818  28.044  11.533  7.610 0.7500000000
105835  28.454  10.663  8.313 0.8750000000
103005  29.734  7.758  8.851 0.6250000000
103987  29.553  8.707  8.774 0.7500000000
103003  31.358  7.059  9.593 0.3750000000
104872  30.015  10.191  9.401 0.7500000000
107790  26.394  13.164  6.353 0.8750000000
107789  26.863  12.763  6.304 0.8750000000
107787  27.851  12.734  6.721 0.8750000000
108737  27.278  13.644  6.034 0.7500000000
106806  29.707  11.544  9.005 0.7500000000
104885  30.179  9.351  9.333 0.5000000000
104883  32.220  9.114  9.653 0.2500000000
103986  30.419  8.384  9.312 0.5000000000
103002  32.432  7.230  9.697 0.2500000000
109686  25.606  14.523  8.763 0.5000000000
109697  25.658  14.482  7.612 0.5000000000
109705  25.683  14.419  6.564 0.6250000000
109715  25.832  14.379  5.715 0.7500000000
108748  26.795  14.133  5.607 0.7500000000
109724  26.289  14.518  5.428 0.7500000000
109713  27.553  14.564  6.324 0.7500000000
109703  28.577  14.499  7.268 0.7500000000
108726  27.697  14.002  6.580 0.7500000000
110606  27.190  15.307  5.818 0.7500000000
108724  28.808  13.935  7.456 0.7500000000
108712  29.032  13.444  8.017 0.7500000000
109702  29.210  14.341  7.779 0.7500000000
106816  30.841  11.885  9.463 0.5000000000
107762  30.695  12.561  9.157 0.3750000000
107763  29.489  12.490  8.831 0.6250000000
104869  32.581  9.869  9.455 0.2500000000
105822  31.420  10.670  9.669 0.3750000000
106815  31.443  11.929  9.321 0.3750000000
110608  25.194  15.293  5.897 0.6250000000
109725  25.788  14.772  5.298 0.7500000000
110619  26.455  15.245  5.242 0.7500000000
110605  27.868  15.415  6.533 0.7500000000
110593  28.510  15.354  7.144 0.7500000000
110585  29.516  14.724  8.115 0.6250000000
108710  31.182  13.618  8.673 0.3750000000
109695  30.579  14.438  8.510 0.3750000000
105832  33.418  10.607  8.869 0.1250000000
107759  33.260  11.924  8.229 0.1250000000
107760  32.786  12.574  8.330 0.2500000000
110620  25.784  15.193  5.023 0.6250000000
111439  25.937  16.116  4.714 0.7500000000
111423  27.455  16.147  6.132 0.6250000000
111422  28.462  16.315  6.882 0.7500000000
110584  29.959  15.014  8.365 0.3750000000
111405  29.345  16.124  7.543 0.3750000000
109693  32.201  14.250  8.022 0.2500000000
109694  31.616  14.768  8.276 0.3750000000
109696  29.754  14.247  8.251 0.6250000000
107785  33.405  12.132  6.827 0.1250000000
107776  33.037  12.870  7.307 0.1250000000
106831  33.522  11.367  8.132 0.1250000000
111440  25.278  15.942  5.077 0.6250000000
111449  25.588  16.620  4.672 0.6250000000
112193  27.161  17.532  5.727 0.3750000000
111438  26.805  16.055  5.394 0.3750000000
112191  28.705  17.498  6.765 0.3750000000
111419  31.226  17.124  6.764 0.2500000000
110591  30.115  15.737  7.951 0.3750000000
108735  32.792  13.786  6.819 0.1250000000
109701  31.827  15.342  7.730 0.3750000000
110583  30.728  15.277  8.331 0.3750000000
106852  33.509  11.339  6.327 0.1250000000
108723  32.610  13.685  7.762 0.1250000000
112934  25.344  18.033  4.504 0.3750000000
112219  25.239  17.022  4.854 0.3750000000
112206  26.691  17.061  5.248 0.3750000000
112907  27.418  17.904  5.993 0.3750000000
112921  26.939  17.997  5.529 0.3750000000
112905  29.006  18.568  6.726 0.3750000000
112906  28.092  18.113  6.329 0.3750000000
112189  30.580  17.931  6.564 0.3750000000
111420  30.360  17.224  7.123 0.3750000000
109722  32.510  14.568  5.133 0.1250000000
110589  31.860  15.561  7.229 0.1250000000
110604  31.749  16.159  6.697 0.2500000000
107801  32.891  12.536  5.351 0.1250000000
113655  26.668  19.319  4.717 0.2500000000
113642  28.199  19.396  5.502 0.2500000000
113643  27.361  19.168  5.314 0.3750000000
112932  26.893  18.686  5.305 0.3750000000
112931  30.595  18.844  5.200 0.1250000000
113627  28.888  19.228  6.178 0.3750000000
112919  28.363  18.795  6.120 0.3750000000
112917  31.064  18.196  5.638 0.1250000000
113625  30.204  18.721  6.171 0.2500000000
111448  32.064  16.541  4.422 0.1250000000
112203  31.304  17.816  5.856 0.1250000000
113656  25.569  19.028  4.215 0.3750000000
114373  27.435  20.187  4.389 0.2500000000
113652  30.218  19.631  4.725 0.1250000000
114371  29.643  20.550  4.114 0.1250000000
113661  30.469  20.221  3.804 0.1250000000
110630  31.942  15.967  3.848 0.1250000000
112945  31.373  18.523  3.261 0.1250000000
115153  28.838  21.495  2.706 0.1250000000
113666  31.403  19.388  2.615 0.1250000000
114381  29.960  20.922  3.095 0.1250000000
112235  31.290  17.482  2.439 0.1250000000
111464  31.488  15.867  2.810 0.1250000000
99103  30.306  3.449  8.562 0.6250000000
102038  28.885  6.911  8.327 0.8750000000
108738  26.445  13.609  5.920 0.8750000000
108736  27.664  13.155  6.537 0.8750000000
108725  28.120  13.526  7.054 0.7500000000
108713  28.390  13.010  7.676 0.7500000000
107764  28.541  12.464  8.095 0.7500000000
104871  30.809  9.972  9.734 0.5000000000
105823  30.578  10.751  9.647 0.5000000000
105824  29.944  10.859  9.240 0.7500000000
104870  31.776  9.898  9.644 0.5000000000
111436  32.218  16.258  5.138 0.1250000000
113641  29.304  19.637  5.528 0.2500000000
114380  30.952  20.270  2.971 0.1250000000
112234  31.337  17.988  2.927 0.1250000000
95106  29.430  -0.597  7.195 0.5000000000
96187  27.615  0.167  7.021 0.7500000000
99102  31.290  3.291  9.080 0.3750000000
101060  32.614  5.477  9.551 0.2500000000
112217  31.699  17.617  4.828 0.1250000000
101059  34.156  5.705  9.382 0.1250000000
84333  25.090  -10.752  8.094 0.7500000000
84334  24.222  -10.477  8.402 0.7500000000
85399  23.444  -9.796  8.396 0.7500000000
85413  22.875  -9.209  8.283 0.7500000000
84332  25.958  -10.713  7.968 0.7500000000
84345  25.241  -10.126  7.702 0.7500000000
84343  26.635  -9.911  7.497 0.7500000000
88590  21.855  -6.634  8.052 0.6250000000
87500  22.796  -7.510  7.839 0.7500000000
86449  26.456  -7.976  6.322 0.7500000000
86448  27.315  -7.842  6.261 0.6250000000
89661  27.932  -5.261  6.285 0.5000000000
89659  29.159  -5.000  7.322 0.3750000000
90726  28.213  -4.274  6.440 0.5000000000
90712  29.990  -3.845  7.734 0.1250000000
92935  30.903  -2.356  8.235 0.1250000000
92933  32.552  -2.413  9.164 0.1250000000
95093  32.936  -0.593  9.446 0.1250000000
96166  32.541  0.330  9.363 0.1250000000
97162  33.344  1.223  9.451 0.1250000000
99101  32.418  3.106  9.475 0.1250000000
100092  31.884  4.252  9.482 0.2500000000
108702  25.484  13.551  9.283 0.5000000000
103001  33.654  7.419  9.565 0.1250000000
102021  33.209  6.459  9.640 0.2500000000
103983  34.114  8.443  9.050 0.1250000000
105850  33.824  10.493  7.814 0.1250000000
105860  33.809  10.442  6.760 0.1250000000
106853  33.237  11.496  5.514 0.1250000000
105865  33.144  10.861  5.012 0.1250000000
109731  32.340  14.391  4.124 0.1250000000
108763  31.718  13.376  3.038 0.1250000000
112877  25.703  18.379  9.401 0.1250000000
114383  25.630  20.455  2.828 0.2500000000
115155  26.348  20.929  2.831 0.1250000000
115164  26.806  21.513  1.763 0.1250000000
114389  31.197  20.165  2.155 0.1250000000
115152  29.681  21.375  2.188 0.1250000000
112946  31.376  18.444  2.426 0.1250000000
110643  31.342  15.275  2.481 0.1250000000
112949  31.237  18.315  1.476 0.1250000000
100106  28.345  4.671  7.731 0.7500000000
99105  28.698  4.102  7.908 0.7500000000
105825  24.791  11.263  8.327 0.3750000000
104887  27.905  9.726  8.184 0.8750000000
90729  25.445  -4.420  6.330 0.8750000000
89649  22.683  -5.636  7.319 0.7500000000
96186  28.370  0.204  7.441 0.6250000000
102039  28.234  6.590  7.888 0.8750000000
106832  27.841  12.097  6.785 0.8750000000
114384  25.170  19.950  2.475 0.1250000000
114374  25.944  20.129  3.666 0.2500000000
85398  24.053  -9.817  8.038 0.7500000000
84346  24.623  -10.119  7.967 0.7500000000
85410  25.311  -9.462  7.324 0.7500000000
84331  27.049  -10.527  7.958 0.7500000000
86424  22.393  -8.567  8.751 0.7500000000
87488  22.365  -7.908  8.384 0.7500000000
86437  24.579  -8.740  7.169 0.7500000000
87499  23.543  -7.707  7.309 0.7500000000
86451  24.708  -8.034  6.835 0.7500000000
89637  21.456  -5.730  8.820 0.6250000000
87515  23.217  -7.099  7.299 0.7500000000
88602  25.866  -6.274  6.301 0.7500000000
89663  26.110  -5.349  6.360 0.8750000000
90724  29.619  -4.048  7.170 0.2500000000
90725  29.015  -4.180  6.683 0.5000000000
92969  28.156  -2.423  6.493 0.7500000000
92948  29.769  -2.314  7.093 0.5000000000
92947  30.317  -2.333  7.667 0.2500000000
91821  30.277  -3.131  8.119 0.1250000000
95105  30.057  -0.706  7.345 0.3750000000
95095  30.969  -0.686  8.553 0.1250000000
96183  30.235  0.504  8.045 0.5000000000
97185  30.430  0.714  8.230 0.1250000000
96167  31.453  0.280  8.873 0.1250000000
97186  30.136  0.937  8.064 0.5000000000
98132  31.668  2.216  9.232 0.1250000000
99104  29.203  3.525  8.144 0.6250000000
105834  29.343  10.805  8.754 0.7500000000
106817  28.903  11.582  8.459 0.7500000000
103985  31.534  8.067  9.686 0.3750000000
107777  28.177  12.539  7.272 0.7500000000
107751  30.155  12.028  9.200 0.6250000000
104884  31.124  9.112  9.725 0.5000000000
104882  33.289  9.452  9.336 0.1250000000
103984  32.944  8.292  9.776 0.1250000000
109712  28.160  14.813  6.764 0.7500000000
108711  30.078  13.523  8.743 0.6250000000
107761  31.862  12.762  9.024 0.3750000000
105821  32.493  10.705  9.389 0.1250000000
106814  32.370  11.712  8.995 0.3750000000
108709  32.114  13.657  8.437 0.3750000000
106813  33.112  11.578  8.636 0.1250000000
107775  33.374  12.078  7.707 0.1250000000
110590  31.176  15.968  7.618 0.3750000000
111421  29.459  16.926  7.157 0.3750000000
109700  32.301  14.756  7.393 0.2500000000
107786  33.051  12.864  6.354 0.1250000000
107800  33.244  12.088  6.063 0.1250000000
106841  33.576  11.310  7.264 0.1250000000
112218  25.833  17.099  4.610 0.3750000000
108747  32.690  13.652  5.788 0.1250000000
109711  32.496  14.669  6.219 0.1250000000
110603  32.170  15.493  6.555 0.1250000000
112933  26.271  18.125  4.748 0.3750000000
113640  30.164  19.114  5.673 0.3750000000
112190  29.684  17.802  6.899 0.3750000000
108756  32.509  13.501  4.774 0.1250000000
110617  32.333  15.671  5.526 0.1250000000
110629  32.257  15.458  4.377 0.1250000000
110637  32.124  14.989  3.853 0.1250000000
110618  32.062  16.015  6.137 0.1250000000
111437  31.935  16.703  5.710 0.1250000000
115148  26.793  20.610  3.672 0.2500000000
114372  28.554  20.785  4.268 0.2500000000
113651  30.860  18.886  4.611 0.1250000000
112226  31.557  17.529  3.540 0.1250000000
112227  31.413  17.081  2.989 0.1250000000
115147  27.479  21.048  3.686 0.1250000000
115146  28.337  21.360  3.501 0.1250000000
114382  29.111  21.137  3.609 0.1250000000
113660  31.045  19.362  3.781 0.1250000000
110638  31.756  15.388  3.411 0.1250000000
112940  31.363  18.398  4.208 0.1250000000
115163  27.973  21.808  1.816 0.1250000000
115154  27.622  21.451  2.755 0.1250000000
83219  24.733  -11.388  8.395 0.7500000000
83218  25.799  -11.506  8.461 0.7500000000
83220  23.969  -11.197  8.790 0.7500000000
87501  21.948  -7.315  8.325 0.5000000000
87510  27.417  -7.091  5.926 0.6250000000
88599  28.773  -6.244  6.496 0.5000000000
98131  32.936  2.096  9.470 0.1250000000
98130  34.159  1.924  9.599 0.1250000000
104902  33.978  9.382  8.313 0.1250000000
108757  32.267  13.416  3.856 0.1250000000
109732  32.081  14.065  3.464 0.1250000000
84335  23.362  -10.413  8.970 0.7500000000
82081  25.838  -12.263  8.764 0.6250000000
83206  26.250  -12.040  8.759 0.6250000000
84321  27.543  -11.149  8.475 0.3750000000
83217  26.442  -11.106  8.272 0.6250000000
84320  28.170  -10.597  8.565 0.2500000000
84330  27.724  -10.083  8.154 0.3750000000
89660  28.659  -5.117  6.720 0.3750000000
85407  27.817  -9.096  7.074 0.5000000000
86447  27.792  -7.614  6.343 0.3750000000
83204  27.842  -11.511  9.139 0.5000000000
83205  26.882  -11.673  8.613 0.6250000000
88600  27.658  -6.236  6.161 0.5000000000
80842  25.915  -13.210  9.324 0.6250000000
86410  22.236  -8.878  9.372 0.3750000000
84336  22.647  -10.172  9.364 0.3750000000
82073  25.544  -12.778  8.992 0.6250000000
82082  25.114  -12.180  8.564 0.6250000000
83221  23.443  -11.078  9.328 0.6250000000
82058  27.643  -12.541  10.135 0.3750000000
82071  27.313  -12.261  9.401 0.5000000000
86425  21.890  -8.270  9.356 0.2500000000
83190  28.426  -11.651  9.781 0.3750000000
85383  28.604  -9.902  8.876 0.2500000000
83203  28.578  -11.107  9.385 0.2500000000
85396  28.212  -9.403  8.059 0.2500000000
86433  28.303  -8.291  6.888 0.3750000000
86432  28.863  -7.809  7.245 0.2500000000
98109  18.903  2.493  11.731 0.1250000000
102980  19.537  7.523  11.710 0.2500000000
89648  30.115  -4.825  7.547 0.2500000000
103976  19.742  8.920  10.266 0.2500000000
105826  24.428  10.758  8.538 0.2500000000
109675  25.395  14.486  9.830 0.2500000000
100063  18.353  4.750  12.345 0.1250000000
103990  20.818  9.317  8.525 0.3750000000
86434  27.267  -8.655  6.663 0.5000000000
85400  22.632  -9.573  8.889 0.5000000000
85408  27.161  -9.516  7.323 0.5000000000
88598  29.195  -5.649  6.814 0.2500000000
82083  24.369  -11.901  8.715 0.6250000000
87489  21.802  -7.610  8.985 0.3750000000
87509  28.151  -7.167  6.346 0.2500000000
82072  26.415  -12.691  9.117 0.6250000000
84319  29.071  -10.403  9.464 0.2500000000
85397  27.518  -9.858  7.918 0.3750000000
82070  27.983  -12.105  9.743 0.3750000000
85384  22.222  -9.524  9.764 0.3750000000
82059  26.910  -12.748  9.943 0.3750000000
86423  28.834  -8.798  7.652 0.2500000000
87498  28.699  -7.282  6.926 0.2500000000
97118  19.258  1.516  11.731 0.1250000000
80845  23.853  -13.239  10.124 0.5000000000
80821  27.306  -13.141  10.537 0.2500000000
79599  26.067  -14.222  10.793 0.3750000000
80822  26.245  -13.620  10.087 0.5000000000
80844  24.421  -13.174  9.899 0.5000000000
80825  23.419  -13.338  10.608 0.3750000000
83191  22.963  -12.084  10.518 0.5000000000
82074  24.558  -12.566  9.240 0.5000000000
82075  23.600  -12.545  9.979 0.5000000000
83208  22.916  -11.398  9.927 0.3750000000
83207  23.734  -11.834  9.236 0.5000000000
79582  22.767  -14.566  11.775 0.1250000000
80800  23.262  -13.986  11.249 0.3750000000
83209  22.407  -10.892  10.389 0.2500000000
77094  22.765  -16.312  12.057 0.1250000000
78332  24.263  -14.929  10.641 0.3750000000
80799  26.475  -14.040  10.761 0.2500000000
79580  25.104  -14.937  10.774 0.3750000000
79601  24.646  -14.511  10.484 0.5000000000
79555  22.332  -14.832  12.407 0.1250000000
82041  22.400  -12.681  12.186 0.1250000000
83192  22.395  -11.301  10.980 0.1250000000
100091  32.875  3.994  9.471 0.1250000000
84322  22.953  -10.705  9.505 0.3750000000
80843  25.293  -13.236  9.584 0.5000000000
84323  22.425  -10.433  9.985 0.2500000000
85365  22.153  -9.768  10.418 0.2500000000
80824  24.192  -13.759  10.295 0.5000000000
80823  25.050  -13.802  10.102 0.5000000000
82060  23.162  -12.641  10.545 0.5000000000
79600  25.481  -14.341  10.548 0.3750000000
79602  23.837  -14.452  10.671 0.3750000000
80776  22.342  -13.877  12.592 0.1250000000
80801  22.757  -13.491  11.723 0.1250000000
80826  23.016  -13.354  11.169 0.1250000000
78302  22.104  -15.553  12.538 0.1250000000
78301  22.582  -15.377  12.011 0.1250000000
79581  23.484  -14.786  11.293 0.3750000000
79579  25.663  -14.753  11.209 0.2500000000
82061  22.755  -12.574  11.181 0.1250000000
78322  23.282  -15.534  11.646 0.2500000000
78320  24.905  -15.425  11.416 0.2500000000
88563  21.377  -6.718  9.709 0.2500000000
78331  24.597  -15.106  10.786 0.2500000000
78321  24.049  -15.380  11.033 0.2500000000
77104  24.331  -15.799  11.598 0.1250000000
88548  20.843  -6.267  10.384 0.1250000000
106807  24.820  11.567  8.862 0.1250000000
107753  25.148  12.422  9.112 0.1250000000
107754  24.731  11.974  9.360 0.1250000000
107741  24.724  12.738  9.986 0.1250000000
108691  25.005  13.798  10.038 0.1250000000
108693  23.608  12.855  10.938 0.1250000000
108703  25.010  13.164  9.861 0.1250000000
109676  25.004  14.282  10.704 0.1250000000
108692  24.442  13.362  10.606 0.1250000000
108681  23.845  13.666  11.521 0.1250000000
108672  23.746  13.709  12.458 0.1250000000
103968  19.713  8.560  11.305 0.1250000000
85385  21.846  -9.192  10.382 0.1250000000
87458  21.478  -7.710  10.635 0.1250000000
104876  21.401  9.785  9.730 0.1250000000
105812  24.259  10.671  9.194 0.1250000000
106808  24.520  11.342  9.462 0.1250000000
107734  23.226  12.085  11.014 0.1250000000
107725  22.229  12.809  13.099 0.1250000000
108663  23.711  13.725  13.457 0.1250000000
110557  24.324  14.967  11.667 0.1250000000
90675  20.368  -4.546  9.689 0.1250000000
90655  20.432  -5.035  10.391 0.1250000000
88579  21.604  -6.680  8.865 0.1250000000
87474  21.593  -7.619  9.855 0.1250000000
104877  20.452  9.447  10.295 0.1250000000
89595  20.616  -5.708  10.232 0.1250000000
88564  20.853  -6.083  9.859 0.1250000000
88547  21.339  -6.877  10.503 0.1250000000
88533  20.954  -6.298  11.092 0.1250000000
107742  24.132  12.216  10.054 0.1250000000
109668  24.295  14.345  11.328 0.1250000000
106787  23.609  11.408  11.530 0.1250000000
109640  24.336  14.252  13.803 0.1250000000
80820  27.852  -12.755  10.695 0.1250000000
82056  29.290  -11.869  10.904 0.1250000000
84304  29.405  -10.797  9.754 0.1250000000
85382  29.112  -9.467  9.048 0.1250000000
85395  29.325  -9.013  8.235 0.1250000000
85393  30.720  -8.707  8.460 0.1250000000
86421  30.271  -8.186  8.238 0.1250000000
86422  29.331  -8.243  7.739 0.1250000000
87486  30.502  -7.303  8.501 0.1250000000
88588  29.106  -6.784  7.034 0.1250000000
88577  30.674  -6.117  8.472 0.1250000000
88578  30.057  -6.753  8.212 0.1250000000
88586  30.231  -5.527  7.966 0.1250000000
79554  26.056  -14.776  11.834 0.1250000000
79578  26.495  -14.390  11.310 0.1250000000
79577  27.361  -14.239  11.651 0.1250000000
80797  28.065  -13.187  11.532 0.1250000000
82040  29.038  -12.499  11.242 0.1250000000
83189  29.243  -11.234  10.114 0.1250000000
84303  29.816  -10.655  9.773 0.1250000000
84317  30.533  -9.701  9.272 0.1250000000
85381  30.086  -9.348  8.875 0.1250000000
85380  31.228  -9.263  9.009 0.1250000000
87485  31.497  -7.085  9.038 0.1250000000
89647  30.628  -4.955  8.321 0.1250000000
82057  28.448  -12.238  10.510 0.1250000000
88587  29.627  -6.179  7.514 0.1250000000
87497  29.231  -7.310  7.391 0.1250000000
80798  27.044  -13.861  10.909 0.1250000000
78319  25.598  -15.170  11.808 0.1250000000
84318  29.900  -9.917  9.458 0.1250000000
85394  30.278  -8.938  8.162 0.1250000000
86420  31.034  -8.155  8.724 0.1250000000
87487  29.764  -7.357  8.000 0.1250000000
78299  26.099  -15.326  12.379 0.1250000000
79552  27.553  -14.614  12.444 0.1250000000
83173  29.906  -11.537  10.802 0.1250000000
88576  31.677  -5.941  9.261 0.1250000000
89617  21.258  -6.098  9.416 0.1250000000
89618  20.738  -5.456  9.644 0.1250000000
94061  28.995  -1.126  6.817 0.6250000000
94078  28.582  -1.660  6.660 0.7500000000
95096  30.450  -0.760  7.867 0.1250000000
95107  28.749  -0.538  7.132 0.6250000000
95142  23.000  0.266  5.495 1.0000000000
96184  29.896  0.164  7.696 0.5000000000
96212  24.555  0.579  5.612 1.0000000000
96215  22.563  0.643  5.608 1.0000000000
97218  22.993  1.327  5.495 1.0000000000
97220  21.900  1.279  5.914 1.0000000000
98172  27.568  1.980  7.447 1.0000000000
98191  23.855  2.071  5.724 1.0000000000
98193  22.796  1.800  5.672 1.0000000000
99085  18.693  3.474  11.208 0.2500000000
99135  24.844  3.374  6.332 1.0000000000
99138  22.215  3.821  5.717 1.0000000000
99151  21.920  4.379  5.725 1.0000000000
100062  18.665  5.160  11.765 0.2500000000
100126  23.612  4.400  6.296 1.0000000000
100128  21.759  4.708  5.904 1.0000000000
100138  22.207  4.730  5.573 1.0000000000
100139  21.918  4.785  5.507 1.0000000000
101033  18.549  5.665  12.230 0.2500000000
101075  24.680  5.720  6.804 1.0000000000
101089  25.474  4.685  6.690 1.0000000000
101104  22.000  5.102  5.589 1.0000000000
102026  20.740  6.657  7.931 1.0000000000
102043  23.995  6.385  6.723 1.0000000000
102045  21.381  6.823  7.015 1.0000000000
102065  21.181  6.301  6.807 1.0000000000
102992  19.750  7.789  10.641 0.3750000000
103020  29.177  7.419  8.481 0.8750000000
103044  22.192  7.074  6.856 1.0000000000
103975  20.393  9.063  9.318 0.3750000000
104000  34.186  8.763  8.452 0.1250000000
104008  21.517  9.024  7.041 1.0000000000
104873  29.598  10.414  9.098 0.7500000000
104892  20.779  9.749  9.264 0.3750000000
105820  32.996  10.173  9.266 0.2500000000
105833  32.930  11.176  9.025 0.1250000000
105837  26.260  11.221  6.980 1.0000000000
106803  31.798  11.284  9.445 0.3750000000
106804  31.088  11.365  9.649 0.5000000000
106805  30.413  11.497  9.429 0.6250000000
106842  27.640  12.453  6.595 0.8750000000
106844  26.967  12.019  6.470 1.0000000000
107714  22.498  12.620  13.617 0.1250000000
107750  30.530  11.999  9.333 0.6250000000
107788  27.447  12.811  6.437 0.8750000000
108673  22.631  13.295  12.889 0.1250000000
108674  22.277  13.052  13.533 0.1250000000
108749  26.615  13.959  5.635 0.7500000000
109660  23.987  14.556  11.927 0.1250000000
109704  28.019  14.279  6.799 0.7500000000
109714  26.274  14.073  5.604 0.7500000000
109723  26.964  14.524  5.613 0.7500000000
109739  31.983  14.662  3.565 0.1250000000
110574  25.921  16.153  9.681 0.1250000000
110592  29.207  15.232  7.809 0.6250000000
110621  25.477  15.044  5.287 0.7500000000
111403  30.774  16.724  7.276 0.3750000000
111404  30.223  16.470  7.468 0.3750000000
111406  28.829  15.795  7.439 0.3750000000
111407  25.157  16.155  6.440 0.7500000000
111424  25.140  16.037  6.211 0.7500000000
111447  32.281  15.995  4.861 0.1250000000
111450  25.455  16.396  4.751 0.6250000000
111456  31.577  16.449  3.242 0.1250000000
111457  31.369  16.846  2.701 0.1250000000
112157  25.392  18.003  9.322 0.2500000000
112168  25.166  17.601  8.844 0.2500000000
112178  25.430  17.155  7.984 0.2500000000
112188  31.061  17.753  6.391 0.3750000000
112192  27.611  17.155  6.136 0.3750000000
112204  30.975  18.027  6.219 0.3750000000
112205  27.134  16.603  5.703 0.3750000000
112883  25.110  18.447  9.189 0.2500000000
112903  30.395  18.400  6.324 0.2500000000
112904  29.929  18.431  6.519 0.2500000000
112918  30.745  18.411  5.894 0.1250000000
112920  27.611  18.590  5.752 0.3750000000
112930  31.092  18.308  5.167 0.1250000000
113617  24.820  19.186  7.326 0.2500000000
113626  29.619  19.043  6.232 0.3750000000
113628  24.424  19.987  6.002 0.2500000000
113644  24.376  19.745  5.838 0.2500000000
113653  29.278  20.240  4.823 0.2500000000
113654  27.564  19.550  4.936 0.3750000000
113667  31.327  19.040  1.810 0.1250000000
114353  24.288  19.911  5.889 0.2500000000
114366  28.465  20.083  4.989 0.2500000000
114367  27.956  19.779  4.930 0.2500000000
114368  24.280  19.667  5.637 0.2500000000
