#!ascii label  , from subject 3068 vox2ras=TkReg
2036
13355  39.820  -74.117  9.381 0.2000000030
13332  40.506  -74.650  9.978 0.2000000030
13372  40.297  -73.976  8.934 0.2000000030
13333  39.756  -74.480  10.303 0.2000000030
15364  39.372  -72.441  7.234 0.1000000015
12404  41.839  -75.100  9.981 0.3000000119
13354  40.701  -74.344  9.347 0.2000000030
14328  38.797  -73.423  8.625 0.1000000015
14314  39.312  -73.807  8.909 0.2000000030
14326  40.817  -73.627  8.143 0.1000000015
15342  39.686  -72.923  7.668 0.1000000015
15363  40.272  -72.911  7.155 0.1000000015
16494  41.482  -72.095  6.365 0.1000000015
16474  39.839  -72.317  6.657 0.1000000015
17598  42.403  -71.079  6.222 0.1000000015
16495  40.509  -72.215  6.389 0.1000000015
16516  41.175  -71.356  5.536 0.1000000015
18694  43.132  -69.781  5.558 0.2000000030
17613  42.149  -70.639  5.471 0.1000000015
15341  42.005  -73.007  8.473 0.1000000015
16456  42.336  -72.133  8.079 0.1000000015
13370  41.157  -73.796  8.653 0.2000000030
14357  41.587  -73.039  6.966 0.1000000015
14325  41.606  -73.490  8.284 0.1000000015
14340  41.065  -73.295  7.388 0.1000000015
16493  42.243  -71.822  6.604 0.1000000015
18681  43.146  -69.952  6.529 0.1000000015
20900  43.308  -67.592  5.973 0.2000000030
19772  43.479  -68.787  6.285 0.2000000030
20916  43.060  -66.876  5.620 0.1000000015
22063  42.823  -66.220  5.687 0.2000000030
23235  43.460  -65.616  4.719 0.1000000015
15360  42.320  -72.642  7.342 0.1000000015
17583  42.466  -71.203  7.644 0.1000000015
17597  42.762  -70.973  6.828 0.1000000015
23226  42.322  -65.535  6.147 0.2000000030
24347  42.715  -64.878  5.764 0.2000000030
24335  43.008  -64.285  5.943 0.2000000030
24346  43.390  -64.771  5.137 0.2000000030
25442  43.574  -64.064  5.464 0.1000000015
24345  44.087  -64.237  4.760 0.2000000030
16492  42.488  -71.863  7.190 0.1000000015
17584  42.126  -70.472  7.899 0.1000000015
18664  42.731  -70.112  7.378 0.1000000015
19754  43.018  -69.332  6.936 0.2000000030
22053  41.477  -66.840  6.772 0.2000000030
22052  42.364  -66.713  6.200 0.3000000119
26495  44.079  -63.154  6.143 0.3000000119
25441  44.093  -63.608  5.419 0.2000000030
26508  44.815  -63.086  5.050 0.2000000030
25468  44.002  -63.665  3.557 0.2000000030
23227  41.493  -65.894  6.777 0.3000000119
20901  42.240  -67.913  6.923 0.2000000030
26480  43.356  -63.272  7.120 0.3000000119
26479  44.355  -62.697  7.086 0.3000000119
26478  45.495  -62.506  7.096 0.3000000119
26494  45.167  -62.664  5.952 0.2000000030
25467  44.370  -63.579  3.826 0.2000000030
26538  43.978  -63.104  3.508 0.2000000030
26429  44.972  -63.053  9.189 0.4000000060
26481  42.795  -63.372  7.468 0.3000000119
26455  43.521  -62.690  8.119 0.3000000119
24337  41.716  -65.084  6.794 0.2000000030
24336  42.292  -64.492  6.596 0.2000000030
26507  45.563  -62.349  4.796 0.2000000030
26493  46.319  -62.159  5.901 0.2000000030
26522  45.229  -62.210  4.300 0.2000000030
26428  46.013  -62.952  9.270 0.3000000119
26454  44.656  -62.737  8.159 0.3000000119
26477  46.662  -62.474  7.291 0.2000000030
27531  47.031  -61.301  5.878 0.2000000030
26492  47.311  -61.837  6.596 0.2000000030
28589  46.203  -60.745  5.437 0.1000000015
26506  46.054  -61.918  5.117 0.2000000030
27541  44.898  -61.384  4.593 0.2000000030
27540  45.676  -61.555  4.792 0.2000000030
27554  45.135  -61.941  4.202 0.2000000030
26427  46.795  -63.301  9.563 0.3000000119
26452  47.032  -63.160  8.517 0.3000000119
26453  45.811  -62.722  8.280 0.3000000119
25399  48.467  -62.871  8.983 0.2000000030
26451  48.077  -62.839  8.423 0.3000000119
26475  48.805  -62.275  7.880 0.2000000030
27517  47.862  -61.566  6.964 0.1000000015
27530  47.893  -61.028  6.408 0.1000000015
29633  47.068  -59.648  6.387 0.1000000015
28575  48.188  -60.194  6.563 0.1000000015
29631  48.766  -60.403  7.348 0.1000000015
28590  45.375  -60.812  5.333 0.1000000015
26404  47.111  -62.867  10.187 0.3000000119
26426  48.193  -62.833  9.682 0.2000000030
26425  49.006  -62.633  9.710 0.2000000030
26423  50.470  -61.934  10.395 0.2000000030
28516  50.472  -60.945  10.519 0.1000000015
26449  49.993  -62.397  9.045 0.1000000015
28527  50.250  -61.128  9.478 0.1000000015
27500  50.108  -61.744  8.304 0.1000000015
27516  48.523  -61.336  7.252 0.1000000015
29608  48.223  -59.665  7.133 0.1000000015
29609  47.174  -59.421  6.979 0.1000000015
26403  48.199  -62.507  10.418 0.2000000030
28517  50.000  -60.711  10.334 0.1000000015
28518  49.288  -60.445  10.216 0.1000000015
28528  49.649  -60.775  9.309 0.1000000015
28529  48.765  -60.529  9.276 0.1000000015
28542  49.093  -60.522  8.328 0.1000000015
28530  47.861  -60.217  9.210 0.1000000015
29588  47.618  -59.756  8.198 0.1000000015
29587  48.513  -59.913  7.900 0.1000000015
29552  48.143  -59.657  11.416 0.1000000015
29571  46.699  -59.719  9.114 0.1000000015
29589  46.463  -59.492  8.103 0.1000000015
28503  48.958  -60.041  11.018 0.1000000015
14338  42.201  -73.096  7.319 0.1000000015
20915  43.436  -67.334  5.224 0.1000000015
27306  49.542  -60.817  22.876 0.5000000000
28325  51.226  -59.799  23.499 0.5000000000
28349  49.409  -59.374  23.334 0.5000000000
28350  48.345  -59.667  23.277 0.5000000000
29343  51.539  -59.663  25.117 0.2000000030
29364  52.124  -59.628  24.457 0.2000000030
29379  51.655  -59.482  23.941 0.3000000119
29380  50.822  -59.089  23.944 0.5000000000
28326  50.326  -59.273  23.542 0.5000000000
28327  49.696  -58.676  23.523 0.5000000000
29393  48.795  -58.082  23.570 0.5000000000
29394  48.646  -58.900  23.344 0.5000000000
27307  48.251  -61.062  22.834 0.5000000000
28365  47.667  -59.331  23.329 0.5000000000
25234  47.411  -63.393  21.127 0.5000000000
29344  50.539  -59.318  25.119 0.3000000119
30460  50.400  -58.486  24.010 0.5000000000
29410  47.992  -58.506  23.411 0.5000000000
28364  47.917  -59.098  23.372 0.5000000000
28351  47.282  -59.978  22.992 0.5000000000
27308  47.003  -61.514  22.514 0.5000000000
24168  47.859  -65.071  18.020 0.4000000060
24169  46.530  -65.245  18.498 0.5000000000
24152  47.410  -64.727  19.097 0.5000000000
27321  46.825  -62.310  21.960 0.5000000000
23066  47.642  -65.479  16.994 0.4000000060
28282  50.846  -60.109  25.711 0.3000000119
29345  49.531  -59.201  25.498 0.4000000060
30421  50.002  -58.645  24.938 0.4000000060
30461  49.738  -58.158  23.972 0.5000000000
31634  49.510  -58.010  24.100 0.5000000000
143082  49.325  -58.044  23.784 0.5000000000
143083  49.081  -57.666  23.844 0.5000000000
30489  47.973  -57.162  23.578 0.5000000000
29409  47.805  -57.581  23.495 0.5000000000
143086  47.559  -57.850  23.489 0.5000000000
29396  46.359  -59.224  23.434 0.5000000000
24135  46.901  -64.377  19.905 0.5000000000
26248  46.567  -62.872  21.467 0.5000000000
27322  46.143  -62.229  22.134 0.5000000000
23102  47.462  -66.156  15.437 0.4000000060
23079  48.082  -65.664  16.116 0.4000000060
23056  46.839  -65.488  17.737 0.5000000000
25042  48.923  -63.370  29.755 0.1000000015
26112  48.481  -62.144  28.833 0.1000000015
26113  47.523  -62.141  28.885 0.1000000015
26111  49.266  -62.071  28.706 0.1000000015
27189  47.862  -61.692  28.427 0.1000000015
27190  46.927  -61.531  28.380 0.1000000015
27188  48.722  -61.714  28.307 0.1000000015
27208  48.112  -61.342  27.889 0.1000000015
28236  47.200  -61.003  27.568 0.1000000015
28257  49.929  -60.511  26.176 0.2000000030
28234  49.407  -60.886  26.909 0.1000000015
28283  50.063  -59.801  25.654 0.3000000119
31614  49.672  -58.176  24.268 0.5000000000
29321  49.438  -59.921  25.941 0.4000000060
31615  49.144  -57.861  24.336 0.4000000060
32794  48.831  -57.317  24.221 0.5000000000
32823  48.227  -56.713  23.758 0.5000000000
143085  47.820  -56.817  23.551 0.5000000000
28352  46.110  -60.349  23.141 0.5000000000
25250  46.563  -63.748  20.736 0.5000000000
24153  46.091  -64.765  19.299 0.5000000000
23080  46.885  -65.894  16.209 0.4000000060
21960  46.815  -67.144  14.000 0.5000000000
22813  47.109  -65.827  31.074 0.1000000015
23929  48.917  -64.642  30.675 0.1000000015
25025  48.598  -63.994  30.189 0.1000000015
26082  48.202  -62.674  29.356 0.1000000015
26083  47.164  -62.693  29.354 0.1000000015
26114  46.581  -62.156  28.941 0.1000000015
23947  47.107  -64.060  29.845 0.1000000015
25043  47.802  -63.529  29.713 0.1000000015
29325  45.878  -59.461  26.336 0.2000000030
29326  44.757  -59.225  26.378 0.2000000030
27207  49.055  -61.377  27.598 0.1000000015
28235  48.447  -60.884  27.199 0.1000000015
28260  46.978  -60.296  26.615 0.1000000015
28261  46.292  -59.947  26.659 0.2000000030
28258  48.990  -60.343  26.510 0.2000000030
28259  48.010  -60.337  26.657 0.1000000015
29323  47.798  -59.604  26.144 0.2000000030
29348  46.637  -58.835  25.669 0.2000000030
29349  45.627  -58.711  25.716 0.2000000030
29350  44.761  -58.560  25.757 0.2000000030
29322  48.733  -59.691  26.093 0.2000000030
29346  48.556  -58.961  25.632 0.2000000030
30423  48.307  -58.243  25.133 0.3000000119
31590  48.002  -57.651  24.830 0.3000000119
31617  47.888  -56.990  24.507 0.4000000060
32795  48.420  -56.796  24.189 0.5000000000
27309  45.650  -61.340  22.641 0.5000000000
33964  48.121  -55.974  24.002 0.4000000060
27324  44.063  -61.969  21.900 0.5000000000
27310  44.510  -61.287  22.547 0.5000000000
26273  44.253  -63.051  20.838 0.5000000000
26250  44.668  -62.621  21.478 0.5000000000
27323  45.121  -62.074  22.095 0.5000000000
143087  47.137  -58.013  23.517 0.5000000000
143089  47.212  -57.266  23.409 0.5000000000
24154  44.898  -64.357  19.410 0.5000000000
25270  44.985  -63.990  20.120 0.5000000000
26272  45.096  -63.218  21.085 0.5000000000
28353  44.928  -60.417  23.143 0.5000000000
23067  46.289  -65.723  17.118 0.5000000000
26249  45.603  -62.705  21.548 0.5000000000
24136  45.772  -64.348  20.170 0.5000000000
23103  46.159  -66.388  15.304 0.4000000060
21689  46.255  -66.075  31.060 0.1000000015
22831  47.439  -65.330  30.677 0.1000000015
23931  46.827  -64.700  30.246 0.1000000015
23932  45.798  -64.765  30.202 0.1000000015
23934  43.533  -64.495  30.514 0.1000000015
23930  47.861  -64.475  30.357 0.1000000015
25044  46.716  -63.372  29.557 0.1000000015
26084  46.238  -62.674  29.272 0.1000000015
26115  45.965  -62.249  28.992 0.1000000015
27191  45.748  -61.730  28.675 0.1000000015
28223  45.250  -60.887  28.262 0.1000000015
28222  46.311  -61.086  28.123 0.1000000015
28238  44.762  -60.328  27.696 0.2000000030
29302  45.180  -59.898  26.981 0.2000000030
28237  45.967  -60.413  27.379 0.1000000015
29301  45.821  -59.939  26.852 0.2000000030
30424  47.394  -58.168  25.232 0.3000000119
30425  46.446  -58.017  25.277 0.3000000119
30426  45.347  -57.777  25.302 0.2000000030
31591  47.228  -57.441  24.852 0.3000000119
32796  47.748  -56.170  24.370 0.4000000060
31619  46.358  -56.471  24.657 0.3000000119
28355  42.668  -60.566  22.425 0.5000000000
29399  43.163  -59.423  22.884 0.5000000000
29398  44.245  -59.367  23.178 0.5000000000
33986  47.651  -55.740  23.683 0.5000000000
30474  42.534  -58.409  22.836 0.5000000000
31646  42.959  -57.380  22.784 0.5000000000
30473  43.593  -58.337  23.130 0.5000000000
143088  47.103  -56.885  23.282 0.5000000000
32824  47.659  -56.117  23.458 0.5000000000
32847  43.351  -56.384  22.537 0.5000000000
31645  44.034  -57.286  22.929 0.5000000000
30472  44.675  -58.277  23.235 0.6000000238
29397  45.334  -59.325  23.372 0.5000000000
30470  46.530  -58.328  23.472 0.5000000000
19681  46.404  -68.108  13.038 0.4000000060
21961  46.105  -67.008  13.669 0.4000000060
21931  47.116  -66.502  14.787 0.4000000060
23936  41.844  -64.299  30.940 0.1000000015
25048  42.494  -62.981  29.707 0.1000000015
23948  46.255  -64.074  29.756 0.1000000015
23933  44.658  -64.468  30.258 0.1000000015
25046  44.669  -63.405  29.498 0.1000000015
25047  43.553  -63.136  29.492 0.1000000015
23950  44.788  -63.935  29.860 0.1000000015
26086  44.182  -62.421  28.884 0.1000000015
26087  43.093  -62.125  29.176 0.1000000015
27160  45.103  -62.009  28.772 0.1000000015
27192  44.569  -61.658  28.612 0.1000000015
28224  44.042  -60.669  28.279 0.1000000015
29291  43.322  -60.096  28.011 0.2000000030
29303  44.038  -59.684  27.409 0.2000000030
29327  43.917  -58.991  26.735 0.2000000030
30406  44.159  -58.650  26.200 0.2000000030
39269  42.549  -50.545  23.751 0.2000000030
38230  42.704  -51.289  23.323 0.2000000030
38229  43.127  -51.710  23.072 0.2000000030
37189  43.632  -52.168  23.170 0.2000000030
37178  44.582  -53.082  23.576 0.2000000030
31593  45.551  -56.768  24.743 0.2000000030
38245  42.453  -51.500  22.606 0.2000000030
37202  43.581  -52.512  22.680 0.2000000030
37201  44.442  -53.035  22.758 0.2000000030
36190  45.157  -53.586  22.841 0.2000000030
36176  45.153  -53.528  23.389 0.3000000119
36189  46.002  -53.988  23.204 0.4000000060
36192  43.095  -53.456  22.402 0.2000000030
36191  44.302  -53.496  22.537 0.3000000119
35126  45.095  -54.366  22.534 0.4000000060
35125  46.021  -54.485  22.807 0.4000000060
35124  46.720  -54.795  23.291 0.5000000000
35093  47.017  -54.864  23.906 0.4000000060
34005  41.525  -55.601  22.506 0.5000000000
34004  42.565  -55.461  22.454 0.4000000060
35128  42.897  -54.482  22.307 0.4000000060
35127  44.031  -54.380  22.361 0.4000000060
34002  44.793  -55.299  22.571 0.4000000060
34001  45.804  -55.299  22.769 0.5000000000
33999  47.266  -55.609  23.296 0.5000000000
32846  44.433  -56.290  22.679 0.5000000000
31644  45.096  -57.214  23.158 0.5000000000
30471  45.718  -58.246  23.379 0.5000000000
31643  46.298  -57.234  23.286 0.5000000000
143090  46.620  -57.035  23.274 0.5000000000
25010  40.494  -64.150  31.304 0.1000000015
25009  41.237  -64.213  31.093 0.1000000015
25030  40.668  -63.434  30.813 0.1000000015
26068  40.344  -62.501  30.384 0.1000000015
25049  41.660  -62.815  29.893 0.1000000015
26089  41.015  -62.186  29.880 0.1000000015
26088  41.959  -62.195  29.435 0.1000000015
27164  41.294  -61.474  29.410 0.1000000015
27194  42.906  -61.257  28.920 0.1000000015
28206  42.093  -60.821  28.866 0.1000000015
27193  43.494  -61.490  28.745 0.1000000015
29292  42.288  -59.878  28.137 0.2000000030
29304  42.894  -59.481  27.543 0.2000000030
30407  43.309  -58.419  26.436 0.2000000030
30427  44.086  -58.038  25.621 0.2000000030
38218  43.220  -51.847  23.478 0.2000000030
37179  43.791  -52.490  23.832 0.2000000030
39262  42.376  -50.663  24.428 0.1000000015
38219  42.740  -51.488  24.018 0.1000000015
32797  46.860  -55.893  24.537 0.3000000119
32798  45.779  -55.940  24.670 0.2000000030
36161  44.787  -53.577  24.002 0.1000000015
36175  45.877  -53.990  23.760 0.1000000015
36174  46.332  -54.267  23.720 0.3000000119
33966  46.394  -55.187  24.380 0.2000000030
32845  45.456  -56.196  23.071 0.5000000000
34000  46.649  -55.454  23.044 0.5000000000
32844  46.414  -56.233  23.164 0.5000000000
25011  39.772  -63.699  31.314 0.1000000015
26061  39.163  -62.910  31.205 0.1000000015
26069  39.534  -62.234  30.696 0.1000000015
25031  39.909  -62.930  30.902 0.1000000015
27142  39.170  -61.298  30.382 0.1000000015
26090  40.391  -61.983  30.047 0.1000000015
28208  40.591  -60.843  29.293 0.1000000015
27166  39.723  -61.286  29.985 0.1000000015
28207  41.481  -60.847  29.041 0.1000000015
28226  41.741  -60.350  28.623 0.2000000030
29305  41.927  -59.217  27.608 0.2000000030
30388  42.562  -58.820  27.093 0.2000000030
30387  43.333  -59.072  27.064 0.2000000030
31595  43.454  -57.247  25.478 0.2000000030
31594  44.582  -57.111  25.104 0.2000000030
38209  42.218  -51.292  24.774 0.1000000015
36162  43.530  -53.321  24.438 0.1000000015
32799  44.872  -55.705  24.628 0.1000000015
32769  45.461  -56.333  24.699 0.2000000030
32770  45.050  -56.371  24.745 0.2000000030
35096  45.121  -54.369  24.262 0.1000000015
36160  45.498  -54.047  24.062 0.1000000015
35095  45.982  -54.450  24.195 0.2000000030
26063  37.380  -62.304  31.704 0.1000000015
27134  38.768  -62.051  31.112 0.1000000015
27137  36.787  -61.456  31.928 0.1000000015
28190  37.768  -60.865  30.856 0.1000000015
28209  39.548  -60.584  29.672 0.1000000015
28228  40.120  -60.388  29.145 0.1000000015
29293  41.064  -59.438  28.279 0.1000000015
30376  40.735  -58.831  27.827 0.1000000015
29306  41.208  -58.884  27.630 0.1000000015
30389  41.683  -58.531  27.199 0.2000000030
30408  42.300  -58.123  26.684 0.2000000030
30428  43.417  -57.845  25.949 0.2000000030
31568  42.819  -57.695  26.125 0.2000000030
32772  42.901  -56.403  25.185 0.1000000015
39257  41.805  -50.772  25.989 0.1000000015
38210  41.774  -51.299  25.438 0.1000000015
37167  41.977  -51.769  25.059 0.1000000015
37180  42.499  -52.305  24.555 0.1000000015
32771  44.045  -56.349  24.804 0.2000000030
37181  41.903  -52.805  24.784 0.1000000015
36163  42.430  -53.352  24.663 0.1000000015
35097  44.189  -54.201  24.520 0.1000000015
33968  44.619  -54.955  24.535 0.2000000030
28174  36.787  -60.869  31.847 0.1000000015
29261  37.111  -59.974  31.077 0.1000000015
29277  37.663  -59.877  30.520 0.1000000015
29285  39.310  -60.000  29.478 0.1000000015
30377  40.013  -58.636  28.135 0.1000000015
30410  40.730  -57.611  26.727 0.1000000015
30409  41.416  -57.886  26.711 0.1000000015
31570  41.191  -57.119  26.188 0.2000000030
31569  41.977  -57.516  26.214 0.2000000030
31597  41.788  -57.075  25.891 0.1000000015
37169  40.697  -52.825  25.850 0.1000000015
36148  40.868  -53.369  25.521 0.1000000015
35082  41.275  -54.275  25.251 0.1000000015
33947  41.497  -55.278  25.350 0.1000000015
33946  42.496  -55.444  24.960 0.1000000015
32773  41.664  -56.382  25.673 0.1000000015
37168  41.366  -52.303  25.444 0.1000000015
36164  41.603  -53.349  25.019 0.1000000015
35099  42.042  -54.011  24.837 0.1000000015
35081  42.005  -54.707  24.855 0.1000000015
33970  43.160  -55.107  24.685 0.1000000015
33945  43.412  -55.662  24.738 0.1000000015
35098  42.984  -54.361  24.721 0.1000000015
33969  43.773  -54.953  24.648 0.1000000015
32800  44.152  -55.534  24.630 0.1000000015
29278  37.053  -59.649  31.024 0.1000000015
30365  37.432  -59.107  30.101 0.1000000015
30371  37.875  -58.797  29.410 0.1000000015
30378  38.779  -58.634  28.718 0.1000000015
31551  40.126  -57.539  27.036 0.1000000015
35070  39.249  -54.177  27.069 0.1000000015
33932  39.251  -55.134  26.371 0.1000000015
32754  39.496  -56.422  26.681 0.1000000015
31571  40.339  -57.040  26.595 0.1000000015
36139  40.140  -52.914  27.097 0.1000000015
36140  39.691  -53.466  26.904 0.1000000015
35084  39.647  -54.227  26.174 0.1000000015
32753  40.674  -56.454  26.084 0.1000000015
32752  41.160  -56.674  25.964 0.1000000015
36149  40.154  -53.371  26.223 0.1000000015
33949  39.869  -54.858  25.748 0.1000000015
33948  40.635  -55.017  25.557 0.1000000015
32774  40.884  -55.790  25.657 0.1000000015
30379  37.954  -57.962  28.908 0.1000000015
31540  38.349  -57.373  28.367 0.1000000015
31553  38.838  -57.265  27.772 0.1000000015
32741  38.633  -56.482  27.616 0.1000000015
33933  38.725  -54.820  27.066 0.1000000015
32755  38.771  -55.637  26.992 0.1000000015
31572  39.824  -57.063  26.883 0.1000000015
36123  39.688  -53.294  27.750 0.1000000015
29365  51.096  -59.309  24.451 0.4000000060
29395  47.109  -58.965  23.431 0.5000000000
30444  50.112  -58.383  24.319 0.4000000060
30422  49.151  -58.456  25.045 0.4000000060
26081  49.383  -62.566  29.315 0.1000000015
30446  48.423  -57.820  24.751 0.4000000060
31616  48.546  -57.444  24.468 0.4000000060
22832  46.501  -65.529  30.657 0.1000000015
29324  46.853  -59.567  26.106 0.2000000030
29347  47.604  -58.898  25.635 0.2000000030
31618  47.125  -56.651  24.626 0.3000000119
28354  43.838  -60.387  22.752 0.5000000000
22833  45.293  -65.693  30.755 0.1000000015
25027  43.990  -63.844  29.986 0.1000000015
25045  45.747  -63.327  29.471 0.1000000015
26085  45.305  -62.496  29.033 0.1000000015
28239  44.184  -60.223  27.847 0.1000000015
31592  46.348  -57.217  24.798 0.3000000119
33965  47.302  -55.361  24.102 0.4000000060
30475  41.485  -58.435  22.546 0.5000000000
25028  42.979  -63.768  30.167 0.1000000015
25029  41.809  -63.627  30.459 0.1000000015
26117  43.664  -62.023  28.778 0.1000000015
39284  42.440  -50.502  22.892 0.2000000030
38244  43.259  -51.934  22.878 0.2000000030
37188  44.439  -52.816  23.150 0.2000000030
35109  46.684  -54.596  23.727 0.4000000060
37203  42.226  -52.480  22.365 0.2000000030
35094  46.697  -54.716  24.076 0.3000000119
35129  41.615  -54.521  22.296 0.5000000000
36193  42.264  -53.808  22.194 0.5000000000
34003  43.706  -55.374  22.426 0.5000000000
26067  41.085  -62.936  30.248 0.1000000015
27163  42.336  -61.357  29.094 0.1000000015
27165  40.335  -61.463  29.743 0.1000000015
28225  42.787  -60.720  28.634 0.1000000015
25012  38.936  -63.612  31.674 0.1000000015
26062  38.086  -62.999  31.677 0.1000000015
27141  39.894  -61.800  30.186 0.1000000015
27143  38.314  -61.370  30.790 0.1000000015
28227  40.783  -60.255  28.900 0.1000000015
39256  42.238  -50.437  25.266 0.1000000015
33967  45.489  -55.072  24.475 0.2000000030
27135  37.957  -61.932  31.282 0.1000000015
26051  37.274  -62.703  32.481 0.1000000015
27130  36.845  -61.985  32.118 0.1000000015
28167  36.575  -60.507  32.583 0.1000000015
27136  37.249  -61.452  31.440 0.1000000015
27144  37.799  -61.438  31.036 0.1000000015
28173  37.194  -60.485  31.224 0.1000000015
28188  39.036  -60.687  30.104 0.1000000015
29276  38.269  -60.059  30.194 0.1000000015
28210  38.940  -60.382  29.980 0.1000000015
29294  39.648  -59.722  28.948 0.1000000015
31596  42.412  -57.106  25.701 0.2000000030
29262  36.678  -59.872  31.642 0.1000000015
29287  37.874  -59.416  29.893 0.1000000015
29286  38.647  -59.798  29.709 0.1000000015
30370  38.544  -59.149  29.221 0.1000000015
29295  38.930  -59.296  29.181 0.1000000015
30391  39.861  -57.925  27.534 0.1000000015
30390  40.696  -58.277  27.310 0.1000000015
37158  40.702  -52.414  26.480 0.1000000015
37157  41.024  -51.948  26.157 0.1000000015
35083  40.322  -54.173  25.607 0.1000000015
30366  36.815  -58.912  30.915 0.1000000015
31539  39.138  -57.902  27.902 0.1000000015
36150  39.649  -53.804  26.569 0.1000000015
35053  38.825  -54.500  27.623 0.1000000015
33931  40.050  -55.663  25.875 0.1000000015
31541  37.745  -57.393  28.842 0.1000000015
31552  39.365  -57.189  27.302 0.1000000015
32724  38.131  -56.545  28.381 0.1000000015
35052  39.145  -53.912  28.068 0.1000000015
33917  38.439  -55.224  27.726 0.1000000015
26213  53.053  -62.602  24.168 0.1000000015
25206  52.358  -63.446  23.461 0.1000000015
27284  53.057  -61.475  23.553 0.1000000015
28324  52.385  -60.320  23.541 0.1000000015
27268  53.392  -61.957  25.297 0.1000000015
28280  52.753  -60.774  25.556 0.1000000015
25178  52.679  -63.645  24.749 0.2000000030
29342  52.330  -59.986  25.136 0.1000000015
25218  52.482  -63.078  22.611 0.2000000030
26229  52.650  -62.402  22.775 0.1000000015
25219  52.162  -63.565  22.429 0.2000000030
27303  52.438  -61.379  22.797 0.1000000015
24115  51.601  -63.995  21.895 0.2000000030
25229  52.501  -62.964  21.969 0.2000000030
26230  52.231  -61.976  22.245 0.2000000030
27304  51.688  -61.506  22.364 0.2000000030
28347  51.488  -60.580  22.858 0.3000000119
26267  52.067  -62.648  21.191 0.2000000030
26243  51.778  -62.178  21.718 0.2000000030
24133  51.166  -64.387  20.171 0.2000000030
27320  51.229  -61.717  22.098 0.2000000030
24132  51.510  -63.766  20.797 0.2000000030
20716  48.581  -67.221  19.591 0.1000000015
24116  51.088  -64.505  21.378 0.2000000030
25244  52.302  -62.899  21.295 0.2000000030
27305  50.812  -61.299  22.394 0.3000000119
28348  50.467  -60.223  23.156 0.4000000060
23020  50.017  -65.658  20.271 0.1000000015
23019  50.630  -65.042  20.769 0.1000000015
26268  51.491  -62.720  21.070 0.2000000030
26244  50.976  -62.084  21.718 0.2000000030
21843  48.862  -66.871  20.192 0.1000000015
25245  51.730  -63.198  20.666 0.2000000030
20731  49.003  -67.038  18.398 0.1000000015
20730  49.730  -66.638  17.882 0.2000000030
21863  49.136  -66.650  19.231 0.1000000015
21886  49.538  -66.531  18.609 0.1000000015
24148  51.309  -63.839  19.632 0.2000000030
25246  51.129  -63.255  20.418 0.2000000030
26269  50.809  -62.916  21.012 0.2000000030
26245  50.099  -62.694  21.373 0.4000000060
23038  50.193  -65.765  19.081 0.1000000015
25231  50.114  -63.142  20.989 0.4000000060
23036  51.221  -64.399  18.813 0.3000000119
25279  51.117  -63.594  19.197 0.3000000119
23037  50.959  -65.045  19.319 0.2000000030
23054  50.873  -64.931  17.959 0.4000000060
25266  50.851  -63.449  19.557 0.3000000119
25281  50.380  -63.971  18.366 0.4000000060
23053  51.006  -64.395  18.324 0.3000000119
41358  42.902  -48.937  23.742 0.1000000015
26233  49.214  -62.015  22.423 0.4000000060
25232  49.589  -63.281  21.051 0.4000000060
26246  48.862  -62.799  21.785 0.5000000000
25267  50.133  -63.630  19.220 0.4000000060
25280  50.833  -63.649  18.710 0.3000000119
25248  49.308  -63.682  20.256 0.4000000060
40328  42.559  -49.696  23.346 0.1000000015
26234  48.161  -62.076  22.362 0.4000000060
26247  47.586  -62.629  21.766 0.5000000000
25233  48.459  -63.409  21.110 0.5000000000
41396  42.693  -49.061  22.079 0.1000000015
40346  42.445  -49.659  22.388 0.1000000015
25177  53.172  -63.326  25.065 0.1000000015
27283  53.377  -61.641  24.476 0.1000000015
28303  52.814  -60.323  24.632 0.1000000015
28323  53.215  -60.842  24.196 0.1000000015
26212  53.349  -62.241  24.743 0.1000000015
27250  53.013  -61.349  26.029 0.1000000015
28281  51.812  -60.406  25.706 0.1000000015
24041  52.062  -64.284  24.166 0.1000000015
26231  50.726  -61.769  22.126 0.3000000119
25265  51.149  -63.574  19.897 0.2000000030
26232  50.267  -61.866  22.246 0.4000000060
25247  50.347  -63.284  20.496 0.3000000119
27249  53.405  -61.941  26.215 0.1000000015
19654  37.225  -68.860  15.592 0.1000000015
18548  37.494  -69.525  15.151 0.1000000015
17478  39.055  -70.703  14.525 0.1000000015
18549  36.550  -69.416  15.187 0.1000000015
18546  39.220  -69.713  15.183 0.1000000015
19634  36.906  -68.192  16.119 0.1000000015
19655  36.224  -68.721  15.624 0.1000000015
18551  34.206  -69.462  15.596 0.1000000015
18561  35.901  -69.930  14.702 0.1000000015
12231  41.059  -75.672  21.099 0.1000000015
16268  33.696  -71.226  19.291 0.1000000015
17426  32.755  -70.512  18.357 0.1000000015
19632  39.099  -68.761  15.982 0.1000000015
18505  32.667  -70.126  17.837 0.1000000015
19653  38.148  -69.052  15.550 0.1000000015
19638  33.676  -68.846  16.869 0.1000000015
18532  39.957  -69.224  15.698 0.1000000015
18552  33.508  -69.736  15.742 0.1000000015
17464  39.797  -70.350  14.794 0.1000000015
12218  40.718  -75.141  21.274 0.1000000015
11375  41.101  -75.810  20.684 0.1000000015
11383  40.810  -75.828  19.893 0.1000000015
14115  40.971  -73.623  22.292 0.1000000015
12217  41.492  -74.895  21.468 0.1000000015
12230  41.803  -75.261  21.192 0.1000000015
13174  39.819  -74.233  19.661 0.1000000015
15179  36.111  -72.300  19.403 0.1000000015
16267  34.557  -71.332  19.598 0.1000000015
20763  38.643  -67.893  16.673 0.1000000015
20764  37.571  -67.686  16.670 0.1000000015
19635  35.906  -68.118  16.194 0.1000000015
20761  40.313  -68.028  16.826 0.1000000015
18544  41.002  -70.071  15.314 0.1000000015
17463  40.546  -70.741  14.870 0.1000000015
12237  41.585  -75.346  20.667 0.1000000015
13172  41.463  -74.368  20.346 0.1000000015
14080  41.882  -73.847  24.256 0.1000000015
14114  41.625  -73.934  22.357 0.1000000015
13134  41.206  -74.339  21.767 0.1000000015
12229  42.228  -74.689  21.524 0.1000000015
14147  42.131  -73.801  20.999 0.1000000015
14166  41.163  -73.720  20.353 0.1000000015
15174  39.738  -72.841  20.203 0.1000000015
15176  38.585  -72.558  19.791 0.1000000015
15177  37.835  -72.689  19.517 0.1000000015
16263  38.094  -72.243  19.826 0.1000000015
16264  37.588  -72.024  19.790 0.1000000015
16244  36.351  -70.928  20.347 0.1000000015
16266  35.601  -71.360  19.835 0.1000000015
17408  34.831  -70.598  19.937 0.1000000015
18486  34.252  -69.704  19.678 0.1000000015
20756  35.153  -67.188  17.748 0.1000000015
20762  39.713  -68.011  16.747 0.1000000015
20753  38.176  -67.261  17.335 0.1000000015
20765  36.534  -67.539  16.701 0.1000000015
20766  35.545  -67.572  16.834 0.1000000015
20767  34.686  -67.913  17.006 0.1000000015
19613  41.187  -68.259  16.873 0.1000000015
18531  40.786  -69.414  15.808 0.1000000015
15144  41.748  -72.723  21.603 0.1000000015
14063  41.452  -73.949  24.858 0.1000000015
14095  42.400  -73.955  23.491 0.1000000015
13133  41.908  -74.324  22.144 0.1000000015
13132  42.394  -74.283  22.105 0.1000000015
14133  42.466  -73.675  21.743 0.1000000015
15124  42.287  -72.738  22.095 0.1000000015
15145  40.974  -72.448  21.379 0.1000000015
16228  39.603  -71.374  21.400 0.1000000015
16242  38.334  -71.647  20.406 0.1000000015
17377  37.044  -70.064  21.489 0.1000000015
13103  42.670  -74.188  24.053 0.1000000015
13118  42.531  -73.997  22.954 0.1000000015
13117  42.982  -74.251  22.739 0.1000000015
15122  43.217  -73.566  22.692 0.1000000015
16243  37.346  -71.367  20.317 0.1000000015
17386  37.245  -70.627  20.819 0.1000000015
16245  35.692  -70.874  20.211 0.1000000015
18474  34.740  -69.386  20.312 0.1000000015
17389  34.798  -70.001  20.106 0.1000000015
19568  34.796  -68.457  20.556 0.1000000015
20721  34.736  -67.302  19.268 0.1000000015
19581  34.147  -68.461  19.482 0.1000000015
21893  36.291  -66.282  18.677 0.1000000015
20737  35.106  -67.051  18.667 0.1000000015
19601  33.609  -69.067  18.653 0.1000000015
21905  38.728  -66.800  17.975 0.1000000015
20754  37.138  -67.085  17.315 0.1000000015
20755  36.136  -66.964  17.349 0.1000000015
20751  40.496  -67.562  17.381 0.1000000015
19614  40.607  -68.079  16.853 0.1000000015
19629  42.141  -69.451  16.389 0.1000000015
19630  41.422  -69.049  16.394 0.1000000015
18512  42.749  -69.632  16.630 0.1000000015
19612  42.420  -68.734  16.938 0.1000000015
16185  41.466  -71.458  23.176 0.1000000015
16226  41.248  -72.100  21.836 0.1000000015
13091  41.783  -74.731  25.289 0.1000000015
13090  42.709  -74.663  25.271 0.1000000015
13089  43.221  -74.125  24.397 0.1000000015
15100  43.300  -72.790  23.423 0.1000000015
15123  42.893  -72.980  22.493 0.1000000015
16211  41.952  -72.229  22.555 0.1000000015
16213  40.106  -71.353  22.020 0.1000000015
17375  39.130  -70.895  21.460 0.1000000015
18461  38.143  -70.048  22.249 0.1000000015
13104  42.352  -74.413  24.714 0.1000000015
13102  43.124  -74.154  23.487 0.1000000015
18462  37.501  -69.803  22.171 0.1000000015
17378  36.519  -69.743  21.428 0.1000000015
18472  36.220  -69.589  21.356 0.1000000015
18463  36.425  -69.200  21.893 0.1000000015
18464  35.765  -68.806  21.563 0.1000000015
19554  35.788  -68.308  21.899 0.1000000015
19567  35.288  -68.356  21.295 0.1000000015
23045  35.465  -66.387  19.610 0.1000000015
23028  35.520  -66.164  20.280 0.1000000015
21904  39.691  -66.888  17.898 0.1000000015
21867  39.899  -65.950  19.320 0.1000000015
21890  39.332  -66.372  18.584 0.1000000015
21891  38.214  -66.117  18.653 0.1000000015
23044  36.097  -65.918  19.497 0.1000000015
21870  35.735  -66.398  19.126 0.1000000015
21889  40.562  -66.610  18.481 0.1000000015
21892  37.207  -66.144  18.510 0.1000000015
21888  41.830  -66.596  18.642 0.1000000015
20736  41.378  -67.078  17.953 0.1000000015
18503  43.961  -69.205  17.738 0.1000000015
10516  42.128  -76.950  26.273 0.1000000015
12164  41.546  -76.174  25.928 0.1000000015
12180  41.317  -75.487  25.759 0.1000000015
13075  42.821  -74.826  26.039 0.1000000015
14062  43.269  -74.057  25.252 0.1000000015
16212  40.881  -71.517  22.387 0.1000000015
11335  42.363  -76.228  25.938 0.1000000015
14061  43.418  -73.524  24.473 0.1000000015
16165  42.746  -72.286  24.438 0.1000000015
17347  40.521  -70.775  23.281 0.1000000015
17369  39.517  -70.721  22.210 0.1000000015
17370  38.645  -70.181  22.568 0.1000000015
17329  40.017  -70.169  24.272 0.1000000015
18439  38.588  -69.373  23.642 0.1000000015
18455  37.105  -68.967  22.901 0.1000000015
18456  36.552  -68.726  22.529 0.1000000015
19541  36.539  -68.116  22.843 0.1000000015
19540  37.007  -68.310  23.170 0.1000000015
20671  35.911  -67.353  22.654 0.1000000015
21819  35.535  -66.771  21.953 0.1000000015
21830  35.162  -66.758  21.007 0.1000000015
23027  36.257  -65.580  20.400 0.1000000015
23012  35.706  -66.036  21.201 0.1000000015
21868  38.848  -65.795  19.146 0.1000000015
23043  36.977  -65.547  19.652 0.1000000015
23040  40.157  -65.536  20.161 0.1000000015
21866  41.284  -65.988  19.726 0.1000000015
21887  42.520  -66.875  18.642 0.1000000015
20750  41.756  -67.733  17.435 0.1000000015
20749  42.766  -67.885  17.715 0.1000000015
19611  43.443  -68.654  17.570 0.1000000015
16123  41.781  -71.884  26.110 0.1000000015
16124  41.000  -71.376  26.353 0.1000000015
10497  42.146  -77.082  26.562 0.1000000015
11322  42.303  -76.520  26.377 0.1000000015
12146  42.450  -75.844  26.901 0.1000000015
13061  42.322  -74.487  26.749 0.1000000015
15069  43.190  -72.971  25.045 0.1000000015
16122  42.160  -71.993  25.647 0.1000000015
17308  40.826  -70.843  25.621 0.1000000015
18401  40.217  -70.260  25.618 0.1000000015
12163  42.623  -75.705  26.029 0.1000000015
15048  42.384  -72.552  25.782 0.1000000015
16166  42.111  -71.628  24.653 0.1000000015
19501  39.087  -69.119  24.875 0.1000000015
19513  37.898  -68.284  24.426 0.1000000015
18438  39.072  -69.516  23.837 0.1000000015
20652  36.998  -67.704  23.680 0.1000000015
21818  35.909  -66.399  22.813 0.1000000015
22988  35.831  -65.892  22.053 0.1000000015
24120  38.248  -64.667  21.793 0.1000000015
23011  36.444  -65.407  21.405 0.1000000015
23024  39.364  -65.153  20.707 0.1000000015
23041  39.126  -65.466  19.899 0.1000000015
23025  38.325  -65.096  20.578 0.1000000015
23039  40.924  -65.497  20.462 0.1000000015
21847  41.509  -65.619  20.534 0.1000000015
14016  40.753  -73.566  28.292 0.1000000015
12147  41.674  -75.863  27.597 0.1000000015
14015  41.248  -74.349  27.891 0.1000000015
15028  41.334  -72.680  27.223 0.1000000015
16102  40.493  -71.218  27.209 0.1000000015
10480  41.284  -77.626  27.567 0.1000000015
11309  41.755  -76.883  27.554 0.1000000015
13062  41.784  -74.916  27.505 0.1000000015
15049  41.839  -72.852  26.544 0.1000000015
17284  40.479  -70.776  26.584 0.1000000015
17285  40.101  -70.296  26.559 0.1000000015
19492  39.207  -69.176  25.981 0.1000000015
18402  39.715  -69.799  25.156 0.1000000015
19503  37.754  -67.904  24.961 0.1000000015
20635  37.149  -67.411  24.393 0.1000000015
21784  37.212  -66.519  25.157 0.1000000015
21802  36.342  -66.077  23.653 0.1000000015
22963  36.758  -65.102  23.573 0.1000000015
22987  36.526  -65.341  22.622 0.1000000015
24100  38.057  -64.535  22.364 0.1000000015
23007  40.565  -64.916  21.744 0.1000000015
23009  38.641  -64.809  21.316 0.1000000015
21846  42.494  -65.735  20.902 0.1000000015
13048  41.280  -74.842  27.938 0.1000000015
14033  40.964  -72.890  27.715 0.1000000015
16084  40.251  -71.740  27.870 0.1000000015
15029  40.723  -72.176  27.496 0.1000000015
18372  39.631  -69.839  26.924 0.1000000015
19482  38.999  -68.979  27.153 0.1000000015
19493  38.604  -68.299  26.423 0.1000000015
20623  37.743  -66.953  26.258 0.1000000015
20627  37.714  -67.402  25.618 0.1000000015
22917  37.412  -65.650  25.558 0.1000000015
21785  36.719  -66.353  24.440 0.1000000015
24055  38.487  -64.081  24.583 0.1000000015
24057  37.025  -65.185  24.554 0.1000000015
24099  38.877  -64.386  22.795 0.1000000015
24081  37.708  -64.440  23.535 0.1000000015
24097  40.934  -64.760  23.099 0.1000000015
24119  38.844  -64.573  21.959 0.1000000015
24096  41.945  -64.776  23.262 0.1000000015
24117  40.428  -64.715  22.478 0.1000000015
23008  39.583  -64.793  21.432 0.1000000015
23005  42.346  -65.470  22.001 0.1000000015
21828  43.667  -66.274  21.921 0.1000000015
20688  45.255  -67.428  21.498 0.1000000015
15010  39.891  -71.762  28.404 0.1000000015
17239  39.724  -70.367  27.656 0.1000000015
18361  39.309  -69.606  27.937 0.1000000015
13049  40.784  -74.809  28.459 0.1000000015
16103  40.019  -70.811  27.454 0.1000000015
21760  38.096  -66.689  27.278 0.1000000015
21773  37.633  -66.456  25.920 0.1000000015
22898  37.788  -65.661  26.335 0.1000000015
24024  37.783  -64.939  26.002 0.1000000015
24053  41.086  -64.068  24.451 0.1000000015
24080  39.156  -64.009  23.749 0.1000000015
24079  40.333  -64.132  23.945 0.1000000015
22984  41.748  -65.076  22.587 0.1000000015
23004  43.130  -65.703  22.298 0.1000000015
22982  43.754  -65.933  22.742 0.1000000015
20651  45.849  -67.279  23.053 0.1000000015
20667  47.394  -68.206  22.755 0.1000000015
13980  40.001  -73.638  29.672 0.1000000015
13996  40.170  -73.925  29.319 0.1000000015
14996  39.747  -72.145  29.068 0.1000000015
16070  39.496  -71.253  28.906 0.1000000015
18350  39.057  -69.495  29.011 0.1000000015
16085  39.770  -71.119  27.947 0.1000000015
19474  38.769  -67.913  28.391 0.1000000015
19483  38.627  -68.087  27.450 0.1000000015
20619  38.417  -67.195  27.832 0.1000000015
24004  38.419  -64.794  26.641 0.1000000015
25155  39.557  -63.854  25.801 0.1000000015
25209  39.259  -63.833  24.493 0.1000000015
25146  47.930  -63.563  24.964 0.1000000015
25182  46.104  -64.033  24.475 0.1000000015
25184  44.156  -63.824  24.643 0.1000000015
24050  43.525  -64.371  24.252 0.1000000015
25188  40.819  -63.726  24.982 0.1000000015
24054  40.546  -63.907  24.529 0.1000000015
25180  48.249  -64.368  24.502 0.1000000015
25181  47.204  -64.153  24.419 0.1000000015
25183  45.070  -63.858  24.512 0.1000000015
24052  41.901  -64.110  24.356 0.1000000015
25145  49.243  -63.914  24.920 0.1000000015
25179  48.885  -64.680  24.637 0.1000000015
24046  47.564  -65.042  24.120 0.1000000015
24073  45.431  -65.431  23.575 0.1000000015
24075  43.725  -64.876  23.685 0.1000000015
24095  42.477  -64.886  23.471 0.1000000015
24021  49.912  -64.617  25.117 0.1000000015
24044  49.480  -65.209  24.750 0.1000000015
22937  47.729  -66.054  24.041 0.1000000015
22960  43.756  -65.472  23.317 0.1000000015
22956  47.271  -66.539  23.695 0.1000000015
22959  44.640  -66.010  23.205 0.1000000015
20632  49.118  -67.180  23.567 0.1000000015
21799  46.932  -66.974  23.499 0.1000000015
19537  48.130  -68.132  22.829 0.1000000015
14977  39.759  -72.891  31.000 0.1000000015
14988  39.901  -72.588  29.969 0.1000000015
16056  39.601  -71.501  29.851 0.1000000015
17200  39.402  -70.435  29.657 0.1000000015
19473  38.932  -68.732  28.223 0.1000000015
19456  38.912  -67.784  28.867 0.1000000015
21744  38.429  -66.261  27.757 0.1000000015
22884  38.515  -65.348  27.339 0.1000000015
24002  39.698  -63.964  26.623 0.1000000015
25152  42.168  -63.447  25.569 0.1000000015
25154  40.446  -63.678  25.670 0.1000000015
25147  46.818  -63.378  25.084 0.1000000015
25149  44.742  -63.445  25.105 0.1000000015
25150  43.961  -63.434  25.336 0.1000000015
25187  41.614  -63.698  24.935 0.1000000015
25118  47.336  -63.161  25.793 0.1000000015
24019  51.499  -65.054  25.239 0.1000000015
24043  50.074  -65.699  24.800 0.1000000015
16040  39.693  -71.737  30.824 0.1000000015
17199  39.672  -70.175  30.515 0.1000000015
18334  40.258  -69.604  30.874 0.1000000015
17176  39.610  -70.880  30.466 0.1000000015
18335  39.362  -69.405  30.097 0.1000000015
19427  39.915  -68.574  30.361 0.1000000015
19455  39.103  -68.280  29.359 0.1000000015
20581  39.704  -67.409  29.341 0.1000000015
20604  39.459  -67.187  28.906 0.1000000015
22865  39.028  -65.805  28.228 0.1000000015
23989  39.927  -64.234  27.168 0.1000000015
22883  39.485  -65.081  27.726 0.1000000015
25095  42.420  -63.736  27.044 0.1000000015
25096  41.485  -63.778  27.020 0.1000000015
25097  40.686  -63.837  26.957 0.1000000015
26154  46.805  -63.126  25.947 0.1000000015
25119  45.974  -63.276  26.233 0.1000000015
25122  42.766  -63.447  26.310 0.1000000015
25124  40.976  -63.640  26.362 0.1000000015
25116  49.739  -63.214  26.139 0.1000000015
25090  47.535  -63.095  26.815 0.1000000015
25151  43.060  -63.503  25.496 0.1000000015
25115  50.608  -63.563  26.362 0.1000000015
17174  41.118  -70.784  31.818 0.1000000015
17175  40.080  -70.614  31.258 0.1000000015
18309  40.331  -70.062  31.216 0.1000000015
20551  39.883  -67.828  29.966 0.1000000015
20580  40.563  -67.455  29.647 0.1000000015
21704  40.277  -66.959  29.100 0.1000000015
21723  40.653  -66.322  28.817 0.1000000015
22864  40.039  -65.655  28.405 0.1000000015
23987  42.009  -64.370  27.458 0.1000000015
23988  41.030  -64.342  27.411 0.1000000015
25094  43.392  -63.693  26.983 0.1000000015
23986  43.053  -64.378  27.544 0.1000000015
25093  44.384  -63.598  26.896 0.1000000015
25117  48.443  -63.248  25.888 0.1000000015
25143  51.131  -64.381  25.816 0.1000000015
24018  52.154  -64.570  24.910 0.1000000015
18308  40.739  -70.027  31.432 0.1000000015
18333  41.326  -69.404  31.192 0.1000000015
19425  41.966  -68.795  30.621 0.1000000015
19426  40.894  -68.703  30.730 0.1000000015
20579  41.673  -67.735  29.843 0.1000000015
20550  40.683  -68.021  30.258 0.1000000015
21703  41.183  -66.952  29.252 0.1000000015
21722  41.662  -66.299  28.821 0.1000000015
22863  41.095  -65.624  28.398 0.1000000015
22881  41.551  -65.036  27.842 0.1000000015
23985  44.016  -64.206  27.449 0.1000000015
25092  45.415  -63.482  26.910 0.1000000015
23984  44.959  -64.068  27.491 0.1000000015
25089  48.713  -63.173  26.958 0.1000000015
25091  46.436  -63.289  26.923 0.1000000015
25142  52.190  -64.165  25.681 0.1000000015
19453  42.519  -68.288  30.160 0.1000000015
19454  41.908  -68.236  30.274 0.1000000015
21702  42.220  -67.023  29.215 0.1000000015
21721  42.659  -66.343  28.716 0.1000000015
22862  42.094  -65.684  28.299 0.1000000015
22880  42.506  -65.083  27.822 0.1000000015
22879  43.267  -65.105  27.899 0.1000000015
25114  51.569  -63.832  26.550 0.1000000015
26134  50.341  -63.305  26.786 0.1000000015
23983  45.957  -63.905  27.563 0.1000000015
25113  52.642  -63.772  26.696 0.1000000015
20578  42.845  -67.772  29.557 0.1000000015
21700  44.274  -66.965  29.170 0.1000000015
21701  43.260  -67.025  29.155 0.1000000015
22859  45.010  -65.358  28.428 0.1000000015
21719  44.625  -66.165  28.733 0.1000000015
22858  45.948  -65.248  28.535 0.1000000015
22861  43.029  -65.693  28.225 0.1000000015
23969  43.761  -64.762  27.856 0.1000000015
25087  50.763  -63.523  27.317 0.1000000015
25088  49.781  -63.181  27.211 0.1000000015
25067  47.968  -63.551  27.549 0.1000000015
23982  47.006  -63.679  27.644 0.1000000015
25141  53.150  -63.484  25.738 0.1000000015
25066  48.843  -63.489  27.980 0.1000000015
22857  46.939  -65.306  28.807 0.1000000015
22860  43.971  -65.444  28.269 0.1000000015
21720  43.637  -66.293  28.675 0.1000000015
23966  46.500  -64.486  28.183 0.1000000015
23965  47.764  -64.268  28.304 0.1000000015
23967  45.474  -64.614  28.060 0.1000000015
14174  33.977  -72.461  19.253 0.1000000015
17409  33.995  -70.518  19.471 0.1000000015
19582  33.805  -69.226  19.292 0.1000000015
17425  33.268  -70.455  18.957 0.1000000015
18547  38.319  -69.640  15.145 0.1000000015
19616  33.449  -68.989  17.534 0.1000000015
19652  38.704  -69.292  15.481 0.1000000015
19636  35.021  -68.259  16.339 0.1000000015
19615  34.078  -68.440  17.286 0.1000000015
19656  35.233  -68.699  15.749 0.1000000015
18562  34.870  -69.941  14.840 0.1000000015
19657  34.633  -68.730  15.966 0.1000000015
12232  40.268  -75.990  20.848 0.1000000015
16281  33.038  -71.070  18.890 0.1000000015
15181  34.229  -71.982  19.314 0.1000000015
18513  33.041  -69.463  17.292 0.1000000015
12216  41.943  -74.654  21.722 0.1000000015
14167  40.284  -73.446  20.167 0.1000000015
16265  36.702  -71.730  19.757 0.1000000015
13156  42.359  -74.339  20.978 0.1000000015
14132  42.941  -73.905  21.926 0.1000000015
14148  41.562  -73.361  20.950 0.1000000015
15160  39.554  -72.323  20.500 0.1000000015
15175  39.229  -72.622  20.035 0.1000000015
16227  40.430  -71.900  21.527 0.1000000015
16241  39.237  -71.729  20.717 0.1000000015
17387  36.365  -70.072  20.975 0.1000000015
17388  35.451  -70.272  20.425 0.1000000015
21908  35.851  -66.628  18.055 0.1000000015
20738  34.485  -67.598  18.509 0.1000000015
20752  39.246  -67.424  17.358 0.1000000015
21906  37.696  -66.632  17.938 0.1000000015
17376  38.272  -70.581  21.468 0.1000000015
17385  37.827  -71.039  20.722 0.1000000015
14078  43.389  -73.712  23.752 0.1000000015
20708  34.655  -67.620  19.987 0.1000000015
20707  34.857  -67.569  20.795 0.1000000015
21871  35.211  -66.843  19.234 0.1000000015
23060  37.543  -65.740  19.040 0.1000000015
16184  42.271  -71.874  23.684 0.1000000015
12178  42.316  -75.616  25.692 0.1000000015
15085  43.327  -72.754  24.183 0.1000000015
16183  42.889  -72.451  23.791 0.1000000015
18454  38.051  -69.657  22.900 0.1000000015
20689  35.311  -67.556  21.546 0.1000000015
23042  38.055  -65.504  19.609 0.1000000015
14048  42.625  -73.649  26.116 0.1000000015
17327  41.496  -71.098  24.980 0.1000000015
17348  39.263  -70.069  23.430 0.1000000015
17328  40.807  -70.693  24.543 0.1000000015
19512  38.631  -68.864  24.341 0.1000000015
19527  38.088  -68.768  23.896 0.1000000015
19528  37.420  -68.267  23.616 0.1000000015
20653  36.511  -67.223  23.432 0.1000000015
23026  37.235  -65.238  20.520 0.1000000015
21865  42.889  -66.536  19.420 0.1000000015
20734  43.076  -67.362  18.554 0.1000000015
16101  41.179  -72.030  26.814 0.1000000015
17307  41.390  -71.236  25.440 0.1000000015
14031  42.191  -73.834  26.692 0.1000000015
19502  38.437  -68.334  25.310 0.1000000015
20636  36.614  -66.789  24.004 0.1000000015
23010  37.536  -64.865  21.621 0.1000000015
23022  41.315  -65.354  21.119 0.1000000015
14032  41.636  -73.663  27.266 0.1000000015
17261  40.150  -70.571  27.072 0.1000000015
18385  39.926  -69.904  26.070 0.1000000015
20626  38.232  -67.854  26.005 0.1000000015
22986  37.304  -64.733  22.629 0.1000000015
23006  41.456  -65.269  21.894 0.1000000015
21829  42.957  -65.702  21.763 0.1000000015
21845  43.972  -66.724  20.641 0.1000000015
15009  40.371  -72.447  28.293 0.1000000015
20622  38.079  -67.401  26.719 0.1000000015
24056  37.506  -64.776  24.907 0.1000000015
24023  38.524  -64.262  25.679 0.1000000015
24118  39.704  -64.578  22.214 0.1000000015
24078  41.387  -64.462  23.842 0.1000000015
21816  44.740  -66.656  22.536 0.1000000015
21827  44.553  -66.885  21.646 0.1000000015
20670  45.068  -67.080  22.050 0.1000000015
20669  45.718  -67.392  22.445 0.1000000015
14995  40.093  -73.005  29.079 0.1000000015
17219  39.398  -70.380  28.526 0.1000000015
22885  37.990  -65.749  26.913 0.1000000015
24003  39.192  -64.159  26.439 0.1000000015
22961  43.279  -65.182  23.460 0.1000000015
20650  46.433  -67.472  23.106 0.1000000015
21801  45.270  -66.582  23.144 0.1000000015
21800  46.006  -66.856  23.321 0.1000000015
20649  47.567  -67.690  23.397 0.1000000015
21725  38.793  -66.598  28.314 0.1000000015
23990  38.963  -64.654  27.144 0.1000000015
25148  45.714  -63.364  25.257 0.1000000015
24048  45.328  -64.623  23.970 0.1000000015
24049  44.383  -64.427  24.093 0.1000000015
24076  42.938  -64.858  23.774 0.1000000015
24051  42.710  -64.274  24.339 0.1000000015
25186  42.453  -63.726  24.866 0.1000000015
25153  41.304  -63.547  25.634 0.1000000015
24047  46.461  -65.009  23.790 0.1000000015
25144  50.256  -64.090  25.531 0.1000000015
22936  48.774  -66.046  24.425 0.1000000015
22958  45.657  -66.141  23.418 0.1000000015
22957  46.676  -66.098  23.563 0.1000000015
24020  50.540  -65.163  25.162 0.1000000015
21783  48.286  -66.739  24.152 0.1000000015
20634  48.004  -67.223  23.922 0.1000000015
20647  49.107  -67.231  22.892 0.1000000015
20648  48.450  -67.653  23.249 0.1000000015
25123  41.841  -63.452  26.367 0.1000000015
25120  44.835  -63.265  26.014 0.1000000015
25121  43.725  -63.387  26.198 0.1000000015
21724  39.624  -66.584  28.693 0.1000000015
22882  40.528  -64.990  27.831 0.1000000015
23968  44.523  -64.720  27.971 0.1000000015
24166  50.046  -64.325  17.672 0.3000000119
24150  49.666  -64.207  18.489 0.3000000119
25268  49.064  -64.209  19.429 0.3000000119
25249  47.960  -64.069  20.279 0.4000000060
24151  48.588  -64.551  18.701 0.3000000119
12358  43.280  -75.139  13.142 0.1000000015
14260  43.954  -73.850  13.122 0.1000000015
15264  45.125  -72.086  13.056 0.2000000030
18592  45.784  -69.289  12.648 0.3000000119
25271  44.332  -63.746  19.732 0.4000000060
24165  50.667  -64.386  18.014 0.3000000119
21947  45.562  -66.593  14.133 0.4000000060
17517  46.107  -69.636  12.797 0.2000000030
20803  45.678  -67.682  13.056 0.3000000119
23120  45.836  -66.536  14.620 0.4000000060
23081  45.563  -65.824  16.356 0.4000000060
24170  45.171  -64.944  18.414 0.4000000060
12339  42.823  -75.860  13.833 0.1000000015
16382  45.183  -71.319  12.729 0.3000000119
23104  44.822  -65.859  15.553 0.4000000060
23068  45.057  -65.355  17.310 0.4000000060
24186  44.894  -65.059  17.809 0.4000000060
25253  44.011  -63.360  20.230 0.5000000000
15265  44.512  -72.345  12.526 0.2000000030
17518  45.613  -70.142  12.768 0.3000000119
21962  45.099  -66.920  13.580 0.3000000119
23082  44.348  -65.260  16.476 0.4000000060
26251  43.802  -62.533  21.277 0.4000000060
27311  43.444  -61.275  22.305 0.4000000060
23121  45.192  -66.289  14.744 0.4000000060
23069  44.453  -65.057  17.081 0.4000000060
24187  44.350  -64.699  17.532 0.4000000060
24171  44.059  -64.147  18.606 0.5000000000
13292  43.223  -74.738  12.189 0.2000000030
13291  43.578  -74.291  12.724 0.2000000030
14272  43.965  -73.627  12.355 0.2000000030
17519  44.704  -70.528  12.596 0.2000000030
20821  44.876  -68.133  12.768 0.3000000119
11464  42.097  -76.252  12.818 0.1000000015
19694  45.273  -68.748  12.615 0.3000000119
21948  44.641  -66.414  14.163 0.4000000060
23083  43.743  -65.013  16.197 0.4000000060
25272  43.645  -63.359  19.662 0.5000000000
26274  43.316  -62.788  20.451 0.5000000000
27325  42.809  -61.821  21.462 0.4000000060
23122  44.182  -65.950  14.798 0.4000000060
24208  43.580  -64.674  16.657 0.4000000060
25283  43.353  -63.437  18.943 0.5000000000
26291  42.957  -63.029  19.552 0.5000000000
27344  42.618  -62.368  20.662 0.4000000060
13307  43.512  -74.011  11.872 0.2000000030
15286  44.144  -72.708  11.877 0.2000000030
16383  44.261  -71.509  12.393 0.2000000030
18593  45.015  -69.552  12.564 0.4000000060
18594  44.051  -69.740  12.779 0.2000000030
19695  44.430  -68.845  12.714 0.3000000119
20804  44.502  -67.467  13.194 0.3000000119
24188  43.208  -64.107  17.682 0.5000000000
26275  42.449  -62.568  20.069 0.5000000000
28367  41.922  -61.089  21.933 0.4000000060
20822  43.906  -68.088  12.919 0.4000000060
21949  43.753  -66.297  14.261 0.4000000060
23105  43.615  -65.327  15.607 0.4000000060
25284  42.458  -63.311  18.941 0.5000000000
14286  43.860  -73.281  11.772 0.2000000030
13308  42.854  -74.468  11.261 0.2000000030
15266  44.028  -72.176  11.947 0.2000000030
28356  41.516  -60.276  22.258 0.4000000060
17520  43.646  -70.751  12.638 0.2000000030
21963  44.046  -66.775  13.702 0.3000000119
23123  43.062  -65.806  14.613 0.4000000060
24226  43.460  -64.883  16.072 0.4000000060
12359  42.444  -75.475  12.334 0.2000000030
15287  43.469  -72.652  11.724 0.2000000030
18595  42.944  -69.864  12.908 0.3000000119
19696  43.412  -68.896  12.893 0.4000000060
29400  42.051  -59.439  22.626 0.4000000060
20805  43.408  -67.329  13.344 0.3000000119
24189  42.475  -63.963  17.356 0.5000000000
26292  42.160  -62.886  19.419 0.5000000000
32848  42.256  -56.471  22.540 0.4000000060
12379  42.239  -74.990  10.740 0.2000000030
14287  43.139  -73.470  11.399 0.2000000030
23137  42.538  -66.003  14.259 0.4000000060
24227  42.894  -64.687  15.900 0.4000000060
26276  41.560  -62.304  19.867 0.5000000000
28368  40.838  -60.564  21.446 0.4000000060
36207  42.177  -53.209  22.187 0.4000000060
12380  41.444  -75.134  11.096 0.2000000030
16384  43.267  -71.813  12.087 0.2000000030
17521  42.521  -70.902  12.587 0.2000000030
20806  42.299  -67.213  13.454 0.4000000060
25299  41.978  -63.818  17.211 0.5000000000
25274  41.857  -63.118  19.119 0.5000000000
13310  40.508  -74.801  10.829 0.2000000030
20823  42.832  -68.049  13.053 0.4000000060
21964  42.889  -66.476  13.948 0.3000000119
24209  42.349  -64.209  16.651 0.5000000000
25289  42.298  -63.703  17.960 0.5000000000
27326  41.574  -61.388  21.142 0.5000000000
35130  41.020  -55.066  22.344 0.4000000060
36208  41.492  -53.455  21.838 0.2000000030
31647  41.893  -57.454  22.648 0.4000000060
27327  40.929  -61.238  21.062 0.4000000060
29401  40.921  -59.409  22.217 0.4000000060
15288  42.454  -72.654  11.514 0.2000000030
16385  42.164  -71.930  12.065 0.2000000030
13330  42.438  -74.526  10.265 0.2000000030
32849  41.201  -56.535  22.652 0.4000000060
30476  40.607  -58.381  22.183 0.4000000060
29402  40.378  -58.933  21.923 0.4000000060
23106  42.494  -65.202  15.221 0.3000000119
25285  41.621  -63.244  18.476 0.5000000000
27359  40.873  -62.064  19.665 0.5000000000
29412  40.667  -59.908  21.803 0.4000000060
19697  42.280  -68.918  12.947 0.4000000060
21965  41.808  -66.314  13.907 0.4000000060
23124  41.966  -65.678  14.431 0.3000000119
24228  41.606  -64.507  15.607 0.4000000060
20824  41.709  -67.993  13.069 0.4000000060
26307  40.806  -63.163  17.485 0.5000000000
15305  42.034  -72.910  10.918 0.2000000030
32850  40.391  -56.622  22.078 0.4000000060
27346  40.847  -61.578  20.383 0.5000000000
27360  40.089  -61.666  19.359 0.5000000000
24239  41.429  -65.142  14.879 0.4000000060
25300  41.309  -63.781  16.668 0.5000000000
26293  41.072  -62.505  18.983 0.5000000000
25301  40.233  -63.228  16.542 0.5000000000
25311  40.768  -63.835  16.003 0.5000000000
25269  48.144  -64.404  19.437 0.4000000060
23057  45.809  -65.452  17.888 0.4000000060
31648  40.867  -57.502  22.519 0.4000000060
26302  40.972  -62.789  17.903 0.5000000000
23099  49.561  -65.963  15.834 0.3000000119
23078  49.165  -65.337  16.116 0.3000000119
23065  48.643  -65.197  16.612 0.2000000030
24185  48.591  -64.991  17.216 0.2000000030
19626  48.255  -68.091  15.714 0.2000000030
21943  48.448  -66.804  14.921 0.3000000119
21930  47.875  -66.480  14.916 0.3000000119
20779  48.008  -67.973  14.565 0.2000000030
20792  47.807  -67.479  13.986 0.2000000030
21945  47.416  -66.862  14.271 0.2000000030
17498  45.760  -70.694  13.319 0.2000000030
13334  38.717  -74.402  10.512 0.1000000015
14316  37.597  -74.035  9.842 0.1000000015
17557  39.947  -70.435  9.695 0.1000000015
21903  50.511  -66.038  17.178 0.1000000015
24205  50.498  -65.113  16.800 0.2000000030
24206  50.004  -64.973  16.501 0.2000000030
21916  49.611  -66.368  16.159 0.2000000030
23077  49.947  -65.570  16.245 0.2000000030
19609  48.243  -68.240  16.930 0.1000000015
20760  48.998  -67.088  16.276 0.2000000030
19595  48.116  -68.490  18.294 0.1000000015
19610  47.602  -69.241  17.689 0.1000000015
12381  40.538  -75.286  11.880 0.1000000015
13311  39.634  -74.809  11.262 0.1000000015
14299  41.898  -73.250  9.882 0.1000000015
15290  41.140  -72.320  10.801 0.1000000015
16413  40.624  -71.721  10.877 0.1000000015
18614  40.058  -70.299  11.776 0.1000000015
14313  42.051  -73.709  9.352 0.1000000015
16430  40.603  -71.734  9.979 0.1000000015
17545  40.242  -71.037  10.326 0.1000000015
18615  39.358  -69.683  11.536 0.1000000015
17556  40.551  -71.105  9.648 0.1000000015
18629  38.729  -69.235  10.662 0.1000000015
20836  38.202  -67.708  11.526 0.1000000015
19726  38.356  -68.466  10.935 0.1000000015
20837  37.819  -67.009  11.413 0.1000000015
20746  49.727  -66.608  17.246 0.2000000030
20747  48.803  -67.463  17.404 0.1000000015
18596  41.724  -69.951  12.936 0.1000000015
21951  41.436  -65.994  14.220 0.3000000119
12427  42.127  -74.839  9.719 0.1000000015
14298  42.429  -73.587  10.478 0.1000000015
15268  41.883  -72.261  11.702 0.1000000015
17522  41.382  -70.923  12.363 0.1000000015
20825  40.585  -67.940  13.058 0.2000000030
20807  41.194  -67.120  13.421 0.3000000119
24241  39.770  -64.846  14.938 0.3000000119
24230  39.220  -64.236  15.314 0.3000000119
14315  38.689  -73.988  9.503 0.1000000015
13353  41.524  -74.331  9.302 0.1000000015
17523  40.566  -70.829  11.845 0.1000000015
19699  39.907  -68.791  12.723 0.1000000015
20808  40.104  -67.091  13.316 0.2000000030
23127  39.451  -65.357  14.523 0.3000000119
19713  39.293  -68.997  12.231 0.1000000015
21968  38.497  -66.456  13.161 0.2000000030
24242  38.706  -64.792  14.633 0.3000000119
21983  37.882  -66.539  12.299 0.1000000015
23150  37.665  -65.545  12.663 0.2000000030
24243  37.959  -64.529  14.077 0.4000000060
20848  38.044  -67.363  10.490 0.1000000015
23162  37.528  -65.529  11.768 0.1000000015
24255  37.503  -64.684  12.287 0.3000000119
24070  51.483  -64.711  23.630 0.1000000015
24094  50.942  -64.772  22.758 0.1000000015
27368  39.880  -62.057  18.760 0.4000000060
26308  40.252  -62.839  17.232 0.4000000060
24229  40.287  -64.307  15.481 0.3000000119
26317  39.998  -62.873  16.752 0.4000000060
25313  38.587  -63.564  15.273 0.4000000060
26328  38.672  -62.668  15.770 0.4000000060
24231  38.629  -64.132  14.975 0.4000000060
26339  37.889  -62.782  14.486 0.5000000000
24249  37.641  -64.775  13.296 0.3000000119
26354  37.670  -63.244  13.485 0.5000000000
23172  38.133  -65.592  10.226 0.2000000030
21996  37.617  -66.292  11.295 0.1000000015
26370  37.748  -63.159  12.570 0.4000000060
20872  39.142  -66.948  8.929 0.1000000015
23185  38.799  -65.624  9.475 0.1000000015
24280  38.054  -65.066  10.615 0.2000000030
24266  37.957  -64.603  11.232 0.2000000030
20870  40.289  -68.271  8.372 0.1000000015
20871  39.647  -67.721  8.686 0.1000000015
24279  38.715  -64.627  10.215 0.2000000030
20886  40.786  -67.934  7.742 0.1000000015
20887  40.009  -67.129  8.023 0.1000000015
28391  40.010  -60.663  20.505 0.4000000060
28369  40.253  -60.158  21.060 0.3000000119
28402  39.255  -60.708  19.393 0.4000000060
27384  39.244  -62.182  17.053 0.4000000060
26304  39.537  -62.090  17.883 0.4000000060
26319  38.747  -62.271  16.307 0.4000000060
27370  38.828  -61.088  17.949 0.4000000060
27414  37.997  -61.625  15.072 0.4000000060
27399  38.351  -61.916  16.017 0.4000000060
27428  37.955  -61.413  13.914 0.5000000000
26353  37.958  -62.365  13.236 0.4000000060
25350  38.092  -63.946  11.544 0.3000000119
25339  37.669  -63.892  12.002 0.4000000060
26369  38.426  -62.527  12.298 0.4000000060
23198  40.120  -65.386  8.306 0.2000000030
23199  39.494  -65.569  8.803 0.2000000030
25349  38.570  -63.901  11.047 0.2000000030
22025  40.007  -66.074  8.096 0.1000000015
18695  42.464  -69.910  4.910 0.1000000015
28392  39.359  -60.219  20.056 0.4000000060
29438  39.387  -59.610  20.491 0.4000000060
28409  38.781  -60.681  18.392 0.4000000060
29467  38.295  -60.104  16.539 0.4000000060
28413  38.511  -60.698  17.504 0.4000000060
28443  38.209  -61.022  15.939 0.4000000060
27415  37.966  -60.981  14.383 0.4000000060
28455  38.135  -60.599  14.757 0.4000000060
28473  38.553  -60.439  13.777 0.3000000119
27447  39.745  -61.266  12.215 0.4000000060
27448  38.613  -61.291  12.820 0.4000000060
25348  39.311  -63.409  10.727 0.3000000119
26390  38.894  -62.917  11.430 0.3000000119
24326  40.931  -64.948  7.609 0.2000000030
25404  41.084  -64.010  8.432 0.2000000030
25365  39.517  -63.986  10.007 0.2000000030
25366  38.995  -63.946  10.474 0.2000000030
23228  40.977  -66.374  7.095 0.2000000030
18708  41.038  -69.463  3.783 0.1000000015
17624  41.769  -70.182  4.689 0.1000000015
18706  42.939  -69.328  4.779 0.1000000015
31668  40.134  -57.565  21.891 0.3000000119
30515  39.174  -58.575  20.442 0.4000000060
29414  39.432  -59.079  20.957 0.3000000119
30523  38.717  -59.250  18.734 0.4000000060
30533  38.919  -58.540  17.485 0.4000000060
30534  38.634  -59.131  17.907 0.4000000060
30560  38.622  -58.962  16.823 0.4000000060
29501  38.652  -59.664  14.517 0.4000000060
30588  38.603  -59.228  15.484 0.4000000060
28472  39.037  -60.153  13.529 0.4000000060
29524  38.822  -59.911  14.028 0.3000000119
27467  41.824  -61.793  10.978 0.3000000119
27468  40.582  -61.526  11.654 0.3000000119
28510  40.746  -61.134  11.937 0.3000000119
28494  39.273  -60.379  13.030 0.3000000119
26456  42.456  -63.159  8.030 0.2000000030
25381  41.338  -63.592  8.774 0.2000000030
26409  42.019  -62.557  10.346 0.3000000119
26410  40.885  -62.932  10.147 0.2000000030
26389  40.024  -62.569  11.160 0.3000000119
26368  39.266  -62.092  11.972 0.3000000119
24309  41.193  -64.186  8.032 0.2000000030
25364  40.343  -63.594  9.739 0.2000000030
23216  41.252  -65.201  7.240 0.2000000030
34025  40.260  -55.800  21.423 0.3000000119
35151  40.239  -55.091  20.574 0.3000000119
32875  39.761  -56.796  21.161 0.3000000119
32876  39.517  -57.359  20.896 0.4000000060
31669  39.619  -57.735  21.305 0.3000000119
31696  39.635  -57.964  18.531 0.3000000119
31695  40.274  -57.033  18.614 0.4000000060
31744  40.013  -57.567  16.784 0.4000000060
31716  40.272  -57.429  17.645 0.4000000060
30522  39.016  -58.593  18.277 0.4000000060
31763  39.794  -57.764  16.285 0.4000000060
30559  39.112  -58.239  16.871 0.4000000060
30608  40.326  -58.084  14.942 0.3000000119
30610  38.729  -59.215  14.824 0.4000000060
30587  39.456  -58.249  15.875 0.4000000060
28491  42.656  -60.350  12.187 0.3000000119
28492  41.614  -60.497  12.273 0.2000000030
29538  42.056  -59.710  12.682 0.2000000030
29522  40.426  -59.322  13.485 0.2000000030
29523  39.288  -59.644  13.791 0.3000000119
30626  39.447  -59.140  14.148 0.3000000119
27466  42.882  -61.506  10.980 0.3000000119
28509  41.243  -61.121  11.797 0.3000000119
28493  40.476  -60.754  12.321 0.2000000030
29539  40.987  -59.832  12.781 0.2000000030
29540  39.948  -59.894  13.022 0.2000000030
26408  43.186  -62.678  10.032 0.3000000119
27485  42.148  -62.154  10.641 0.3000000119
35148  40.619  -54.697  21.700 0.3000000119
34006  40.727  -55.686  22.240 0.3000000119
31762  40.312  -57.647  15.866 0.3000000119
30622  43.013  -58.762  13.999 0.2000000030
30606  42.580  -58.221  14.576 0.2000000030
30607  41.539  -57.985  14.691 0.2000000030
31772  40.776  -57.654  15.358 0.2000000030
29519  43.534  -59.289  13.475 0.2000000030
29520  42.543  -59.193  13.345 0.2000000030
30623  42.027  -58.628  13.956 0.2000000030
30624  40.932  -58.542  13.956 0.2000000030
20885  41.698  -68.466  7.492 0.1000000015
20902  41.147  -67.258  7.135 0.1000000015
26430  43.891  -62.938  9.166 0.3000000119
25423  41.965  -64.023  7.459 0.2000000030
20801  47.272  -67.882  13.581 0.2000000030
24093  51.543  -64.147  22.794 0.1000000015
21902  50.720  -65.536  17.416 0.2000000030
24167  49.120  -64.657  17.803 0.2000000030
36209  40.763  -53.804  21.460 0.3000000119
29413  40.092  -59.480  21.416 0.3000000119
19698  41.085  -68.906  12.893 0.3000000119
23125  40.981  -65.592  14.478 0.2000000030
21928  49.091  -66.449  15.595 0.2000000030
23101  48.415  -65.980  15.542 0.3000000119
20778  48.446  -67.340  14.979 0.1000000015
20791  48.330  -67.038  14.435 0.2000000030
17546  39.738  -70.527  10.512 0.1000000015
21914  50.664  -65.601  16.971 0.2000000030
15325  41.493  -72.635  9.364 0.1000000015
16386  41.210  -71.702  11.623 0.1000000015
18597  40.376  -69.920  12.454 0.1000000015
17537  39.485  -70.295  10.939 0.1000000015
18616  38.701  -69.036  11.271 0.1000000015
20827  38.570  -67.491  12.456 0.1000000015
23139  40.422  -65.784  14.322 0.3000000119
20826  39.543  -67.806  12.912 0.2000000030
21967  39.502  -66.436  13.650 0.3000000119
26327  39.418  -62.878  16.074 0.4000000060
20809  39.090  -67.092  13.143 0.3000000119
23141  38.828  -65.749  14.025 0.3000000119
23142  38.072  -65.641  13.362 0.3000000119
28408  39.196  -61.069  18.788 0.4000000060
23200  39.099  -66.144  8.935 0.2000000030
24296  39.083  -65.039  9.591 0.2000000030
29447  38.751  -59.888  19.080 0.4000000060
27376  38.789  -61.355  17.502 0.4000000060
24294  40.215  -64.352  9.057 0.2000000030
30518  38.900  -58.781  19.422 0.4000000060
26411  40.023  -63.306  10.383 0.2000000030
26433  41.002  -63.442  9.409 0.2000000030
31690  39.491  -57.655  19.626 0.4000000060
32901  39.779  -57.003  19.774 0.4000000060
28508  42.241  -61.009  11.617 0.3000000119
26431  42.811  -63.015  9.217 0.2000000030
26432  41.757  -63.155  9.228 0.2000000030
32891  39.854  -56.539  20.183 0.4000000060
30586  39.982  -57.890  15.520 0.4000000060
30625  39.898  -58.870  14.082 0.2000000030
28490  43.672  -60.282  12.217 0.2000000030
29537  43.098  -59.704  12.745 0.2000000030
29521  41.501  -59.191  13.350 0.2000000030
31689  39.938  -57.086  19.339 0.3000000119
34035  39.999  -55.987  20.647 0.2000000030
32899  40.921  -56.165  19.186 0.3000000119
36226  40.568  -54.454  19.955 0.2000000030
18557  47.074  -69.134  14.215 0.1000000015
18575  46.768  -69.264  13.517 0.1000000015
23055  50.676  -65.467  18.377 0.1000000015
19668  47.196  -68.667  13.726 0.1000000015
17476  45.579  -70.945  14.021 0.1000000015
18591  46.453  -69.110  12.868 0.1000000015
37223  41.828  -52.879  22.027 0.1000000015
37224  41.536  -52.421  21.577 0.1000000015
38283  41.680  -51.578  20.796 0.1000000015
36217  40.970  -53.180  20.963 0.1000000015
37234  41.440  -52.483  20.440 0.1000000015
36218  40.511  -54.028  20.735 0.1000000015
37248  41.737  -52.465  19.616 0.1000000015
36225  41.236  -53.534  19.725 0.1000000015
35158  40.499  -55.122  19.730 0.1000000015
34040  40.335  -55.868  19.856 0.2000000030
36238  42.279  -53.565  18.708 0.2000000030
31694  40.918  -56.608  18.340 0.2000000030
36239  41.749  -54.332  19.020 0.2000000030
34039  40.871  -55.555  19.389 0.2000000030
34051  41.536  -55.715  18.875 0.2000000030
32910  40.778  -56.551  18.813 0.2000000030
36237  43.369  -53.400  17.970 0.2000000030
35170  42.379  -54.763  18.541 0.2000000030
32909  41.444  -56.428  18.507 0.2000000030
31715  41.315  -56.900  17.672 0.2000000030
31743  40.920  -57.381  16.716 0.2000000030
31742  42.051  -57.382  16.598 0.1000000015
32908  42.202  -56.200  18.347 0.2000000030
32933  42.100  -56.625  17.960 0.2000000030
31714  42.540  -56.986  17.267 0.1000000015
38269  41.757  -51.486  21.791 0.1000000015
39324  41.779  -51.074  21.122 0.1000000015
38282  42.011  -51.416  20.208 0.1000000015
38302  41.815  -51.889  20.085 0.1000000015
35157  41.134  -54.809  19.332 0.2000000030
34050  42.287  -55.568  18.466 0.2000000030
26407  44.227  -62.814  10.008 0.2000000030
27484  42.596  -62.118  10.566 0.2000000030
27483  43.549  -62.119  10.510 0.2000000030
26406  45.248  -62.677  9.943 0.2000000030
27465  43.893  -61.487  11.044 0.2000000030
27482  44.548  -62.105  10.495 0.2000000030
27464  44.897  -61.398  11.010 0.2000000030
26405  46.195  -62.727  10.046 0.2000000030
28507  43.260  -60.832  11.534 0.2000000030
27463  45.867  -61.517  11.215 0.1000000015
27481  45.536  -62.098  10.544 0.2000000030
28505  45.282  -60.774  11.668 0.2000000030
28506  44.271  -60.791  11.586 0.2000000030
27462  46.918  -61.506  11.401 0.1000000015
28504  46.171  -60.881  11.765 0.1000000015
27460  49.066  -61.806  11.097 0.1000000015
26401  50.148  -62.106  10.922 0.1000000015
37260  42.754  -52.545  18.432 0.1000000015
28489  44.674  -60.271  12.315 0.1000000015
28487  46.918  -60.727  12.345 0.1000000015
28488  45.762  -60.307  12.533 0.1000000015
27444  48.533  -61.309  11.871 0.1000000015
27445  47.679  -61.165  11.826 0.1000000015
27441  50.586  -61.177  11.924 0.1000000015
27443  49.466  -61.364  11.938 0.1000000015
28501  50.359  -60.303  11.194 0.1000000015
37275  43.903  -52.661  17.806 0.1000000015
38313  44.197  -51.187  18.245 0.1000000015
38333  43.628  -52.126  18.073 0.1000000015
29536  44.094  -59.783  12.915 0.1000000015
28471  46.495  -60.269  13.153 0.1000000015
28485  48.976  -60.939  12.602 0.1000000015
28500  50.700  -60.601  11.430 0.1000000015
28483  50.689  -60.780  12.195 0.1000000015
38332  44.086  -51.896  17.879 0.1000000015
35169  43.129  -54.543  18.058 0.1000000015
29498  46.164  -59.324  14.382 0.1000000015
29518  44.596  -59.302  13.687 0.1000000015
29516  46.769  -59.819  13.774 0.1000000015
29517  45.728  -59.733  13.566 0.1000000015
29515  47.764  -59.764  13.778 0.1000000015
29514  48.872  -59.498  13.761 0.1000000015
28469  48.412  -60.375  13.246 0.1000000015
28486  47.988  -60.792  12.523 0.1000000015
28470  47.375  -60.382  13.215 0.1000000015
31779  50.546  -58.341  12.630 0.1000000015
29513  50.037  -59.835  13.136 0.1000000015
28468  49.463  -60.427  13.110 0.1000000015
30618  50.542  -59.338  12.640 0.1000000015
37274  44.733  -52.625  17.492 0.1000000015
30621  43.860  -58.811  14.034 0.1000000015
30620  49.032  -58.407  13.762 0.1000000015
31780  49.892  -57.642  13.169 0.1000000015
30605  43.492  -58.385  14.630 0.1000000015
27480  46.496  -62.140  10.654 0.1000000015
27479  47.340  -62.177  10.747 0.1000000015
28467  50.261  -60.477  12.717 0.1000000015
30633  50.804  -58.929  12.089 0.1000000015
29499  45.326  -59.157  14.246 0.1000000015
23260  40.944  -65.677  3.704 0.1000000015
24356  40.968  -64.965  4.042 0.1000000015
23237  40.089  -65.552  5.064 0.1000000015
22075  40.114  -66.696  4.101 0.1000000015
20918  38.871  -67.519  5.482 0.1000000015
19791  37.824  -68.769  5.486 0.1000000015
18683  36.548  -69.615  6.229 0.1000000015
23259  41.628  -65.737  3.566 0.1000000015
24355  41.667  -64.544  3.731 0.1000000015
22064  39.455  -66.826  5.259 0.1000000015
20917  39.301  -67.518  5.006 0.1000000015
25455  42.038  -63.748  3.903 0.1000000015
25469  43.140  -63.616  3.485 0.1000000015
24367  43.777  -64.569  3.662 0.1000000015
23258  42.432  -65.656  3.532 0.1000000015
22074  40.585  -66.148  3.847 0.1000000015
24349  40.612  -64.904  5.042 0.1000000015
24353  44.337  -64.223  4.007 0.1000000015
24354  43.918  -64.880  4.295 0.1000000015
24348  41.417  -64.312  4.588 0.1000000015
26524  43.926  -62.577  3.760 0.1000000015
26509  43.602  -62.176  4.311 0.1000000015
25443  42.433  -63.088  4.804 0.1000000015
25454  42.542  -63.156  4.257 0.1000000015
27543  43.415  -61.963  5.107 0.1000000015
24368  42.852  -64.782  3.399 0.1000000015
18684  35.206  -69.944  6.861 0.1000000015
10498  41.713  -77.457  26.969 0.1000000015
10517  41.760  -77.179  26.375 0.1000000015
11308  42.284  -76.874  26.906 0.1000000015
11323  41.990  -76.709  25.980 0.1000000015
11336  42.063  -76.162  25.798 0.1000000015
11380  41.052  -75.907  20.210 0.1000000015
12131  41.302  -75.336  27.932 0.1000000015
12179  41.833  -75.699  25.667 0.1000000015
12215  42.157  -74.531  21.859 0.1000000015
12236  42.434  -75.035  21.031 0.1000000015
12246  41.912  -74.814  20.606 0.1000000015
12247  41.113  -75.203  19.998 0.1000000015
12261  40.790  -75.561  19.846 0.1000000015
12403  42.177  -74.940  9.927 0.1000000015
12428  41.903  -74.856  9.663 0.1000000015
13119  41.781  -73.969  22.774 0.1000000015
13131  42.741  -74.120  22.449 0.1000000015
13146  42.637  -74.111  22.196 0.1000000015
13147  42.435  -74.304  21.639 0.1000000015
13171  41.974  -74.254  20.692 0.1000000015
13173  40.747  -74.292  19.923 0.1000000015
13309  40.963  -74.834  10.426 0.2000000030
13331  41.205  -74.829  9.950 0.3000000119
13352  42.150  -74.576  9.670 0.1000000015
13356  39.242  -74.289  9.893 0.2000000030
13357  37.155  -74.421  10.085 0.1000000015
13371  40.728  -73.928  8.774 0.2000000030
13997  39.945  -74.022  29.703 0.1000000015
14049  42.072  -73.508  26.640 0.1000000015
14079  42.264  -73.891  23.755 0.1000000015
14094  43.275  -73.900  23.045 0.1000000015
14096  41.912  -73.641  23.132 0.1000000015
14112  43.025  -73.993  22.503 0.1000000015
14113  43.149  -73.526  22.250 0.1000000015
14134  42.065  -73.332  21.436 0.1000000015
14149  40.911  -73.183  20.631 0.1000000015
14165  41.710  -73.883  20.621 0.1000000015
14168  39.265  -73.285  19.709 0.1000000015
14271  44.305  -73.211  12.897 0.2000000030
14285  44.263  -73.062  12.181 0.2000000030
14300  38.243  -74.165  10.065 0.1000000015
14301  38.005  -74.255  10.381 0.1000000015
14312  42.356  -74.151  9.869 0.1000000015
14317  36.948  -74.184  9.685 0.1000000015
14324  42.245  -73.151  7.757 0.1000000015
14327  39.894  -73.641  8.222 0.1000000015
14339  41.812  -73.205  7.286 0.1000000015
14341  40.509  -73.363  7.722 0.1000000015
14358  41.399  -73.130  7.101 0.1000000015
14987  40.018  -73.345  29.633 0.1000000015
15068  43.462  -73.083  24.416 0.1000000015
15084  43.538  -73.162  23.905 0.1000000015
15099  43.446  -73.326  23.174 0.1000000015
15143  42.353  -73.051  21.846 0.1000000015
15158  41.107  -72.869  21.076 0.1000000015
15159  40.373  -72.586  20.763 0.1000000015
15161  38.973  -72.190  20.296 0.1000000015
15178  37.024  -72.572  19.502 0.1000000015
15267  42.154  -72.299  11.781 0.1000000015
15289  41.595  -72.453  11.216 0.1000000015
15306  41.650  -72.809  10.410 0.1000000015
15307  40.985  -72.304  10.185 0.1000000015
15326  40.978  -72.127  9.698 0.1000000015
15340  42.395  -72.580  8.000 0.1000000015
15361  42.132  -73.018  7.087 0.1000000015
15362  40.816  -72.990  7.056 0.1000000015
15387  42.327  -72.314  6.951 0.1000000015
15388  41.943  -72.721  6.830 0.1000000015
15389  41.190  -72.846  6.833 0.1000000015
15390  40.710  -72.777  6.864 0.1000000015
16146  42.488  -72.109  25.200 0.1000000015
16147  41.862  -71.587  25.419 0.1000000015
16148  41.383  -71.383  25.795 0.1000000015
16210  42.717  -72.453  23.182 0.1000000015
16229  38.946  -71.201  21.048 0.1000000015
16240  39.850  -71.948  20.953 0.1000000015
16359  45.289  -71.572  13.645 0.2000000030
16387  40.593  -71.246  11.397 0.1000000015
16410  43.007  -72.358  11.798 0.2000000030
16411  42.739  -72.209  11.866 0.2000000030
16412  41.079  -72.106  11.178 0.1000000015
16472  42.491  -72.045  7.736 0.1000000015
16473  40.214  -72.530  6.720 0.1000000015
16515  41.875  -71.405  6.040 0.1000000015
17260  40.400  -70.823  26.984 0.1000000015
17309  40.312  -70.353  25.045 0.1000000015
17346  41.467  -71.233  24.063 0.1000000015
17349  38.630  -69.853  23.152 0.1000000015
17368  40.263  -71.073  22.468 0.1000000015
17407  35.378  -70.815  20.140 0.1000000015
17497  46.338  -69.938  13.105 0.1000000015
17536  40.054  -70.717  11.174 0.1000000015
17567  42.265  -71.732  8.066 0.1000000015
17599  36.341  -70.393  5.927 0.1000000015
17612  42.843  -70.517  6.128 0.1000000015
18384  40.323  -70.399  26.107 0.1000000015
18419  39.344  -69.537  24.251 0.1000000015
18420  38.985  -69.236  24.053 0.1000000015
18440  37.838  -69.037  23.431 0.1000000015
18473  35.580  -69.307  21.108 0.1000000015
18487  33.559  -69.764  19.113 0.1000000015
18504  33.062  -69.742  18.142 0.1000000015
18530  41.662  -69.891  15.859 0.1000000015
18533  33.848  -69.202  16.110 0.1000000015
18545  40.238  -69.855  15.220 0.1000000015
18550  35.503  -69.359  15.278 0.1000000015
18559  37.774  -70.117  14.665 0.1000000015
18598  39.685  -69.376  12.285 0.1000000015
18628  39.263  -69.916  10.398 0.1000000015
18665  41.923  -69.734  7.826 0.1000000015
18682  37.345  -69.103  5.820 0.1000000015
19511  39.029  -69.169  24.350 0.1000000015
19525  47.974  -68.015  23.240 0.1000000015
19526  47.748  -68.143  23.009 0.1000000015
19529  36.910  -67.918  23.334 0.1000000015
19542  35.976  -67.995  22.407 0.1000000015
19553  36.244  -68.484  22.328 0.1000000015
19600  33.976  -68.355  18.204 0.1000000015
19631  40.386  -68.601  16.414 0.1000000015
19633  37.933  -68.454  16.151 0.1000000015
19637  34.156  -68.749  16.419 0.1000000015
19649  48.160  -68.022  15.026 0.1000000015
19667  47.531  -68.387  14.215 0.1000000015
19679  47.403  -68.145  13.686 0.2000000030
19680  46.903  -68.404  13.297 0.1000000015
19692  46.471  -68.521  12.932 0.4000000060
19693  45.977  -68.502  12.733 0.3000000119
19700  39.120  -68.379  12.521 0.1000000015
19714  38.711  -68.582  11.831 0.1000000015
19745  40.645  -68.697  8.256 0.1000000015
19773  42.863  -68.750  6.934 0.2000000030
19774  38.345  -68.146  5.928 0.1000000015
19789  43.478  -68.777  5.171 0.1000000015
20549  41.425  -68.265  30.374 0.1000000015
20582  39.181  -67.591  29.031 0.1000000015
20605  38.939  -67.265  28.606 0.1000000015
20672  35.650  -67.600  22.116 0.1000000015
20720  35.062  -67.083  19.050 0.1000000015
20735  42.224  -67.222  18.125 0.1000000015
20757  34.458  -67.857  17.730 0.1000000015
20759  49.693  -66.473  16.511 0.2000000030
20793  47.252  -67.269  13.929 0.2000000030
20802  46.815  -67.596  13.521 0.2000000030
20810  38.638  -66.971  12.858 0.2000000030
20820  45.463  -68.242  12.739 0.3000000119
20828  38.049  -67.215  11.948 0.1000000015
20849  37.739  -66.756  10.921 0.1000000015
20860  38.697  -67.387  9.394 0.1000000015
21688  46.719  -65.965  31.106 0.1000000015
21705  39.810  -67.043  28.964 0.1000000015
21745  38.097  -66.076  27.244 0.1000000015
21761  37.828  -66.439  26.697 0.1000000015
21797  49.732  -66.866  23.401 0.1000000015
21798  47.624  -66.929  23.846 0.1000000015
21815  45.484  -67.002  22.951 0.1000000015
21817  44.097  -66.300  22.513 0.1000000015
21842  49.416  -66.200  19.791 0.1000000015
21848  34.913  -66.843  20.015 0.1000000015
21849  34.788  -67.184  19.692 0.1000000015
21862  49.715  -66.261  18.925 0.1000000015
21869  38.303  -65.742  19.079 0.1000000015
21872  34.923  -67.026  19.531 0.1000000015
21884  50.728  -65.511  17.846 0.1000000015
21885  50.294  -66.288  18.075 0.1000000015
21894  35.606  -66.649  18.664 0.1000000015
21907  36.715  -66.549  17.934 0.1000000015
21909  35.417  -66.831  18.263 0.1000000015
21915  50.219  -66.024  16.566 0.2000000030
21927  49.757  -66.051  16.038 0.2000000030
21929  48.498  -66.454  15.233 0.3000000119
21944  48.150  -66.803  14.497 0.3000000119
21946  46.449  -66.710  14.354 0.5000000000
21950  41.740  -65.979  14.164 0.3000000119
21966  40.659  -66.314  13.993 0.3000000119
21969  37.945  -66.076  12.911 0.2000000030
21982  38.396  -66.855  12.682 0.2000000030
22006  38.236  -66.468  9.807 0.1000000015
22007  37.785  -66.335  10.564 0.2000000030
22015  38.797  -66.512  9.199 0.1000000015
22026  39.528  -66.583  8.524 0.1000000015
22027  39.143  -66.539  8.906 0.2000000030
22043  40.454  -66.733  7.476 0.1000000015
22044  39.986  -66.625  8.027 0.1000000015
22054  40.962  -66.809  7.051 0.1000000015
22062  43.294  -66.364  5.206 0.1000000015
22065  39.044  -67.016  5.665 0.1000000015
22897  38.126  -65.324  26.747 0.1000000015
22916  51.030  -65.653  25.135 0.1000000015
22938  47.148  -65.533  23.782 0.1000000015
22939  36.992  -65.645  24.859 0.1000000015
22940  36.723  -65.511  24.236 0.1000000015
22962  37.005  -64.844  23.088 0.1000000015
22981  44.293  -66.241  22.762 0.1000000015
22983  42.786  -65.348  23.036 0.1000000015
22985  41.001  -65.024  22.377 0.1000000015
23021  41.891  -65.469  21.484 0.1000000015
23023  40.327  -65.164  20.905 0.1000000015
23058  45.197  -65.207  17.880 0.4000000060
23059  38.033  -65.723  19.053 0.1000000015
23061  36.799  -65.842  19.031 0.1000000015
23064  50.777  -65.242  17.212 0.2000000030
23076  50.564  -65.439  16.806 0.2000000030
23100  49.196  -65.889  15.629 0.3000000119
23107  41.854  -65.180  15.086 0.3000000119
23126  40.208  -65.371  14.552 0.3000000119
23138  42.290  -66.097  14.108 0.4000000060
23140  39.841  -65.850  14.193 0.3000000119
23173  37.688  -65.543  10.898 0.1000000015
23184  39.250  -65.234  9.319 0.2000000030
23217  40.650  -65.624  7.555 0.2000000030
23236  43.031  -65.555  5.433 0.2000000030
23246  43.613  -65.590  4.061 0.1000000015
23247  40.451  -65.712  4.350 0.1000000015
23248  39.855  -66.083  4.771 0.1000000015
23949  45.314  -64.005  29.801 0.1000000015
23991  38.628  -64.910  27.056 0.1000000015
24005  38.001  -65.153  26.445 0.1000000015
24022  39.077  -64.064  25.885 0.1000000015
24045  48.464  -65.250  24.421 0.1000000015
24072  46.049  -65.671  23.565 0.1000000015
24074  44.534  -65.130  23.604 0.1000000015
24077  42.213  -64.605  23.864 0.1000000015
24082  37.023  -64.900  24.189 0.1000000015
24098  39.890  -64.458  23.050 0.1000000015
24134  47.608  -64.391  19.677 0.5000000000
24149  51.263  -64.403  19.431 0.2000000030
24155  44.272  -63.992  19.234 0.4000000060
24164  51.150  -63.933  18.673 0.3000000119
24172  43.427  -63.829  18.398 0.5000000000
24182  50.755  -64.939  17.258 0.2000000030
24183  50.364  -64.685  17.096 0.2000000030
24184  49.495  -64.790  16.907 0.2000000030
24204  50.733  -65.192  16.995 0.2000000030
24207  44.182  -64.878  16.926 0.4000000060
24210  41.673  -64.112  16.232 0.5000000000
24240  40.734  -64.880  14.906 0.2000000030
24248  38.178  -65.131  13.930 0.3000000119
24265  38.407  -64.378  10.840 0.2000000030
24278  39.265  -64.423  9.852 0.2000000030
24295  39.595  -64.693  9.334 0.2000000030
24310  40.551  -64.645  8.336 0.2000000030
24311  39.905  -65.045  8.677 0.2000000030
24324  42.081  -64.189  7.197 0.2000000030
24325  41.495  -64.475  7.454 0.2000000030
24366  44.169  -64.003  3.721 0.1000000015
24369  42.035  -65.005  3.352 0.1000000015
24370  41.422  -65.157  3.615 0.1000000015
25026  44.519  -63.902  29.901 0.1000000015
25125  40.114  -63.785  26.441 0.1000000015
25126  39.631  -63.916  26.328 0.1000000015
25156  39.061  -64.007  25.629 0.1000000015
25185  43.301  -63.781  24.775 0.1000000015
25189  39.960  -63.782  24.835 0.1000000015
25190  39.111  -63.876  25.170 0.1000000015
25207  51.868  -63.982  23.190 0.1000000015
25208  39.672  -63.855  24.225 0.1000000015
25230  52.168  -63.376  21.393 0.2000000030
25251  45.490  -63.692  20.648 0.5000000000
25252  44.669  -63.555  20.458 0.5000000000
25273  42.170  -63.130  19.228 0.5000000000
25282  43.935  -63.706  19.208 0.5000000000
25288  42.981  -63.662  18.377 0.5000000000
25290  41.375  -63.460  17.560 0.5000000000
25291  40.742  -63.382  17.133 0.5000000000
25302  39.735  -62.980  16.213 0.4000000060
25310  41.360  -64.032  16.101 0.5000000000
25312  39.640  -63.422  15.824 0.4000000060
25320  38.095  -63.896  14.516 0.4000000060
25321  37.653  -63.953  13.734 0.4000000060
25330  37.494  -63.911  12.873 0.4000000060
25338  38.173  -63.362  11.792 0.3000000119
25362  47.635  -63.035  9.775 0.2000000030
25363  47.217  -63.264  9.745 0.3000000119
25378  48.414  -62.868  9.235 0.2000000030
25379  47.920  -63.142  9.313 0.2000000030
25380  47.387  -63.372  9.313 0.2000000030
25382  40.661  -63.969  9.051 0.2000000030
25383  40.067  -64.115  9.453 0.2000000030
25400  48.246  -63.032  8.941 0.2000000030
25401  47.744  -63.271  8.891 0.3000000119
25402  42.252  -63.508  7.733 0.2000000030
25403  41.749  -63.709  7.934 0.2000000030
25421  43.110  -63.538  6.890 0.3000000119
25422  42.558  -63.707  7.205 0.2000000030
25431  43.838  -63.405  5.919 0.3000000119
25432  43.385  -63.606  6.294 0.2000000030
25433  42.772  -63.986  6.484 0.2000000030
25444  41.868  -63.368  5.254 0.1000000015
25453  44.490  -63.606  4.442 0.2000000030
25470  42.342  -64.316  3.483 0.1000000015
26116  43.949  -61.947  28.618 0.1000000015
26135  50.057  -63.120  26.659 0.1000000015
26136  46.841  -63.100  26.372 0.1000000015
26137  46.447  -63.229  26.443 0.1000000015
26152  50.441  -63.401  26.574 0.1000000015
26153  50.249  -63.282  26.500 0.1000000015
26155  46.511  -63.188  26.161 0.1000000015
26170  46.864  -63.209  25.638 0.1000000015
26171  46.452  -63.231  25.725 0.1000000015
26190  53.382  -62.820  25.083 0.1000000015
26191  53.151  -63.143  24.738 0.1000000015
26242  52.301  -62.532  21.819 0.2000000030
26270  50.459  -63.052  20.963 0.4000000060
26271  45.884  -63.198  21.071 0.5000000000
26294  40.264  -62.227  18.877 0.4000000060
26300  42.907  -63.177  19.178 0.5000000000
26301  42.659  -63.109  19.302 0.5000000000
26303  40.101  -62.361  18.192 0.5000000000
26309  39.628  -62.347  17.404 0.4000000060
26318  39.484  -62.587  16.580 0.4000000060
26340  37.788  -63.455  14.060 0.4000000060
26383  50.357  -61.728  11.138 0.1000000015
26384  50.196  -61.765  11.291 0.1000000015
26385  48.772  -62.197  10.729 0.2000000030
26386  48.506  -62.093  10.847 0.1000000015
26387  41.665  -62.209  10.730 0.3000000119
26388  41.169  -62.276  10.855 0.3000000119
26402  49.307  -62.297  10.630 0.1000000015
26424  50.056  -62.444  10.089 0.2000000030
26448  50.454  -62.080  9.692 0.2000000030
26450  48.828  -62.642  8.797 0.2000000030
26457  41.805  -63.363  8.496 0.2000000030
26474  49.591  -62.251  8.237 0.2000000030
26476  47.754  -62.212  7.575 0.1000000015
26496  43.610  -63.335  6.519 0.3000000119
26510  42.716  -62.645  4.969 0.1000000015
26523  44.716  -62.759  4.004 0.2000000030
26525  43.181  -62.740  3.868 0.1000000015
26537  44.285  -63.259  3.662 0.2000000030
26539  43.563  -62.971  3.564 0.1000000015
27131  36.799  -61.305  32.492 0.1000000015
27161  44.788  -62.162  28.782 0.1000000015
27162  42.961  -61.547  29.002 0.1000000015
27209  47.509  -61.374  28.101 0.1000000015
27231  50.326  -60.955  26.515 0.2000000030
27251  51.628  -60.890  26.218 0.1000000015
27252  51.189  -60.667  26.028 0.3000000119
27312  42.854  -61.266  22.131 0.4000000060
27319  51.426  -61.886  21.955 0.2000000030
27345  41.991  -62.003  20.582 0.5000000000
27347  40.200  -61.267  20.039 0.4000000060
27361  39.472  -61.262  18.977 0.4000000060
27369  39.368  -61.566  18.344 0.4000000060
27375  39.210  -61.894  17.487 0.4000000060
27385  38.715  -61.818  16.754 0.4000000060
27429  38.118  -60.784  14.010 0.4000000060
27442  50.247  -61.271  11.955 0.1000000015
27446  40.259  -61.180  12.094 0.3000000119
27458  50.485  -61.357  11.464 0.1000000015
27459  49.940  -61.747  11.426 0.1000000015
27461  48.023  -61.813  11.180 0.1000000015
27469  39.883  -61.820  11.697 0.3000000119
27477  49.593  -62.079  11.023 0.1000000015
27478  49.344  -62.092  10.912 0.1000000015
27492  50.501  -61.515  9.964 0.2000000030
27499  50.397  -61.587  9.077 0.1000000015
27515  49.491  -61.661  7.781 0.1000000015
27529  48.301  -60.730  6.803 0.1000000015
27539  46.343  -61.435  5.415 0.2000000030
27553  45.454  -61.989  4.385 0.2000000030
27555  44.429  -62.025  4.148 0.2000000030
28189  38.481  -60.532  30.319 0.1000000015
28221  46.799  -61.198  28.055 0.1000000015
28233  49.936  -60.944  26.682 0.2000000030
28256  50.657  -60.700  26.153 0.3000000119
28279  53.211  -61.406  25.590 0.1000000015
28302  53.420  -61.015  24.991 0.1000000015
28346  52.043  -60.900  22.836 0.3000000119
28357  40.911  -60.124  22.061 0.4000000060
28366  42.539  -61.233  22.057 0.4000000060
28390  40.624  -61.052  20.896 0.4000000060
28401  39.872  -61.097  19.843 0.4000000060
28403  38.775  -60.297  18.849 0.4000000060
28427  38.312  -61.033  16.898 0.4000000060
28456  38.200  -60.651  14.201 0.4000000060
28466  50.561  -60.492  12.504 0.1000000015
28474  38.291  -60.606  13.973 0.4000000060
28484  49.923  -60.964  12.512 0.1000000015
28495  38.773  -60.646  13.160 0.4000000060
28531  47.163  -60.203  9.459 0.1000000015
28540  50.337  -61.198  8.967 0.1000000015
28541  50.103  -61.024  8.516 0.1000000015
28543  48.394  -60.187  8.530 0.1000000015
28559  49.888  -61.307  7.965 0.1000000015
28560  49.225  -60.854  7.684 0.1000000015
28561  47.664  -59.719  6.529 0.1000000015
28562  47.293  -59.672  6.423 0.1000000015
28574  48.594  -60.553  7.112 0.1000000015
28576  47.121  -60.195  6.019 0.1000000015
28588  46.705  -60.901  5.611 0.1000000015
29290  43.894  -60.173  27.909 0.2000000030
29366  50.484  -58.846  24.590 0.3000000119
29381  50.177  -58.582  23.741 0.5000000000
29382  49.574  -58.298  23.713 0.5000000000
29411  47.586  -58.801  23.436 0.5000000000
29437  39.932  -59.995  20.903 0.3000000119
29446  38.942  -59.794  19.681 0.4000000060
29451  38.619  -59.845  18.437 0.4000000060
29455  38.477  -59.889  17.613 0.4000000060
29482  38.200  -60.065  15.435 0.4000000060
29500  39.008  -59.391  14.287 0.3000000119
29512  50.585  -60.160  12.566 0.1000000015
29532  50.973  -59.913  12.095 0.1000000015
29535  44.984  -59.832  12.990 0.1000000015
29541  39.506  -59.975  13.296 0.4000000060
29570  47.333  -59.960  8.963 0.1000000015
29607  48.755  -60.195  7.520 0.1000000015
29632  48.639  -60.085  7.018 0.1000000015
30443  50.600  -58.786  24.241 0.4000000060
30445  48.753  -58.029  24.678 0.4000000060
30490  39.969  -58.443  21.735 0.4000000060
30491  39.508  -58.529  21.159 0.3000000119
30519  38.781  -59.413  19.236 0.4000000060
30604  44.532  -58.647  14.621 0.1000000015
30609  39.166  -58.941  14.581 0.3000000119
30619  49.955  -58.854  13.338 0.1000000015
31588  49.569  -58.273  24.574 0.5000000000
31589  48.994  -58.225  24.714 0.4000000060
31633  49.921  -58.231  24.064 0.5000000000
31686  39.374  -57.818  20.658 0.4000000060
31717  39.502  -58.022  17.486 0.4000000060
31745  39.538  -57.908  16.664 0.4000000060
31761  41.466  -57.616  15.662 0.2000000030
31771  41.032  -57.665  15.081 0.2000000030
31781  49.079  -57.663  13.727 0.1000000015
32740  39.149  -56.713  27.179 0.1000000015
32822  49.059  -57.450  24.063 0.5000000000
32843  47.353  -56.584  23.360 0.5000000000
32874  46.829  -56.889  23.242 0.5000000000
32892  39.588  -57.182  20.387 0.4000000060
32900  40.279  -56.630  19.407 0.3000000119
33985  48.046  -56.092  23.766 0.4000000060
35071  38.926  -54.515  27.245 0.1000000015
35108  47.134  -55.064  23.675 0.4000000060
35110  46.369  -54.345  23.939 0.3000000119
35123  47.209  -55.278  23.454 0.5000000000
35147  41.017  -54.059  21.903 0.3000000119
35171  41.791  -55.039  18.811 0.2000000030
36188  46.351  -54.310  23.505 0.3000000119
37204  41.687  -52.044  22.146 0.1000000015
37259  43.354  -52.443  18.134 0.1000000015
38312  44.815  -50.912  18.282 0.1000000015
143084  46.807  -57.239  23.346 0.5000000000
