#!ascii label  , from subject 3068 vox2ras=TkReg
253
95106  29.430  -0.597  7.195 0.0000000000
84320  28.170  -10.597  8.565 0.0000000000
100107  27.524  4.583  7.423 0.0000000000
109724  26.289  14.518  5.428 0.0000000000
83205  26.882  -11.673  8.613 0.0000000000
103004  30.525  7.354  9.330 0.0000000000
104872  30.015  10.191  9.401 0.0000000000
92970  27.247  -2.464  6.394 0.0000000000
88599  28.773  -6.244  6.496 0.0000000000
90712  29.990  -3.845  7.734 0.0000000000
97164  30.938  1.232  8.493 0.0000000000
94047  32.290  -1.515  9.035 0.0000000000
98154  28.355  2.315  7.535 0.0000000000
100093  30.837  4.360  8.994 0.0000000000
107787  27.851  12.734  6.721 0.0000000000
108711  30.078  13.523  8.743 0.0000000000
85394  30.278  -8.938  8.162 0.0000000000
103988  28.639  8.839  8.098 0.0000000000
104886  29.223  9.829  8.716 0.0000000000
94079  27.780  -1.493  6.647 0.0000000000
91839  28.565  -3.297  6.637 0.0000000000
92948  29.769  -2.314  7.093 0.0000000000
84321  27.543  -11.149  8.475 0.0000000000
99117  28.230  3.581  7.605 0.0000000000
98134  29.803  2.593  8.326 0.0000000000
100095  29.002  4.619  8.165 0.0000000000
103985  31.534  8.067  9.686 0.0000000000
102022  31.972  6.323  9.443 0.0000000000
109715  25.832  14.379  5.715 0.0000000000
107778  26.666  12.262  6.573 0.0000000000
108737  27.278  13.644  6.034 0.0000000000
112905  29.006  18.568  6.726 0.0000000000
111420  30.360  17.224  7.123 0.0000000000
110585  29.516  14.724  8.115 0.0000000000
110583  30.728  15.277  8.331 0.0000000000
108710  31.182  13.618  8.673 0.0000000000
88587  29.627  -6.179  7.514 0.0000000000
87498  28.699  -7.282  6.926 0.0000000000
82073  25.544  -12.778  8.992 0.0000000000
101064  28.591  5.513  8.087 0.0000000000
102038  28.885  6.911  8.327 0.0000000000
103986  30.419  8.384  9.312 0.0000000000
104870  31.776  9.898  9.644 0.0000000000
89662  27.021  -5.279  5.847 0.0000000000
90727  27.325  -4.339  6.246 0.0000000000
89659  29.159  -5.000  7.322 0.0000000000
88586  30.231  -5.527  7.966 0.0000000000
96183  30.235  0.504  8.045 0.0000000000
94049  30.687  -1.529  8.060 0.0000000000
95094  31.878  -0.625  9.063 0.0000000000
95119  27.218  -0.677  6.878 0.0000000000
97202  26.792  1.241  6.865 0.0000000000
96186  28.370  0.204  7.441 0.0000000000
97165  30.024  1.729  8.311 0.0000000000
98133  30.734  2.439  8.544 0.0000000000
99101  32.418  3.106  9.475 0.0000000000
101062  30.293  5.401  9.007 0.0000000000
101060  32.614  5.477  9.551 0.0000000000
106819  27.455  11.053  7.483 0.0000000000
110605  27.868  15.415  6.533 0.0000000000
109703  28.577  14.499  7.268 0.0000000000
108713  28.390  13.010  7.676 0.0000000000
106817  28.903  11.582  8.459 0.0000000000
107751  30.155  12.028  9.200 0.0000000000
106815  31.443  11.929  9.321 0.0000000000
85407  27.817  -9.096  7.074 0.0000000000
87510  27.417  -7.091  5.926 0.0000000000
92935  30.903  -2.356  8.235 0.0000000000
90696  31.262  -4.137  8.583 0.0000000000
104903  28.085  9.191  7.537 0.0000000000
104887  27.905  9.726  8.184 0.0000000000
94062  28.428  -1.108  6.912 0.0000000000
94077  29.035  -1.609  6.790 0.0000000000
94060  29.548  -1.432  6.979 0.0000000000
80823  25.050  -13.802  10.102 0.0000000000
80822  26.245  -13.620  10.087 0.0000000000
99118  27.177  3.637  7.357 0.0000000000
99105  28.698  4.102  7.908 0.0000000000
100106  28.345  4.671  7.731 0.0000000000
104883  32.220  9.114  9.653 0.0000000000
103984  32.944  8.292  9.776 0.0000000000
108739  25.965  13.579  6.369 0.0000000000
108738  26.445  13.609  5.920 0.0000000000
108748  26.795  14.133  5.607 0.0000000000
110590  31.176  15.968  7.618 0.0000000000
109701  31.827  15.342  7.730 0.0000000000
88578  30.057  -6.753  8.212 0.0000000000
87487  29.764  -7.357  8.000 0.0000000000
84331  27.049  -10.527  7.958 0.0000000000
102039  28.234  6.590  7.888 0.0000000000
103021  28.453  7.729  8.083 0.0000000000
103987  29.553  8.707  8.774 0.0000000000
104885  30.179  9.351  9.333 0.0000000000
104884  31.124  9.112  9.725 0.0000000000
104871  30.809  9.972  9.734 0.0000000000
110608  25.194  15.293  5.897 0.0000000000
91840  27.693  -3.383  6.504 0.0000000000
91838  29.339  -3.217  6.884 0.0000000000
90725  29.015  -4.180  6.683 0.0000000000
90724  29.619  -4.048  7.170 0.0000000000
89648  30.115  -4.825  7.547 0.0000000000
82072  26.415  -12.691  9.117 0.0000000000
82059  26.910  -12.748  9.943 0.0000000000
97185  30.430  0.714  8.230 0.0000000000
96168  30.499  0.138  8.268 0.0000000000
96167  31.453  0.280  8.873 0.0000000000
98173  26.997  2.134  7.277 0.0000000000
97201  27.265  1.608  7.279 0.0000000000
97189  27.271  0.678  6.991 0.0000000000
97188  27.757  1.146  7.413 0.0000000000
97187  29.145  1.214  7.833 0.0000000000
97166  29.541  2.004  8.081 0.0000000000
99103  30.306  3.449  8.562 0.0000000000
99102  31.290  3.291  9.080 0.0000000000
100092  31.884  4.252  9.482 0.0000000000
102024  29.732  6.600  8.735 0.0000000000
101063  29.374  5.458  8.526 0.0000000000
102023  30.803  6.315  9.398 0.0000000000
101059  34.156  5.705  9.382 0.0000000000
106843  27.363  12.237  6.528 0.0000000000
106834  26.535  11.698  6.838 0.0000000000
106833  27.298  11.442  6.888 0.0000000000
106832  27.841  12.097  6.785 0.0000000000
112191  28.705  17.498  6.765 0.0000000000
111422  28.462  16.315  6.882 0.0000000000
110593  28.510  15.354  7.144 0.0000000000
109696  29.754  14.247  8.251 0.0000000000
109702  29.210  14.341  7.779 0.0000000000
108712  29.032  13.444  8.017 0.0000000000
107764  28.541  12.464  8.095 0.0000000000
107763  29.489  12.490  8.831 0.0000000000
106806  29.707  11.544  9.005 0.0000000000
108709  32.114  13.657  8.437 0.0000000000
107761  31.862  12.762  9.024 0.0000000000
107760  32.786  12.574  8.330 0.0000000000
106814  32.370  11.712  8.995 0.0000000000
86435  26.353  -8.731  6.846 0.0000000000
89661  27.932  -5.261  6.285 0.0000000000
88601  26.764  -6.243  6.030 0.0000000000
88600  27.658  -6.236  6.161 0.0000000000
86422  29.331  -8.243  7.739 0.0000000000
86432  28.863  -7.809  7.245 0.0000000000
86423  28.834  -8.798  7.652 0.0000000000
94048  31.402  -1.515  8.571 0.0000000000
92969  28.156  -2.423  6.493 0.0000000000
92968  29.004  -2.274  6.787 0.0000000000
91822  29.792  -3.135  7.492 0.0000000000
82071  27.313  -12.261  9.401 0.0000000000
83204  27.842  -11.511  9.139 0.0000000000
83190  28.426  -11.651  9.781 0.0000000000
97163  32.117  1.235  9.216 0.0000000000
98156  26.852  2.896  7.223 0.0000000000
98155  27.541  2.761  7.417 0.0000000000
98153  29.175  2.455  7.845 0.0000000000
99116  28.745  2.971  7.782 0.0000000000
99104  29.203  3.525  8.144 0.0000000000
100094  29.824  4.460  8.587 0.0000000000
103003  31.358  7.059  9.593 0.0000000000
103002  32.432  7.230  9.697 0.0000000000
107789  26.863  12.763  6.304 0.0000000000
108736  27.664  13.155  6.537 0.0000000000
112190  29.684  17.802  6.899 0.0000000000
111421  29.459  16.926  7.157 0.0000000000
111405  29.345  16.124  7.543 0.0000000000
110584  29.959  15.014  8.365 0.0000000000
109695  30.579  14.438  8.510 0.0000000000
109694  31.616  14.768  8.276 0.0000000000
109693  32.201  14.250  8.022 0.0000000000
88588  29.106  -6.784  7.034 0.0000000000
87497  29.231  -7.310  7.391 0.0000000000
80842  25.915  -13.210  9.324 0.0000000000
82081  25.838  -12.263  8.764 0.0000000000
83217  26.442  -11.106  8.272 0.0000000000
84330  27.724  -10.083  8.154 0.0000000000
101072  27.824  5.578  7.613 0.0000000000
102025  28.932  6.209  8.359 0.0000000000
103006  29.090  8.093  8.472 0.0000000000
103005  29.734  7.758  8.851 0.0000000000
104869  32.581  9.869  9.455 0.0000000000
109705  25.683  14.419  6.564 0.0000000000
109725  25.788  14.772  5.298 0.0000000000
110620  25.784  15.193  5.023 0.0000000000
90726  28.213  -4.274  6.440 0.0000000000
89660  28.659  -5.117  6.720 0.0000000000
88598  29.195  -5.649  6.814 0.0000000000
88577  30.674  -6.117  8.472 0.0000000000
95105  30.057  -0.706  7.345 0.0000000000
96169  30.227  -0.290  7.765 0.0000000000
95095  30.969  -0.686  8.553 0.0000000000
96166  32.541  0.330  9.363 0.0000000000
94080  26.769  -1.567  6.598 0.0000000000
95108  28.008  -0.608  7.118 0.0000000000
96199  26.925  0.197  6.693 0.0000000000
96187  27.615  0.167  7.021 0.0000000000
96185  29.111  0.041  7.546 0.0000000000
97186  30.136  0.937  8.064 0.0000000000
98132  31.668  2.216  9.232 0.0000000000
101061  31.389  5.350  9.377 0.0000000000
100091  32.875  3.994  9.471 0.0000000000
105836  27.586  10.596  7.935 0.0000000000
110619  26.455  15.245  5.242 0.0000000000
111423  27.455  16.147  6.132 0.0000000000
110606  27.190  15.307  5.818 0.0000000000
109713  27.553  14.564  6.324 0.0000000000
108726  27.697  14.002  6.580 0.0000000000
108725  28.120  13.526  7.054 0.0000000000
108724  28.808  13.935  7.456 0.0000000000
107777  28.177  12.539  7.272 0.0000000000
106818  28.044  11.533  7.610 0.0000000000
105835  28.454  10.663  8.313 0.0000000000
105834  29.343  10.805  8.754 0.0000000000
105824  29.944  10.859  9.240 0.0000000000
107762  30.695  12.561  9.157 0.0000000000
106816  30.841  11.885  9.463 0.0000000000
105823  30.578  10.751  9.647 0.0000000000
105822  31.420  10.670  9.669 0.0000000000
105821  32.493  10.705  9.389 0.0000000000
85408  27.161  -9.516  7.323 0.0000000000
85397  27.518  -9.858  7.918 0.0000000000
86448  27.315  -7.842  6.261 0.0000000000
87509  28.151  -7.167  6.346 0.0000000000
86447  27.792  -7.614  6.343 0.0000000000
85396  28.212  -9.403  8.059 0.0000000000
94059  30.253  -1.501  7.351 0.0000000000
92947  30.317  -2.333  7.667 0.0000000000
91821  30.277  -3.131  8.119 0.0000000000
91805  31.097  -3.227  8.386 0.0000000000
90711  30.489  -4.022  8.181 0.0000000000
89647  30.628  -4.955  8.321 0.0000000000
94061  28.995  -1.126  6.817 0.0000000000
94078  28.582  -1.660  6.660 0.0000000000
95096  30.450  -0.760  7.867 0.0000000000
95107  28.749  -0.538  7.132 0.0000000000
96184  29.896  0.164  7.696 0.0000000000
98172  27.568  1.980  7.447 0.0000000000
103020  29.177  7.419  8.481 0.0000000000
104873  29.598  10.414  9.098 0.0000000000
105820  32.996  10.173  9.266 0.0000000000
105851  27.173  10.555  7.405 0.0000000000
106803  31.798  11.284  9.445 0.0000000000
106804  31.088  11.365  9.649 0.0000000000
106805  30.413  11.497  9.429 0.0000000000
106842  27.640  12.453  6.595 0.0000000000
106844  26.967  12.019  6.470 0.0000000000
107750  30.530  11.999  9.333 0.0000000000
107788  27.447  12.811  6.437 0.0000000000
109704  28.019  14.279  6.799 0.0000000000
109723  26.964  14.524  5.613 0.0000000000
110592  29.207  15.232  7.809 0.0000000000
110621  25.477  15.044  5.287 0.0000000000
111403  30.774  16.724  7.276 0.0000000000
111404  30.223  16.470  7.468 0.0000000000
111406  28.829  15.795  7.439 0.0000000000
