#!ascii label  , from subject 3002 vox2ras=TkReg
945
56236  -41.926  -17.528  48.737 0.0000000000
47804  -25.356  -24.464  54.228 0.0000000000
52559  -32.890  -21.095  48.717 0.0000000000
79160  -49.154  3.146  31.423 0.0000000000
81593  -55.539  3.955  25.304 0.0000000000
48872  -20.168  -23.054  60.555 0.0000000000
77970  -46.213  1.089  34.339 0.0000000000
59953  -44.594  -14.613  46.379 0.0000000000
55001  -36.976  -18.682  48.198 0.0000000000
48927  -21.787  -23.617  56.783 0.0000000000
45475  -23.487  -27.146  60.960 0.0000000000
58811  -37.123  -15.984  45.294 0.0000000000
60001  -39.492  -14.942  43.934 0.0000000000
50155  -28.620  -22.642  51.049 0.0000000000
58733  -33.682  -15.138  48.006 0.0000000000
67723  -43.530  -8.167  36.322 0.0000000000
72404  -46.424  -4.403  34.118 0.0000000000
74690  -49.720  -2.794  32.230 0.0000000000
43315  -17.119  -28.869  64.903 0.0000000000
43267  -15.032  -29.650  69.034 0.0000000000
62377  -37.666  -13.065  43.305 0.0000000000
66371  -37.742  -10.354  41.500 0.0000000000
66435  -40.658  -10.268  38.150 0.0000000000
44393  -20.642  -28.401  62.690 0.0000000000
46641  -26.536  -25.860  56.229 0.0000000000
47794  -27.896  -25.548  54.929 0.0000000000
55003  -39.187  -18.297  48.517 0.0000000000
51254  -24.211  -20.600  54.780 0.0000000000
48940  -23.720  -24.539  55.487 0.0000000000
46609  -24.887  -25.870  57.607 0.0000000000
58737  -38.120  -15.378  48.051 0.0000000000
58790  -35.920  -15.484  46.274 0.0000000000
71237  -42.273  -4.881  35.656 0.0000000000
70074  -45.294  -6.425  35.088 0.0000000000
73522  -43.826  -3.396  34.444 0.0000000000
75797  -46.743  -1.435  31.838 0.0000000000
76857  -48.550  -0.213  31.011 0.0000000000
74705  -51.994  -2.336  31.307 0.0000000000
78005  -50.696  0.545  29.471 0.0000000000
78024  -52.272  0.760  28.067 0.0000000000
63660  -38.330  -12.521  46.164 0.0000000000
61155  -38.930  -13.845  43.733 0.0000000000
64967  -37.079  -11.825  46.034 0.0000000000
67647  -34.419  -8.880  42.052 0.0000000000
68824  -36.142  -7.670  40.197 0.0000000000
66421  -39.067  -9.870  39.305 0.0000000000
68841  -38.345  -7.531  38.941 0.0000000000
68852  -40.290  -6.884  37.944 0.0000000000
51338  -31.106  -21.938  49.519 0.0000000000
45443  -18.354  -26.012  62.876 0.0000000000
46566  -19.455  -25.964  60.820 0.0000000000
40190  -14.193  -32.202  70.230 0.0000000000
39174  -12.680  -32.515  70.890 0.0000000000
75761  -44.267  -0.648  36.620 0.0000000000
62324  -45.111  -12.557  45.903 0.0000000000
54971  -35.007  -19.464  48.223 0.0000000000
48899  -20.833  -23.255  58.607 0.0000000000
46579  -20.997  -25.782  59.554 0.0000000000
47724  -22.849  -25.281  58.204 0.0000000000
80400  -57.217  2.923  24.170 0.0000000000
56279  -39.293  -17.660  46.138 0.0000000000
57604  -40.214  -16.706  44.774 0.0000000000
58833  -38.752  -15.765  44.503 0.0000000000
51294  -25.881  -21.633  53.030 0.0000000000
48984  -27.124  -23.717  52.678 0.0000000000
52519  -26.809  -20.468  51.886 0.0000000000
52543  -28.072  -19.801  50.185 0.0000000000
53786  -29.793  -19.335  48.247 0.0000000000
57475  -30.911  -15.713  49.943 0.0000000000
55016  -31.803  -17.963  46.868 0.0000000000
56254  -33.885  -18.202  46.186 0.0000000000
56276  -36.515  -17.985  45.763 0.0000000000
65056  -45.675  -10.509  38.332 0.0000000000
75785  -44.960  -1.652  33.358 0.0000000000
74663  -48.013  -3.655  33.504 0.0000000000
79193  -53.927  0.890  26.737 0.0000000000
44304  -15.847  -28.554  67.195 0.0000000000
41172  -15.065  -31.472  68.643 0.0000000000
58815  -42.235  -15.524  44.569 0.0000000000
61157  -42.733  -13.684  43.807 0.0000000000
63685  -41.347  -11.778  43.440 0.0000000000
64964  -33.736  -11.202  45.390 0.0000000000
65001  -37.808  -11.498  42.154 0.0000000000
66339  -41.312  -10.703  43.573 0.0000000000
67663  -40.611  -10.235  42.022 0.0000000000
66412  -42.149  -10.744  40.947 0.0000000000
65038  -43.402  -11.119  39.194 0.0000000000
66446  -42.169  -9.610  37.183 0.0000000000
70048  -41.581  -5.931  37.178 0.0000000000
48973  -30.506  -24.425  53.857 0.0000000000
45416  -17.655  -26.085  65.105 0.0000000000
43327  -18.390  -28.425  63.340 0.0000000000
44410  -22.205  -27.629  61.711 0.0000000000
38192  -12.806  -33.311  70.315 0.0000000000
46660  -25.678  -25.416  55.420 0.0000000000
46662  -27.189  -25.733  55.593 0.0000000000
47793  -26.782  -25.379  54.796 0.0000000000
56235  -40.526  -17.993  48.770 0.0000000000
48970  -24.736  -23.686  54.212 0.0000000000
50082  -24.143  -22.613  54.289 0.0000000000
47791  -24.863  -24.653  54.828 0.0000000000
46639  -24.841  -25.331  56.152 0.0000000000
73493  -42.393  -2.890  36.946 0.0000000000
72390  -42.794  -4.100  35.383 0.0000000000
74651  -42.920  -2.701  35.904 0.0000000000
79153  -48.694  2.776  32.331 0.0000000000
77995  -48.072  1.060  31.350 0.0000000000
77996  -48.789  0.811  30.521 0.0000000000
78004  -49.742  0.496  30.010 0.0000000000
80355  -49.404  2.282  30.038 0.0000000000
79168  -50.307  2.041  29.418 0.0000000000
63634  -37.871  -12.091  46.777 0.0000000000
69956  -35.378  -5.850  42.427 0.0000000000
68826  -37.053  -7.145  39.641 0.0000000000
69982  -37.812  -5.604  40.982 0.0000000000
70002  -38.742  -5.929  40.184 0.0000000000
52545  -31.833  -21.746  49.271 0.0000000000
51324  -32.759  -22.780  50.506 0.0000000000
51340  -33.103  -22.285  49.810 0.0000000000
47701  -19.325  -24.769  61.642 0.0000000000
47710  -19.740  -24.955  60.181 0.0000000000
79209  -55.843  1.872  25.415 0.0000000000
40184  -13.676  -31.964  70.355 0.0000000000
58742  -44.928  -15.162  47.889 0.0000000000
61136  -44.978  -13.681  46.063 0.0000000000
54999  -35.105  -18.840  47.862 0.0000000000
54955  -36.784  -19.181  49.710 0.0000000000
50063  -22.017  -22.213  56.180 0.0000000000
51230  -21.398  -21.262  57.385 0.0000000000
50027  -21.058  -21.520  58.765 0.0000000000
48915  -21.059  -23.193  58.069 0.0000000000
48900  -21.179  -23.967  58.039 0.0000000000
47737  -22.190  -24.563  57.583 0.0000000000
46596  -25.747  -26.280  58.697 0.0000000000
46595  -24.549  -26.124  58.713 0.0000000000
56296  -37.979  -17.284  45.037 0.0000000000
57603  -39.242  -16.567  44.372 0.0000000000
58832  -38.203  -16.101  44.560 0.0000000000
52507  -26.021  -20.890  53.223 0.0000000000
51309  -26.504  -21.407  52.212 0.0000000000
52520  -27.036  -19.375  52.521 0.0000000000
53743  -27.662  -18.340  51.338 0.0000000000
54953  -28.100  -17.905  50.512 0.0000000000
53770  -28.774  -19.338  49.206 0.0000000000
54969  -28.893  -18.114  49.274 0.0000000000
58687  -34.045  -15.095  49.897 0.0000000000
58702  -32.296  -15.273  48.950 0.0000000000
56251  -31.375  -17.079  47.185 0.0000000000
57521  -32.131  -15.874  47.299 0.0000000000
56253  -33.199  -17.474  46.187 0.0000000000
57542  -33.383  -16.199  46.111 0.0000000000
57568  -36.181  -16.008  45.567 0.0000000000
57586  -35.767  -16.650  45.391 0.0000000000
56295  -36.920  -17.378  45.227 0.0000000000
56278  -38.437  -17.884  45.949 0.0000000000
67708  -44.782  -9.133  36.945 0.0000000000
67697  -46.283  -9.624  37.699 0.0000000000
68885  -45.588  -8.236  36.480 0.0000000000
71249  -45.721  -5.688  34.693 0.0000000000
70064  -47.230  -7.167  35.741 0.0000000000
76823  -44.965  0.132  35.204 0.0000000000
76822  -44.485  -0.640  34.577 0.0000000000
76831  -45.023  -0.026  34.074 0.0000000000
74701  -48.108  -2.268  31.615 0.0000000000
74687  -46.803  -2.468  32.293 0.0000000000
74675  -48.414  -3.304  32.888 0.0000000000
74664  -49.345  -3.726  34.023 0.0000000000
78035  -52.932  0.771  27.539 0.0000000000
80382  -52.594  2.315  26.833 0.0000000000
80384  -53.742  2.350  26.179 0.0000000000
44339  -17.199  -27.188  65.712 0.0000000000
44305  -16.498  -27.297  67.660 0.0000000000
43295  -16.191  -28.759  66.151 0.0000000000
41187  -15.929  -31.134  67.505 0.0000000000
39192  -16.090  -33.023  69.780 0.0000000000
58835  -40.635  -15.568  43.917 0.0000000000
58814  -41.341  -15.819  44.350 0.0000000000
60002  -40.862  -14.987  43.479 0.0000000000
62378  -38.760  -13.444  43.076 0.0000000000
61170  -40.716  -13.785  42.975 0.0000000000
62379  -40.131  -13.143  42.742 0.0000000000
62360  -41.949  -12.509  43.437 0.0000000000
63696  -39.611  -12.376  42.756 0.0000000000
67585  -33.551  -8.547  46.140 0.0000000000
66369  -35.313  -9.826  41.520 0.0000000000
64999  -34.879  -11.120  42.634 0.0000000000
65010  -36.996  -10.879  41.782 0.0000000000
66355  -39.028  -10.809  42.303 0.0000000000
66372  -38.822  -10.270  41.819 0.0000000000
67631  -40.855  -10.411  42.778 0.0000000000
66392  -39.795  -10.099  41.457 0.0000000000
66433  -38.827  -9.426  38.770 0.0000000000
66423  -40.765  -10.425  39.993 0.0000000000
65036  -40.994  -10.664  39.299 0.0000000000
65028  -42.932  -10.985  40.388 0.0000000000
65052  -41.361  -10.661  38.314 0.0000000000
65069  -42.913  -10.374  37.521 0.0000000000
66445  -40.952  -9.811  37.592 0.0000000000
70022  -40.450  -5.813  39.002 0.0000000000
68853  -41.003  -6.798  37.630 0.0000000000
71208  -41.318  -5.728  38.059 0.0000000000
50140  -28.174  -23.107  51.680 0.0000000000
47817  -28.887  -24.670  53.450 0.0000000000
48998  -29.629  -24.038  52.305 0.0000000000
44407  -19.216  -27.413  61.976 0.0000000000
44390  -18.217  -27.154  62.920 0.0000000000
43340  -18.998  -28.350  62.849 0.0000000000
46580  -22.315  -26.150  59.542 0.0000000000
45493  -21.879  -26.662  60.167 0.0000000000
45474  -22.537  -27.179  60.912 0.0000000000
46611  -27.459  -26.101  58.050 0.0000000000
46624  -28.058  -25.924  57.302 0.0000000000
46643  -28.751  -25.829  56.511 0.0000000000
47775  -30.367  -25.337  56.608 0.0000000000
55002  -38.008  -18.621  48.291 0.0000000000
54974  -37.365  -18.813  49.114 0.0000000000
51253  -23.483  -20.741  55.098 0.0000000000
50080  -22.732  -22.160  55.232 0.0000000000
48938  -22.507  -23.572  56.118 0.0000000000
47755  -23.126  -24.767  56.935 0.0000000000
47757  -24.325  -25.238  56.277 0.0000000000
46621  -24.968  -25.553  56.645 0.0000000000
58791  -36.951  -15.639  46.035 0.0000000000
58793  -38.583  -15.090  46.498 0.0000000000
58705  -35.411  -15.080  49.103 0.0000000000
58760  -34.233  -15.461  46.799 0.0000000000
58762  -36.546  -15.347  47.395 0.0000000000
70060  -42.224  -6.098  36.003 0.0000000000
70062  -44.809  -7.171  35.581 0.0000000000
70073  -44.097  -6.180  35.165 0.0000000000
71248  -44.531  -5.504  34.706 0.0000000000
72403  -45.454  -4.306  34.108 0.0000000000
77986  -46.020  0.399  32.854 0.0000000000
77988  -47.600  1.030  32.099 0.0000000000
76856  -47.690  -0.055  31.474 0.0000000000
75808  -49.207  -1.329  31.114 0.0000000000
74704  -50.947  -2.315  31.329 0.0000000000
75809  -50.217  -1.498  30.865 0.0000000000
75820  -51.264  -0.888  30.063 0.0000000000
76870  -52.463  -0.743  29.714 0.0000000000
78014  -51.530  0.638  28.875 0.0000000000
79181  -51.416  1.519  28.409 0.0000000000
42281  -17.543  -29.545  64.873 0.0000000000
42261  -17.125  -30.118  65.626 0.0000000000
41209  -17.958  -30.553  65.684 0.0000000000
62340  -38.795  -13.428  46.043 0.0000000000
61156  -39.134  -14.235  44.017 0.0000000000
62339  -38.624  -13.114  45.556 0.0000000000
62358  -37.939  -13.013  44.308 0.0000000000
62357  -37.327  -13.040  43.994 0.0000000000
68796  -33.868  -7.713  43.742 0.0000000000
68797  -34.433  -6.659  43.057 0.0000000000
68816  -34.810  -7.965  41.754 0.0000000000
66389  -36.302  -9.419  40.439 0.0000000000
66390  -37.425  -9.963  40.627 0.0000000000
67672  -36.870  -8.856  39.735 0.0000000000
67684  -38.042  -8.491  38.904 0.0000000000
67695  -38.942  -8.699  38.391 0.0000000000
67696  -39.841  -8.757  37.881 0.0000000000
68842  -39.042  -7.095  38.770 0.0000000000
51322  -30.460  -22.528  50.257 0.0000000000
50142  -30.569  -23.925  51.952 0.0000000000
50157  -31.131  -23.224  51.086 0.0000000000
46565  -19.062  -25.850  61.711 0.0000000000
45471  -19.350  -26.822  61.402 0.0000000000
41158  -14.256  -30.740  69.830 0.0000000000
42190  -14.352  -29.820  70.102 0.0000000000
41157  -13.945  -30.983  70.159 0.0000000000
40183  -12.834  -31.718  70.590 0.0000000000
40182  -12.530  -31.547  71.458 0.0000000000
63637  -44.684  -11.655  45.851 0.0000000000
53773  -33.414  -20.534  48.200 0.0000000000
52547  -34.017  -21.685  49.444 0.0000000000
51205  -21.160  -21.146  60.317 0.0000000000
48885  -20.373  -23.283  59.452 0.0000000000
47711  -20.345  -24.577  59.297 0.0000000000
47722  -20.988  -24.389  58.610 0.0000000000
46593  -21.802  -25.365  58.927 0.0000000000
46581  -23.056  -26.354  59.676 0.0000000000
46608  -23.729  -25.640  58.037 0.0000000000
45511  -24.374  -26.437  59.498 0.0000000000
45496  -24.958  -26.758  60.355 0.0000000000
81598  -56.147  3.804  24.807 0.0000000000
56280  -40.180  -17.396  46.500 0.0000000000
57570  -40.823  -17.108  46.493 0.0000000000
56298  -39.835  -17.314  45.498 0.0000000000
58834  -39.762  -15.946  44.019 0.0000000000
60000  -39.258  -15.399  44.237 0.0000000000
59966  -38.918  -14.748  46.091 0.0000000000
59967  -38.975  -14.265  46.363 0.0000000000
61143  -38.865  -14.135  45.321 0.0000000000
62322  -38.805  -13.167  47.175 0.0000000000
50099  -25.702  -22.974  53.229 0.0000000000
48983  -26.244  -23.764  53.175 0.0000000000
50120  -26.190  -22.672  52.727 0.0000000000
50139  -27.130  -22.568  51.915 0.0000000000
50154  -27.654  -22.353  51.248 0.0000000000
53729  -27.442  -18.470  52.180 0.0000000000
52532  -27.318  -19.714  51.110 0.0000000000
51321  -29.155  -22.139  50.286 0.0000000000
51349  -29.526  -20.883  49.243 0.0000000000
52557  -30.047  -20.614  48.721 0.0000000000
53771  -31.359  -20.113  48.048 0.0000000000
56196  -30.284  -15.893  50.550 0.0000000000
56232  -29.850  -17.123  48.775 0.0000000000
54995  -30.969  -18.291  47.293 0.0000000000
53789  -32.703  -19.761  47.580 0.0000000000
54997  -33.158  -19.195  47.050 0.0000000000
55018  -33.585  -18.560  46.681 0.0000000000
55020  -35.568  -18.642  47.104 0.0000000000
57566  -34.644  -16.317  45.555 0.0000000000
56275  -35.591  -17.933  45.708 0.0000000000
55021  -36.517  -18.551  47.281 0.0000000000
55040  -37.925  -18.239  46.549 0.0000000000
56256  -39.425  -17.742  47.121 0.0000000000
51277  -25.333  -21.451  53.794 0.0000000000
70063  -46.061  -7.272  35.686 0.0000000000
74652  -43.288  -2.343  35.273 0.0000000000
74659  -44.124  -2.500  34.184 0.0000000000
73532  -45.754  -3.766  33.820 0.0000000000
75786  -45.683  -1.626  32.664 0.0000000000
74673  -46.346  -2.679  32.870 0.0000000000
73533  -46.691  -3.925  33.754 0.0000000000
73535  -48.507  -4.049  34.133 0.0000000000
78046  -55.008  0.896  26.260 0.0000000000
79202  -55.253  1.565  25.829 0.0000000000
81592  -54.649  4.187  25.987 0.0000000000
44288  -15.848  -28.100  68.426 0.0000000000
43277  -15.290  -29.315  68.122 0.0000000000
43294  -16.025  -29.392  66.434 0.0000000000
42220  -15.335  -29.917  67.575 0.0000000000
42208  -14.782  -30.494  68.827 0.0000000000
40196  -14.610  -32.273  69.854 0.0000000000
57572  -42.291  -15.937  46.050 0.0000000000
58767  -43.042  -15.500  46.257 0.0000000000
58795  -43.413  -15.010  45.690 0.0000000000
60017  -41.145  -14.356  43.234 0.0000000000
59984  -42.843  -14.611  44.334 0.0000000000
59985  -43.475  -14.467  44.931 0.0000000000
62362  -43.325  -13.032  44.230 0.0000000000
62341  -43.183  -12.356  44.451 0.0000000000
63661  -42.623  -11.519  44.598 0.0000000000
64965  -34.894  -11.611  45.643 0.0000000000
63682  -35.581  -12.391  44.167 0.0000000000
66352  -33.605  -10.105  43.499 0.0000000000
63693  -35.388  -12.163  43.017 0.0000000000
63695  -38.291  -12.480  42.677 0.0000000000
65002  -39.267  -11.539  42.615 0.0000000000
64989  -41.420  -11.236  43.718 0.0000000000
66409  -39.338  -9.996  40.311 0.0000000000
66394  -41.707  -10.444  41.518 0.0000000000
65039  -44.615  -10.940  39.110 0.0000000000
66436  -43.949  -10.122  37.500 0.0000000000
67706  -42.592  -8.462  36.609 0.0000000000
68866  -40.805  -7.687  37.420 0.0000000000
68867  -41.519  -7.148  36.946 0.0000000000
68882  -42.336  -7.221  36.359 0.0000000000
70049  -41.660  -5.601  36.789 0.0000000000
71228  -41.330  -4.442  37.006 0.0000000000
47816  -27.868  -24.574  53.384 0.0000000000
47808  -29.736  -24.844  54.165 0.0000000000
48988  -31.011  -24.179  53.344 0.0000000000
44356  -17.293  -27.562  64.339 0.0000000000
45431  -18.164  -25.623  63.993 0.0000000000
44373  -18.008  -27.525  63.331 0.0000000000
43316  -17.726  -28.765  64.194 0.0000000000
42283  -19.042  -29.659  64.582 0.0000000000
46578  -20.245  -26.106  60.226 0.0000000000
45472  -20.350  -26.938  60.908 0.0000000000
44409  -21.106  -27.734  61.684 0.0000000000
37201  -13.636  -33.894  70.675 0.0000000000
38186  -12.695  -33.233  70.767 0.0000000000
39183  -12.027  -32.478  71.957 0.0000000000
57525  -42.475  -17.087  48.467 0.0000000000
47792  -25.758  -25.142  54.851 0.0000000000
47805  -26.263  -24.662  53.959 0.0000000000
56257  -40.310  -17.569  47.521 0.0000000000
73509  -42.533  -3.145  35.960 0.0000000000
74633  -42.987  -2.549  37.081 0.0000000000
79154  -49.029  3.195  32.120 0.0000000000
79159  -48.600  2.302  31.203 0.0000000000
79166  -49.085  1.734  30.192 0.0000000000
80348  -49.205  2.724  30.620 0.0000000000
69981  -36.730  -6.164  40.648 0.0000000000
52546  -32.595  -21.738  49.209 0.0000000000
48871  -19.870  -23.681  61.161 0.0000000000
80392  -56.000  2.679  25.019 0.0000000000
79210  -56.616  1.468  25.284 0.0000000000
59954  -45.181  -14.466  46.976 0.0000000000
59969  -44.774  -14.279  46.261 0.0000000000
55000  -36.023  -18.717  48.096 0.0000000000
54954  -36.252  -19.322  49.334 0.0000000000
54973  -36.471  -18.884  48.954 0.0000000000
50048  -21.727  -22.782  56.681 0.0000000000
50037  -21.032  -22.255  57.985 0.0000000000
48916  -21.538  -23.864  57.335 0.0000000000
48917  -22.208  -24.449  57.260 0.0000000000
57589  -37.942  -16.503  44.673 0.0000000000
58812  -37.714  -15.734  45.037 0.0000000000
52508  -26.509  -20.272  53.057 0.0000000000
56178  -29.051  -16.820  51.271 0.0000000000
56194  -28.794  -17.294  50.421 0.0000000000
56209  -29.147  -17.242  49.976 0.0000000000
58703  -33.194  -15.195  49.198 0.0000000000
58732  -32.480  -15.360  47.975 0.0000000000
58758  -32.543  -15.708  47.238 0.0000000000
57541  -32.564  -16.299  46.718 0.0000000000
58759  -33.117  -15.582  47.097 0.0000000000
57569  -36.732  -16.094  45.321 0.0000000000
57588  -37.209  -16.522  44.984 0.0000000000
67724  -44.529  -8.517  36.530 0.0000000000
67725  -45.173  -8.768  36.778 0.0000000000
72393  -46.113  -5.014  34.381 0.0000000000
71250  -46.813  -5.678  34.839 0.0000000000
72394  -47.135  -5.000  34.546 0.0000000000
77969  -45.524  0.689  34.714 0.0000000000
74702  -48.916  -2.204  31.562 0.0000000000
74689  -48.700  -2.783  32.219 0.0000000000
74676  -49.553  -3.226  33.060 0.0000000000
81589  -52.865  2.655  26.638 0.0000000000
44338  -16.692  -28.115  65.088 0.0000000000
44322  -16.391  -28.001  66.288 0.0000000000
43306  -16.515  -29.078  65.588 0.0000000000
66370  -36.592  -10.284  41.194 0.0000000000
66354  -38.221  -10.739  41.894 0.0000000000
66391  -38.550  -10.003  40.996 0.0000000000
66434  -39.861  -9.873  38.352 0.0000000000
65035  -40.336  -10.408  38.871 0.0000000000
65051  -40.614  -10.424  38.551 0.0000000000
65037  -42.147  -11.027  39.250 0.0000000000
65068  -41.966  -10.370  37.682 0.0000000000
48997  -28.739  -23.781  52.254 0.0000000000
50141  -29.263  -23.458  51.679 0.0000000000
44392  -19.501  -28.114  62.345 0.0000000000
43341  -19.730  -28.557  62.938 0.0000000000
45494  -22.860  -26.719  60.203 0.0000000000
43268  -15.402  -28.714  69.190 0.0000000000
43260  -15.354  -28.262  70.083 0.0000000000
57527  -43.789  -16.027  48.022 0.0000000000
46623  -26.954  -26.019  57.111 0.0000000000
46663  -28.140  -25.736  55.770 0.0000000000
47774  -29.487  -25.609  56.363 0.0000000000
47795  -29.232  -25.462  55.435 0.0000000000
52478  -24.760  -20.371  54.865 0.0000000000
48956  -23.845  -23.938  54.930 0.0000000000
50081  -23.166  -22.743  54.896 0.0000000000
50065  -22.890  -23.316  55.384 0.0000000000
50064  -22.453  -22.776  55.753 0.0000000000
48939  -23.062  -24.069  55.813 0.0000000000
47771  -23.795  -24.825  55.914 0.0000000000
46640  -25.492  -25.520  55.974 0.0000000000
46622  -25.832  -25.996  56.872 0.0000000000
46610  -26.295  -26.174  57.846 0.0000000000
58763  -37.565  -15.478  47.340 0.0000000000
58764  -38.361  -15.301  47.335 0.0000000000
58734  -34.821  -15.103  48.029 0.0000000000
57523  -37.659  -15.209  48.461 0.0000000000
57545  -37.211  -15.318  47.831 0.0000000000
70072  -43.056  -5.846  35.396 0.0000000000
73521  -43.141  -3.352  35.217 0.0000000000
72391  -43.769  -4.404  34.543 0.0000000000
72392  -45.014  -4.892  34.317 0.0000000000
72402  -44.556  -4.126  34.229 0.0000000000
77978  -47.264  1.150  32.896 0.0000000000
77994  -47.710  0.618  31.644 0.0000000000
76858  -49.677  -0.418  30.534 0.0000000000
76868  -50.539  -0.426  30.101 0.0000000000
76869  -51.476  -0.350  29.632 0.0000000000
76878  -52.107  -0.157  29.235 0.0000000000
78006  -51.344  0.237  29.351 0.0000000000
80357  -50.703  2.628  29.456 0.0000000000
79175  -50.847  1.654  28.960 0.0000000000
62321  -38.651  -12.839  46.631 0.0000000000
61142  -38.747  -13.750  44.868 0.0000000000
63659  -37.668  -12.285  45.688 0.0000000000
63684  -37.344  -12.641  44.664 0.0000000000
63658  -36.933  -12.166  45.251 0.0000000000
69964  -35.752  -6.358  41.286 0.0000000000
68807  -34.943  -6.980  41.985 0.0000000000
68817  -35.373  -7.524  40.950 0.0000000000
66388  -35.589  -9.127  40.891 0.0000000000
67661  -35.760  -8.501  40.526 0.0000000000
66406  -36.693  -9.055  39.926 0.0000000000
67671  -36.493  -8.506  39.929 0.0000000000
68840  -37.561  -7.534  39.306 0.0000000000
67685  -38.505  -8.133  38.616 0.0000000000
68850  -38.838  -7.813  38.502 0.0000000000
70021  -39.416  -6.305  39.365 0.0000000000
51323  -31.671  -22.703  50.348 0.0000000000
51310  -33.288  -22.993  51.054 0.0000000000
50159  -32.875  -23.128  51.141 0.0000000000
47700  -19.082  -25.298  62.092 0.0000000000
41165  -14.241  -31.511  69.937 0.0000000000
39175  -13.497  -32.857  70.441 0.0000000000
61121  -45.710  -13.231  46.513 0.0000000000
62307  -45.664  -12.167  46.509 0.0000000000
53774  -34.533  -20.246  48.107 0.0000000000
53760  -34.987  -20.755  49.069 0.0000000000
50036  -20.892  -22.709  58.470 0.0000000000
50026  -20.800  -22.126  59.164 0.0000000000
50022  -20.465  -22.129  60.422 0.0000000000
47723  -22.127  -24.786  58.159 0.0000000000
46594  -23.186  -25.863  58.886 0.0000000000
47739  -23.710  -25.365  57.241 0.0000000000
45512  -25.359  -26.508  59.558 0.0000000000
59982  -38.886  -14.998  44.793 0.0000000000
58765  -38.896  -14.761  47.448 0.0000000000
61119  -38.842  -13.398  47.946 0.0000000000
59983  -38.885  -14.561  45.264 0.0000000000
61134  -38.872  -13.746  46.759 0.0000000000
50119  -25.685  -22.268  53.201 0.0000000000
51319  -27.094  -21.512  51.483 0.0000000000
53757  -27.788  -18.806  50.611 0.0000000000
51335  -27.910  -20.458  50.378 0.0000000000
51320  -27.772  -21.397  50.634 0.0000000000
51336  -28.718  -20.882  49.859 0.0000000000
53785  -29.227  -19.313  48.717 0.0000000000
52568  -29.681  -19.957  48.500 0.0000000000
52569  -30.377  -20.128  48.279 0.0000000000
53787  -30.648  -19.443  47.853 0.0000000000
57476  -31.722  -15.476  50.080 0.0000000000
57456  -32.236  -15.608  51.012 0.0000000000
56197  -31.337  -15.725  50.691 0.0000000000
56211  -30.213  -16.199  49.267 0.0000000000
53788  -31.658  -19.506  47.602 0.0000000000
54996  -32.131  -18.862  47.117 0.0000000000
55017  -32.657  -18.243  46.724 0.0000000000
55019  -34.553  -18.669  46.681 0.0000000000
58789  -35.021  -15.610  46.205 0.0000000000
58788  -34.491  -15.705  46.046 0.0000000000
56294  -36.077  -17.340  45.427 0.0000000000
56293  -35.308  -17.250  45.355 0.0000000000
55038  -36.067  -18.414  46.384 0.0000000000
55039  -37.005  -18.328  46.495 0.0000000000
56255  -38.830  -17.901  46.623 0.0000000000
51278  -25.694  -21.131  53.540 0.0000000000
51266  -25.467  -20.826  54.055 0.0000000000
51293  -25.539  -21.755  53.431 0.0000000000
50098  -25.106  -22.444  53.670 0.0000000000
65040  -45.802  -10.771  38.966 0.0000000000
68869  -46.753  -8.740  37.330 0.0000000000
67698  -47.040  -9.535  37.979 0.0000000000
75760  -43.594  -1.505  36.149 0.0000000000
75776  -44.317  -1.517  33.990 0.0000000000
74671  -44.713  -2.254  33.622 0.0000000000
74660  -45.082  -3.024  33.621 0.0000000000
76847  -46.234  -0.262  32.261 0.0000000000
75796  -45.921  -0.927  32.328 0.0000000000
74674  -47.346  -3.061  32.839 0.0000000000
74662  -46.991  -3.483  33.370 0.0000000000
73534  -47.602  -3.995  33.854 0.0000000000
74653  -49.808  -3.790  34.601 0.0000000000
78025  -53.215  0.231  28.043 0.0000000000
78036  -53.709  0.449  27.344 0.0000000000
78037  -54.769  0.340  26.974 0.0000000000
81591  -53.854  3.369  26.350 0.0000000000
80385  -54.488  2.597  25.820 0.0000000000
80386  -55.272  2.779  25.436 0.0000000000
42245  -17.112  -30.572  66.192 0.0000000000
43305  -16.559  -29.821  65.937 0.0000000000
42244  -16.572  -30.355  66.328 0.0000000000
41179  -15.673  -31.460  68.023 0.0000000000
42231  -15.586  -30.885  67.637 0.0000000000
42219  -15.189  -30.499  67.997 0.0000000000
41166  -14.497  -31.315  69.373 0.0000000000
39191  -15.272  -32.879  69.989 0.0000000000
57590  -40.683  -16.939  45.844 0.0000000000
57571  -41.559  -16.737  46.681 0.0000000000
57591  -41.452  -16.267  45.213 0.0000000000
57592  -42.206  -15.844  45.325 0.0000000000
58794  -42.758  -15.555  45.467 0.0000000000
58816  -42.948  -15.030  45.014 0.0000000000
60016  -40.262  -14.449  43.262 0.0000000000
61169  -39.578  -13.959  43.147 0.0000000000
61171  -41.733  -13.784  43.188 0.0000000000
61144  -43.241  -13.983  44.403 0.0000000000
61145  -43.844  -13.609  44.666 0.0000000000
61158  -43.303  -13.567  44.258 0.0000000000
63698  -41.499  -12.216  43.310 0.0000000000
62361  -42.637  -12.602  43.877 0.0000000000
63687  -42.757  -11.982  44.362 0.0000000000
63662  -43.295  -11.721  44.960 0.0000000000
66319  -33.713  -10.283  46.101 0.0000000000
66320  -34.456  -10.942  46.518 0.0000000000
64987  -34.765  -12.006  44.457 0.0000000000
67630  -33.549  -8.996  43.206 0.0000000000
65000  -36.251  -11.630  42.208 0.0000000000
66356  -40.407  -10.664  42.962 0.0000000000
64988  -40.904  -11.014  43.611 0.0000000000
66338  -40.718  -10.892  43.406 0.0000000000
64990  -42.253  -11.117  44.448 0.0000000000
66340  -42.119  -10.700  44.139 0.0000000000
67649  -41.096  -10.312  42.546 0.0000000000
66408  -38.261  -9.883  40.001 0.0000000000
66411  -41.244  -10.501  40.660 0.0000000000
65029  -44.162  -10.970  40.157 0.0000000000
65019  -43.798  -10.798  41.037 0.0000000000
65030  -45.292  -10.925  40.015 0.0000000000
65070  -43.530  -10.274  37.509 0.0000000000
66447  -43.331  -9.675  37.128 0.0000000000
68865  -40.193  -7.955  37.739 0.0000000000
67704  -40.546  -8.731  37.509 0.0000000000
70032  -41.355  -6.144  37.646 0.0000000000
70059  -41.855  -6.390  36.639 0.0000000000
47815  -26.963  -24.433  53.380 0.0000000000
47818  -29.490  -24.638  53.475 0.0000000000
47796  -30.612  -24.772  55.211 0.0000000000
47809  -30.449  -24.620  54.433 0.0000000000
50123  -31.438  -23.943  52.810 0.0000000000
50122  -30.848  -24.135  52.755 0.0000000000
52533  -34.269  -22.236  50.218 0.0000000000
46539  -18.924  -25.311  63.304 0.0000000000
44374  -18.372  -27.948  62.991 0.0000000000
43326  -17.713  -28.123  63.665 0.0000000000
43317  -18.737  -29.214  63.981 0.0000000000
45473  -21.515  -27.191  60.881 0.0000000000
45492  -20.989  -26.585  60.281 0.0000000000
81599  -56.691  3.809  24.339 0.0000000000
37204  -12.964  -34.026  70.208 0.0000000000
37200  -13.227  -34.210  70.330 0.0000000000
38185  -11.959  -32.818  71.413 0.0000000000
46661  -26.225  -25.586  55.472 0.0000000000
56234  -39.710  -17.851  47.951 0.0000000000
51265  -24.763  -21.184  54.284 0.0000000000
51264  -23.748  -21.571  54.549 0.0000000000
47772  -24.466  -25.032  55.565 0.0000000000
47773  -25.257  -25.210  55.344 0.0000000000
57524  -38.197  -15.299  48.586 0.0000000000
72380  -41.934  -3.682  36.180 0.0000000000
77989  -48.047  1.590  31.885 0.0000000000
79158  -48.321  2.010  31.813 0.0000000000
79167  -49.822  1.615  29.617 0.0000000000
79174  -50.466  1.358  29.281 0.0000000000
80356  -49.928  2.831  30.042 0.0000000000
64944  -37.054  -11.495  47.301 0.0000000000
69980  -36.083  -6.861  40.437 0.0000000000
69999  -36.360  -7.146  40.096 0.0000000000
70000  -36.693  -6.785  39.996 0.0000000000
70001  -37.625  -6.527  39.852 0.0000000000
70020  -38.540  -6.731  39.402 0.0000000000
51339  -32.203  -22.266  49.733 0.0000000000
51325  -33.686  -22.508  50.446 0.0000000000
79203  -56.045  1.109  25.764 0.0000000000
39176  -14.360  -33.189  70.536 0.0000000000
38179  -13.477  -33.578  70.506 0.0000000000
53775  -35.475  -20.070  48.589 0.0000000000
54972  -35.653  -19.192  48.859 0.0000000000
53762  -37.347  -19.755  50.245 0.0000000000
51241  -22.296  -20.991  56.029 0.0000000000
52445  -21.878  -20.683  57.072 0.0000000000
51218  -21.499  -20.800  58.621 0.0000000000
56297  -38.965  -17.463  45.286 0.0000000000
56310  -38.735  -17.038  44.652 0.0000000000
57602  -38.516  -16.480  44.462 0.0000000000
51295  -26.168  -21.152  52.776 0.0000000000
54936  -27.902  -17.911  51.168 0.0000000000
54952  -27.788  -18.222  50.896 0.0000000000
53758  -28.220  -18.987  49.785 0.0000000000
52544  -28.648  -19.958  49.531 0.0000000000
54993  -29.396  -18.757  48.575 0.0000000000
58686  -33.443  -15.259  49.983 0.0000000000
57494  -32.044  -15.347  49.462 0.0000000000
57493  -31.240  -15.691  49.006 0.0000000000
57520  -31.473  -15.935  47.755 0.0000000000
56252  -32.205  -17.247  46.730 0.0000000000
56273  -33.635  -17.012  45.731 0.0000000000
57567  -35.440  -16.016  45.637 0.0000000000
57587  -36.448  -16.670  45.252 0.0000000000
56277  -37.468  -17.939  45.774 0.0000000000
66449  -45.039  -9.645  37.359 0.0000000000
66438  -45.660  -10.093  37.796 0.0000000000
67709  -45.766  -9.153  37.185 0.0000000000
68868  -46.048  -8.721  36.973 0.0000000000
70075  -46.460  -6.442  35.190 0.0000000000
75768  -44.475  -0.440  35.586 0.0000000000
76830  -44.771  -0.869  33.613 0.0000000000
75798  -47.537  -1.968  31.576 0.0000000000
74688  -47.597  -2.621  32.035 0.0000000000
79182  -51.846  1.278  28.100 0.0000000000
78034  -52.518  1.083  27.660 0.0000000000
79192  -53.302  1.100  27.033 0.0000000000
79200  -53.559  1.577  26.512 0.0000000000
80383  -53.124  2.246  26.490 0.0000000000
81590  -53.203  2.931  26.513 0.0000000000
44323  -17.040  -26.945  66.897 0.0000000000
44321  -16.070  -28.656  66.487 0.0000000000
40202  -15.913  -32.282  68.821 0.0000000000
57605  -40.716  -16.107  44.389 0.0000000000
58836  -41.459  -15.368  43.924 0.0000000000
61168  -39.107  -13.778  43.234 0.0000000000
62380  -41.320  -12.940  42.963 0.0000000000
62381  -42.139  -13.086  43.345 0.0000000000
63697  -40.774  -12.179  43.015 0.0000000000
66337  -33.239  -10.466  44.930 0.0000000000
66353  -34.189  -9.973  42.621 0.0000000000
65009  -35.967  -10.793  41.788 0.0000000000
65011  -37.686  -10.847  41.816 0.0000000000
66357  -41.179  -10.513  43.298 0.0000000000
66373  -39.767  -10.378  42.205 0.0000000000
67662  -40.151  -10.256  42.059 0.0000000000
66422  -40.068  -10.262  39.497 0.0000000000
65026  -41.195  -10.593  40.007 0.0000000000
65027  -41.754  -10.843  40.107 0.0000000000
66413  -42.830  -10.765  41.165 0.0000000000
65053  -42.596  -10.867  38.271 0.0000000000
70031  -40.927  -6.112  38.107 0.0000000000
71227  -41.484  -5.254  37.207 0.0000000000
48996  -27.756  -23.463  52.219 0.0000000000
48985  -28.292  -24.114  52.804 0.0000000000
48986  -29.322  -24.315  52.944 0.0000000000
48972  -29.889  -24.521  53.466 0.0000000000
45456  -18.784  -26.607  62.185 0.0000000000
45455  -18.350  -26.807  62.700 0.0000000000
44391  -18.618  -27.604  62.600 0.0000000000
43328  -19.296  -28.863  63.434 0.0000000000
58741  -44.301  -15.553  47.583 0.0000000000
58768  -44.021  -15.189  46.701 0.0000000000
46597  -26.922  -26.337  58.817 0.0000000000
46612  -28.527  -26.130  58.210 0.0000000000
46642  -27.598  -25.862  56.416 0.0000000000
46625  -29.080  -25.998  57.469 0.0000000000
52461  -23.289  -20.341  55.956 0.0000000000
51263  -23.085  -21.693  54.950 0.0000000000
51252  -22.679  -21.338  55.507 0.0000000000
51251  -22.204  -21.769  55.909 0.0000000000
50049  -22.231  -23.334  56.273 0.0000000000
48928  -22.320  -24.103  56.638 0.0000000000
48929  -23.053  -24.461  56.517 0.0000000000
47756  -23.597  -24.942  56.507 0.0000000000
47740  -24.290  -25.456  56.850 0.0000000000
58792  -37.946  -15.383  46.248 0.0000000000
58704  -34.333  -15.110  49.014 0.0000000000
58761  -35.402  -15.291  47.131 0.0000000000
58736  -36.493  -15.118  48.274 0.0000000000
68883  -43.100  -7.341  36.005 0.0000000000
68884  -44.197  -7.738  36.034 0.0000000000
70061  -43.560  -6.777  35.596 0.0000000000
71247  -43.322  -5.199  34.952 0.0000000000
77976  -45.709  0.530  33.675 0.0000000000
77977  -46.603  0.984  33.421 0.0000000000
77987  -46.767  0.582  32.515 0.0000000000
76848  -47.136  -0.075  31.854 0.0000000000
76849  -47.516  0.390  31.743 0.0000000000
75806  -47.356  -0.637  31.574 0.0000000000
75807  -47.970  -1.297  31.348 0.0000000000
74703  -49.932  -2.266  31.444 0.0000000000
75810  -51.192  -1.472  30.558 0.0000000000
76867  -49.986  -0.126  30.214 0.0000000000
76859  -50.402  -0.976  30.498 0.0000000000
78015  -52.594  0.050  28.664 0.0000000000
78023  -51.743  1.019  28.352 0.0000000000
78013  -50.840  1.012  29.090 0.0000000000
80370  -51.542  2.168  28.097 0.0000000000
42280  -17.062  -29.410  65.211 0.0000000000
62359  -38.441  -13.498  44.464 0.0000000000
62338  -38.261  -12.874  45.225 0.0000000000
68806  -34.231  -7.817  42.580 0.0000000000
67660  -35.140  -8.653  41.223 0.0000000000
66407  -37.257  -9.335  39.759 0.0000000000
67682  -36.763  -8.143  39.666 0.0000000000
66419  -37.619  -8.951  39.264 0.0000000000
66420  -38.215  -9.373  39.155 0.0000000000
66444  -40.266  -9.351  37.762 0.0000000000
68851  -39.505  -7.680  38.145 0.0000000000
68843  -39.723  -6.718  38.589 0.0000000000
70004  -40.725  -4.704  39.982 0.0000000000
50156  -29.880  -22.947  51.085 0.0000000000
50143  -31.850  -23.547  52.025 0.0000000000
50158  -32.254  -23.190  51.141 0.0000000000
46554  -18.837  -25.642  62.440 0.0000000000
47689  -19.189  -24.927  62.637 0.0000000000
44408  -19.996  -27.680  61.708 0.0000000000
45476  -24.521  -27.140  61.224 0.0000000000
42199  -14.588  -30.178  69.519 0.0000000000
43259  -15.028  -29.272  69.836 0.0000000000
42189  -13.832  -29.945  70.330 0.0000000000
41150  -13.329  -30.710  70.405 0.0000000000
41149  -12.466  -30.490  70.864 0.0000000000
76815  -45.005  0.167  36.371 0.0000000000
77962  -45.529  0.941  35.918 0.0000000000
77963  -46.031  1.212  35.182 0.0000000000
64970  -44.232  -11.315  45.827 0.0000000000
52560  -33.636  -21.106  48.759 0.0000000000
53759  -34.152  -20.919  48.704 0.0000000000
54956  -37.681  -18.959  50.079 0.0000000000
48884  -20.057  -23.876  60.108 0.0000000000
46592  -21.031  -25.060  59.016 0.0000000000
45495  -23.791  -26.709  60.070 0.0000000000
47738  -22.851  -24.948  57.598 0.0000000000
46607  -23.173  -25.440  58.187 0.0000000000
56258  -41.238  -17.369  47.753 0.0000000000
56281  -40.834  -17.265  46.982 0.0000000000
56311  -39.424  -17.099  44.824 0.0000000000
58813  -38.423  -15.151  45.432 0.0000000000
59950  -38.991  -14.443  46.908 0.0000000000
63636  -38.575  -12.683  47.747 0.0000000000
48971  -25.492  -23.727  53.641 0.0000000000
51308  -26.196  -21.794  52.573 0.0000000000
50138  -26.506  -22.257  52.301 0.0000000000
48995  -27.178  -23.162  52.281 0.0000000000
52531  -27.189  -20.762  51.239 0.0000000000
51337  -29.827  -21.745  49.551 0.0000000000
51348  -29.056  -20.462  49.417 0.0000000000
51350  -30.349  -21.287  49.077 0.0000000000
52558  -31.365  -20.950  48.679 0.0000000000
53772  -32.236  -20.324  48.154 0.0000000000
56195  -29.396  -16.602  50.594 0.0000000000
56210  -29.576  -16.963  49.614 0.0000000000
54970  -29.445  -17.555  48.901 0.0000000000
54994  -29.834  -18.172  48.252 0.0000000000
56233  -30.456  -16.780  48.018 0.0000000000
53790  -33.645  -19.872  47.589 0.0000000000
54998  -34.206  -19.205  47.532 0.0000000000
57565  -33.969  -16.597  45.617 0.0000000000
56274  -34.415  -17.621  45.644 0.0000000000
57585  -35.195  -16.629  45.376 0.0000000000
56292  -34.832  -16.980  45.300 0.0000000000
55037  -35.219  -18.421  46.213 0.0000000000
55022  -37.508  -18.489  47.348 0.0000000000
55023  -38.578  -18.200  47.337 0.0000000000
55041  -38.446  -18.069  46.602 0.0000000000
55024  -39.202  -17.967  47.744 0.0000000000
52479  -25.542  -20.118  54.855 0.0000000000
66439  -46.416  -10.073  38.030 0.0000000000
68886  -46.880  -7.858  36.480 0.0000000000
74645  -43.206  -2.115  36.561 0.0000000000
75767  -43.843  -1.272  35.139 0.0000000000
73531  -44.782  -3.548  34.006 0.0000000000
76839  -45.393  -0.417  32.942 0.0000000000
76838  -45.129  -1.134  33.100 0.0000000000
75787  -46.321  -2.102  32.339 0.0000000000
74672  -45.429  -2.448  33.242 0.0000000000
74661  -46.042  -3.261  33.443 0.0000000000
72405  -47.363  -4.400  34.235 0.0000000000
72406  -48.120  -4.356  34.321 0.0000000000
73536  -49.112  -4.112  34.410 0.0000000000
78047  -55.625  0.543  26.258 0.0000000000
79201  -54.384  1.401  26.221 0.0000000000
42232  -15.760  -30.391  67.160 0.0000000000
43285  -15.516  -29.492  67.223 0.0000000000
43276  -15.048  -29.972  68.500 0.0000000000
40197  -15.169  -32.298  69.359 0.0000000000
39184  -14.843  -33.038  70.341 0.0000000000
57546  -42.162  -16.851  47.913 0.0000000000
60015  -39.623  -14.429  43.498 0.0000000000
60003  -41.995  -14.731  43.584 0.0000000000
59968  -44.277  -14.310  45.682 0.0000000000
61135  -44.619  -13.183  45.239 0.0000000000
62342  -43.902  -12.512  44.810 0.0000000000
62323  -44.530  -12.293  45.372 0.0000000000
63663  -44.071  -11.729  45.419 0.0000000000
64966  -36.342  -11.780  46.063 0.0000000000
66302  -34.591  -10.318  47.174 0.0000000000
64943  -35.609  -11.312  46.940 0.0000000000
63657  -36.077  -12.368  45.198 0.0000000000
63683  -36.688  -12.790  44.252 0.0000000000
62376  -37.082  -12.954  43.543 0.0000000000
67606  -33.141  -9.896  44.481 0.0000000000
66336  -33.261  -10.456  44.114 0.0000000000
64998  -33.931  -10.742  43.259 0.0000000000
63681  -34.850  -12.029  43.800 0.0000000000
63694  -36.752  -12.661  42.919 0.0000000000
65004  -40.987  -11.623  43.358 0.0000000000
65003  -40.512  -11.408  43.156 0.0000000000
64968  -42.912  -11.036  45.141 0.0000000000
67608  -41.575  -10.493  43.451 0.0000000000
66393  -40.842  -10.238  41.402 0.0000000000
66410  -40.342  -10.195  40.557 0.0000000000
65055  -45.068  -10.596  38.297 0.0000000000
65054  -43.869  -10.704  38.062 0.0000000000
66437  -44.660  -10.167  37.680 0.0000000000
66448  -44.279  -9.636  37.212 0.0000000000
67707  -43.847  -8.962  36.746 0.0000000000
67705  -41.393  -8.610  37.114 0.0000000000
67722  -42.887  -7.818  36.280 0.0000000000
72371  -41.750  -3.407  37.042 0.0000000000
47806  -27.398  -24.934  54.138 0.0000000000
47807  -28.521  -25.073  54.223 0.0000000000
48987  -30.269  -24.287  52.936 0.0000000000
48989  -31.643  -23.960  53.552 0.0000000000
48974  -31.253  -24.191  54.075 0.0000000000
48957  -30.866  -24.437  54.502 0.0000000000
47797  -31.344  -24.533  55.482 0.0000000000
44355  -17.115  -28.349  64.529 0.0000000000
45430  -17.688  -26.641  63.929 0.0000000000
45442  -18.048  -26.617  63.238 0.0000000000
42282  -18.314  -29.637  64.569 0.0000000000
44412  -23.927  -27.325  61.747 0.0000000000
44411  -23.163  -27.397  61.775 0.0000000000
44394  -21.862  -28.066  62.619 0.0000000000
80393  -56.810  2.540  24.646 0.0000000000
37194  -14.096  -34.424  70.876 0.0000000000
38187  -13.230  -33.683  70.383 0.0000000000
38178  -12.742  -32.939  70.955 0.0000000000
39173  -12.475  -32.397  71.515 0.0000000000
40181  -12.262  -31.512  72.014 0.0000000000
38195  -12.308  -32.441  69.859 0.0000000000
38191  -11.906  -32.896  70.854 0.0000000000
39182  -11.802  -32.214  71.433 0.0000000000
41180  -16.263  -31.578  67.757 0.0000000000
42260  -16.738  -30.101  65.938 0.0000000000
43339  -18.589  -28.105  62.908 0.0000000000
48955  -23.180  -23.558  55.199 0.0000000000
48975  -31.993  -23.945  54.205 0.0000000000
50121  -26.790  -22.880  52.363 0.0000000000
51240  -21.810  -21.375  56.465 0.0000000000
52556  -29.211  -20.134  48.963 0.0000000000
52570  -30.917  -20.203  48.145 0.0000000000
53744  -27.926  -17.814  51.528 0.0000000000
56177  -28.520  -17.304  50.952 0.0000000000
56309  -38.279  -16.851  44.630 0.0000000000
57477  -32.771  -15.387  50.150 0.0000000000
57478  -33.739  -15.279  50.622 0.0000000000
57495  -32.570  -15.319  49.453 0.0000000000
57540  -31.899  -16.459  47.095 0.0000000000
57543  -34.071  -15.892  45.877 0.0000000000
58701  -31.814  -15.373  49.001 0.0000000000
58731  -31.815  -15.452  48.534 0.0000000000
63638  -45.192  -11.786  46.219 0.0000000000
63686  -42.080  -11.822  43.872 0.0000000000
63692  -34.688  -11.798  43.334 0.0000000000
64942  -34.926  -11.066  46.631 0.0000000000
64985  -33.559  -10.758  43.714 0.0000000000
64986  -33.862  -11.569  44.097 0.0000000000
66432  -38.513  -9.318  38.898 0.0000000000
67607  -33.175  -9.030  44.739 0.0000000000
67629  -33.230  -9.688  44.004 0.0000000000
67648  -40.475  -10.372  42.442 0.0000000000
67683  -37.149  -8.457  39.458 0.0000000000
67694  -38.469  -9.109  38.759 0.0000000000
67699  -47.699  -9.612  38.365 0.0000000000
67710  -46.463  -9.251  37.554 0.0000000000
68825  -36.607  -7.374  39.860 0.0000000000
68838  -36.561  -7.878  39.814 0.0000000000
68839  -36.922  -7.742  39.570 0.0000000000
70019  -38.019  -7.057  39.351 0.0000000000
74632  -42.713  -2.728  36.887 0.0000000000
74644  -42.778  -2.690  36.576 0.0000000000
76855  -47.395  -0.272  31.635 0.0000000000
76877  -51.624  0.093  29.298 0.0000000000
79189  -51.715  1.664  27.997 0.0000000000
79190  -52.144  1.516  27.682 0.0000000000
79191  -52.706  1.318  27.310 0.0000000000
79199  -52.913  1.683  26.806 0.0000000000
81580  -52.594  3.031  26.924 0.0000000000
