#!ascii label  , from subject 3002 vox2ras=TkReg
1583
58664  -51.630  -15.414  52.381 0.0000000000
43417  -42.749  -28.303  57.679 0.0000000000
62403  -59.836  -12.951  42.890 0.0000000000
51411  -49.635  -21.655  43.364 0.0000000000
56264  -56.374  -17.369  47.777 0.0000000000
51286  -47.734  -22.172  54.597 0.0000000000
47863  -39.562  -23.801  47.445 0.0000000000
56312  -44.143  -17.789  43.989 0.0000000000
43343  -35.204  -28.451  62.691 0.0000000000
73437  -58.092  -3.313  42.671 0.0000000000
44590  -34.096  -27.031  51.867 0.0000000000
56285  -52.022  -17.580  46.206 0.0000000000
52636  -53.313  -20.463  44.034 0.0000000000
53766  -55.479  -18.622  49.789 0.0000000000
54912  -49.257  -18.131  54.415 0.0000000000
53777  -46.393  -19.376  50.044 0.0000000000
57550  -48.437  -15.702  47.300 0.0000000000
57628  -48.022  -16.764  42.515 0.0000000000
73467  -58.701  -2.534  38.596 0.0000000000
43372  -39.665  -27.939  60.968 0.0000000000
44460  -34.562  -27.270  57.486 0.0000000000
44525  -37.778  -26.888  54.662 0.0000000000
60007  -58.762  -14.544  44.581 0.0000000000
44534  -46.532  -27.036  54.972 0.0000000000
45577  -41.904  -26.214  52.825 0.0000000000
49008  -44.319  -23.435  51.398 0.0000000000
52589  -41.703  -20.950  46.124 0.0000000000
42289  -30.645  -29.443  64.633 0.0000000000
66248  -58.327  -10.015  50.703 0.0000000000
67550  -56.593  -9.330  48.983 0.0000000000
72251  -57.499  -4.083  47.016 0.0000000000
64972  -52.733  -10.173  45.857 0.0000000000
67676  -52.384  -8.597  40.940 0.0000000000
42382  -31.227  -29.315  58.488 0.0000000000
46726  -35.722  -25.503  49.645 0.0000000000
58716  -52.780  -15.623  49.197 0.0000000000
55027  -53.449  -18.166  47.500 0.0000000000
56190  -54.026  -16.546  51.519 0.0000000000
57449  -49.857  -16.329  53.117 0.0000000000
57467  -49.078  -16.826  51.247 0.0000000000
58714  -50.748  -15.442  49.632 0.0000000000
58799  -50.639  -15.417  46.587 0.0000000000
61206  -60.208  -13.445  39.100 0.0000000000
62410  -58.748  -12.083  41.589 0.0000000000
43387  -41.295  -28.193  59.751 0.0000000000
43413  -38.777  -27.994  58.040 0.0000000000
44481  -40.621  -27.812  56.501 0.0000000000
52668  -49.795  -20.602  41.508 0.0000000000
55066  -54.357  -18.879  45.012 0.0000000000
56339  -52.378  -18.111  42.915 0.0000000000
58823  -54.092  -16.114  45.223 0.0000000000
60020  -55.599  -14.665  43.273 0.0000000000
58826  -56.366  -14.761  46.090 0.0000000000
47812  -47.429  -24.603  54.237 0.0000000000
46695  -45.223  -25.322  52.743 0.0000000000
49000  -46.158  -23.631  52.720 0.0000000000
55025  -45.548  -18.681  47.516 0.0000000000
52581  -44.357  -20.104  47.756 0.0000000000
53831  -43.153  -19.109  45.032 0.0000000000
53846  -48.900  -19.256  43.888 0.0000000000
67551  -58.677  -9.510  49.293 0.0000000000
69917  -55.465  -6.789  45.942 0.0000000000
68803  -55.209  -6.305  43.706 0.0000000000
65006  -52.074  -10.161  43.031 0.0000000000
69993  -55.220  -5.920  41.732 0.0000000000
71235  -55.022  -4.840  37.472 0.0000000000
42307  -32.306  -29.328  63.796 0.0000000000
42339  -30.833  -29.559  61.606 0.0000000000
43365  -32.802  -28.985  60.227 0.0000000000
44546  -33.850  -26.815  53.642 0.0000000000
44520  -32.158  -27.046  54.831 0.0000000000
44588  -32.323  -28.015  52.090 0.0000000000
46712  -40.687  -24.976  50.140 0.0000000000
46700  -39.025  -25.458  51.118 0.0000000000
47835  -38.232  -24.750  49.106 0.0000000000
53834  -50.200  -19.483  45.064 0.0000000000
51413  -51.635  -21.270  43.840 0.0000000000
52603  -51.997  -20.271  45.977 0.0000000000
52595  -54.665  -20.215  46.802 0.0000000000
52566  -56.774  -19.191  48.887 0.0000000000
52515  -48.578  -19.882  54.506 0.0000000000
51329  -46.723  -21.187  52.188 0.0000000000
53750  -48.111  -18.876  52.033 0.0000000000
56239  -47.642  -17.438  49.006 0.0000000000
57573  -46.539  -16.619  46.069 0.0000000000
57615  -46.357  -16.039  43.383 0.0000000000
58839  -48.635  -15.456  44.456 0.0000000000
56316  -50.251  -17.573  44.551 0.0000000000
72334  -58.797  -2.647  40.630 0.0000000000
74609  -61.404  -1.250  39.726 0.0000000000
43355  -36.902  -27.931  61.773 0.0000000000
43382  -34.447  -27.940  59.868 0.0000000000
44434  -36.714  -27.544  59.057 0.0000000000
44500  -36.253  -26.947  55.511 0.0000000000
44573  -35.454  -26.693  52.833 0.0000000000
55103  -50.971  -18.744  41.551 0.0000000000
60050  -57.359  -14.607  41.487 0.0000000000
60038  -60.195  -14.189  43.669 0.0000000000
43433  -44.728  -28.112  56.631 0.0000000000
44506  -42.269  -27.428  55.360 0.0000000000
44556  -44.290  -26.900  54.163 0.0000000000
46704  -43.173  -25.271  51.327 0.0000000000
47839  -41.825  -23.939  49.410 0.0000000000
51342  -45.151  -21.476  50.712 0.0000000000
50178  -42.760  -21.875  48.766 0.0000000000
50183  -40.787  -22.700  46.955 0.0000000000
58614  -53.161  -15.067  54.556 0.0000000000
43391  -45.000  -28.111  58.641 0.0000000000
46653  -47.746  -25.503  56.221 0.0000000000
48969  -48.135  -23.562  56.059 0.0000000000
58637  -54.643  -15.502  53.570 0.0000000000
57440  -56.029  -15.820  51.690 0.0000000000
58681  -56.745  -15.011  50.295 0.0000000000
63563  -56.189  -10.498  50.660 0.0000000000
59924  -58.157  -14.548  48.894 0.0000000000
61107  -59.157  -12.886  47.468 0.0000000000
64976  -59.809  -12.699  46.909 0.0000000000
63644  -57.562  -11.789  46.293 0.0000000000
69895  -55.363  -6.371  48.431 0.0000000000
66290  -54.535  -9.911  48.327 0.0000000000
62346  -56.213  -12.444  45.004 0.0000000000
62384  -54.200  -12.310  43.487 0.0000000000
70028  -54.880  -5.713  40.001 0.0000000000
42337  -28.799  -29.540  61.503 0.0000000000
41316  -29.359  -30.073  54.949 0.0000000000
44457  -32.273  -27.861  57.691 0.0000000000
42415  -30.297  -28.856  55.295 0.0000000000
44551  -39.373  -26.793  54.152 0.0000000000
45573  -37.746  -26.212  52.447 0.0000000000
45601  -34.863  -26.588  50.654 0.0000000000
45624  -33.518  -26.693  48.070 0.0000000000
58679  -52.578  -15.576  50.981 0.0000000000
57488  -53.654  -16.217  50.185 0.0000000000
57450  -53.133  -15.764  51.825 0.0000000000
58663  -50.620  -15.583  52.686 0.0000000000
57468  -49.784  -16.163  51.660 0.0000000000
58678  -51.679  -15.463  51.395 0.0000000000
58715  -51.935  -15.336  49.381 0.0000000000
60069  -60.147  -13.820  41.381 0.0000000000
61198  -60.051  -13.508  40.176 0.0000000000
61199  -60.532  -12.958  40.622 0.0000000000
62402  -59.059  -12.570  42.525 0.0000000000
43403  -42.587  -28.447  58.556 0.0000000000
43415  -40.761  -28.253  57.820 0.0000000000
43430  -41.945  -28.001  56.962 0.0000000000
50254  -49.046  -22.057  42.870 0.0000000000
51430  -49.647  -21.651  42.345 0.0000000000
55048  -55.486  -18.347  46.807 0.0000000000
56304  -54.257  -17.583  45.333 0.0000000000
57578  -54.687  -16.688  46.252 0.0000000000
58824  -54.604  -15.646  45.676 0.0000000000
58776  -56.145  -15.758  47.239 0.0000000000
48981  -47.575  -23.703  54.675 0.0000000000
48990  -46.597  -23.981  53.347 0.0000000000
50130  -47.068  -22.613  53.556 0.0000000000
55053  -45.088  -17.987  45.578 0.0000000000
53821  -44.162  -19.076  46.056 0.0000000000
55061  -43.373  -18.482  44.220 0.0000000000
55071  -42.256  -18.669  43.323 0.0000000000
52614  -49.330  -20.449  44.329 0.0000000000
52634  -48.630  -20.503  44.080 0.0000000000
50236  -48.894  -21.872  43.361 0.0000000000
71130  -56.601  -5.267  44.684 0.0000000000
71146  -56.885  -4.622  43.541 0.0000000000
68812  -54.925  -6.641  43.030 0.0000000000
71162  -56.847  -4.603  42.590 0.0000000000
42325  -33.770  -28.852  63.062 0.0000000000
42341  -32.885  -29.330  61.878 0.0000000000
43352  -33.791  -28.774  61.458 0.0000000000
44571  -33.335  -27.115  52.680 0.0000000000
44589  -33.020  -27.738  51.702 0.0000000000
43487  -32.704  -28.590  51.199 0.0000000000
43494  -32.817  -28.874  50.502 0.0000000000
47837  -40.071  -24.510  48.945 0.0000000000
46730  -39.805  -24.790  49.618 0.0000000000
47847  -38.423  -24.446  48.337 0.0000000000
55054  -51.102  -18.476  45.576 0.0000000000
52602  -51.315  -19.857  45.684 0.0000000000
55045  -52.343  -18.502  46.491 0.0000000000
56242  -54.448  -18.342  48.736 0.0000000000
53803  -54.245  -19.604  47.763 0.0000000000
52574  -54.842  -19.902  48.325 0.0000000000
52585  -55.438  -20.032  47.601 0.0000000000
51354  -56.116  -19.505  49.223 0.0000000000
53727  -48.905  -18.969  54.386 0.0000000000
53726  -48.552  -19.267  53.428 0.0000000000
54927  -48.781  -18.249  52.896 0.0000000000
57504  -48.648  -16.824  49.375 0.0000000000
56217  -48.266  -17.561  49.831 0.0000000000
57528  -47.735  -16.898  48.346 0.0000000000
56284  -47.091  -16.926  47.292 0.0000000000
57574  -47.336  -16.101  46.364 0.0000000000
57595  -47.122  -15.822  45.424 0.0000000000
57575  -48.164  -15.588  46.507 0.0000000000
58800  -51.669  -15.711  46.626 0.0000000000
58821  -50.414  -15.689  45.681 0.0000000000
57596  -51.018  -16.580  45.508 0.0000000000
55064  -50.503  -18.516  45.073 0.0000000000
43371  -38.578  -27.953  60.937 0.0000000000
43383  -37.174  -27.619  59.921 0.0000000000
43384  -38.114  -27.747  59.963 0.0000000000
44479  -37.947  -27.551  56.445 0.0000000000
44463  -37.381  -27.601  57.295 0.0000000000
44501  -37.308  -27.114  55.522 0.0000000000
44523  -35.603  -26.789  54.579 0.0000000000
44524  -36.700  -26.764  54.574 0.0000000000
51433  -52.187  -21.018  43.303 0.0000000000
52653  -51.217  -20.392  42.200 0.0000000000
53861  -51.870  -19.610  42.290 0.0000000000
58863  -52.129  -15.858  42.459 0.0000000000
57639  -51.135  -17.103  41.810 0.0000000000
58869  -51.028  -16.073  41.194 0.0000000000
60005  -57.031  -14.596  44.157 0.0000000000
60034  -56.584  -14.601  42.327 0.0000000000
60022  -57.934  -14.603  43.434 0.0000000000
60036  -58.801  -14.550  42.746 0.0000000000
60024  -59.556  -14.403  44.058 0.0000000000
44510  -45.950  -27.472  55.698 0.0000000000
44508  -44.283  -27.551  55.366 0.0000000000
44533  -45.496  -27.000  54.675 0.0000000000
47823  -44.786  -24.509  52.074 0.0000000000
46694  -44.336  -25.471  52.236 0.0000000000
47826  -43.858  -24.374  51.347 0.0000000000
46714  -42.639  -24.881  50.718 0.0000000000
49018  -42.741  -23.680  50.149 0.0000000000
52538  -46.637  -20.473  51.437 0.0000000000
51328  -46.085  -21.593  51.724 0.0000000000
52551  -45.914  -20.489  50.559 0.0000000000
52579  -42.645  -20.947  47.071 0.0000000000
51359  -43.360  -21.453  48.739 0.0000000000
51362  -42.020  -21.705  47.134 0.0000000000
50176  -41.536  -22.701  47.777 0.0000000000
58859  -47.035  -16.094  42.581 0.0000000000
47786  -47.971  -24.609  56.126 0.0000000000
52470  -49.290  -19.779  56.529 0.0000000000
58615  -54.067  -15.251  54.400 0.0000000000
61054  -54.674  -13.721  52.881 0.0000000000
61072  -54.518  -13.510  51.398 0.0000000000
57452  -56.496  -15.942  51.163 0.0000000000
61083  -55.295  -13.490  50.437 0.0000000000
64881  -57.003  -10.129  50.592 0.0000000000
62273  -57.324  -12.209  49.700 0.0000000000
63597  -58.391  -11.400  49.484 0.0000000000
61095  -58.571  -12.942  48.293 0.0000000000
64894  -58.908  -10.807  49.536 0.0000000000
68740  -57.893  -9.378  49.105 0.0000000000
67579  -59.380  -10.650  47.831 0.0000000000
66309  -58.145  -10.769  47.658 0.0000000000
63646  -58.682  -11.909  46.289 0.0000000000
66293  -57.456  -10.782  47.545 0.0000000000
71079  -56.846  -5.278  47.454 0.0000000000
67597  -54.206  -7.963  45.682 0.0000000000
68737  -53.918  -7.877  47.316 0.0000000000
66288  -53.354  -9.624  47.195 0.0000000000
63641  -55.093  -11.748  46.555 0.0000000000
63665  -53.693  -12.101  45.750 0.0000000000
62365  -54.752  -12.441  44.253 0.0000000000
62363  -52.855  -12.297  44.457 0.0000000000
66403  -52.203  -9.246  41.688 0.0000000000
63715  -51.786  -11.045  41.963 0.0000000000
65022  -51.782  -10.477  41.264 0.0000000000
73456  -58.736  -2.538  39.710 0.0000000000
72331  -56.484  -4.674  40.472 0.0000000000
72345  -57.175  -3.489  39.423 0.0000000000
42368  -30.881  -29.535  59.507 0.0000000000
42367  -29.927  -29.431  59.511 0.0000000000
42381  -30.315  -29.621  58.530 0.0000000000
41286  -29.341  -30.089  56.895 0.0000000000
42405  -29.905  -29.694  56.712 0.0000000000
44444  -34.322  -27.488  58.426 0.0000000000
44443  -33.442  -27.721  58.508 0.0000000000
44459  -33.630  -27.429  57.606 0.0000000000
44519  -31.221  -27.623  55.068 0.0000000000
41333  -31.946  -30.225  52.517 0.0000000000
45549  -41.883  -26.803  54.169 0.0000000000
44553  -40.933  -26.819  54.503 0.0000000000
45576  -40.827  -26.109  52.821 0.0000000000
46709  -37.494  -25.438  50.428 0.0000000000
45589  -38.026  -25.853  51.963 0.0000000000
46698  -37.143  -25.799  51.056 0.0000000000
45587  -36.174  -26.552  51.837 0.0000000000
46707  -35.377  -26.045  50.274 0.0000000000
44618  -33.407  -27.615  48.255 0.0000000000
58774  -52.948  -15.903  47.676 0.0000000000
56261  -53.186  -17.595  47.294 0.0000000000
58747  -53.514  -16.301  48.554 0.0000000000
56219  -54.142  -16.929  49.596 0.0000000000
56191  -54.558  -17.036  50.921 0.0000000000
56150  -49.377  -17.191  53.799 0.0000000000
56170  -49.061  -17.209  52.610 0.0000000000
56189  -49.078  -16.891  51.799 0.0000000000
57486  -49.328  -16.493  50.515 0.0000000000
57505  -49.376  -16.040  49.386 0.0000000000
58771  -49.863  -15.282  47.393 0.0000000000
58743  -50.204  -15.384  48.574 0.0000000000
58773  -52.007  -15.431  47.600 0.0000000000
63723  -59.236  -11.672  40.788 0.0000000000
43386  -40.186  -28.066  59.914 0.0000000000
43399  -38.500  -27.868  59.007 0.0000000000
43414  -39.755  -28.022  57.896 0.0000000000
43427  -38.952  -27.840  56.983 0.0000000000
44503  -39.249  -27.468  55.671 0.0000000000
53848  -53.721  -19.723  44.179 0.0000000000
55076  -52.807  -18.848  43.120 0.0000000000
56328  -53.407  -18.169  44.153 0.0000000000
57619  -53.253  -17.057  44.191 0.0000000000
58853  -53.315  -15.538  43.581 0.0000000000
60018  -53.683  -14.804  42.655 0.0000000000
58854  -54.401  -15.057  43.946 0.0000000000
59986  -56.211  -14.687  44.787 0.0000000000
59988  -57.859  -14.553  45.262 0.0000000000
45552  -47.042  -26.375  54.585 0.0000000000
45566  -45.842  -26.057  53.786 0.0000000000
46683  -46.438  -25.366  53.593 0.0000000000
47824  -45.643  -24.519  52.652 0.0000000000
49009  -44.995  -23.452  51.823 0.0000000000
55005  -45.589  -18.958  48.122 0.0000000000
52573  -44.872  -20.004  48.342 0.0000000000
53800  -44.658  -19.526  47.422 0.0000000000
53810  -43.688  -19.661  46.561 0.0000000000
52601  -42.118  -20.133  45.184 0.0000000000
52611  -40.577  -20.768  44.354 0.0000000000
53829  -41.866  -19.673  44.294 0.0000000000
55074  -48.501  -18.554  43.350 0.0000000000
55073  -47.982  -19.043  43.344 0.0000000000
68666  -56.873  -8.501  51.209 0.0000000000
67528  -58.554  -9.286  50.091 0.0000000000
69872  -57.064  -8.511  50.687 0.0000000000
68693  -56.976  -8.662  50.152 0.0000000000
68705  -55.804  -8.485  49.673 0.0000000000
72261  -57.750  -4.403  46.062 0.0000000000
71092  -56.981  -5.439  46.475 0.0000000000
71109  -57.043  -5.470  45.619 0.0000000000
68776  -55.366  -6.913  45.053 0.0000000000
67620  -54.152  -7.965  44.600 0.0000000000
64991  -52.201  -10.399  44.156 0.0000000000
67657  -54.025  -8.018  43.353 0.0000000000
68820  -53.799  -7.836  42.211 0.0000000000
68831  -53.284  -7.781  41.043 0.0000000000
74640  -58.960  -2.716  37.158 0.0000000000
73485  -56.967  -3.484  37.402 0.0000000000
73501  -56.948  -3.983  36.615 0.0000000000
42290  -31.547  -29.344  64.685 0.0000000000
42322  -31.147  -29.564  62.683 0.0000000000
42323  -32.130  -29.522  62.800 0.0000000000
42356  -32.398  -29.271  60.915 0.0000000000
42383  -31.885  -28.971  58.870 0.0000000000
44498  -34.102  -27.012  55.612 0.0000000000
44497  -32.991  -27.042  55.782 0.0000000000
44521  -33.345  -26.856  54.674 0.0000000000
44570  -32.154  -27.657  52.713 0.0000000000
43475  -31.991  -28.481  52.355 0.0000000000
42454  -32.229  -29.379  52.161 0.0000000000
42461  -32.476  -29.147  51.627 0.0000000000
46702  -41.119  -25.362  51.148 0.0000000000
46690  -40.453  -25.657  51.963 0.0000000000
46701  -40.048  -25.345  51.106 0.0000000000
46710  -38.496  -25.312  50.424 0.0000000000
46727  -36.872  -25.054  49.538 0.0000000000
52615  -50.059  -20.427  44.758 0.0000000000
51412  -50.725  -21.421  43.529 0.0000000000
51389  -50.843  -21.134  44.494 0.0000000000
51390  -51.799  -21.044  44.810 0.0000000000
51391  -52.678  -21.024  44.942 0.0000000000
53815  -53.304  -19.519  46.928 0.0000000000
52604  -53.117  -20.608  46.136 0.0000000000
52618  -54.038  -20.494  44.897 0.0000000000
52606  -54.758  -20.070  45.888 0.0000000000
52597  -55.491  -19.426  46.836 0.0000000000
53804  -56.254  -18.873  47.705 0.0000000000
51303  -48.337  -20.858  54.540 0.0000000000
51302  -47.677  -21.600  53.995 0.0000000000
52514  -48.199  -20.363  53.688 0.0000000000
53734  -47.618  -19.772  52.269 0.0000000000
53778  -47.075  -19.038  50.376 0.0000000000
56187  -48.471  -18.076  51.282 0.0000000000
54981  -48.026  -18.232  50.439 0.0000000000
54979  -46.573  -18.635  49.311 0.0000000000
55006  -46.223  -18.483  48.343 0.0000000000
56282  -45.855  -17.511  46.246 0.0000000000
56314  -45.389  -17.298  44.744 0.0000000000
57614  -45.605  -16.518  43.389 0.0000000000
57607  -46.169  -16.233  44.070 0.0000000000
58837  -46.812  -15.692  44.001 0.0000000000
58850  -48.528  -15.843  43.501 0.0000000000
58820  -49.573  -15.402  45.602 0.0000000000
58840  -49.569  -15.697  44.729 0.0000000000
57617  -49.232  -16.811  43.396 0.0000000000
56315  -49.632  -17.685  43.958 0.0000000000
53833  -49.431  -19.524  44.463 0.0000000000
72315  -58.167  -3.289  42.017 0.0000000000
73439  -59.497  -2.341  41.688 0.0000000000
73457  -59.467  -1.976  40.155 0.0000000000
73469  -60.246  -1.762  39.068 0.0000000000
73489  -60.222  -2.196  37.968 0.0000000000
73505  -60.181  -2.656  36.949 0.0000000000
43344  -36.235  -28.197  62.676 0.0000000000
43353  -34.825  -28.330  61.512 0.0000000000
43368  -35.851  -27.731  60.894 0.0000000000
44433  -35.881  -27.478  59.171 0.0000000000
44445  -35.238  -27.336  58.355 0.0000000000
43412  -37.884  -27.849  58.143 0.0000000000
44462  -36.476  -27.281  57.330 0.0000000000
44476  -34.836  -27.093  56.515 0.0000000000
44499  -35.184  -26.937  55.539 0.0000000000
44547  -34.980  -26.791  53.656 0.0000000000
44572  -34.464  -26.800  52.753 0.0000000000
52652  -50.802  -20.699  42.106 0.0000000000
53878  -49.914  -19.874  41.266 0.0000000000
56354  -51.223  -18.084  41.810 0.0000000000
60052  -59.575  -14.376  42.051 0.0000000000
61182  -60.250  -13.596  43.316 0.0000000000
43432  -43.917  -28.254  56.736 0.0000000000
43431  -42.953  -27.986  56.787 0.0000000000
44507  -43.315  -27.544  55.435 0.0000000000
44530  -42.690  -27.034  54.461 0.0000000000
45563  -43.262  -26.589  53.372 0.0000000000
45580  -44.635  -26.007  53.024 0.0000000000
45579  -43.797  -26.177  52.755 0.0000000000
46692  -42.523  -25.790  52.018 0.0000000000
46703  -42.141  -25.354  51.269 0.0000000000
47828  -41.476  -24.741  49.908 0.0000000000
47849  -40.362  -24.079  48.199 0.0000000000
51315  -46.506  -21.932  52.391 0.0000000000
50162  -45.547  -22.568  51.722 0.0000000000
50161  -44.746  -22.498  51.197 0.0000000000
52561  -44.322  -20.931  49.255 0.0000000000
50173  -43.710  -21.964  49.773 0.0000000000
50166  -43.285  -22.821  50.105 0.0000000000
50171  -42.314  -22.748  49.064 0.0000000000
49038  -41.476  -23.181  48.206 0.0000000000
57635  -45.056  -16.744  41.586 0.0000000000
58650  -51.482  -15.288  53.405 0.0000000000
58634  -52.293  -15.147  54.081 0.0000000000
42291  -32.440  -29.107  64.737 0.0000000000
42327  -36.029  -28.317  63.351 0.0000000000
43332  -36.573  -28.111  63.264 0.0000000000
43346  -38.145  -27.768  62.798 0.0000000000
43373  -40.917  -27.875  60.941 0.0000000000
43388  -42.375  -28.296  59.495 0.0000000000
43389  -43.541  -28.447  59.189 0.0000000000
42385  -44.433  -28.547  58.556 0.0000000000
42398  -45.044  -28.581  57.829 0.0000000000
43421  -45.797  -27.601  56.855 0.0000000000
44486  -46.404  -27.418  56.353 0.0000000000
45540  -47.334  -26.423  56.348 0.0000000000
44512  -47.409  -26.826  55.623 0.0000000000
46677  -47.901  -25.554  55.400 0.0000000000
48982  -47.891  -23.665  55.428 0.0000000000
50093  -48.100  -22.540  55.819 0.0000000000
50113  -48.198  -21.863  55.434 0.0000000000
51270  -48.736  -20.562  55.871 0.0000000000
52502  -49.225  -19.395  55.673 0.0000000000
58632  -50.409  -15.652  54.858 0.0000000000
57420  -53.694  -15.952  53.542 0.0000000000
56152  -54.482  -16.494  52.561 0.0000000000
54914  -55.289  -16.882  51.829 0.0000000000
62231  -54.026  -13.198  54.056 0.0000000000
57423  -55.372  -15.331  52.814 0.0000000000
54931  -55.886  -17.368  51.378 0.0000000000
52528  -57.005  -18.076  50.438 0.0000000000
54965  -57.391  -17.783  49.269 0.0000000000
56221  -57.537  -16.984  48.933 0.0000000000
62283  -56.127  -12.349  50.003 0.0000000000
58683  -57.633  -14.838  49.543 0.0000000000
57532  -57.423  -15.944  48.335 0.0000000000
58779  -57.660  -14.931  47.671 0.0000000000
59958  -58.379  -14.234  46.938 0.0000000000
59991  -59.349  -14.192  45.769 0.0000000000
64917  -59.667  -11.308  48.512 0.0000000000
63648  -59.639  -12.580  47.277 0.0000000000
61159  -59.642  -13.895  45.331 0.0000000000
62391  -59.624  -13.520  44.939 0.0000000000
62390  -59.616  -13.174  44.308 0.0000000000
62369  -58.482  -12.538  44.350 0.0000000000
69883  -54.821  -6.976  49.519 0.0000000000
67537  -55.057  -8.408  49.530 0.0000000000
69904  -55.708  -6.212  47.440 0.0000000000
68721  -54.355  -7.338  48.593 0.0000000000
66291  -55.675  -9.986  48.393 0.0000000000
64952  -56.498  -11.300  47.004 0.0000000000
63668  -56.581  -12.179  45.746 0.0000000000
62388  -58.374  -12.535  43.371 0.0000000000
62387  -57.399  -12.460  43.219 0.0000000000
62400  -56.908  -12.189  42.131 0.0000000000
63712  -56.710  -11.779  41.451 0.0000000000
62382  -52.428  -12.021  43.622 0.0000000000
63709  -53.907  -11.980  41.888 0.0000000000
63720  -56.193  -11.556  40.959 0.0000000000
71188  -56.449  -4.908  41.309 0.0000000000
70014  -55.014  -5.846  40.874 0.0000000000
70012  -53.684  -6.871  40.247 0.0000000000
71218  -55.128  -4.834  38.553 0.0000000000
70026  -53.418  -6.778  39.461 0.0000000000
67689  -52.125  -8.427  39.964 0.0000000000
42338  -29.813  -29.530  61.547 0.0000000000
43381  -33.835  -28.189  59.812 0.0000000000
43380  -33.069  -28.477  59.526 0.0000000000
43395  -31.691  -28.746  58.253 0.0000000000
44496  -31.824  -27.423  56.063 0.0000000000
43425  -31.259  -28.052  56.760 0.0000000000
42406  -30.509  -28.939  56.496 0.0000000000
42427  -29.849  -29.438  54.595 0.0000000000
44505  -41.317  -27.455  55.543 0.0000000000
44527  -39.756  -27.199  54.950 0.0000000000
44526  -38.783  -27.134  54.793 0.0000000000
45575  -39.745  -26.039  52.672 0.0000000000
45558  -38.082  -26.393  53.091 0.0000000000
44549  -37.215  -26.607  53.499 0.0000000000
44574  -36.283  -26.633  52.754 0.0000000000
44591  -35.143  -26.681  52.024 0.0000000000
44608  -34.008  -27.236  50.899 0.0000000000
47845  -36.173  -24.572  48.344 0.0000000000
46744  -35.049  -25.331  48.903 0.0000000000
46725  -34.709  -26.056  49.490 0.0000000000
45618  -33.984  -26.782  49.478 0.0000000000
44615  -33.769  -27.346  50.086 0.0000000000
44607  -33.214  -27.997  50.485 0.0000000000
58665  -52.524  -15.578  51.940 0.0000000000
57469  -52.931  -15.685  51.487 0.0000000000
58677  -50.860  -15.530  51.794 0.0000000000
61191  -60.290  -13.329  42.053 0.0000000000
43416  -41.767  -28.254  57.785 0.0000000000
55030  -55.630  -18.003  47.155 0.0000000000
56306  -55.247  -18.027  46.433 0.0000000000
56288  -55.433  -17.535  46.903 0.0000000000
57554  -55.708  -16.567  47.200 0.0000000000
57555  -56.260  -16.508  47.527 0.0000000000
50112  -47.848  -22.643  55.056 0.0000000000
50111  -47.464  -22.749  54.323 0.0000000000
56313  -44.702  -17.643  44.464 0.0000000000
55052  -44.365  -18.428  45.312 0.0000000000
51387  -49.213  -21.065  43.993 0.0000000000
72307  -57.787  -3.995  43.219 0.0000000000
71147  -57.531  -4.361  43.703 0.0000000000
72313  -57.329  -4.273  42.846 0.0000000000
71161  -56.139  -5.019  42.779 0.0000000000
43330  -34.457  -28.649  63.058 0.0000000000
42342  -33.565  -29.027  62.358 0.0000000000
43342  -34.266  -28.678  62.374 0.0000000000
47848  -39.399  -24.337  48.216 0.0000000000
55055  -51.724  -18.477  46.006 0.0000000000
54983  -55.047  -18.535  49.484 0.0000000000
53779  -54.785  -19.245  48.663 0.0000000000
53780  -55.156  -19.178  49.073 0.0000000000
52575  -55.403  -19.769  48.481 0.0000000000
54911  -48.865  -18.482  53.734 0.0000000000
57529  -48.381  -16.525  48.554 0.0000000000
57549  -47.697  -16.536  47.669 0.0000000000
57597  -51.657  -16.622  45.988 0.0000000000
56303  -51.395  -17.554  45.721 0.0000000000
44502  -38.286  -27.347  55.523 0.0000000000
52635  -52.671  -20.419  43.379 0.0000000000
52654  -52.070  -20.433  42.733 0.0000000000
53862  -52.532  -19.656  42.848 0.0000000000
58862  -51.484  -16.159  41.941 0.0000000000
60006  -57.950  -14.590  44.353 0.0000000000
60023  -58.866  -14.560  43.698 0.0000000000
47827  -44.462  -23.950  51.717 0.0000000000
47822  -44.304  -24.963  51.724 0.0000000000
47830  -43.056  -24.186  50.678 0.0000000000
47831  -43.490  -23.844  50.909 0.0000000000
53764  -46.415  -19.895  50.581 0.0000000000
52563  -45.767  -19.976  49.918 0.0000000000
51369  -42.266  -21.238  46.931 0.0000000000
51368  -41.670  -21.462  46.539 0.0000000000
51367  -41.057  -21.709  46.179 0.0000000000
56336  -47.551  -17.387  42.110 0.0000000000
61082  -54.727  -13.460  50.755 0.0000000000
66247  -57.642  -9.627  50.968 0.0000000000
66236  -56.998  -9.285  51.164 0.0000000000
64882  -57.855  -10.352  50.266 0.0000000000
63596  -57.905  -11.300  49.837 0.0000000000
64893  -58.482  -10.567  49.981 0.0000000000
63605  -58.734  -11.462  48.944 0.0000000000
68739  -57.570  -9.453  48.859 0.0000000000
67563  -57.949  -9.754  48.585 0.0000000000
67576  -57.868  -10.194  48.208 0.0000000000
66308  -57.518  -10.341  47.976 0.0000000000
74537  -57.505  -3.008  47.096 0.0000000000
74528  -57.449  -3.304  47.614 0.0000000000
72243  -57.214  -4.451  47.812 0.0000000000
72244  -57.414  -3.920  47.494 0.0000000000
67596  -53.561  -8.797  46.097 0.0000000000
66307  -53.232  -9.471  46.538 0.0000000000
64949  -53.100  -10.564  46.701 0.0000000000
64948  -52.781  -11.203  46.014 0.0000000000
62343  -53.427  -12.361  45.058 0.0000000000
64971  -52.469  -10.689  45.434 0.0000000000
66417  -52.031  -9.264  41.205 0.0000000000
66402  -51.857  -9.748  41.526 0.0000000000
66416  -51.789  -9.479  40.677 0.0000000000
72346  -58.041  -2.837  39.368 0.0000000000
73466  -57.886  -2.866  38.458 0.0000000000
42305  -30.429  -29.539  63.632 0.0000000000
42394  -30.521  -29.458  57.526 0.0000000000
45561  -41.263  -26.599  53.870 0.0000000000
46708  -36.405  -25.681  50.518 0.0000000000
45603  -36.544  -26.074  51.262 0.0000000000
58775  -53.391  -16.289  48.093 0.0000000000
58746  -53.128  -15.837  48.493 0.0000000000
57507  -53.670  -16.313  49.505 0.0000000000
56203  -54.110  -16.660  50.607 0.0000000000
56204  -54.549  -17.356  50.098 0.0000000000
57434  -49.857  -16.374  54.278 0.0000000000
58694  -50.776  -15.585  50.862 0.0000000000
57487  -49.975  -15.844  50.293 0.0000000000
58713  -50.073  -15.598  49.315 0.0000000000
58744  -51.375  -15.242  48.533 0.0000000000
58745  -52.388  -15.450  48.470 0.0000000000
62411  -59.823  -12.472  41.396 0.0000000000
43400  -39.478  -28.049  58.939 0.0000000000
43401  -40.507  -28.233  58.842 0.0000000000
43429  -41.039  -28.021  57.022 0.0000000000
43428  -40.039  -27.903  56.798 0.0000000000
43440  -39.323  -27.674  56.345 0.0000000000
43441  -39.706  -27.642  56.157 0.0000000000
51448  -49.176  -21.320  41.506 0.0000000000
53835  -54.286  -19.637  44.768 0.0000000000
55065  -53.866  -18.900  44.411 0.0000000000
57598  -53.867  -16.935  45.115 0.0000000000
57610  -53.591  -17.012  44.712 0.0000000000
57618  -52.817  -16.713  43.511 0.0000000000
58842  -53.693  -16.065  44.602 0.0000000000
58843  -54.433  -15.287  44.814 0.0000000000
58825  -55.645  -14.910  45.740 0.0000000000
59970  -57.087  -14.577  45.904 0.0000000000
59987  -56.908  -14.606  45.162 0.0000000000
46676  -47.541  -25.546  54.605 0.0000000000
46675  -46.969  -25.720  54.146 0.0000000000
46684  -47.173  -25.225  53.927 0.0000000000
47819  -46.266  -24.544  53.165 0.0000000000
48999  -45.435  -23.880  52.320 0.0000000000
49010  -45.682  -23.260  52.144 0.0000000000
53801  -45.155  -19.345  47.867 0.0000000000
53812  -45.048  -19.021  47.165 0.0000000000
53820  -43.563  -19.243  45.668 0.0000000000
53819  -42.802  -19.704  45.507 0.0000000000
53809  -43.110  -19.845  46.152 0.0000000000
52613  -41.944  -19.901  44.652 0.0000000000
53830  -42.491  -19.394  44.622 0.0000000000
53845  -48.306  -19.617  43.743 0.0000000000
69830  -55.964  -7.983  51.383 0.0000000000
68682  -57.028  -8.391  51.059 0.0000000000
69870  -54.901  -7.319  50.270 0.0000000000
69871  -56.132  -8.085  50.628 0.0000000000
69884  -55.804  -8.251  50.152 0.0000000000
73415  -57.865  -3.062  44.421 0.0000000000
75676  -57.432  -2.317  44.064 0.0000000000
73414  -57.709  -3.452  45.272 0.0000000000
71093  -57.434  -5.089  45.971 0.0000000000
71110  -57.423  -4.890  45.264 0.0000000000
69949  -55.785  -5.789  44.405 0.0000000000
69950  -56.190  -5.837  44.977 0.0000000000
68789  -55.284  -6.623  44.516 0.0000000000
67598  -54.622  -7.629  44.934 0.0000000000
67621  -54.559  -7.540  44.295 0.0000000000
67642  -53.552  -8.472  43.913 0.0000000000
68802  -54.706  -7.175  43.826 0.0000000000
69977  -55.220  -6.103  42.469 0.0000000000
68811  -54.375  -7.562  42.899 0.0000000000
69976  -54.706  -6.605  42.246 0.0000000000
68821  -54.145  -7.204  41.792 0.0000000000
73503  -58.659  -3.108  36.825 0.0000000000
73502  -57.694  -3.573  36.735 0.0000000000
42306  -31.384  -29.469  63.713 0.0000000000
43351  -33.090  -29.018  60.983 0.0000000000
43364  -32.190  -29.267  60.115 0.0000000000
43379  -32.367  -28.947  59.466 0.0000000000
44545  -32.634  -26.981  53.659 0.0000000000
43486  -32.378  -28.508  51.803 0.0000000000
42462  -32.597  -29.565  51.083 0.0000000000
46729  -38.877  -24.963  49.706 0.0000000000
46728  -37.946  -25.047  49.757 0.0000000000
47834  -37.598  -24.850  49.252 0.0000000000
52616  -51.048  -20.348  45.281 0.0000000000
52617  -51.724  -20.665  45.384 0.0000000000
51374  -52.180  -20.819  45.358 0.0000000000
51375  -52.779  -20.840  45.579 0.0000000000
55046  -53.146  -18.592  47.046 0.0000000000
52583  -54.141  -19.925  47.418 0.0000000000
52594  -53.800  -20.217  46.891 0.0000000000
52605  -54.016  -20.927  45.991 0.0000000000
52576  -56.166  -19.708  48.256 0.0000000000
52596  -55.279  -19.902  46.855 0.0000000000
52586  -55.958  -19.434  47.552 0.0000000000
53816  -55.734  -19.091  47.165 0.0000000000
52587  -56.427  -19.082  47.895 0.0000000000
51304  -48.531  -20.445  54.949 0.0000000000
53736  -48.440  -18.782  52.532 0.0000000000
53735  -47.983  -19.548  52.587 0.0000000000
53749  -47.523  -19.505  51.739 0.0000000000
54945  -47.946  -18.748  51.479 0.0000000000
56169  -48.778  -17.834  52.329 0.0000000000
56188  -48.709  -17.606  51.622 0.0000000000
56216  -47.769  -17.766  49.563 0.0000000000
54980  -47.386  -18.342  49.814 0.0000000000
55007  -46.991  -18.158  48.963 0.0000000000
56238  -46.978  -17.783  48.406 0.0000000000
56283  -46.456  -17.202  46.671 0.0000000000
56301  -46.129  -16.979  45.961 0.0000000000
56300  -45.614  -17.389  45.525 0.0000000000
57593  -45.820  -16.975  44.950 0.0000000000
57606  -45.775  -16.749  44.397 0.0000000000
57594  -46.404  -16.373  45.172 0.0000000000
58818  -47.790  -15.439  45.251 0.0000000000
58817  -47.120  -15.651  44.824 0.0000000000
58838  -47.735  -15.470  44.209 0.0000000000
58849  -47.607  -15.700  43.353 0.0000000000
58798  -49.753  -15.316  46.424 0.0000000000
57609  -50.386  -16.417  44.892 0.0000000000
58841  -50.017  -15.724  45.192 0.0000000000
57608  -49.810  -16.648  44.169 0.0000000000
58851  -49.263  -15.960  43.943 0.0000000000
55063  -49.871  -18.575  44.511 0.0000000000
74597  -60.615  -1.696  40.811 0.0000000000
74608  -61.147  -1.617  40.144 0.0000000000
73458  -60.573  -1.638  40.156 0.0000000000
74615  -61.159  -1.564  39.648 0.0000000000
73491  -61.338  -1.473  38.344 0.0000000000
73507  -61.343  -1.680  37.512 0.0000000000
73506  -60.854  -2.128  37.216 0.0000000000
43354  -35.836  -27.940  61.648 0.0000000000
43369  -36.516  -27.686  60.750 0.0000000000
44424  -36.419  -27.602  59.810 0.0000000000
44446  -36.158  -27.311  58.255 0.0000000000
44478  -36.857  -27.305  56.406 0.0000000000
44477  -35.857  -27.054  56.451 0.0000000000
44548  -36.035  -26.670  53.635 0.0000000000
51431  -50.606  -21.250  42.402 0.0000000000
51432  -51.508  -21.178  42.888 0.0000000000
53880  -51.236  -19.505  41.829 0.0000000000
52670  -50.902  -19.948  41.807 0.0000000000
53879  -50.574  -19.483  41.466 0.0000000000
55088  -52.241  -18.811  42.507 0.0000000000
56338  -51.727  -17.848  42.416 0.0000000000
57638  -50.641  -16.940  41.190 0.0000000000
60019  -54.469  -14.704  42.971 0.0000000000
60033  -55.443  -14.616  42.167 0.0000000000
60037  -59.713  -14.530  43.134 0.0000000000
60053  -60.346  -14.129  42.590 0.0000000000
43443  -44.081  -27.944  56.019 0.0000000000
44531  -43.768  -27.241  54.663 0.0000000000
44555  -43.492  -26.853  53.991 0.0000000000
44554  -42.948  -26.765  53.856 0.0000000000
46682  -45.732  -25.528  53.292 0.0000000000
45581  -45.303  -25.901  53.296 0.0000000000
46705  -43.881  -25.232  51.659 0.0000000000
46693  -43.449  -25.718  52.097 0.0000000000
45578  -42.894  -26.306  52.700 0.0000000000
47829  -42.169  -24.331  49.962 0.0000000000
47838  -41.128  -24.363  49.235 0.0000000000
47850  -41.120  -23.827  48.435 0.0000000000
51316  -47.086  -21.599  52.944 0.0000000000
51343  -45.748  -21.261  51.115 0.0000000000
51327  -45.465  -21.874  51.307 0.0000000000
50168  -44.620  -22.037  50.665 0.0000000000
52562  -45.050  -20.447  49.510 0.0000000000
52572  -44.130  -20.745  48.522 0.0000000000
51351  -43.648  -21.669  49.395 0.0000000000
50167  -43.949  -22.452  50.394 0.0000000000
50172  -42.993  -22.338  49.462 0.0000000000
49030  -42.918  -23.121  49.968 0.0000000000
49051  -41.046  -22.962  47.461 0.0000000000
49037  -40.773  -23.547  47.772 0.0000000000
49050  -40.242  -23.256  46.875 0.0000000000
57613  -45.034  -16.676  42.892 0.0000000000
57625  -45.429  -16.521  42.361 0.0000000000
42271  -31.623  -29.127  65.575 0.0000000000
43405  -44.872  -28.395  58.524 0.0000000000
42397  -44.503  -28.720  57.994 0.0000000000
43406  -45.450  -28.236  58.083 0.0000000000
44466  -46.865  -27.098  56.554 0.0000000000
46652  -47.124  -25.566  56.344 0.0000000000
45544  -47.666  -26.506  55.877 0.0000000000
45541  -47.926  -26.059  56.080 0.0000000000
45554  -47.915  -26.001  55.473 0.0000000000
46668  -48.091  -25.451  55.902 0.0000000000
47803  -48.015  -24.634  55.677 0.0000000000
50094  -48.461  -21.371  56.024 0.0000000000
51288  -48.469  -20.996  55.302 0.0000000000
52485  -49.479  -19.401  56.297 0.0000000000
53717  -49.333  -18.814  55.156 0.0000000000
58633  -51.261  -15.172  54.472 0.0000000000
58635  -53.148  -15.494  53.793 0.0000000000
57403  -53.626  -15.647  54.042 0.0000000000
58636  -54.410  -15.566  53.788 0.0000000000
57421  -54.108  -16.023  53.771 0.0000000000
57438  -54.466  -16.223  53.098 0.0000000000
56153  -55.177  -16.303  52.589 0.0000000000
59885  -55.189  -14.552  52.335 0.0000000000
59873  -54.960  -14.467  53.040 0.0000000000
57439  -55.663  -15.552  52.250 0.0000000000
54915  -55.790  -16.718  51.765 0.0000000000
54916  -56.107  -16.556  51.622 0.0000000000
53738  -56.270  -17.948  50.838 0.0000000000
56155  -56.290  -16.339  51.478 0.0000000000
57471  -56.859  -15.658  50.600 0.0000000000
56174  -57.008  -16.489  50.723 0.0000000000
56192  -57.482  -16.764  50.173 0.0000000000
53782  -57.443  -17.963  48.999 0.0000000000
56205  -57.622  -16.641  50.003 0.0000000000
66234  -55.654  -9.247  51.668 0.0000000000
62270  -55.892  -11.709  50.354 0.0000000000
63580  -56.182  -11.269  50.416 0.0000000000
61087  -57.964  -13.150  49.330 0.0000000000
61076  -57.359  -13.222  49.550 0.0000000000
58699  -57.831  -15.177  49.282 0.0000000000
57508  -57.752  -15.855  48.815 0.0000000000
58718  -58.034  -14.981  48.679 0.0000000000
58748  -57.731  -15.225  48.089 0.0000000000
58749  -57.956  -14.888  48.135 0.0000000000
61106  -58.852  -13.065  47.689 0.0000000000
59959  -58.686  -13.888  47.146 0.0000000000
59960  -58.849  -13.795  46.964 0.0000000000
61138  -59.142  -14.246  46.221 0.0000000000
61139  -59.177  -13.710  46.963 0.0000000000
67538  -59.023  -9.521  49.793 0.0000000000
66267  -59.092  -9.973  49.475 0.0000000000
67552  -59.087  -10.056  48.841 0.0000000000
66311  -59.402  -11.079  47.454 0.0000000000
66295  -59.813  -11.344  47.559 0.0000000000
64957  -59.723  -11.834  47.219 0.0000000000
62352  -59.421  -13.442  46.854 0.0000000000
63673  -59.952  -12.872  46.801 0.0000000000
61173  -59.781  -13.901  44.896 0.0000000000
64993  -59.750  -12.813  46.039 0.0000000000
63645  -58.148  -11.918  46.149 0.0000000000
62326  -58.825  -12.241  45.904 0.0000000000
62350  -58.861  -12.429  45.395 0.0000000000
62370  -59.062  -12.565  44.667 0.0000000000
62349  -58.405  -12.411  45.289 0.0000000000
71067  -55.661  -5.798  48.777 0.0000000000
71056  -56.113  -5.204  48.986 0.0000000000
69882  -54.792  -6.944  48.843 0.0000000000
69918  -56.147  -6.138  46.308 0.0000000000
71091  -56.337  -5.705  47.112 0.0000000000
69903  -55.208  -6.629  46.880 0.0000000000
67560  -53.564  -8.619  47.694 0.0000000000
68720  -53.855  -7.869  48.192 0.0000000000
66278  -54.097  -9.174  48.623 0.0000000000
66279  -54.893  -9.368  48.826 0.0000000000
64932  -56.118  -10.668  47.586 0.0000000000
64931  -55.075  -10.601  47.796 0.0000000000
63667  -55.667  -12.153  45.802 0.0000000000
62347  -57.108  -12.519  44.991 0.0000000000
62368  -57.709  -12.585  44.175 0.0000000000
62367  -56.780  -12.536  44.130 0.0000000000
62385  -55.227  -12.332  43.362 0.0000000000
62386  -56.312  -12.436  43.223 0.0000000000
62399  -55.664  -12.252  42.415 0.0000000000
62408  -57.173  -11.835  41.541 0.0000000000
66365  -52.709  -9.215  43.700 0.0000000000
63700  -51.972  -11.179  43.247 0.0000000000
63717  -53.216  -11.611  41.201 0.0000000000
63708  -52.959  -11.852  42.082 0.0000000000
63718  -54.199  -11.635  41.099 0.0000000000
63719  -55.208  -11.575  41.027 0.0000000000
72322  -58.455  -2.978  41.370 0.0000000000
72321  -57.758  -3.672  41.546 0.0000000000
72332  -56.941  -4.349  40.855 0.0000000000
71200  -55.890  -5.005  40.146 0.0000000000
71186  -55.544  -5.378  40.410 0.0000000000
70013  -54.407  -6.363  40.492 0.0000000000
72377  -55.596  -4.314  37.937 0.0000000000
71217  -54.414  -5.203  38.104 0.0000000000
70037  -53.365  -6.444  38.539 0.0000000000
68859  -53.013  -7.131  39.077 0.0000000000
42321  -30.152  -29.542  62.595 0.0000000000
42353  -29.406  -29.474  60.511 0.0000000000
42392  -28.976  -29.826  57.756 0.0000000000
41302  -29.374  -30.094  56.044 0.0000000000
44413  -34.892  -28.143  60.830 0.0000000000
43367  -34.349  -28.311  60.597 0.0000000000
44442  -32.787  -27.924  58.396 0.0000000000
43397  -33.021  -28.072  58.880 0.0000000000
43396  -32.367  -28.396  58.671 0.0000000000
43410  -31.855  -28.184  57.749 0.0000000000
44474  -32.849  -27.370  56.835 0.0000000000
43449  -30.615  -28.195  54.801 0.0000000000
44495  -31.234  -27.706  55.781 0.0000000000
43438  -30.768  -28.104  55.881 0.0000000000
43424  -30.788  -28.383  56.521 0.0000000000
41335  -32.713  -30.539  51.593 0.0000000000
41334  -32.525  -30.433  52.184 0.0000000000
44484  -42.785  -27.726  55.980 0.0000000000
44483  -42.062  -27.653  56.187 0.0000000000
44552  -40.322  -26.829  54.342 0.0000000000
44528  -40.669  -27.124  54.986 0.0000000000
46689  -39.423  -25.634  51.875 0.0000000000
45574  -38.663  -26.007  52.463 0.0000000000
45557  -37.507  -26.427  52.882 0.0000000000
45572  -37.028  -26.462  52.512 0.0000000000
45602  -35.769  -26.225  51.023 0.0000000000
45586  -35.334  -26.553  51.366 0.0000000000
44609  -34.688  -26.787  51.344 0.0000000000
47858  -34.654  -24.899  47.839 0.0000000000
47844  -35.319  -24.854  48.369 0.0000000000
46742  -33.528  -26.182  47.715 0.0000000000
46743  -34.042  -25.706  48.335 0.0000000000
46724  -34.155  -26.275  48.999 0.0000000000
45625  -33.824  -26.487  48.744 0.0000000000
44614  -33.377  -27.696  49.348 0.0000000000
58696  -52.552  -15.573  50.023 0.0000000000
58697  -53.209  -15.879  49.739 0.0000000000
58680  -53.106  -15.792  50.426 0.0000000000
57470  -53.451  -15.959  51.154 0.0000000000
57451  -53.586  -16.036  52.060 0.0000000000
58649  -50.479  -15.577  53.793 0.0000000000
58695  -51.711  -15.425  50.384 0.0000000000
60068  -59.247  -14.204  40.715 0.0000000000
43402  -41.556  -28.368  58.718 0.0000000000
51449  -49.996  -21.097  41.863 0.0000000000
55056  -54.737  -18.832  45.655 0.0000000000
56318  -54.427  -18.252  45.310 0.0000000000
56305  -54.767  -17.840  45.906 0.0000000000
57599  -54.313  -16.818  45.630 0.0000000000
58802  -54.978  -15.733  46.423 0.0000000000
58803  -55.710  -15.490  46.745 0.0000000000
58804  -56.606  -14.923  46.750 0.0000000000
48991  -47.129  -23.688  53.839 0.0000000000
49001  -46.705  -23.338  53.259 0.0000000000
55043  -45.274  -18.294  46.384 0.0000000000
55042  -44.598  -18.766  46.099 0.0000000000
55051  -43.615  -18.819  45.061 0.0000000000
55060  -42.560  -18.939  44.047 0.0000000000
53832  -48.887  -19.869  44.152 0.0000000000
51410  -48.577  -21.394  43.764 0.0000000000
73424  -58.071  -3.566  44.366 0.0000000000
71131  -57.375  -4.564  44.370 0.0000000000
71145  -56.017  -5.085  43.909 0.0000000000
69961  -55.614  -5.642  43.381 0.0000000000
69978  -55.617  -5.665  42.578 0.0000000000
69994  -55.514  -5.758  42.143 0.0000000000
42308  -33.200  -28.984  63.853 0.0000000000
42324  -33.025  -29.289  62.968 0.0000000000
46731  -40.444  -24.670  49.482 0.0000000000
47836  -39.154  -24.639  48.986 0.0000000000
53822  -50.886  -19.359  45.486 0.0000000000
53823  -51.482  -19.313  45.851 0.0000000000
52592  -52.349  -19.766  46.375 0.0000000000
55008  -54.286  -18.451  48.349 0.0000000000
55028  -53.959  -18.734  47.762 0.0000000000
55029  -54.354  -19.283  48.022 0.0000000000
53793  -54.580  -19.605  48.241 0.0000000000
52584  -54.622  -20.059  47.732 0.0000000000
52565  -56.147  -19.609  48.909 0.0000000000
52516  -48.862  -19.344  55.068 0.0000000000
56218  -48.903  -16.845  49.935 0.0000000000
56202  -48.767  -17.191  50.653 0.0000000000
56240  -48.248  -17.095  49.192 0.0000000000
56260  -47.304  -17.200  48.066 0.0000000000
58796  -48.155  -15.484  45.973 0.0000000000
58822  -51.129  -15.901  45.999 0.0000000000
56302  -50.805  -17.528  45.186 0.0000000000
43356  -37.916  -27.917  61.851 0.0000000000
43370  -37.563  -27.809  60.881 0.0000000000
43398  -37.580  -27.675  59.038 0.0000000000
43426  -38.178  -27.798  57.364 0.0000000000
57630  -52.255  -17.042  42.979 0.0000000000
57629  -51.677  -16.789  42.398 0.0000000000
60021  -56.869  -14.607  43.275 0.0000000000
60035  -57.734  -14.596  42.488 0.0000000000
43445  -45.370  -27.656  55.870 0.0000000000
43444  -44.856  -27.805  55.942 0.0000000000
44509  -45.105  -27.498  55.375 0.0000000000
44532  -44.625  -27.235  54.739 0.0000000000
44557  -44.838  -26.894  54.367 0.0000000000
47825  -43.240  -24.732  50.954 0.0000000000
52537  -46.109  -20.952  51.203 0.0000000000
52550  -45.241  -20.873  50.248 0.0000000000
52580  -43.371  -20.564  47.390 0.0000000000
52571  -43.539  -21.039  48.146 0.0000000000
51364  -43.127  -21.233  48.036 0.0000000000
51358  -42.767  -21.636  48.310 0.0000000000
50177  -42.157  -22.309  48.292 0.0000000000
50185  -42.061  -21.959  47.532 0.0000000000
50184  -41.451  -22.259  47.153 0.0000000000
58848  -46.931  -15.837  43.043 0.0000000000
44449  -45.531  -27.569  57.949 0.0000000000
47785  -47.466  -24.637  56.311 0.0000000000
51259  -48.926  -20.388  56.547 0.0000000000
58590  -53.034  -14.119  55.914 0.0000000000
57404  -53.781  -15.558  54.281 0.0000000000
58600  -53.497  -14.343  55.028 0.0000000000
58601  -54.192  -14.543  54.467 0.0000000000
61064  -54.401  -13.396  52.190 0.0000000000
59884  -54.989  -14.175  52.245 0.0000000000
58654  -56.151  -15.576  51.401 0.0000000000
59894  -55.670  -14.884  51.321 0.0000000000
59895  -56.103  -14.968  50.809 0.0000000000
59914  -56.178  -14.119  50.165 0.0000000000
67485  -55.829  -8.591  51.704 0.0000000000
64862  -56.661  -9.528  51.093 0.0000000000
64861  -56.225  -9.858  51.030 0.0000000000
63581  -56.696  -11.337  50.226 0.0000000000
63582  -57.303  -11.224  50.085 0.0000000000
62285  -57.856  -12.224  49.474 0.0000000000
61088  -58.351  -12.992  48.826 0.0000000000
59925  -58.351  -13.868  48.355 0.0000000000
62286  -58.284  -12.201  49.055 0.0000000000
62291  -58.611  -12.178  48.505 0.0000000000
63614  -59.118  -11.584  48.410 0.0000000000
68725  -58.152  -9.301  49.489 0.0000000000
67564  -58.532  -9.729  48.737 0.0000000000
66310  -58.782  -10.794  47.632 0.0000000000
66326  -58.999  -11.220  47.193 0.0000000000
63671  -58.966  -11.745  46.543 0.0000000000
64973  -58.392  -11.263  47.138 0.0000000000
64954  -57.842  -11.342  46.982 0.0000000000
64953  -57.206  -11.357  46.878 0.0000000000
73373  -57.138  -3.908  48.440 0.0000000000
71068  -56.528  -5.208  48.317 0.0000000000
71078  -56.135  -5.784  47.943 0.0000000000
68774  -54.606  -7.535  46.033 0.0000000000
68758  -54.826  -7.169  46.381 0.0000000000
67575  -53.819  -8.299  46.716 0.0000000000
67559  -53.475  -9.184  47.466 0.0000000000
64930  -53.972  -10.396  47.704 0.0000000000
64950  -54.447  -11.155  47.205 0.0000000000
63640  -53.995  -11.673  46.505 0.0000000000
62345  -55.233  -12.448  45.054 0.0000000000
62366  -55.771  -12.434  44.176 0.0000000000
62344  -54.257  -12.418  45.075 0.0000000000
62364  -53.777  -12.446  44.328 0.0000000000
66384  -52.348  -9.377  42.517 0.0000000000
65005  -51.895  -10.758  42.795 0.0000000000
65014  -51.805  -10.358  42.222 0.0000000000
63716  -52.298  -11.305  41.422 0.0000000000
72333  -57.963  -3.192  40.462 0.0000000000
72344  -56.249  -4.536  39.810 0.0000000000
72343  -55.866  -4.725  39.471 0.0000000000
71234  -54.380  -5.376  37.068 0.0000000000
71216  -53.746  -5.708  37.756 0.0000000000
42320  -29.152  -29.590  62.528 0.0000000000
42355  -31.494  -29.469  60.552 0.0000000000
42354  -30.419  -29.500  60.535 0.0000000000
42380  -29.422  -29.653  58.562 0.0000000000
41271  -29.227  -29.990  57.354 0.0000000000
42393  -29.709  -29.846  57.618 0.0000000000
44432  -34.956  -27.610  59.370 0.0000000000
44431  -34.079  -27.762  59.220 0.0000000000
44458  -32.779  -27.679  57.756 0.0000000000
44544  -31.442  -27.551  53.821 0.0000000000
43459  -30.682  -28.205  53.952 0.0000000000
42428  -30.289  -28.838  54.317 0.0000000000
41332  -30.890  -30.171  52.713 0.0000000000
40316  -32.580  -31.194  52.764 0.0000000000
44529  -41.554  -27.020  54.636 0.0000000000
45548  -41.556  -26.784  54.243 0.0000000000
45560  -40.084  -26.500  53.517 0.0000000000
46699  -38.010  -25.666  51.219 0.0000000000
46688  -38.626  -25.691  51.741 0.0000000000
45588  -37.241  -26.121  51.752 0.0000000000
46706  -34.914  -26.361  50.089 0.0000000000
44621  -33.609  -27.405  47.339 0.0000000000
45617  -33.532  -27.026  48.802 0.0000000000
57576  -52.316  -16.651  46.474 0.0000000000
56286  -52.646  -17.612  46.749 0.0000000000
57577  -52.929  -16.706  47.035 0.0000000000
57552  -53.365  -16.807  47.645 0.0000000000
56262  -53.632  -17.652  47.822 0.0000000000
58717  -53.400  -16.033  49.063 0.0000000000
57531  -53.796  -16.664  48.915 0.0000000000
56241  -54.115  -17.686  48.567 0.0000000000
56220  -54.493  -17.853  49.303 0.0000000000
54963  -54.828  -18.040  49.715 0.0000000000
54948  -54.934  -17.608  50.366 0.0000000000
54928  -49.001  -17.855  53.499 0.0000000000
57530  -49.227  -15.696  48.122 0.0000000000
57551  -49.167  -15.458  47.463 0.0000000000
58772  -50.967  -15.208  47.530 0.0000000000
58801  -52.481  -15.941  46.969 0.0000000000
61207  -60.693  -13.021  39.595 0.0000000000
43385  -39.109  -27.939  59.960 0.0000000000
44480  -38.740  -27.577  56.178 0.0000000000
53847  -53.156  -19.698  43.469 0.0000000000
55077  -53.380  -18.882  43.744 0.0000000000
56327  -52.881  -17.865  43.524 0.0000000000
56317  -53.881  -17.889  44.770 0.0000000000
58852  -52.710  -16.083  43.027 0.0000000000
58864  -52.974  -15.296  42.614 0.0000000000
60031  -53.457  -14.760  41.884 0.0000000000
58855  -55.180  -14.915  44.186 0.0000000000
60004  -56.059  -14.673  44.077 0.0000000000
45551  -46.180  -26.493  54.395 0.0000000000
45567  -46.504  -25.999  54.104 0.0000000000
46696  -45.892  -25.081  53.041 0.0000000000
47820  -46.908  -24.603  53.604 0.0000000000
53792  -46.037  -19.059  49.219 0.0000000000
53776  -45.747  -19.647  49.491 0.0000000000
53791  -45.515  -19.409  48.708 0.0000000000
53811  -44.515  -19.173  46.691 0.0000000000
53799  -44.102  -19.781  47.186 0.0000000000
52591  -43.140  -20.146  46.621 0.0000000000
52590  -42.430  -20.558  46.324 0.0000000000
52600  -41.642  -20.714  45.560 0.0000000000
51386  -41.093  -21.037  45.278 0.0000000000
52612  -41.273  -20.364  44.526 0.0000000000
52631  -40.960  -19.979  43.842 0.0000000000
53843  -42.131  -19.228  43.995 0.0000000000
56325  -48.625  -17.477  42.879 0.0000000000
56337  -48.020  -17.635  42.599 0.0000000000
55086  -48.212  -18.055  42.862 0.0000000000
53844  -47.660  -19.566  43.339 0.0000000000
67503  -57.405  -8.971  51.282 0.0000000000
67515  -57.934  -9.076  51.242 0.0000000000
67516  -58.515  -9.393  50.464 0.0000000000
67527  -58.149  -9.096  50.513 0.0000000000
68694  -57.926  -8.997  49.934 0.0000000000
68707  -57.754  -9.050  49.838 0.0000000000
68724  -57.774  -9.183  49.574 0.0000000000
68723  -57.077  -9.181  49.295 0.0000000000
68722  -56.339  -9.039  49.349 0.0000000000
73395  -57.686  -3.488  46.468 0.0000000000
72250  -57.346  -4.780  46.888 0.0000000000
72260  -57.448  -4.953  46.373 0.0000000000
69919  -56.736  -5.781  45.960 0.0000000000
69935  -56.488  -5.862  45.452 0.0000000000
69933  -55.446  -6.856  45.411 0.0000000000
68775  -54.951  -7.247  45.492 0.0000000000
67619  -53.589  -8.609  45.076 0.0000000000
66345  -52.627  -9.788  44.844 0.0000000000
66346  -53.132  -9.102  44.532 0.0000000000
66366  -53.126  -8.914  44.053 0.0000000000
67641  -53.223  -8.646  43.298 0.0000000000
68801  -54.476  -7.508  43.490 0.0000000000
67656  -53.695  -8.230  42.865 0.0000000000
67655  -52.936  -8.704  42.728 0.0000000000
67669  -53.221  -8.285  42.027 0.0000000000
67677  -52.882  -8.352  41.470 0.0000000000
73487  -58.697  -2.674  37.571 0.0000000000
72365  -57.183  -3.251  38.253 0.0000000000
73486  -57.839  -3.115  37.508 0.0000000000
72383  -55.642  -4.537  36.995 0.0000000000
42340  -31.837  -29.490  61.736 0.0000000000
42369  -31.707  -29.309  59.486 0.0000000000
44475  -33.824  -27.199  56.632 0.0000000000
44569  -31.499  -27.898  53.129 0.0000000000
42455  -32.542  -29.781  51.782 0.0000000000
46691  -41.506  -25.764  51.997 0.0000000000
46711  -39.507  -25.153  50.346 0.0000000000
51388  -49.939  -21.158  44.176 0.0000000000
51414  -52.572  -21.039  44.086 0.0000000000
51415  -53.245  -20.891  44.612 0.0000000000
53814  -52.660  -19.311  46.596 0.0000000000
52593  -52.848  -20.006  46.517 0.0000000000
55047  -53.560  -19.152  47.258 0.0000000000
51376  -53.331  -20.907  45.734 0.0000000000
51392  -53.388  -20.982  45.269 0.0000000000
52619  -54.514  -19.992  45.182 0.0000000000
53836  -54.627  -19.505  45.405 0.0000000000
52607  -55.216  -19.551  46.383 0.0000000000
53824  -54.986  -19.362  45.995 0.0000000000
55058  -55.356  -18.995  46.459 0.0000000000
55049  -55.514  -18.894  46.754 0.0000000000
55032  -56.519  -18.141  47.980 0.0000000000
51287  -48.058  -21.698  54.845 0.0000000000
52513  -47.613  -20.789  53.253 0.0000000000
53725  -48.217  -19.838  53.172 0.0000000000
52526  -47.898  -20.169  53.032 0.0000000000
52525  -47.370  -20.357  52.444 0.0000000000
53765  -46.912  -19.633  50.808 0.0000000000
54947  -48.583  -18.230  52.193 0.0000000000
54946  -48.366  -18.353  51.680 0.0000000000
56201  -48.452  -17.874  50.798 0.0000000000
54962  -48.194  -18.385  51.064 0.0000000000
54961  -47.600  -18.840  50.811 0.0000000000
56259  -46.686  -17.609  47.660 0.0000000000
55026  -46.061  -18.050  47.173 0.0000000000
56299  -45.049  -17.771  45.116 0.0000000000
56323  -44.645  -17.129  43.433 0.0000000000
56324  -45.246  -17.095  44.071 0.0000000000
58861  -48.115  -16.055  42.883 0.0000000000
57616  -48.589  -16.537  42.934 0.0000000000
58770  -49.192  -15.328  46.992 0.0000000000
58797  -48.839  -15.306  46.322 0.0000000000
58819  -48.762  -15.301  45.373 0.0000000000
56326  -49.130  -17.853  43.415 0.0000000000
55075  -49.265  -18.593  43.908 0.0000000000
72314  -57.767  -3.846  42.387 0.0000000000
73438  -58.822  -2.716  42.036 0.0000000000
73446  -59.238  -2.494  41.218 0.0000000000
73447  -59.800  -1.807  41.087 0.0000000000
73468  -59.491  -2.256  38.855 0.0000000000
74616  -61.390  -1.304  39.275 0.0000000000
73470  -61.013  -1.530  39.176 0.0000000000
73488  -59.422  -2.540  37.599 0.0000000000
74641  -59.185  -2.737  37.054 0.0000000000
73504  -59.471  -3.005  36.727 0.0000000000
73518  -60.851  -2.647  36.286 0.0000000000
73516  -59.112  -3.663  36.268 0.0000000000
44414  -35.347  -27.929  60.908 0.0000000000
44422  -34.957  -27.911  60.304 0.0000000000
44423  -35.720  -27.712  60.171 0.0000000000
44447  -37.015  -27.602  58.177 0.0000000000
44461  -35.522  -27.158  57.402 0.0000000000
44522  -34.500  -26.855  54.604 0.0000000000
47862  -38.646  -24.017  47.633 0.0000000000
52669  -50.504  -20.425  41.797 0.0000000000
55087  -51.613  -18.775  41.990 0.0000000000
55102  -50.370  -18.684  41.121 0.0000000000
60051  -58.521  -14.503  41.692 0.0000000000
43418  -43.755  -28.508  57.603 0.0000000000
43442  -43.406  -27.898  56.190 0.0000000000
45562  -42.399  -26.619  53.603 0.0000000000
45550  -45.623  -26.493  54.191 0.0000000000
45565  -45.015  -26.499  53.846 0.0000000000
45564  -44.078  -26.536  53.495 0.0000000000
46713  -41.756  -25.044  50.457 0.0000000000
50147  -46.634  -22.653  52.823 0.0000000000
50146  -46.132  -22.630  52.229 0.0000000000
50160  -44.162  -22.923  51.050 0.0000000000
51353  -44.839  -21.155  50.144 0.0000000000
51360  -43.936  -21.226  49.149 0.0000000000
51352  -44.254  -21.434  49.758 0.0000000000
51341  -44.568  -21.703  50.346 0.0000000000
49020  -43.811  -23.397  50.981 0.0000000000
49019  -43.317  -23.370  50.476 0.0000000000
49029  -42.314  -23.364  49.494 0.0000000000
49039  -41.945  -23.039  48.834 0.0000000000
49028  -41.631  -23.629  48.948 0.0000000000
47864  -40.247  -23.698  47.569 0.0000000000
55101  -47.325  -18.000  42.015 0.0000000000
58651  -52.619  -15.544  53.045 0.0000000000
58599  -52.642  -14.526  55.593 0.0000000000
42309  -34.223  -28.669  63.768 0.0000000000
43331  -34.815  -28.592  63.314 0.0000000000
42310  -35.301  -28.511  63.670 0.0000000000
43345  -37.175  -27.955  62.681 0.0000000000
43357  -38.955  -27.832  61.922 0.0000000000
43358  -40.044  -27.780  61.998 0.0000000000
43404  -43.463  -28.562  58.371 0.0000000000
42384  -43.957  -28.601  58.766 0.0000000000
42396  -44.029  -28.672  58.287 0.0000000000
43419  -44.577  -28.448  57.363 0.0000000000
43420  -45.296  -28.130  57.266 0.0000000000
43434  -45.501  -27.730  56.417 0.0000000000
44485  -45.974  -27.564  56.272 0.0000000000
44511  -46.901  -27.266  55.650 0.0000000000
44487  -47.256  -27.066  56.112 0.0000000000
44535  -47.237  -26.825  55.244 0.0000000000
45553  -47.652  -26.315  55.314 0.0000000000
47813  -47.781  -24.658  55.010 0.0000000000
52501  -48.729  -20.054  55.384 0.0000000000
52484  -49.089  -19.943  56.053 0.0000000000
53703  -50.069  -18.555  56.374 0.0000000000
54897  -49.840  -18.218  55.348 0.0000000000
56129  -49.782  -17.368  54.814 0.0000000000
57436  -53.468  -16.006  52.881 0.0000000000
56151  -53.948  -16.335  53.124 0.0000000000
56171  -53.977  -16.472  52.374 0.0000000000
56172  -54.500  -16.835  51.724 0.0000000000
54929  -54.992  -17.287  51.055 0.0000000000
54949  -55.338  -17.892  50.462 0.0000000000
61026  -54.086  -13.507  54.386 0.0000000000
59857  -54.478  -14.171  54.070 0.0000000000
62246  -54.321  -13.362  53.574 0.0000000000
59872  -54.666  -14.166  53.520 0.0000000000
56107  -55.138  -15.534  53.184 0.0000000000
54930  -55.484  -17.481  51.122 0.0000000000
53752  -55.814  -18.256  50.467 0.0000000000
52553  -55.903  -18.903  49.830 0.0000000000
51345  -56.382  -19.031  49.569 0.0000000000
51356  -56.657  -19.016  49.361 0.0000000000
56173  -56.670  -16.541  50.997 0.0000000000
53754  -57.073  -17.833  50.255 0.0000000000
53781  -57.256  -18.303  49.054 0.0000000000
53795  -56.943  -18.640  48.602 0.0000000000
53806  -57.000  -18.228  48.529 0.0000000000
55033  -56.823  -17.910  48.309 0.0000000000
63593  -55.009  -12.095  50.505 0.0000000000
61084  -55.829  -13.231  50.110 0.0000000000
61074  -56.460  -13.708  49.823 0.0000000000
62272  -56.838  -12.149  49.846 0.0000000000
59904  -56.909  -14.267  49.741 0.0000000000
58682  -57.100  -15.019  50.050 0.0000000000
57489  -57.666  -16.012  49.768 0.0000000000
56243  -57.483  -16.764  48.827 0.0000000000
56265  -56.805  -17.143  48.138 0.0000000000
57557  -57.070  -15.967  48.001 0.0000000000
58777  -56.660  -15.500  47.382 0.0000000000
58778  -57.273  -14.938  47.354 0.0000000000
58750  -58.324  -14.141  47.690 0.0000000000
59956  -57.832  -14.427  46.676 0.0000000000
59972  -58.371  -14.403  46.184 0.0000000000
59989  -58.553  -14.493  45.455 0.0000000000
60008  -59.314  -14.373  44.873 0.0000000000
66258  -59.100  -10.412  49.427 0.0000000000
64906  -59.187  -11.012  49.015 0.0000000000
64918  -59.686  -11.772  48.160 0.0000000000
66280  -59.596  -10.655  48.480 0.0000000000
64936  -60.045  -11.736  48.071 0.0000000000
62328  -59.447  -13.122  47.118 0.0000000000
60010  -59.596  -14.030  45.445 0.0000000000
60025  -59.876  -14.133  44.534 0.0000000000
61172  -60.011  -13.801  44.259 0.0000000000
63689  -59.265  -12.619  45.799 0.0000000000
63701  -59.420  -12.957  45.143 0.0000000000
62389  -59.181  -12.656  43.677 0.0000000000
69894  -54.947  -6.719  47.943 0.0000000000
68738  -54.434  -7.250  47.411 0.0000000000
67536  -54.725  -8.172  49.473 0.0000000000
67549  -55.676  -9.142  49.175 0.0000000000
67561  -56.423  -9.666  48.588 0.0000000000
66292  -56.788  -10.277  47.982 0.0000000000
64933  -56.930  -10.903  47.373 0.0000000000
64951  -55.582  -11.248  47.164 0.0000000000
63643  -56.906  -11.743  46.344 0.0000000000
63669  -57.342  -12.216  45.712 0.0000000000
62348  -57.853  -12.530  45.047 0.0000000000
62401  -58.081  -12.330  42.375 0.0000000000
62409  -57.759  -11.895  41.595 0.0000000000
63688  -52.235  -11.500  44.457 0.0000000000
62383  -53.230  -12.368  43.580 0.0000000000
63707  -52.211  -11.533  42.451 0.0000000000
62396  -52.722  -12.101  42.891 0.0000000000
62398  -54.593  -12.171  42.607 0.0000000000
63710  -54.928  -11.984  41.741 0.0000000000
72320  -57.262  -4.321  42.010 0.0000000000
71173  -56.647  -4.820  41.873 0.0000000000
71172  -55.963  -5.366  41.776 0.0000000000
71171  -55.608  -5.515  41.110 0.0000000000
69992  -54.584  -6.466  41.364 0.0000000000
68832  -54.039  -6.947  40.984 0.0000000000
68830  -52.772  -8.133  40.746 0.0000000000
72364  -56.312  -3.766  38.465 0.0000000000
72363  -55.768  -4.527  38.993 0.0000000000
71198  -54.638  -5.402  39.095 0.0000000000
70038  -53.976  -5.706  38.631 0.0000000000
70027  -54.050  -6.171  39.510 0.0000000000
68847  -53.030  -7.367  39.878 0.0000000000
67675  -51.945  -8.846  40.341 0.0000000000
41284  -27.980  -30.177  56.206 0.0000000000
41285  -28.766  -30.224  56.443 0.0000000000
43366  -33.503  -28.641  60.434 0.0000000000
44473  -32.115  -27.711  57.157 0.0000000000
43439  -31.233  -27.783  56.129 0.0000000000
42395  -31.123  -28.764  57.454 0.0000000000
42414  -29.866  -29.533  55.692 0.0000000000
44482  -41.192  -27.756  56.341 0.0000000000
44504  -40.293  -27.572  55.851 0.0000000000
45559  -39.043  -26.431  53.299 0.0000000000
44550  -38.369  -26.676  53.935 0.0000000000
44592  -35.774  -26.671  52.340 0.0000000000
47861  -37.693  -24.108  47.616 0.0000000000
47846  -37.275  -24.607  48.561 0.0000000000
47860  -36.498  -24.128  47.497 0.0000000000
46746  -36.579  -24.813  48.849 0.0000000000
46745  -35.953  -25.006  48.954 0.0000000000
47843  -34.739  -25.162  48.387 0.0000000000
45619  -34.575  -26.582  49.977 0.0000000000
45600  -34.256  -26.937  50.215 0.0000000000
43497  -33.040  -28.708  49.683 0.0000000000
42370  -43.896  -28.554  59.000 0.0000000000
42386  -44.944  -28.624  58.266 0.0000000000
42407  -30.866  -28.525  56.841 0.0000000000
43411  -32.391  -27.968  58.072 0.0000000000
43435  -45.936  -27.562  56.519 0.0000000000
44430  -33.479  -27.995  59.213 0.0000000000
44536  -47.448  -26.676  55.419 0.0000000000
45545  -47.986  -26.043  55.712 0.0000000000
51260  -49.301  -19.820  56.794 0.0000000000
51330  -55.879  -19.087  49.856 0.0000000000
51331  -56.334  -18.761  49.885 0.0000000000
51332  -56.568  -18.541  49.999 0.0000000000
51344  -56.128  -19.244  49.494 0.0000000000
51346  -56.633  -18.710  49.715 0.0000000000
51355  -56.391  -19.334  49.234 0.0000000000
51363  -42.545  -21.448  47.595 0.0000000000
51373  -41.297  -21.235  45.896 0.0000000000
52527  -56.684  -18.060  50.493 0.0000000000
52539  -56.071  -18.709  50.083 0.0000000000
52540  -56.404  -18.416  50.275 0.0000000000
52541  -56.857  -18.277  50.069 0.0000000000
52552  -46.470  -20.120  50.850 0.0000000000
52554  -57.257  -18.481  49.348 0.0000000000
52564  -55.769  -19.344  49.274 0.0000000000
52577  -56.531  -19.158  48.222 0.0000000000
52582  -44.786  -19.766  47.830 0.0000000000
52608  -55.326  -19.349  46.525 0.0000000000
53737  -55.887  -17.807  51.014 0.0000000000
53739  -56.782  -17.642  50.662 0.0000000000
53740  -57.116  -17.429  50.428 0.0000000000
53751  -48.382  -18.539  52.113 0.0000000000
53753  -55.858  -18.449  50.280 0.0000000000
53755  -57.347  -17.531  50.063 0.0000000000
53767  -57.266  -17.922  49.712 0.0000000000
53768  -57.388  -17.589  49.825 0.0000000000
53794  -54.938  -19.615  48.575 0.0000000000
53796  -57.320  -18.093  48.811 0.0000000000
53802  -53.818  -19.597  47.354 0.0000000000
53805  -56.674  -18.654  48.175 0.0000000000
53813  -52.042  -19.306  46.264 0.0000000000
53825  -55.266  -19.183  46.358 0.0000000000
53826  -55.426  -19.182  46.638 0.0000000000
53841  -40.751  -19.684  43.327 0.0000000000
54913  -54.950  -16.999  51.672 0.0000000000
54932  -56.400  -17.047  51.254 0.0000000000
54933  -56.909  -17.049  50.715 0.0000000000
54950  -57.391  -16.791  50.263 0.0000000000
54964  -55.121  -18.115  49.947 0.0000000000
54966  -57.496  -17.295  49.748 0.0000000000
54967  -57.561  -17.094  49.818 0.0000000000
54982  -54.747  -18.632  49.061 0.0000000000
54984  -57.345  -17.879  48.887 0.0000000000
54985  -57.457  -17.438  49.069 0.0000000000
54986  -57.550  -17.038  49.445 0.0000000000
55009  -54.487  -18.941  48.389 0.0000000000
55010  -57.214  -17.600  48.677 0.0000000000
55031  -55.873  -18.377  47.425 0.0000000000
55044  -45.917  -17.774  46.615 0.0000000000
55057  -55.219  -18.772  46.276 0.0000000000
56108  -55.309  -15.548  53.004 0.0000000000
56130  -53.956  -16.257  53.560 0.0000000000
56131  -54.043  -16.307  53.384 0.0000000000
56132  -55.169  -15.800  53.084 0.0000000000
56133  -55.474  -15.789  52.639 0.0000000000
56154  -55.788  -16.141  51.966 0.0000000000
56206  -57.614  -16.638  49.538 0.0000000000
56222  -57.599  -16.695  49.088 0.0000000000
56244  -57.638  -16.384  48.888 0.0000000000
56263  -55.857  -17.449  47.391 0.0000000000
56266  -57.131  -16.902  48.418 0.0000000000
56287  -55.037  -17.392  46.492 0.0000000000
57405  -54.883  -15.502  53.353 0.0000000000
57406  -55.069  -15.295  53.206 0.0000000000
57422  -54.663  -15.866  53.325 0.0000000000
57435  -53.068  -15.791  52.376 0.0000000000
57437  -54.189  -16.285  53.205 0.0000000000
57453  -56.907  -16.198  50.754 0.0000000000
57472  -57.411  -16.094  50.301 0.0000000000
57490  -57.764  -16.078  49.076 0.0000000000
57506  -50.028  -15.691  49.661 0.0000000000
57533  -57.637  -15.877  48.576 0.0000000000
57553  -53.668  -16.883  48.250 0.0000000000
57556  -56.740  -16.241  47.814 0.0000000000
57579  -55.190  -16.582  46.768 0.0000000000
58616  -54.650  -15.034  53.763 0.0000000000
58617  -55.038  -14.920  53.151 0.0000000000
58638  -55.392  -14.991  52.590 0.0000000000
58652  -53.247  -15.764  53.350 0.0000000000
58653  -55.774  -15.261  51.861 0.0000000000
58666  -56.034  -15.279  51.278 0.0000000000
58667  -56.366  -15.344  50.824 0.0000000000
58698  -57.580  -15.490  49.809 0.0000000000
58719  -58.230  -14.306  48.076 0.0000000000
58780  -58.030  -14.488  47.581 0.0000000000
58781  -58.199  -14.303  47.579 0.0000000000
58805  -57.004  -14.831  47.040 0.0000000000
58844  -55.329  -14.922  44.883 0.0000000000
58860  -47.514  -16.065  42.709 0.0000000000
59858  -54.734  -14.533  53.504 0.0000000000
59893  -55.125  -14.441  51.630 0.0000000000
59901  -55.462  -14.336  50.702 0.0000000000
59902  -56.000  -14.530  50.553 0.0000000000
59903  -56.402  -14.371  50.148 0.0000000000
59905  -57.485  -14.143  49.501 0.0000000000
59912  -55.666  -13.796  50.340 0.0000000000
59913  -55.933  -13.954  50.240 0.0000000000
59915  -58.120  -14.049  49.124 0.0000000000
59916  -58.375  -13.459  48.645 0.0000000000
59941  -58.545  -13.731  47.653 0.0000000000
59957  -58.045  -14.353  46.854 0.0000000000
59971  -57.587  -14.501  46.323 0.0000000000
59973  -58.832  -14.333  46.269 0.0000000000
59974  -59.120  -14.122  46.389 0.0000000000
59975  -58.963  -14.035  46.638 0.0000000000
59990  -59.058  -14.430  45.664 0.0000000000
59992  -59.376  -13.995  45.981 0.0000000000
60009  -59.576  -14.179  45.166 0.0000000000
60026  -59.814  -14.109  44.985 0.0000000000
61038  -54.480  -13.716  53.714 0.0000000000
61039  -54.768  -14.032  53.240 0.0000000000
61053  -54.267  -13.229  52.769 0.0000000000
61055  -54.927  -14.183  52.901 0.0000000000
61065  -54.778  -13.920  51.931 0.0000000000
61073  -54.784  -14.091  51.029 0.0000000000
61075  -56.732  -13.267  49.692 0.0000000000
61085  -56.263  -13.354  49.877 0.0000000000
61086  -56.551  -12.745  49.772 0.0000000000
61124  -58.854  -13.449  47.372 0.0000000000
61125  -59.127  -13.294  47.248 0.0000000000
61137  -59.109  -14.329  46.116 0.0000000000
61146  -59.038  -14.437  45.906 0.0000000000
61147  -59.291  -14.157  46.048 0.0000000000
61148  -59.321  -14.007  45.928 0.0000000000
62269  -54.136  -12.901  51.578 0.0000000000
62271  -56.058  -11.881  50.217 0.0000000000
62280  -54.415  -13.003  50.919 0.0000000000
62281  -54.927  -12.820  50.507 0.0000000000
62282  -55.622  -12.359  50.290 0.0000000000
62284  -56.467  -12.261  49.917 0.0000000000
62297  -58.922  -12.238  48.031 0.0000000000
62298  -59.211  -12.439  47.682 0.0000000000
62310  -59.345  -12.727  47.420 0.0000000000
62325  -58.552  -12.233  45.799 0.0000000000
62327  -59.030  -12.059  45.970 0.0000000000
62351  -59.012  -12.385  45.753 0.0000000000
62371  -59.212  -12.735  45.152 0.0000000000
62372  -59.512  -13.509  45.729 0.0000000000
62395  -52.270  -11.782  43.045 0.0000000000
62397  -53.597  -12.149  42.756 0.0000000000
63562  -55.822  -10.442  50.767 0.0000000000
63578  -54.445  -11.579  50.630 0.0000000000
63579  -55.412  -11.278  50.548 0.0000000000
63594  -56.281  -11.804  50.172 0.0000000000
63595  -56.457  -11.798  50.117 0.0000000000
63615  -59.451  -11.922  48.120 0.0000000000
63628  -59.546  -12.161  47.774 0.0000000000
63639  -53.199  -11.560  46.188 0.0000000000
63642  -56.080  -11.703  46.433 0.0000000000
63647  -58.865  -12.098  46.138 0.0000000000
63664  -52.765  -11.842  45.452 0.0000000000
63666  -54.664  -12.173  45.844 0.0000000000
63670  -57.868  -12.201  45.695 0.0000000000
63672  -59.005  -12.010  46.323 0.0000000000
63690  -59.512  -12.991  45.767 0.0000000000
63699  -51.883  -11.004  42.879 0.0000000000
63702  -59.514  -13.212  44.989 0.0000000000
63706  -51.849  -11.019  42.594 0.0000000000
63711  -55.954  -11.879  41.614 0.0000000000
64880  -56.474  -10.577  50.548 0.0000000000
64929  -53.426  -10.051  47.455 0.0000000000
64934  -57.373  -11.124  47.235 0.0000000000
64935  -60.015  -11.089  48.287 0.0000000000
64955  -58.381  -11.559  46.685 0.0000000000
64956  -59.446  -11.442  47.123 0.0000000000
64974  -58.793  -11.455  46.840 0.0000000000
64975  -59.297  -11.716  46.788 0.0000000000
64992  -59.357  -12.348  46.372 0.0000000000
65015  -52.015  -9.900  42.470 0.0000000000
66235  -56.277  -9.108  51.495 0.0000000000
66257  -59.001  -9.930  50.024 0.0000000000
66268  -59.240  -10.468  49.024 0.0000000000
66277  -53.645  -8.978  48.275 0.0000000000
66289  -53.608  -9.536  47.958 0.0000000000
66294  -59.806  -10.873  47.861 0.0000000000
66312  -59.689  -11.348  47.366 0.0000000000
66323  -52.666  -10.030  45.465 0.0000000000
66324  -53.018  -9.523  45.656 0.0000000000
66325  -58.646  -11.106  47.332 0.0000000000
66327  -59.120  -11.324  46.984 0.0000000000
66383  -52.006  -9.722  42.085 0.0000000000
67539  -59.051  -9.828  49.255 0.0000000000
67547  -53.808  -8.579  48.483 0.0000000000
67548  -54.460  -8.433  49.115 0.0000000000
67562  -57.177  -9.778  48.434 0.0000000000
67565  -59.220  -10.382  48.266 0.0000000000
67574  -53.504  -8.993  46.951 0.0000000000
67577  -58.403  -10.299  48.175 0.0000000000
67578  -58.957  -10.498  48.007 0.0000000000
67643  -54.340  -7.738  43.779 0.0000000000
67644  -54.518  -7.494  43.981 0.0000000000
67668  -52.642  -8.743  41.896 0.0000000000
68667  -57.528  -8.783  51.120 0.0000000000
68683  -57.506  -8.680  50.841 0.0000000000
68695  -58.709  -8.994  49.820 0.0000000000
68704  -54.713  -7.756  49.479 0.0000000000
68706  -56.947  -8.805  49.793 0.0000000000
68708  -58.300  -9.255  49.691 0.0000000000
68741  -58.081  -9.256  49.222 0.0000000000
68757  -54.306  -7.675  46.589 0.0000000000
68788  -54.908  -7.173  44.684 0.0000000000
68810  -53.982  -7.897  42.652 0.0000000000
68813  -55.329  -6.097  43.015 0.0000000000
68846  -52.641  -8.011  40.276 0.0000000000
69853  -57.111  -8.404  50.922 0.0000000000
69934  -55.852  -6.419  45.236 0.0000000000
71129  -56.085  -5.333  44.394 0.0000000000
71187  -56.182  -5.010  40.734 0.0000000000
71199  -55.527  -5.047  39.566 0.0000000000
72306  -57.418  -4.325  43.339 0.0000000000
72378  -56.190  -3.947  37.198 0.0000000000
73374  -57.368  -3.685  47.820 0.0000000000
73383  -57.527  -3.551  47.279 0.0000000000
73459  -61.016  -1.748  39.813 0.0000000000
73471  -61.355  -1.361  38.837 0.0000000000
73490  -60.847  -1.703  38.172 0.0000000000
74598  -61.050  -1.571  40.646 0.0000000000
74607  -60.873  -1.835  40.451 0.0000000000
74628  -58.970  -2.633  37.370 0.0000000000
74629  -59.178  -2.639  37.311 0.0000000000
