#!ascii label  , from subject 3002 vox2ras=TkReg
868
41205  -25.545  -29.724  65.703 0.0000000000
60981  -48.707  -15.425  59.303 0.0000000000
69733  -49.652  -7.468  56.215 0.0000000000
73350  -55.357  -4.308  50.247 0.0000000000
54812  -45.143  -19.532  58.040 0.0000000000
72138  -52.535  -6.320  52.987 0.0000000000
77911  -57.160  -0.637  41.532 0.0000000000
80251  -60.490  0.551  39.279 0.0000000000
58578  -50.985  -15.778  58.126 0.0000000000
62212  -53.092  -12.427  56.422 0.0000000000
63485  -49.608  -11.852  57.911 0.0000000000
43271  -28.154  -28.351  69.388 0.0000000000
44317  -33.276  -27.509  67.426 0.0000000000
44353  -37.839  -26.833  64.894 0.0000000000
46561  -41.970  -26.879  61.986 0.0000000000
45532  -44.858  -26.645  57.511 0.0000000000
50075  -46.444  -22.756  56.641 0.0000000000
52426  -49.559  -19.432  58.686 0.0000000000
64876  -53.187  -11.587  51.643 0.0000000000
80284  -61.062  0.851  37.437 0.0000000000
58561  -50.099  -15.608  59.263 0.0000000000
60984  -50.929  -13.735  58.904 0.0000000000
62186  -49.511  -13.029  58.540 0.0000000000
44315  -29.291  -27.338  68.117 0.0000000000
44299  -30.589  -27.787  68.391 0.0000000000
47802  -44.148  -24.854  55.702 0.0000000000
47783  -45.929  -24.737  56.053 0.0000000000
50056  -44.977  -21.886  56.692 0.0000000000
57351  -47.404  -17.223  59.216 0.0000000000
52389  -47.683  -19.428  59.613 0.0000000000
54785  -48.848  -17.653  59.766 0.0000000000
56060  -50.315  -17.343  58.438 0.0000000000
67396  -52.035  -9.960  56.992 0.0000000000
63549  -53.329  -12.330  54.312 0.0000000000
67441  -51.640  -9.098  54.688 0.0000000000
73323  -53.873  -5.860  51.523 0.0000000000
68639  -55.055  -7.924  52.390 0.0000000000
69830  -55.964  -7.983  51.383 0.0000000000
69870  -54.901  -7.319  50.270 0.0000000000
76754  -58.191  -0.915  42.458 0.0000000000
76734  -57.003  -1.550  44.501 0.0000000000
52439  -43.658  -20.719  56.940 0.0000000000
72242  -53.407  -4.785  48.709 0.0000000000
79063  -58.962  1.015  40.808 0.0000000000
76762  -60.064  -0.527  41.699 0.0000000000
73507  -61.343  -1.680  37.512 0.0000000000
59856  -51.467  -14.962  55.614 0.0000000000
59828  -52.311  -13.618  57.248 0.0000000000
64790  -51.680  -11.577  57.979 0.0000000000
42225  -27.903  -29.326  68.185 0.0000000000
43321  -34.380  -28.433  65.157 0.0000000000
44334  -35.243  -27.316  66.145 0.0000000000
42312  -36.587  -27.890  64.246 0.0000000000
43347  -39.210  -27.697  62.871 0.0000000000
43359  -41.078  -27.612  62.109 0.0000000000
43362  -43.285  -27.649  60.478 0.0000000000
45519  -43.642  -26.757  59.609 0.0000000000
44465  -46.119  -27.328  56.942 0.0000000000
50032  -45.732  -21.160  58.212 0.0000000000
51245  -48.221  -21.065  57.703 0.0000000000
51259  -48.926  -20.388  56.547 0.0000000000
53688  -49.744  -19.085  56.528 0.0000000000
56085  -50.490  -17.105  56.235 0.0000000000
68636  -53.318  -8.180  52.995 0.0000000000
75653  -56.143  -3.085  45.687 0.0000000000
74516  -56.516  -3.538  49.151 0.0000000000
41185  -25.608  -29.815  67.723 0.0000000000
59801  -49.418  -15.670  59.612 0.0000000000
62157  -49.855  -14.234  59.311 0.0000000000
60995  -48.843  -14.103  58.821 0.0000000000
50092  -43.646  -23.043  55.208 0.0000000000
48949  -44.487  -23.751  55.582 0.0000000000
51257  -44.003  -21.859  56.252 0.0000000000
58560  -48.288  -16.785  59.336 0.0000000000
56030  -47.875  -17.426  60.225 0.0000000000
59786  -48.887  -16.325  60.032 0.0000000000
57346  -49.423  -16.660  59.563 0.0000000000
67410  -51.577  -9.370  55.953 0.0000000000
69735  -50.830  -8.152  55.868 0.0000000000
73339  -54.463  -5.010  50.532 0.0000000000
71021  -54.547  -6.788  51.278 0.0000000000
72203  -54.666  -5.499  50.300 0.0000000000
69851  -55.368  -7.517  50.898 0.0000000000
72219  -55.483  -5.023  49.973 0.0000000000
74577  -58.209  -2.407  43.097 0.0000000000
74569  -57.849  -2.577  43.916 0.0000000000
73430  -58.085  -3.475  43.513 0.0000000000
79084  -58.463  0.291  38.917 0.0000000000
79074  -59.628  0.778  40.055 0.0000000000
79055  -59.956  1.062  42.021 0.0000000000
79066  -60.810  0.505  40.731 0.0000000000
75716  -60.948  -1.212  41.002 0.0000000000
77925  -61.038  -0.113  39.838 0.0000000000
76805  -61.793  -0.504  37.944 0.0000000000
58597  -50.986  -15.483  56.409 0.0000000000
58598  -51.708  -14.677  56.118 0.0000000000
58579  -51.303  -14.731  57.982 0.0000000000
63470  -50.371  -12.473  58.768 0.0000000000
63472  -51.243  -12.175  58.459 0.0000000000
64788  -50.720  -11.180  58.111 0.0000000000
66130  -50.525  -10.385  57.604 0.0000000000
66129  -49.996  -10.234  57.393 0.0000000000
42238  -28.570  -29.402  67.299 0.0000000000
42216  -29.504  -28.734  68.327 0.0000000000
44300  -31.587  -27.624  67.970 0.0000000000
46521  -36.710  -26.153  64.735 0.0000000000
44351  -36.087  -27.247  65.616 0.0000000000
42276  -35.873  -28.026  65.134 0.0000000000
43322  -37.279  -27.611  64.463 0.0000000000
43333  -37.181  -27.843  63.599 0.0000000000
43323  -37.982  -27.413  64.371 0.0000000000
44403  -42.001  -27.022  61.793 0.0000000000
43361  -42.665  -27.622  60.814 0.0000000000
44417  -43.122  -27.256  61.044 0.0000000000
46630  -43.702  -26.241  57.332 0.0000000000
45524  -43.096  -26.450  58.856 0.0000000000
45525  -43.913  -26.785  58.731 0.0000000000
44435  -44.702  -27.678  58.851 0.0000000000
44448  -45.144  -27.485  58.396 0.0000000000
44450  -45.616  -27.648  57.565 0.0000000000
45533  -45.651  -26.925  57.405 0.0000000000
48951  -46.219  -23.723  56.251 0.0000000000
46652  -47.124  -25.566  56.344 0.0000000000
47785  -47.466  -24.637  56.311 0.0000000000
48953  -47.755  -23.550  56.379 0.0000000000
51221  -44.535  -20.665  58.080 0.0000000000
52402  -45.185  -20.298  58.498 0.0000000000
52424  -48.550  -19.969  59.289 0.0000000000
51225  -47.524  -20.472  58.883 0.0000000000
51236  -48.599  -20.545  58.074 0.0000000000
51246  -48.582  -20.878  57.361 0.0000000000
51238  -49.423  -19.730  57.701 0.0000000000
52456  -49.715  -19.353  57.524 0.0000000000
57371  -50.667  -16.512  58.339 0.0000000000
56076  -50.984  -17.603  57.402 0.0000000000
57388  -51.030  -16.636  57.030 0.0000000000
58596  -50.561  -16.117  56.199 0.0000000000
44296  -27.569  -27.546  69.102 0.0000000000
43265  -27.295  -28.488  69.850 0.0000000000
42205  -26.804  -29.039  69.824 0.0000000000
59836  -53.368  -13.651  55.597 0.0000000000
61021  -53.652  -13.231  54.980 0.0000000000
63547  -52.548  -11.288  53.308 0.0000000000
72124  -51.789  -6.574  53.491 0.0000000000
69776  -51.923  -7.674  53.842 0.0000000000
70964  -53.301  -7.148  53.291 0.0000000000
67502  -56.615  -8.778  51.432 0.0000000000
66217  -55.601  -8.788  51.832 0.0000000000
75656  -56.951  -2.385  45.500 0.0000000000
75673  -56.761  -2.400  45.053 0.0000000000
74536  -57.009  -2.546  46.916 0.0000000000
74535  -56.564  -2.972  46.999 0.0000000000
74527  -57.177  -3.187  48.080 0.0000000000
72235  -56.702  -4.583  48.710 0.0000000000
81455  -60.127  0.885  37.570 0.0000000000
79102  -60.862  0.589  38.486 0.0000000000
81496  -60.455  2.133  36.511 0.0000000000
81511  -61.113  2.463  36.482 0.0000000000
58570  -50.803  -15.252  58.644 0.0000000000
59819  -51.026  -14.409  58.739 0.0000000000
60983  -50.576  -14.197  59.156 0.0000000000
62170  -49.995  -13.325  59.083 0.0000000000
44297  -28.621  -27.548  68.952 0.0000000000
44285  -29.822  -28.011  68.854 0.0000000000
45399  -31.876  -26.748  67.636 0.0000000000
46649  -44.415  -25.886  56.498 0.0000000000
46650  -45.543  -25.701  56.295 0.0000000000
47782  -45.032  -24.847  55.796 0.0000000000
48950  -45.397  -23.733  55.890 0.0000000000
50074  -45.625  -22.746  56.342 0.0000000000
56048  -46.613  -18.234  58.637 0.0000000000
53605  -46.387  -19.196  59.112 0.0000000000
54791  -47.494  -18.186  59.914 0.0000000000
53608  -48.353  -18.801  59.713 0.0000000000
53609  -49.140  -18.434  59.446 0.0000000000
53645  -49.935  -18.752  58.312 0.0000000000
54805  -49.773  -17.853  58.832 0.0000000000
57363  -50.272  -16.345  58.816 0.0000000000
44313  -27.411  -27.489  68.155 0.0000000000
66160  -52.334  -11.034  56.715 0.0000000000
63533  -53.105  -11.881  55.611 0.0000000000
66184  -52.548  -10.592  55.915 0.0000000000
64842  -52.544  -10.796  54.826 0.0000000000
66212  -52.057  -9.723  53.291 0.0000000000
73303  -53.427  -6.108  51.921 0.0000000000
70982  -54.118  -6.945  52.845 0.0000000000
71000  -54.531  -6.854  52.169 0.0000000000
69814  -55.607  -7.894  51.800 0.0000000000
77889  -58.035  -0.786  42.490 0.0000000000
77887  -57.111  -1.389  42.928 0.0000000000
76747  -57.942  -1.453  43.120 0.0000000000
74568  -57.421  -2.758  44.667 0.0000000000
59826  -48.388  -15.840  58.284 0.0000000000
58576  -47.653  -16.961  58.333 0.0000000000
70920  -50.201  -7.169  55.507 0.0000000000
72181  -52.081  -6.116  51.572 0.0000000000
72200  -52.707  -5.561  51.121 0.0000000000
72233  -53.439  -4.864  49.740 0.0000000000
73371  -53.996  -4.187  49.147 0.0000000000
77912  -57.844  -0.089  41.133 0.0000000000
77899  -58.769  -0.206  41.888 0.0000000000
76756  -59.468  -0.707  42.058 0.0000000000
74589  -59.427  -2.405  41.985 0.0000000000
76792  -61.577  -0.492  38.852 0.0000000000
74630  -61.526  -1.289  38.570 0.0000000000
58613  -51.908  -14.847  55.213 0.0000000000
58589  -52.269  -14.160  56.548 0.0000000000
61012  -52.800  -13.132  56.930 0.0000000000
60996  -51.631  -13.109  58.404 0.0000000000
62189  -52.089  -12.632  58.144 0.0000000000
63501  -52.312  -11.894  57.560 0.0000000000
66147  -51.824  -10.405  57.308 0.0000000000
68571  -51.006  -9.445  56.952 0.0000000000
61004  -49.056  -13.742  57.961 0.0000000000
62210  -49.050  -12.415  56.773 0.0000000000
64799  -49.361  -10.698  56.582 0.0000000000
42236  -26.491  -29.611  67.060 0.0000000000
42237  -27.536  -29.512  67.278 0.0000000000
42309  -34.223  -28.669  63.768 0.0000000000
45409  -32.386  -26.514  66.893 0.0000000000
45401  -33.566  -27.013  67.367 0.0000000000
44333  -34.417  -27.417  66.610 0.0000000000
42294  -35.414  -28.392  64.499 0.0000000000
43357  -38.955  -27.832  61.922 0.0000000000
43372  -39.665  -27.939  60.968 0.0000000000
46588  -41.657  -26.444  60.947 0.0000000000
45517  -42.224  -26.293  59.482 0.0000000000
45505  -42.801  -26.628  60.788 0.0000000000
44418  -43.666  -27.421  60.350 0.0000000000
43390  -44.361  -28.208  59.063 0.0000000000
45539  -46.683  -26.353  56.535 0.0000000000
51243  -44.291  -21.402  56.816 0.0000000000
50042  -45.176  -21.506  57.372 0.0000000000
50058  -46.581  -22.002  57.355 0.0000000000
52422  -46.513  -20.595  58.972 0.0000000000
50044  -46.601  -21.321  58.104 0.0000000000
50059  -47.586  -21.588  57.560 0.0000000000
50077  -48.280  -22.033  56.707 0.0000000000
50078  -48.567  -21.168  56.492 0.0000000000
53717  -49.333  -18.814  55.156 0.0000000000
53673  -50.339  -18.796  57.453 0.0000000000
54877  -50.393  -18.303  56.507 0.0000000000
56129  -49.782  -17.368  54.814 0.0000000000
57419  -50.087  -16.546  55.275 0.0000000000
42213  -26.061  -29.563  69.424 0.0000000000
69754  -51.375  -7.732  54.385 0.0000000000
68634  -52.001  -8.480  53.706 0.0000000000
66231  -53.336  -9.506  52.187 0.0000000000
67462  -54.652  -8.090  52.511 0.0000000000
66215  -54.720  -9.038  52.327 0.0000000000
64878  -54.599  -10.588  50.870 0.0000000000
73381  -54.155  -4.331  48.080 0.0000000000
73372  -54.746  -3.792  48.497 0.0000000000
76744  -56.549  -1.911  43.490 0.0000000000
75687  -55.983  -2.343  43.933 0.0000000000
74546  -55.254  -3.371  45.968 0.0000000000
74525  -55.973  -2.984  48.023 0.0000000000
74498  -56.033  -3.510  50.093 0.0000000000
72234  -56.189  -4.783  49.426 0.0000000000
41204  -24.754  -29.831  66.180 0.0000000000
59808  -48.873  -15.449  59.525 0.0000000000
60982  -48.903  -14.773  59.357 0.0000000000
50091  -43.142  -23.033  54.906 0.0000000000
50072  -44.040  -22.548  55.709 0.0000000000
51256  -43.384  -21.591  55.927 0.0000000000
59818  -48.582  -15.973  59.014 0.0000000000
58552  -48.313  -16.746  59.795 0.0000000000
59807  -48.666  -16.101  59.520 0.0000000000
59787  -49.118  -15.860  59.988 0.0000000000
69717  -50.521  -8.336  56.349 0.0000000000
68596  -51.185  -8.827  55.936 0.0000000000
69734  -50.377  -7.711  56.084 0.0000000000
73349  -54.692  -4.689  50.209 0.0000000000
72202  -54.526  -5.240  50.472 0.0000000000
73340  -54.925  -4.735  50.032 0.0000000000
73351  -55.763  -4.406  50.376 0.0000000000
73431  -58.322  -2.812  42.880 0.0000000000
80250  -59.888  0.622  39.108 0.0000000000
79075  -60.218  0.775  40.184 0.0000000000
79076  -60.656  0.443  39.969 0.0000000000
77924  -60.898  0.110  40.422 0.0000000000
58587  -51.121  -15.673  57.467 0.0000000000
58588  -51.479  -14.746  57.031 0.0000000000
63486  -49.968  -12.104  58.518 0.0000000000
64771  -50.391  -11.744  58.434 0.0000000000
64787  -50.055  -11.094  58.051 0.0000000000
64786  -49.563  -10.747  57.316 0.0000000000
43272  -29.159  -28.385  68.949 0.0000000000
44301  -32.544  -27.500  67.706 0.0000000000
43282  -31.998  -28.028  67.689 0.0000000000
45425  -37.352  -26.542  65.028 0.0000000000
45424  -36.325  -26.623  65.456 0.0000000000
44352  -37.288  -27.171  65.135 0.0000000000
43313  -36.562  -27.639  65.110 0.0000000000
44368  -38.440  -27.074  64.462 0.0000000000
46560  -41.256  -26.457  62.159 0.0000000000
45465  -41.652  -26.767  62.091 0.0000000000
44404  -42.572  -27.039  61.460 0.0000000000
45466  -42.256  -26.875  61.598 0.0000000000
46631  -44.299  -26.366  57.313 0.0000000000
45531  -44.185  -26.593  57.931 0.0000000000
45526  -44.684  -27.049  58.454 0.0000000000
45527  -45.236  -27.151  57.999 0.0000000000
48952  -47.036  -23.683  56.462 0.0000000000
50076  -47.313  -22.585  56.793 0.0000000000
53641  -44.564  -20.037  58.053 0.0000000000
53642  -44.997  -19.966  58.398 0.0000000000
52425  -49.167  -19.971  59.101 0.0000000000
51226  -48.452  -20.292  58.772 0.0000000000
51227  -49.167  -20.124  58.510 0.0000000000
51237  -49.041  -20.149  57.865 0.0000000000
51228  -49.435  -19.738  58.197 0.0000000000
52441  -49.824  -19.255  58.031 0.0000000000
57379  -50.983  -16.673  57.812 0.0000000000
44283  -27.676  -27.913  69.832 0.0000000000
42206  -27.570  -28.783  69.439 0.0000000000
61013  -53.356  -13.000  56.076 0.0000000000
59837  -53.618  -13.539  55.159 0.0000000000
61020  -53.464  -12.882  55.494 0.0000000000
63561  -52.917  -11.783  52.589 0.0000000000
62259  -53.464  -12.508  52.575 0.0000000000
63577  -53.732  -12.178  51.151 0.0000000000
63592  -54.432  -12.393  50.710 0.0000000000
72125  -52.475  -6.703  53.454 0.0000000000
72126  -53.219  -6.841  53.321 0.0000000000
77910  -56.797  -1.070  41.999 0.0000000000
74550  -57.225  -2.760  45.847 0.0000000000
74549  -57.037  -2.390  46.088 0.0000000000
58562  -50.405  -15.365  59.103 0.0000000000
59810  -50.735  -14.531  59.025 0.0000000000
59809  -50.386  -14.916  59.297 0.0000000000
62169  -49.381  -13.986  59.142 0.0000000000
62158  -50.300  -13.937  59.208 0.0000000000
62187  -49.939  -12.669  58.847 0.0000000000
47801  -43.379  -24.778  55.682 0.0000000000
46667  -43.670  -25.322  56.032 0.0000000000
50073  -44.853  -22.701  55.990 0.0000000000
56049  -46.877  -17.615  59.064 0.0000000000
54790  -46.842  -18.478  59.350 0.0000000000
56039  -47.339  -17.647  59.594 0.0000000000
56031  -48.341  -17.487  60.202 0.0000000000
54783  -47.952  -18.018  60.387 0.0000000000
54784  -48.529  -18.176  59.969 0.0000000000
54794  -49.212  -17.774  59.513 0.0000000000
53610  -49.421  -18.151  59.298 0.0000000000
54795  -49.553  -17.806  59.190 0.0000000000
58554  -49.705  -15.994  59.451 0.0000000000
57353  -50.005  -16.520  59.005 0.0000000000
57354  -50.171  -15.904  59.093 0.0000000000
44314  -28.375  -27.400  68.214 0.0000000000
66159  -52.200  -10.484  56.879 0.0000000000
66172  -52.457  -10.826  56.339 0.0000000000
66171  -52.305  -10.205  56.212 0.0000000000
67425  -51.683  -9.260  55.427 0.0000000000
66183  -52.280  -10.106  55.400 0.0000000000
66182  -51.951  -9.577  54.841 0.0000000000
66197  -52.064  -9.949  54.362 0.0000000000
66196  -51.815  -9.365  54.328 0.0000000000
73322  -53.522  -6.016  51.754 0.0000000000
72159  -53.728  -6.320  52.301 0.0000000000
72160  -54.172  -6.406  51.901 0.0000000000
71001  -54.806  -7.120  51.863 0.0000000000
69829  -55.150  -7.425  51.497 0.0000000000
68654  -56.017  -8.379  51.543 0.0000000000
69852  -56.587  -8.122  51.024 0.0000000000
77883  -57.611  -1.337  42.882 0.0000000000
73414  -57.709  -3.452  45.272 0.0000000000
59825  -47.954  -16.320  57.854 0.0000000000
72199  -52.230  -5.871  50.824 0.0000000000
72241  -52.642  -5.413  48.284 0.0000000000
73362  -53.980  -4.460  50.115 0.0000000000
79073  -58.975  0.531  39.725 0.0000000000
79072  -58.410  0.133  39.802 0.0000000000
77923  -57.876  -0.106  40.260 0.0000000000
79062  -58.508  0.284  40.583 0.0000000000
79053  -58.610  0.224  41.377 0.0000000000
77901  -60.020  0.141  42.118 0.0000000000
75698  -59.177  -1.445  42.252 0.0000000000
75706  -59.684  -1.263  41.744 0.0000000000
75715  -60.111  -1.438  41.122 0.0000000000
75727  -61.142  -1.308  40.454 0.0000000000
79103  -61.113  0.616  38.030 0.0000000000
79087  -61.104  0.397  38.742 0.0000000000
77945  -61.489  0.133  38.252 0.0000000000
75758  -61.850  -1.091  37.506 0.0000000000
58633  -51.261  -15.172  54.472 0.0000000000
58580  -51.802  -14.201  57.359 0.0000000000
59835  -52.958  -13.614  56.449 0.0000000000
59811  -51.091  -13.980  58.813 0.0000000000
60985  -51.289  -13.402  58.636 0.0000000000
63487  -51.555  -11.903  58.237 0.0000000000
62188  -51.564  -12.361  58.353 0.0000000000
63488  -52.145  -11.883  57.946 0.0000000000
63489  -52.167  -12.053  57.990 0.0000000000
63500  -52.100  -11.748  57.805 0.0000000000
64800  -51.945  -11.324  57.624 0.0000000000
66132  -51.596  -11.099  57.686 0.0000000000
67376  -49.969  -9.726  56.987 0.0000000000
67378  -50.859  -9.793  57.215 0.0000000000
42224  -26.649  -29.589  68.260 0.0000000000
42226  -28.920  -29.095  67.970 0.0000000000
44286  -30.233  -28.096  68.612 0.0000000000
43274  -30.445  -28.164  68.439 0.0000000000
42292  -33.455  -28.673  64.848 0.0000000000
43320  -34.054  -28.488  65.004 0.0000000000
42293  -34.554  -28.530  64.568 0.0000000000
45422  -32.825  -26.408  66.165 0.0000000000
43302  -34.769  -27.663  66.303 0.0000000000
43311  -35.203  -27.881  65.784 0.0000000000
42296  -36.408  -27.873  64.755 0.0000000000
42295  -35.981  -28.128  64.610 0.0000000000
42311  -36.151  -28.139  63.893 0.0000000000
42327  -36.029  -28.317  63.351 0.0000000000
43334  -38.344  -27.561  63.798 0.0000000000
43346  -38.145  -27.768  62.798 0.0000000000
43349  -40.891  -27.352  62.698 0.0000000000
43348  -40.221  -27.487  62.982 0.0000000000
43358  -40.044  -27.780  61.998 0.0000000000
43373  -40.917  -27.875  60.941 0.0000000000
43374  -42.055  -27.883  60.399 0.0000000000
43375  -43.003  -28.043  60.114 0.0000000000
43388  -42.375  -28.296  59.495 0.0000000000
45523  -42.487  -26.332  59.140 0.0000000000
45518  -42.753  -26.476  59.899 0.0000000000
45506  -43.425  -26.771  60.442 0.0000000000
45488  -43.632  -27.070  60.732 0.0000000000
45507  -43.960  -27.100  60.119 0.0000000000
44425  -44.075  -27.586  59.588 0.0000000000
42371  -44.090  -28.511  58.923 0.0000000000
43407  -45.595  -27.761  57.380 0.0000000000
45538  -46.004  -26.388  56.692 0.0000000000
46651  -46.384  -25.611  56.318 0.0000000000
51242  -43.774  -21.033  56.900 0.0000000000
51231  -44.020  -20.786  57.155 0.0000000000
51222  -45.053  -20.839  58.320 0.0000000000
51233  -44.734  -21.236  57.615 0.0000000000
50031  -45.228  -21.288  57.922 0.0000000000
50043  -45.809  -21.511  57.674 0.0000000000
52388  -47.114  -19.523  59.441 0.0000000000
52404  -46.472  -20.237  59.140 0.0000000000
52405  -47.342  -20.066  59.344 0.0000000000
51235  -47.856  -20.846  58.202 0.0000000000
51234  -47.183  -20.958  58.430 0.0000000000
50045  -47.320  -21.205  58.106 0.0000000000
50060  -48.226  -21.414  57.331 0.0000000000
51258  -48.646  -20.914  56.831 0.0000000000
52471  -49.626  -19.374  56.897 0.0000000000
53702  -49.759  -18.827  56.034 0.0000000000
54817  -50.348  -18.222  58.235 0.0000000000
53646  -50.436  -18.720  58.043 0.0000000000
54826  -50.559  -18.454  57.979 0.0000000000
56086  -50.690  -17.557  56.578 0.0000000000
54854  -50.745  -18.244  56.878 0.0000000000
56106  -50.419  -17.964  56.233 0.0000000000
54876  -50.114  -18.253  56.073 0.0000000000
56105  -50.217  -17.500  55.831 0.0000000000
57402  -50.378  -16.629  55.982 0.0000000000
58612  -51.080  -15.213  55.475 0.0000000000
58611  -50.485  -15.868  55.733 0.0000000000
42214  -27.262  -29.259  69.091 0.0000000000
63539  -53.260  -12.211  54.897 0.0000000000
62225  -53.649  -12.987  54.652 0.0000000000
62230  -53.563  -12.703  54.423 0.0000000000
70940  -50.765  -7.034  54.740 0.0000000000
70922  -50.887  -7.822  55.237 0.0000000000
68620  -52.648  -7.903  53.442 0.0000000000
68635  -52.500  -8.361  53.410 0.0000000000
67480  -52.329  -8.855  53.230 0.0000000000
67481  -53.215  -8.773  52.753 0.0000000000
69797  -54.698  -7.525  52.367 0.0000000000
68623  -53.967  -7.835  52.457 0.0000000000
67463  -54.911  -8.120  52.456 0.0000000000
66216  -55.225  -8.920  52.191 0.0000000000
64860  -55.519  -9.818  51.363 0.0000000000
64859  -54.852  -9.914  51.538 0.0000000000
64879  -55.272  -10.299  50.932 0.0000000000
73382  -54.815  -3.892  47.455 0.0000000000
77881  -57.148  -1.105  43.231 0.0000000000
76753  -56.812  -1.605  43.224 0.0000000000
76745  -56.982  -1.537  43.257 0.0000000000
75672  -55.908  -2.734  45.111 0.0000000000
75686  -55.183  -2.807  44.321 0.0000000000
75671  -55.388  -2.840  44.874 0.0000000000
74566  -55.160  -3.084  45.162 0.0000000000
74547  -55.941  -3.290  46.063 0.0000000000
74526  -56.586  -2.909  48.110 0.0000000000
74515  -56.041  -2.986  49.146 0.0000000000
73364  -56.357  -4.259  49.821 0.0000000000
73365  -56.809  -4.091  49.153 0.0000000000
59802  -49.958  -15.275  59.403 0.0000000000
60972  -50.204  -14.603  59.334 0.0000000000
60971  -49.702  -14.940  59.468 0.0000000000
62156  -49.398  -14.624  59.394 0.0000000000
48968  -43.856  -24.169  55.434 0.0000000000
48948  -43.897  -23.471  55.354 0.0000000000
50055  -44.416  -22.018  56.308 0.0000000000
57352  -47.802  -17.169  59.405 0.0000000000
56040  -47.662  -17.500  60.145 0.0000000000
57334  -47.949  -16.840  60.078 0.0000000000
57335  -48.315  -17.088  60.174 0.0000000000
57345  -49.083  -16.861  59.904 0.0000000000
58553  -49.317  -16.308  59.775 0.0000000000
67395  -51.598  -9.570  56.786 0.0000000000
67411  -52.019  -9.855  56.516 0.0000000000
68607  -51.395  -8.722  55.094 0.0000000000
73338  -54.187  -5.250  51.058 0.0000000000
73324  -54.145  -5.794  51.269 0.0000000000
72184  -54.350  -5.959  51.017 0.0000000000
72185  -54.429  -6.260  50.782 0.0000000000
71034  -54.587  -6.767  50.755 0.0000000000
71046  -54.686  -6.283  50.166 0.0000000000
75697  -58.502  -1.757  42.687 0.0000000000
76748  -58.082  -1.504  42.826 0.0000000000
73425  -58.195  -2.974  43.767 0.0000000000
79054  -59.081  0.950  41.812 0.0000000000
79064  -59.784  1.216  41.046 0.0000000000
77913  -60.424  0.392  41.612 0.0000000000
77902  -60.425  -0.054  41.621 0.0000000000
75707  -60.269  -0.982  41.347 0.0000000000
77914  -60.782  0.157  41.132 0.0000000000
76783  -61.009  -0.257  40.132 0.0000000000
76784  -61.281  -0.539  39.758 0.0000000000
79110  -61.244  0.629  37.443 0.0000000000
77953  -61.582  0.079  37.295 0.0000000000
76813  -61.753  -0.562  36.964 0.0000000000
74649  -61.659  -1.543  37.001 0.0000000000
59843  -51.351  -14.944  56.094 0.0000000000
59827  -51.727  -13.941  57.790 0.0000000000
62171  -50.625  -13.290  58.944 0.0000000000
62172  -51.161  -12.893  58.647 0.0000000000
63471  -50.873  -12.438  58.663 0.0000000000
64773  -50.774  -11.968  58.718 0.0000000000
64789  -51.253  -11.546  58.173 0.0000000000
66128  -49.776  -10.039  56.949 0.0000000000
42215  -28.363  -28.855  68.823 0.0000000000
43309  -33.806  -28.466  65.501 0.0000000000
44350  -35.622  -27.552  65.738 0.0000000000
44415  -41.746  -27.298  61.816 0.0000000000
43360  -41.832  -27.568  61.253 0.0000000000
44416  -42.358  -27.273  61.368 0.0000000000
46629  -42.656  -26.197  57.749 0.0000000000
45530  -43.509  -26.496  58.116 0.0000000000
45520  -44.193  -27.193  59.265 0.0000000000
44436  -45.232  -27.865  58.437 0.0000000000
44464  -45.804  -27.346  57.335 0.0000000000
45534  -46.228  -26.924  56.964 0.0000000000
47784  -46.738  -24.679  56.275 0.0000000000
48969  -48.135  -23.562  56.059 0.0000000000
53658  -44.208  -20.094  57.417 0.0000000000
52440  -44.104  -20.576  57.312 0.0000000000
52420  -44.362  -20.459  57.847 0.0000000000
52421  -44.714  -20.398  58.264 0.0000000000
51211  -45.412  -20.453  58.574 0.0000000000
52406  -47.997  -19.806  59.497 0.0000000000
51215  -48.049  -20.131  59.158 0.0000000000
51247  -48.992  -20.262  57.236 0.0000000000
51248  -49.345  -19.798  57.142 0.0000000000
52472  -49.948  -19.052  57.334 0.0000000000
56068  -50.730  -17.648  58.057 0.0000000000
57387  -50.654  -16.600  56.462 0.0000000000
44273  -27.034  -28.302  70.131 0.0000000000
63548  -52.976  -12.051  53.727 0.0000000000
62245  -53.820  -12.865  53.425 0.0000000000
62244  -53.268  -12.360  53.104 0.0000000000
70962  -51.576  -6.901  54.020 0.0000000000
70942  -51.642  -7.455  54.097 0.0000000000
70963  -52.289  -7.184  53.741 0.0000000000
69777  -52.895  -7.479  53.405 0.0000000000
68621  -53.399  -7.760  53.018 0.0000000000
68653  -55.513  -8.140  52.042 0.0000000000
67484  -55.242  -8.399  52.291 0.0000000000
75674  -56.817  -2.274  44.815 0.0000000000
75655  -56.852  -2.352  45.907 0.0000000000
75654  -56.641  -2.996  45.997 0.0000000000
74548  -56.370  -3.239  46.530 0.0000000000
75645  -56.793  -2.670  46.515 0.0000000000
74517  -56.957  -3.631  48.749 0.0000000000
80262  -60.513  0.705  38.122 0.0000000000
80263  -60.744  0.560  38.653 0.0000000000
80282  -60.651  1.008  37.384 0.0000000000
80283  -60.860  0.963  37.488 0.0000000000
80294  -60.896  1.846  36.913 0.0000000000
81497  -60.876  2.124  36.663 0.0000000000
80295  -61.025  1.452  36.849 0.0000000000
80305  -61.231  1.562  35.847 0.0000000000
58571  -51.136  -14.543  58.505 0.0000000000
44284  -28.928  -27.908  69.297 0.0000000000
44298  -29.718  -27.573  68.565 0.0000000000
45389  -31.332  -27.244  68.009 0.0000000000
45390  -32.227  -27.046  68.056 0.0000000000
45391  -32.902  -27.073  67.781 0.0000000000
46648  -43.180  -25.648  56.506 0.0000000000
45537  -45.326  -26.353  56.875 0.0000000000
54813  -46.003  -18.840  58.036 0.0000000000
53626  -45.897  -19.594  58.763 0.0000000000
54802  -46.213  -18.995  58.642 0.0000000000
53606  -46.997  -18.951  59.491 0.0000000000
53607  -47.640  -18.802  59.802 0.0000000000
54782  -47.706  -17.800  60.225 0.0000000000
54792  -47.739  -18.361  60.152 0.0000000000
53628  -49.180  -19.192  59.345 0.0000000000
52408  -49.797  -19.281  58.973 0.0000000000
53629  -49.606  -18.571  58.972 0.0000000000
54816  -49.957  -18.019  58.579 0.0000000000
56042  -49.473  -17.180  59.367 0.0000000000
57362  -49.929  -16.803  58.918 0.0000000000
63524  -52.852  -11.937  56.612 0.0000000000
63525  -53.038  -12.074  56.260 0.0000000000
64832  -52.917  -11.726  56.140 0.0000000000
64831  -52.826  -11.215  55.897 0.0000000000
64843  -52.834  -11.171  55.377 0.0000000000
64830  -52.651  -10.757  55.536 0.0000000000
63537  -52.594  -11.338  54.153 0.0000000000
64856  -52.363  -10.576  52.874 0.0000000000
72157  -52.515  -6.208  52.387 0.0000000000
72139  -53.240  -6.454  52.934 0.0000000000
72140  -53.914  -6.744  52.797 0.0000000000
72141  -54.296  -6.752  52.431 0.0000000000
70984  -54.780  -7.234  52.209 0.0000000000
71020  -54.462  -6.653  51.681 0.0000000000
69813  -55.173  -7.570  52.126 0.0000000000
77897  -57.268  -1.030  42.257 0.0000000000
77888  -57.613  -1.138  42.580 0.0000000000
76746  -57.343  -1.522  43.611 0.0000000000
75689  -57.874  -2.046  43.341 0.0000000000
75688  -57.336  -2.196  43.972 0.0000000000
75675  -57.004  -2.247  44.610 0.0000000000
60994  -48.602  -15.064  58.903 0.0000000000
59834  -48.285  -15.255  57.469 0.0000000000
56057  -46.699  -18.125  58.141 0.0000000000
57361  -47.110  -17.374  58.647 0.0000000000
58568  -47.703  -17.015  58.777 0.0000000000
58577  -48.075  -16.664  58.407 0.0000000000
58569  -48.276  -16.641  58.771 0.0000000000
69751  -48.979  -7.405  55.745 0.0000000000
69774  -49.613  -6.772  54.687 0.0000000000
70960  -49.964  -6.540  54.169 0.0000000000
72136  -51.114  -6.445  53.145 0.0000000000
72137  -51.853  -6.329  53.023 0.0000000000
72182  -52.606  -6.016  51.758 0.0000000000
72183  -53.132  -5.904  51.826 0.0000000000
72201  -53.229  -5.421  51.357 0.0000000000
72218  -53.324  -4.995  50.654 0.0000000000
73348  -53.881  -4.876  50.968 0.0000000000
73363  -54.761  -3.995  49.479 0.0000000000
77922  -57.243  -0.404  40.722 0.0000000000
77898  -57.944  -0.560  41.924 0.0000000000
77890  -58.710  -0.506  42.190 0.0000000000
77900  -59.346  0.215  42.018 0.0000000000
77891  -59.242  -0.340  42.098 0.0000000000
76755  -58.616  -1.043  42.395 0.0000000000
74582  -58.998  -2.151  42.306 0.0000000000
73437  -58.092  -3.313  42.671 0.0000000000
79086  -60.842  0.454  39.044 0.0000000000
77932  -61.299  -0.032  39.136 0.0000000000
75735  -61.551  -0.940  39.377 0.0000000000
58599  -52.642  -14.526  55.593 0.0000000000
58590  -53.034  -14.119  55.914 0.0000000000
59820  -51.440  -13.831  58.368 0.0000000000
59821  -51.976  -13.474  57.864 0.0000000000
62173  -51.669  -13.056  58.452 0.0000000000
60997  -51.987  -13.054  58.134 0.0000000000
61005  -52.376  -12.983  57.589 0.0000000000
62202  -52.563  -12.398  57.254 0.0000000000
63512  -52.607  -11.974  56.842 0.0000000000
64809  -52.255  -11.324  57.161 0.0000000000
64808  -52.031  -10.837  57.276 0.0000000000
66131  -51.226  -10.489  57.577 0.0000000000
66146  -51.529  -9.986  57.237 0.0000000000
67379  -51.239  -9.676  57.094 0.0000000000
69716  -50.088  -8.126  56.561 0.0000000000
61003  -48.614  -14.668  58.187 0.0000000000
61011  -48.892  -13.390  57.106 0.0000000000
62201  -49.207  -12.636  57.641 0.0000000000
63499  -49.201  -11.587  57.182 0.0000000000
42250  -27.296  -29.646  66.252 0.0000000000
45400  -32.750  -26.754  67.499 0.0000000000
45392  -33.162  -27.192  67.590 0.0000000000
43292  -33.721  -27.765  67.104 0.0000000000
43310  -34.484  -28.279  65.681 0.0000000000
42274  -34.877  -28.415  65.023 0.0000000000
44384  -38.929  -27.356  63.994 0.0000000000
43335  -39.344  -27.420  63.535 0.0000000000
45485  -41.260  -26.412  61.380 0.0000000000
46573  -41.621  -26.525  61.520 0.0000000000
46617  -41.819  -26.198  58.825 0.0000000000
46604  -41.809  -26.242  60.049 0.0000000000
46605  -42.279  -26.441  60.603 0.0000000000
45486  -42.614  -26.772  61.273 0.0000000000
45487  -43.199  -26.853  61.060 0.0000000000
43376  -43.698  -27.904  59.842 0.0000000000
42370  -43.896  -28.554  59.000 0.0000000000
45535  -46.712  -26.875  56.685 0.0000000000
51232  -44.292  -20.887  57.595 0.0000000000
51244  -44.774  -21.417  57.151 0.0000000000
50057  -45.755  -22.017  57.001 0.0000000000
52403  -45.780  -20.063  58.868 0.0000000000
51212  -45.770  -20.528  58.698 0.0000000000
51223  -45.873  -20.852  58.548 0.0000000000
52423  -46.885  -20.509  59.084 0.0000000000
51224  -46.596  -20.817  58.681 0.0000000000
50033  -46.158  -21.043  58.412 0.0000000000
52442  -50.213  -19.045  57.905 0.0000000000
52457  -50.031  -19.025  57.760 0.0000000000
54839  -50.714  -18.367  57.689 0.0000000000
53689  -50.081  -18.802  56.793 0.0000000000
57434  -49.857  -16.374  54.278 0.0000000000
58632  -50.409  -15.652  54.858 0.0000000000
41177  -25.585  -29.827  68.650 0.0000000000
62219  -53.472  -12.761  55.188 0.0000000000
70921  -50.669  -7.557  55.358 0.0000000000
69753  -51.089  -8.119  55.084 0.0000000000
69775  -51.385  -8.095  54.440 0.0000000000
68619  -51.726  -8.346  53.944 0.0000000000
67458  -51.797  -8.878  53.812 0.0000000000
67479  -51.961  -9.187  53.539 0.0000000000
66230  -52.526  -9.905  52.484 0.0000000000
64857  -52.883  -10.663  51.953 0.0000000000
72127  -53.653  -6.939  53.171 0.0000000000
68622  -53.800  -7.726  52.648 0.0000000000
68637  -53.898  -8.006  52.567 0.0000000000
67483  -54.725  -8.609  52.441 0.0000000000
67460  -53.669  -8.473  52.637 0.0000000000
67500  -53.884  -9.111  52.238 0.0000000000
64858  -53.913  -10.034  51.467 0.0000000000
64877  -53.613  -11.030  50.980 0.0000000000
72249  -53.547  -4.952  47.606 0.0000000000
74497  -55.438  -3.714  49.764 0.0000000000
77896  -56.822  -1.295  42.534 0.0000000000
76752  -56.529  -1.557  42.913 0.0000000000
75696  -55.903  -2.153  43.254 0.0000000000
76733  -56.652  -2.165  44.209 0.0000000000
75695  -55.425  -2.378  43.254 0.0000000000
73413  -54.801  -3.547  45.695 0.0000000000
73394  -54.820  -3.829  46.457 0.0000000000
74534  -56.123  -3.576  47.099 0.0000000000
74533  -55.426  -3.676  46.803 0.0000000000
74524  -55.406  -3.465  47.819 0.0000000000
74514  -55.363  -3.302  48.856 0.0000000000
71055  -55.214  -5.747  49.530 0.0000000000
42277  -36.207  -27.872  65.091 0.0000000000
43312  -35.923  -27.717  65.390 0.0000000000
44302  -32.956  -27.294  67.676 0.0000000000
44318  -33.898  -27.491  67.062 0.0000000000
44367  -37.770  -27.319  64.630 0.0000000000
44466  -46.865  -27.098  56.554 0.0000000000
45467  -42.830  -26.930  61.354 0.0000000000
45484  -41.018  -26.374  61.226 0.0000000000
45503  -41.054  -26.401  60.919 0.0000000000
45504  -41.475  -26.445  61.260 0.0000000000
46572  -40.903  -26.268  61.619 0.0000000000
46574  -42.131  -26.733  61.490 0.0000000000
46589  -42.213  -26.591  61.136 0.0000000000
51213  -46.210  -20.634  58.826 0.0000000000
51214  -47.728  -20.147  59.265 0.0000000000
52386  -46.102  -19.627  59.007 0.0000000000
52387  -46.456  -19.613  59.212 0.0000000000
52407  -49.615  -19.676  58.860 0.0000000000
53589  -47.977  -18.509  60.201 0.0000000000
53590  -48.188  -18.333  60.167 0.0000000000
53625  -45.417  -19.924  58.622 0.0000000000
53627  -48.641  -19.514  59.415 0.0000000000
53643  -48.940  -19.720  59.333 0.0000000000
53644  -49.180  -19.614  59.264 0.0000000000
53657  -43.759  -20.392  56.949 0.0000000000
53659  -50.132  -18.930  58.140 0.0000000000
53660  -50.338  -18.790  57.917 0.0000000000
53703  -50.069  -18.555  56.374 0.0000000000
54793  -48.814  -18.114  59.675 0.0000000000
54801  -45.504  -19.626  58.478 0.0000000000
54803  -48.944  -19.510  59.432 0.0000000000
54804  -49.236  -19.386  59.311 0.0000000000
54814  -49.071  -19.338  59.384 0.0000000000
54815  -48.990  -19.538  59.362 0.0000000000
56029  -47.610  -17.669  60.044 0.0000000000
56032  -48.740  -17.352  59.959 0.0000000000
56038  -46.733  -18.135  59.109 0.0000000000
56041  -48.997  -17.163  59.800 0.0000000000
56050  -49.735  -17.235  59.026 0.0000000000
56058  -46.820  -17.779  58.678 0.0000000000
56059  -49.945  -17.265  58.733 0.0000000000
57336  -48.719  -17.034  60.107 0.0000000000
57343  -47.597  -17.299  59.522 0.0000000000
57344  -47.818  -17.159  59.802 0.0000000000
58540  -48.252  -16.927  60.095 0.0000000000
58541  -48.686  -16.777  60.120 0.0000000000
58542  -49.015  -16.565  60.037 0.0000000000
58559  -47.931  -17.086  59.089 0.0000000000
58586  -47.582  -16.726  57.759 0.0000000000
59785  -48.663  -16.549  60.077 0.0000000000
59799  -48.635  -16.375  59.904 0.0000000000
59800  -48.957  -15.860  59.785 0.0000000000
59844  -51.562  -14.855  55.823 0.0000000000
59845  -53.638  -13.840  55.138 0.0000000000
59846  -53.954  -13.865  54.779 0.0000000000
59855  -51.271  -15.057  55.891 0.0000000000
60970  -49.197  -15.213  59.551 0.0000000000
61014  -53.500  -13.226  55.453 0.0000000000
62190  -52.255  -12.445  57.852 0.0000000000
62211  -52.825  -12.334  56.732 0.0000000000
62218  -53.317  -12.437  55.779 0.0000000000
62224  -53.373  -12.470  55.103 0.0000000000
62260  -53.971  -12.943  52.427 0.0000000000
62268  -53.665  -12.611  51.903 0.0000000000
63513  -52.936  -12.210  56.514 0.0000000000
63532  -52.930  -11.481  55.500 0.0000000000
63538  -52.951  -11.675  54.860 0.0000000000
63560  -52.608  -11.099  52.651 0.0000000000
63576  -53.302  -12.190  51.928 0.0000000000
63591  -54.161  -12.633  51.054 0.0000000000
64772  -50.789  -11.891  58.499 0.0000000000
64801  -52.131  -11.587  57.596 0.0000000000
64807  -49.338  -10.584  55.886 0.0000000000
64819  -52.625  -11.529  56.475 0.0000000000
64820  -52.852  -11.912  56.355 0.0000000000
64849  -52.269  -10.642  53.818 0.0000000000
66211  -51.878  -9.406  53.870 0.0000000000
66213  -52.649  -9.290  52.730 0.0000000000
66214  -54.445  -9.049  52.315 0.0000000000
66232  -54.333  -9.283  52.101 0.0000000000
66233  -55.117  -9.393  51.996 0.0000000000
67426  -51.959  -9.710  55.861 0.0000000000
67442  -51.901  -9.529  55.286 0.0000000000
67459  -52.150  -8.607  53.561 0.0000000000
67461  -54.095  -8.262  52.534 0.0000000000
67482  -53.930  -8.948  52.295 0.0000000000
67485  -55.829  -8.591  51.704 0.0000000000
67501  -54.135  -9.074  52.259 0.0000000000
68638  -54.510  -7.807  52.465 0.0000000000
68651  -52.786  -8.562  53.160 0.0000000000
68652  -53.001  -8.423  53.131 0.0000000000
69778  -53.565  -7.435  52.988 0.0000000000
69779  -53.910  -7.443  52.689 0.0000000000
69796  -54.280  -7.464  52.555 0.0000000000
70939  -50.146  -6.751  54.806 0.0000000000
70965  -53.929  -7.132  52.950 0.0000000000
70966  -54.125  -7.172  52.755 0.0000000000
70983  -54.377  -7.029  52.629 0.0000000000
72123  -51.400  -6.518  53.416 0.0000000000
72158  -53.079  -6.073  52.107 0.0000000000
72297  -57.984  -4.146  44.026 0.0000000000
73304  -53.669  -6.147  51.926 0.0000000000
73305  -53.925  -6.156  51.770 0.0000000000
73337  -53.671  -5.558  51.432 0.0000000000
74499  -56.326  -3.847  50.008 0.0000000000
74567  -55.557  -3.126  45.556 0.0000000000
74583  -59.467  -1.727  42.069 0.0000000000
74590  -59.703  -1.917  41.641 0.0000000000
75644  -56.659  -2.874  46.563 0.0000000000
75717  -61.167  -0.940  40.459 0.0000000000
75728  -61.357  -1.073  40.042 0.0000000000
75749  -61.734  -1.027  38.521 0.0000000000
76735  -57.096  -1.481  44.276 0.0000000000
76736  -57.084  -1.642  44.263 0.0000000000
76751  -55.840  -1.784  42.655 0.0000000000
76761  -56.306  -1.348  42.243 0.0000000000
76763  -60.628  -0.525  41.272 0.0000000000
76771  -61.048  -0.502  40.573 0.0000000000
76772  -61.209  -0.800  40.218 0.0000000000
77882  -57.281  -1.206  42.895 0.0000000000
77886  -56.827  -1.407  42.797 0.0000000000
79056  -60.281  0.686  41.805 0.0000000000
79065  -60.518  0.846  41.155 0.0000000000
79077  -60.966  0.285  39.334 0.0000000000
80252  -60.695  0.496  39.242 0.0000000000
81481  -60.711  1.468  36.951 0.0000000000
81498  -61.032  2.118  36.628 0.0000000000
81512  -61.085  2.323  36.114 0.0000000000
