#!ascii label  , from subject 3002 vox2ras=TkReg
1562
94382  -45.802  15.587  21.834 0.0000000000
88281  -53.145  10.270  15.079 0.0000000000
97932  -52.388  19.081  29.165 0.0000000000
94423  -54.879  14.496  18.262 0.0000000000
90228  -54.674  11.635  26.201 0.0000000000
98119  -55.010  19.885  14.173 0.0000000000
102289  -57.760  22.347  20.686 0.0000000000
100575  -52.161  22.835  28.628 0.0000000000
86011  -47.250  7.979  31.928 0.0000000000
93408  -49.494  14.182  18.203 0.0000000000
94493  -53.252  15.334  13.913 0.0000000000
97152  -49.908  18.722  17.715 0.0000000000
98780  -54.055  20.947  31.867 0.0000000000
97965  -56.932  20.568  25.486 0.0000000000
102226  -56.026  22.524  27.981 0.0000000000
101494  -55.426  22.869  24.466 0.0000000000
103620  -54.996  24.226  30.831 0.0000000000
91389  -53.282  12.428  12.418 0.0000000000
93319  -44.619  14.261  27.942 0.0000000000
96181  -49.371  17.505  24.797 0.0000000000
95334  -58.037  15.253  22.177 0.0000000000
92302  -53.860  13.612  21.887 0.0000000000
89218  -49.120  10.927  21.780 0.0000000000
87150  -49.365  8.055  26.326 0.0000000000
92401  -56.329  14.174  13.121 0.0000000000
97252  -57.377  18.070  11.423 0.0000000000
98904  -53.525  20.411  21.589 0.0000000000
98960  -57.104  21.516  17.830 0.0000000000
100759  -55.059  21.950  13.679 0.0000000000
100707  -53.249  22.572  17.616 0.0000000000
100656  -50.506  22.328  21.678 0.0000000000
94404  -47.148  15.321  19.626 0.0000000000
95388  -48.810  16.283  17.621 0.0000000000
96242  -48.049  17.784  20.000 0.0000000000
100511  -54.923  23.153  33.428 0.0000000000
99669  -55.889  21.763  29.920 0.0000000000
102166  -56.017  23.844  31.742 0.0000000000
102924  -55.776  23.001  29.597 0.0000000000
89327  -53.080  10.855  13.710 0.0000000000
93288  -43.909  14.073  31.146 0.0000000000
94323  -46.758  15.195  29.031 0.0000000000
91261  -53.838  12.382  24.028 0.0000000000
90262  -51.928  11.772  22.230 0.0000000000
89180  -51.796  10.212  24.369 0.0000000000
86060  -48.531  7.534  29.050 0.0000000000
87158  -42.490  9.555  25.246 0.0000000000
92276  -41.281  12.608  26.164 0.0000000000
89148  -39.938  10.295  26.687 0.0000000000
94462  -55.787  13.762  17.067 0.0000000000
97200  -53.656  18.092  13.562 0.0000000000
94497  -55.861  14.775  13.315 0.0000000000
96309  -56.404  17.482  12.612 0.0000000000
94515  -57.135  16.173  12.058 0.0000000000
97205  -56.974  18.974  12.802 0.0000000000
97076  -50.649  18.568  27.084 0.0000000000
97100  -51.218  19.168  23.584 0.0000000000
97975  -52.856  19.756  24.556 0.0000000000
99752  -59.302  21.748  23.143 0.0000000000
98047  -57.194  21.020  21.223 0.0000000000
100696  -58.019  22.079  18.966 0.0000000000
100750  -57.915  21.848  15.289 0.0000000000
102321  -56.974  22.850  16.756 0.0000000000
100734  -54.402  22.669  15.896 0.0000000000
102299  -55.661  23.219  18.763 0.0000000000
101464  -53.745  23.274  26.413 0.0000000000
100650  -53.087  22.728  23.078 0.0000000000
100628  -51.772  23.079  25.052 0.0000000000
99739  -49.024  22.055  23.604 0.0000000000
100599  -50.125  22.338  26.556 0.0000000000
92363  -52.579  13.572  18.410 0.0000000000
93440  -54.434  14.221  16.354 0.0000000000
94459  -51.018  14.859  16.289 0.0000000000
96287  -51.249  17.480  15.632 0.0000000000
98102  -52.363  19.257  15.810 0.0000000000
97920  -52.904  19.998  30.353 0.0000000000
97078  -54.778  20.237  27.039 0.0000000000
97059  -56.032  20.821  29.043 0.0000000000
98830  -57.623  21.243  26.070 0.0000000000
101506  -58.022  22.760  23.816 0.0000000000
102979  -56.432  22.860  22.129 0.0000000000
102951  -56.237  22.627  26.795 0.0000000000
102224  -55.169  23.141  27.885 0.0000000000
101419  -54.256  23.650  29.768 0.0000000000
93495  -52.699  14.644  11.723 0.0000000000
94362  -45.209  15.737  24.856 0.0000000000
96188  -47.288  17.246  23.319 0.0000000000
94354  -47.156  15.508  26.678 0.0000000000
95277  -48.418  16.691  27.754 0.0000000000
96137  -49.977  17.990  29.661 0.0000000000
97898  -47.898  19.188  31.602 0.0000000000
97022  -50.704  18.683  31.444 0.0000000000
95356  -56.126  15.262  20.799 0.0000000000
95331  -55.916  15.429  21.916 0.0000000000
93369  -54.055  13.890  20.287 0.0000000000
92329  -51.990  13.037  19.977 0.0000000000
91309  -49.262  12.445  20.145 0.0000000000
89131  -54.031  10.683  29.142 0.0000000000
88077  -50.585  9.716  31.698 0.0000000000
87122  -51.265  9.077  28.641 0.0000000000
88151  -52.109  9.513  25.778 0.0000000000
88162  -48.698  9.110  23.932 0.0000000000
92299  -45.025  13.460  22.287 0.0000000000
89306  -54.911  12.056  16.011 0.0000000000
93466  -55.141  13.961  15.045 0.0000000000
91367  -56.033  12.947  14.698 0.0000000000
88292  -54.957  11.790  14.183 0.0000000000
90382  -55.473  13.283  12.141 0.0000000000
93525  -55.096  15.156  11.338 0.0000000000
96336  -54.036  17.213  10.904 0.0000000000
97124  -49.417  18.886  21.411 0.0000000000
98056  -51.661  20.021  19.957 0.0000000000
98956  -54.504  20.710  17.741 0.0000000000
98894  -55.525  20.472  22.699 0.0000000000
98057  -55.689  21.071  19.453 0.0000000000
98986  -56.625  20.774  15.905 0.0000000000
98997  -57.661  20.884  14.103 0.0000000000
99915  -56.381  20.079  11.630 0.0000000000
99035  -53.077  19.746  11.745 0.0000000000
101526  -54.228  22.789  20.543 0.0000000000
100675  -52.314  22.436  20.226 0.0000000000
99804  -49.029  21.509  18.621 0.0000000000
99775  -48.209  21.643  20.622 0.0000000000
99761  -46.352  21.635  22.293 0.0000000000
94393  -46.587  15.419  20.407 0.0000000000
95354  -47.377  16.186  19.264 0.0000000000
95341  -46.611  16.397  20.836 0.0000000000
101377  -56.107  23.181  32.761 0.0000000000
102863  -56.052  24.540  32.120 0.0000000000
89316  -53.320  10.651  14.499 0.0000000000
90235  -54.549  12.034  25.457 0.0000000000
90242  -53.390  11.709  24.171 0.0000000000
89169  -53.519  10.961  25.263 0.0000000000
88130  -41.853  9.241  25.738 0.0000000000
89149  -40.597  10.392  26.251 0.0000000000
94424  -55.589  14.614  19.081 0.0000000000
94446  -55.334  14.253  17.361 0.0000000000
98130  -54.219  18.904  13.665 0.0000000000
96308  -55.600  17.377  12.756 0.0000000000
97203  -55.974  18.510  12.876 0.0000000000
97204  -56.700  18.764  12.727 0.0000000000
98133  -56.313  19.535  13.409 0.0000000000
97941  -51.295  18.829  27.534 0.0000000000
97959  -51.621  19.226  25.779 0.0000000000
97951  -52.289  19.421  26.756 0.0000000000
101521  -58.356  22.229  22.049 0.0000000000
100677  -58.342  21.860  20.628 0.0000000000
102296  -57.826  22.472  19.204 0.0000000000
102308  -57.627  22.589  17.746 0.0000000000
103012  -57.391  23.050  18.072 0.0000000000
103009  -56.255  23.202  17.515 0.0000000000
102999  -57.238  23.010  19.521 0.0000000000
101449  -53.071  23.349  27.232 0.0000000000
101462  -52.262  23.223  25.837 0.0000000000
100616  -52.078  23.103  26.741 0.0000000000
100614  -50.849  22.670  25.873 0.0000000000
100584  -51.030  22.504  27.874 0.0000000000
92361  -50.886  13.496  18.346 0.0000000000
93424  -51.214  13.985  17.196 0.0000000000
93435  -50.251  14.831  16.933 0.0000000000
96263  -49.195  17.398  17.504 0.0000000000
96276  -50.261  17.426  16.543 0.0000000000
97169  -50.697  18.247  16.567 0.0000000000
97179  -51.701  18.351  15.623 0.0000000000
98091  -51.276  19.098  16.788 0.0000000000
98800  -54.048  20.629  31.292 0.0000000000
97040  -54.642  20.371  29.961 0.0000000000
97026  -55.248  20.718  30.225 0.0000000000
100567  -56.010  22.064  29.177 0.0000000000
99680  -56.193  21.673  28.682 0.0000000000
100587  -56.920  22.106  27.035 0.0000000000
100631  -58.249  22.005  25.699 0.0000000000
101483  -57.402  22.198  25.941 0.0000000000
101496  -56.888  22.546  25.105 0.0000000000
102235  -56.259  22.729  27.048 0.0000000000
103629  -54.976  24.039  30.043 0.0000000000
102934  -55.442  23.028  28.408 0.0000000000
103637  -55.155  23.947  29.014 0.0000000000
102213  -54.830  23.597  28.764 0.0000000000
102911  -54.900  23.991  29.967 0.0000000000
91401  -52.892  13.158  12.191 0.0000000000
94341  -44.797  15.102  26.259 0.0000000000
94363  -45.972  15.800  25.395 0.0000000000
94343  -46.500  15.109  27.079 0.0000000000
94305  -47.176  15.771  30.410 0.0000000000
94324  -47.253  15.781  28.838 0.0000000000
95260  -48.247  16.786  29.723 0.0000000000
96144  -49.463  17.688  29.155 0.0000000000
96135  -48.757  17.315  30.295 0.0000000000
98792  -46.319  20.275  31.119 0.0000000000
97899  -48.982  19.175  31.711 0.0000000000
98795  -49.470  20.229  31.991 0.0000000000
97882  -51.479  20.058  32.302 0.0000000000
99644  -49.822  21.639  32.348 0.0000000000
95358  -56.438  14.629  20.803 0.0000000000
95346  -57.028  15.341  21.632 0.0000000000
94378  -56.159  15.441  22.888 0.0000000000
93362  -55.071  14.740  22.392 0.0000000000
94384  -55.259  14.831  21.157 0.0000000000
92315  -54.155  13.925  21.466 0.0000000000
92331  -53.319  13.619  19.902 0.0000000000
92313  -52.854  13.066  21.034 0.0000000000
90260  -50.325  11.119  22.123 0.0000000000
90297  -50.100  11.921  20.739 0.0000000000
90296  -49.263  11.782  20.821 0.0000000000
87076  -49.237  8.964  31.749 0.0000000000
87120  -49.714  8.241  28.773 0.0000000000
87137  -50.035  8.260  27.596 0.0000000000
87139  -51.604  9.041  27.754 0.0000000000
87151  -50.400  8.480  26.577 0.0000000000
87172  -50.136  8.907  24.806 0.0000000000
87164  -48.560  8.410  25.033 0.0000000000
93352  -43.728  14.317  23.942 0.0000000000
92284  -42.731  13.195  24.567 0.0000000000
89278  -54.731  11.089  17.467 0.0000000000
93462  -53.060  14.483  14.949 0.0000000000
93453  -55.003  14.078  15.563 0.0000000000
93464  -54.731  14.465  14.440 0.0000000000
93476  -56.197  14.876  13.100 0.0000000000
93468  -55.834  13.896  14.051 0.0000000000
92395  -56.037  14.095  13.861 0.0000000000
90364  -56.103  12.916  14.340 0.0000000000
90378  -55.957  12.937  13.632 0.0000000000
89342  -55.233  12.388  13.316 0.0000000000
92410  -56.366  13.848  12.608 0.0000000000
95458  -57.494  17.186  11.864 0.0000000000
93528  -56.713  16.022  11.451 0.0000000000
95467  -55.835  16.920  10.626 0.0000000000
94527  -54.111  15.909  11.124 0.0000000000
97248  -55.778  17.822  10.602 0.0000000000
96190  -48.555  17.518  23.985 0.0000000000
97110  -48.361  18.158  22.871 0.0000000000
97111  -49.395  18.547  22.665 0.0000000000
98011  -51.977  19.813  22.267 0.0000000000
98026  -51.696  19.825  21.353 0.0000000000
98915  -52.655  20.384  20.550 0.0000000000
98940  -52.395  20.281  18.923 0.0000000000
98930  -53.826  20.577  19.702 0.0000000000
97087  -55.697  20.479  26.279 0.0000000000
97963  -55.299  20.397  25.450 0.0000000000
97996  -56.152  20.284  23.941 0.0000000000
98946  -57.206  21.574  18.966 0.0000000000
98059  -56.705  21.106  20.341 0.0000000000
98945  -56.417  21.349  18.564 0.0000000000
98958  -56.021  21.208  17.635 0.0000000000
98974  -56.866  21.292  16.685 0.0000000000
98108  -57.162  20.821  15.177 0.0000000000
98988  -57.247  20.956  15.427 0.0000000000
100761  -56.971  22.057  14.220 0.0000000000
100771  -57.473  21.338  13.723 0.0000000000
100779  -56.098  21.185  12.370 0.0000000000
99037  -54.680  19.919  11.625 0.0000000000
99020  -54.113  20.554  11.835 0.0000000000
99018  -52.621  20.338  12.172 0.0000000000
99882  -53.374  21.529  13.103 0.0000000000
100721  -53.348  22.598  16.593 0.0000000000
100732  -52.342  22.469  15.279 0.0000000000
102268  -56.084  22.958  23.221 0.0000000000
102282  -55.491  23.096  21.637 0.0000000000
101512  -55.024  23.091  22.407 0.0000000000
100657  -51.402  22.479  21.942 0.0000000000
100667  -52.242  22.506  21.186 0.0000000000
100666  -51.396  22.375  20.947 0.0000000000
100673  -50.351  21.855  19.451 0.0000000000
100672  -49.607  21.665  19.679 0.0000000000
99788  -48.134  21.453  19.734 0.0000000000
100654  -48.893  21.835  21.094 0.0000000000
99729  -48.793  21.986  24.301 0.0000000000
99750  -48.480  22.043  22.660 0.0000000000
99749  -47.349  21.705  23.052 0.0000000000
99748  -46.333  21.337  23.423 0.0000000000
93407  -48.597  14.380  18.592 0.0000000000
93421  -49.038  14.741  17.837 0.0000000000
94422  -48.158  15.404  18.517 0.0000000000
96251  -48.255  17.342  18.671 0.0000000000
97150  -48.780  18.267  18.672 0.0000000000
98782  -55.288  21.650  31.345 0.0000000000
99639  -55.592  22.559  31.804 0.0000000000
100546  -55.806  22.654  30.915 0.0000000000
102208  -55.959  22.912  29.960 0.0000000000
102214  -55.794  22.646  28.784 0.0000000000
102200  -55.996  22.945  30.187 0.0000000000
103613  -55.401  24.202  31.271 0.0000000000
90374  -52.775  11.499  12.798 0.0000000000
93307  -44.583  14.063  28.882 0.0000000000
93321  -46.105  14.710  28.842 0.0000000000
93298  -45.450  14.506  30.248 0.0000000000
91271  -54.140  13.267  23.325 0.0000000000
91281  -53.164  12.918  22.321 0.0000000000
90249  -52.693  11.764  23.210 0.0000000000
90248  -52.033  11.441  22.865 0.0000000000
89192  -50.942  10.395  23.354 0.0000000000
86027  -48.140  7.962  30.824 0.0000000000
86069  -46.781  6.762  27.970 0.0000000000
89172  -42.889  10.769  24.490 0.0000000000
91259  -42.256  12.443  24.824 0.0000000000
90232  -41.549  11.398  25.373 0.0000000000
90225  -40.248  11.323  26.498 0.0000000000
95420  -53.587  16.374  13.397 0.0000000000
94495  -54.939  15.556  13.463 0.0000000000
95422  -55.207  16.346  12.980 0.0000000000
95423  -55.873  16.191  12.619 0.0000000000
94498  -56.257  15.416  12.701 0.0000000000
93483  -56.568  15.172  12.365 0.0000000000
95425  -56.821  16.536  12.422 0.0000000000
96319  -57.484  17.865  12.306 0.0000000000
97215  -57.630  18.709  12.241 0.0000000000
96174  -49.663  17.817  25.879 0.0000000000
97099  -50.249  18.581  23.696 0.0000000000
97092  -50.957  18.866  24.778 0.0000000000
97974  -51.872  19.437  24.635 0.0000000000
97993  -53.152  20.120  23.555 0.0000000000
97982  -58.832  20.670  24.107 0.0000000000
98016  -57.346  20.586  22.607 0.0000000000
98908  -58.091  21.598  22.039 0.0000000000
99791  -58.369  21.837  20.176 0.0000000000
99819  -57.926  21.836  18.163 0.0000000000
99845  -57.717  21.890  16.259 0.0000000000
100723  -58.183  22.085  16.845 0.0000000000
101572  -57.337  22.288  15.728 0.0000000000
100748  -56.394  22.486  14.812 0.0000000000
100746  -54.207  22.490  14.684 0.0000000000
101569  -55.498  22.707  15.657 0.0000000000
101561  -54.635  22.784  16.741 0.0000000000
101554  -54.517  22.752  17.583 0.0000000000
101479  -54.566  23.064  25.526 0.0000000000
101504  -54.359  23.028  23.307 0.0000000000
101492  -53.393  23.034  24.217 0.0000000000
100639  -52.559  22.879  24.061 0.0000000000
100648  -51.449  22.560  22.934 0.0000000000
100646  -49.582  22.264  22.380 0.0000000000
100627  -50.675  22.686  24.797 0.0000000000
100613  -49.856  22.386  25.638 0.0000000000
100598  -49.070  22.012  26.624 0.0000000000
93410  -53.545  13.863  18.152 0.0000000000
93427  -54.388  14.193  17.321 0.0000000000
93425  -52.861  13.762  17.270 0.0000000000
93449  -52.019  14.462  15.970 0.0000000000
94471  -52.035  14.812  15.463 0.0000000000
94457  -49.741  15.476  16.856 0.0000000000
95406  -50.897  16.452  15.674 0.0000000000
95412  -51.740  16.417  14.704 0.0000000000
96296  -52.125  17.499  14.621 0.0000000000
97181  -52.905  18.930  14.782 0.0000000000
98103  -53.209  19.690  15.528 0.0000000000
97926  -52.461  19.209  30.047 0.0000000000
97943  -53.031  19.537  27.630 0.0000000000
97928  -53.719  19.851  29.276 0.0000000000
96164  -55.320  20.540  27.996 0.0000000000
97954  -56.627  20.756  26.543 0.0000000000
97909  -56.052  21.122  29.978 0.0000000000
97936  -56.322  20.994  27.934 0.0000000000
97956  -57.920  20.858  25.647 0.0000000000
98863  -59.179  20.995  24.741 0.0000000000
100651  -59.161  22.433  23.692 0.0000000000
102277  -57.966  22.730  22.638 0.0000000000
102987  -57.350  22.480  21.368 0.0000000000
102270  -57.249  22.739  23.341 0.0000000000
102258  -56.435  22.688  24.525 0.0000000000
101481  -55.940  22.696  25.314 0.0000000000
102943  -55.897  22.681  27.697 0.0000000000
102234  -55.912  22.745  26.882 0.0000000000
101466  -54.982  23.050  26.965 0.0000000000
101465  -54.628  23.188  26.651 0.0000000000
101438  -53.896  23.471  28.341 0.0000000000
101429  -52.989  23.110  28.996 0.0000000000
95313  -45.648  16.154  23.565 0.0000000000
95323  -46.445  16.717  22.313 0.0000000000
95304  -46.285  16.238  24.666 0.0000000000
95305  -47.575  16.801  24.457 0.0000000000
95294  -48.523  16.782  25.323 0.0000000000
94344  -47.209  15.415  27.553 0.0000000000
95283  -47.890  15.941  27.074 0.0000000000
96168  -49.013  17.205  26.918 0.0000000000
96161  -49.617  17.911  27.634 0.0000000000
97053  -50.458  18.305  28.656 0.0000000000
97054  -51.137  18.540  29.181 0.0000000000
96129  -47.720  17.379  31.481 0.0000000000
97021  -49.574  18.180  31.357 0.0000000000
97036  -50.347  18.187  30.503 0.0000000000
97046  -51.925  18.802  30.478 0.0000000000
97919  -52.401  19.414  30.800 0.0000000000
98797  -52.493  19.891  31.899 0.0000000000
99648  -52.976  21.171  32.496 0.0000000000
95373  -56.105  14.855  19.910 0.0000000000
94405  -54.913  14.622  19.341 0.0000000000
96192  -56.998  15.865  23.213 0.0000000000
96217  -57.139  15.846  22.358 0.0000000000
95344  -56.472  15.563  21.377 0.0000000000
94394  -54.969  14.752  20.588 0.0000000000
93393  -54.412  14.276  19.036 0.0000000000
92349  -53.239  13.639  19.051 0.0000000000
92348  -52.540  13.437  19.254 0.0000000000
92346  -50.710  13.136  19.137 0.0000000000
91294  -51.764  12.278  21.207 0.0000000000
91325  -50.479  12.753  19.708 0.0000000000
92345  -49.866  13.152  19.138 0.0000000000
92343  -48.164  13.498  19.464 0.0000000000
89110  -52.301  10.673  31.446 0.0000000000
87090  -50.104  8.957  30.533 0.0000000000
88099  -51.013  9.330  30.041 0.0000000000
89119  -52.521  10.247  30.523 0.0000000000
89136  -53.215  10.084  28.981 0.0000000000
88125  -53.403  9.964  27.679 0.0000000000
89155  -53.182  10.032  26.085 0.0000000000
89167  -52.140  9.873  25.081 0.0000000000
88172  -50.604  9.948  23.663 0.0000000000
88177  -48.951  10.020  22.749 0.0000000000
93367  -45.492  14.485  21.888 0.0000000000
93353  -44.369  14.793  23.659 0.0000000000
94361  -44.339  15.146  24.508 0.0000000000
93338  -44.054  14.769  26.111 0.0000000000
93318  -43.605  14.158  27.794 0.0000000000
89277  -53.716  10.639  17.536 0.0000000000
89291  -54.166  10.949  16.509 0.0000000000
89304  -53.633  10.716  15.479 0.0000000000
93441  -54.801  14.221  16.327 0.0000000000
94474  -56.005  14.095  16.191 0.0000000000
94485  -55.385  14.164  14.367 0.0000000000
93456  -56.148  13.338  15.379 0.0000000000
91361  -55.965  12.950  15.585 0.0000000000
89320  -55.585  12.567  15.452 0.0000000000
89318  -54.903  11.757  15.161 0.0000000000
89317  -54.260  11.253  14.784 0.0000000000
89328  -53.973  11.225  13.833 0.0000000000
90375  -53.840  11.702  12.864 0.0000000000
91390  -54.071  12.607  12.238 0.0000000000
92435  -56.508  14.563  11.954 0.0000000000
91409  -55.515  13.869  11.821 0.0000000000
92423  -53.791  13.964  11.618 0.0000000000
93496  -53.335  14.693  11.579 0.0000000000
94512  -52.881  15.454  11.489 0.0000000000
96327  -52.741  17.255  11.492 0.0000000000
96215  -47.366  17.631  22.104 0.0000000000
97134  -48.516  18.508  20.648 0.0000000000
97135  -49.381  19.166  20.114 0.0000000000
97112  -50.526  19.121  22.277 0.0000000000
98041  -50.587  19.567  20.262 0.0000000000
98069  -51.042  19.595  18.699 0.0000000000
98083  -51.785  19.873  18.149 0.0000000000
98969  -52.953  20.297  17.111 0.0000000000
98983  -54.262  20.436  15.978 0.0000000000
97953  -53.958  20.066  26.427 0.0000000000
97976  -53.772  20.199  24.542 0.0000000000
98892  -54.132  20.451  22.482 0.0000000000
98015  -56.707  20.471  22.351 0.0000000000
98029  -55.916  20.475  21.169 0.0000000000
98931  -54.882  20.845  19.775 0.0000000000
98943  -55.174  21.076  18.656 0.0000000000
98972  -55.609  20.899  16.772 0.0000000000
98105  -55.515  20.394  15.039 0.0000000000
98121  -56.644  20.274  14.245 0.0000000000
98160  -57.971  19.259  12.371 0.0000000000
99887  -57.705  20.897  13.837 0.0000000000
99909  -58.103  20.123  13.001 0.0000000000
99058  -56.947  18.780  11.331 0.0000000000
98171  -55.268  18.702  11.051 0.0000000000
97226  -53.877  18.402  11.225 0.0000000000
100757  -52.791  21.943  13.755 0.0000000000
102991  -56.158  23.315  20.082 0.0000000000
101535  -54.913  22.930  19.102 0.0000000000
100695  -53.812  22.657  18.810 0.0000000000
101518  -53.661  22.670  21.382 0.0000000000
101532  -53.526  22.599  20.069 0.0000000000
100693  -52.420  22.446  18.218 0.0000000000
100681  -50.739  21.931  18.244 0.0000000000
99817  -49.199  21.591  17.687 0.0000000000
99828  -47.518  21.477  16.983 0.0000000000
100645  -48.954  22.089  21.821 0.0000000000
99774  -47.317  21.666  20.935 0.0000000000
101416  -52.347  23.423  30.113 0.0000000000
101415  -51.287  23.390  30.241 0.0000000000
100573  -50.368  22.511  28.753 0.0000000000
100572  -49.264  22.438  28.847 0.0000000000
99699  -47.998  21.445  27.047 0.0000000000
94392  -46.114  15.621  21.215 0.0000000000
95330  -46.384  16.442  21.536 0.0000000000
90229  -55.300  12.081  26.506 0.0000000000
91245  -54.774  12.235  25.633 0.0000000000
90234  -54.080  11.651  25.091 0.0000000000
90227  -54.092  11.140  25.704 0.0000000000
88119  -41.698  8.020  26.713 0.0000000000
94447  -55.729  14.164  17.900 0.0000000000
98131  -54.691  19.116  13.541 0.0000000000
98132  -55.522  19.346  13.428 0.0000000000
97942  -51.986  19.184  27.990 0.0000000000
102285  -58.016  22.202  21.490 0.0000000000
102290  -58.206  22.205  20.096 0.0000000000
102295  -57.707  22.564  19.750 0.0000000000
102301  -57.577  22.856  19.173 0.0000000000
103000  -57.533  22.743  19.594 0.0000000000
103005  -57.215  23.077  18.729 0.0000000000
100586  -52.643  23.016  28.006 0.0000000000
100602  -52.317  23.081  27.244 0.0000000000
100585  -51.885  22.734  27.942 0.0000000000
100601  -51.671  22.798  27.156 0.0000000000
93409  -50.153  14.011  18.005 0.0000000000
93423  -50.608  14.158  17.480 0.0000000000
97158  -49.662  18.232  17.481 0.0000000000
96264  -49.798  17.910  17.106 0.0000000000
97159  -50.248  18.496  17.107 0.0000000000
97160  -50.868  18.767  16.814 0.0000000000
98081  -50.298  18.953  17.649 0.0000000000
97906  -54.644  20.685  30.750 0.0000000000
97886  -54.692  21.189  31.480 0.0000000000
101440  -56.227  22.222  28.134 0.0000000000
100576  -56.305  21.952  28.407 0.0000000000
101453  -56.548  22.333  27.223 0.0000000000
100603  -57.183  22.167  26.900 0.0000000000
102236  -56.586  22.497  27.031 0.0000000000
103638  -55.016  23.564  28.969 0.0000000000
103628  -55.174  24.162  29.884 0.0000000000
102922  -55.332  24.157  29.386 0.0000000000
102912  -54.809  24.049  30.415 0.0000000000
91388  -52.492  12.358  12.408 0.0000000000
93331  -45.239  14.606  27.480 0.0000000000
94342  -45.547  15.035  26.753 0.0000000000
95251  -47.592  16.266  30.829 0.0000000000
95259  -47.671  16.280  30.060 0.0000000000
95252  -48.166  16.769  30.571 0.0000000000
98775  -50.147  20.806  32.295 0.0000000000
93361  -54.462  14.226  22.030 0.0000000000
92314  -53.577  13.604  20.948 0.0000000000
92301  -53.178  13.139  21.743 0.0000000000
89219  -49.729  11.094  21.836 0.0000000000
90277  -50.087  11.452  21.455 0.0000000000
90276  -49.196  11.387  21.359 0.0000000000
90295  -48.749  11.679  20.978 0.0000000000
90275  -48.334  11.477  21.301 0.0000000000
87087  -48.230  8.237  31.395 0.0000000000
87165  -49.803  8.492  25.454 0.0000000000
91267  -43.484  12.466  23.690 0.0000000000
92290  -43.203  13.281  23.953 0.0000000000
91260  -42.865  12.445  24.255 0.0000000000
90337  -55.759  12.394  16.822 0.0000000000
94482  -53.067  14.830  14.499 0.0000000000
93463  -53.795  14.445  14.589 0.0000000000
93473  -54.146  14.788  13.910 0.0000000000
91376  -56.112  13.606  13.403 0.0000000000
91392  -56.419  13.929  13.131 0.0000000000
90384  -55.994  12.925  13.122 0.0000000000
96351  -57.277  17.474  11.470 0.0000000000
95469  -56.854  16.900  11.205 0.0000000000
96350  -56.922  17.356  11.157 0.0000000000
96348  -56.306  17.278  10.626 0.0000000000
97250  -56.785  17.876  10.898 0.0000000000
96191  -49.006  17.496  24.321 0.0000000000
97097  -48.606  17.815  23.538 0.0000000000
97098  -49.288  17.856  23.895 0.0000000000
98028  -53.029  20.330  22.099 0.0000000000
98027  -52.545  20.242  21.528 0.0000000000
98903  -53.006  20.443  21.062 0.0000000000
98929  -52.932  20.477  19.719 0.0000000000
98916  -53.358  20.475  20.549 0.0000000000
97088  -56.314  20.563  26.185 0.0000000000
97964  -56.118  20.446  25.441 0.0000000000
97979  -56.558  20.364  24.571 0.0000000000
98959  -56.688  21.408  17.702 0.0000000000
98975  -57.254  21.439  16.562 0.0000000000
100760  -56.101  22.239  14.054 0.0000000000
100769  -56.177  21.773  13.219 0.0000000000
100768  -55.438  21.432  12.737 0.0000000000
99897  -54.780  20.887  12.343 0.0000000000
99884  -54.912  21.521  12.917 0.0000000000
99896  -53.820  21.105  12.387 0.0000000000
99883  -54.310  21.644  12.949 0.0000000000
100720  -52.467  22.508  16.238 0.0000000000
100706  -52.472  22.499  17.224 0.0000000000
101505  -55.206  23.046  23.352 0.0000000000
100665  -50.460  22.144  20.640 0.0000000000
100664  -49.457  21.748  20.372 0.0000000000
100655  -49.641  22.100  21.354 0.0000000000
99728  -48.237  21.782  24.810 0.0000000000
99738  -48.202  21.875  23.779 0.0000000000
94421  -47.596  15.363  18.920 0.0000000000
96241  -47.505  17.038  19.595 0.0000000000
96250  -47.654  16.735  18.993 0.0000000000
98762  -54.971  22.314  32.431 0.0000000000
99628  -55.361  22.763  32.982 0.0000000000
101378  -56.140  23.441  32.313 0.0000000000
100533  -55.811  22.911  31.640 0.0000000000
101393  -55.965  23.024  31.337 0.0000000000
101411  -56.079  22.959  30.782 0.0000000000
102191  -56.095  23.055  30.942 0.0000000000
102190  -56.037  23.238  31.252 0.0000000000
102890  -55.727  23.993  31.514 0.0000000000
89315  -52.788  10.244  13.981 0.0000000000
89326  -52.545  10.260  13.407 0.0000000000
90362  -53.167  11.245  13.235 0.0000000000
92242  -43.991  13.953  30.403 0.0000000000
93297  -44.695  14.126  29.888 0.0000000000
93289  -44.516  14.290  30.936 0.0000000000
92278  -54.705  13.390  24.290 0.0000000000
91262  -54.241  13.028  23.870 0.0000000000
91270  -53.438  12.718  23.043 0.0000000000
90250  -53.341  12.139  23.618 0.0000000000
89181  -52.804  10.992  24.337 0.0000000000
89194  -52.575  11.286  23.693 0.0000000000
89193  -51.942  10.997  23.367 0.0000000000
89205  -50.963  10.933  22.652 0.0000000000
89152  -43.749  9.016  24.867 0.0000000000
88144  -43.211  9.596  24.804 0.0000000000
88157  -43.389  9.964  24.534 0.0000000000
88143  -42.691  10.012  24.818 0.0000000000
90233  -42.002  11.232  25.007 0.0000000000
89161  -41.835  10.513  25.328 0.0000000000
96305  -53.004  17.431  13.768 0.0000000000
95421  -54.480  16.395  13.150 0.0000000000
96306  -53.966  17.342  13.247 0.0000000000
95424  -56.579  16.333  12.440 0.0000000000
96310  -56.992  18.049  12.572 0.0000000000
96311  -57.088  18.219  12.851 0.0000000000
97206  -57.401  18.880  12.633 0.0000000000
97083  -50.105  18.214  26.229 0.0000000000
97084  -50.795  18.664  25.959 0.0000000000
97960  -52.574  19.521  25.641 0.0000000000
97992  -52.189  19.658  23.413 0.0000000000
98000  -58.907  20.767  23.326 0.0000000000
98018  -58.474  20.962  22.772 0.0000000000
98896  -59.015  21.162  22.738 0.0000000000
100686  -58.396  21.957  19.859 0.0000000000
99806  -58.144  21.997  19.269 0.0000000000
99832  -57.859  21.940  17.234 0.0000000000
100709  -57.963  21.981  17.935 0.0000000000
102315  -57.457  22.735  17.312 0.0000000000
101557  -57.532  22.629  17.045 0.0000000000
102327  -56.980  22.506  16.051 0.0000000000
101571  -56.792  22.476  15.419 0.0000000000
102326  -56.633  22.630  16.056 0.0000000000
101570  -56.131  22.686  15.608 0.0000000000
102320  -56.330  22.859  16.425 0.0000000000
103003  -56.206  23.229  18.261 0.0000000000
102312  -55.842  23.165  17.026 0.0000000000
101555  -55.136  23.031  17.138 0.0000000000
101548  -54.935  22.907  18.152 0.0000000000
101478  -53.575  23.213  25.345 0.0000000000
101476  -52.077  23.210  25.587 0.0000000000
100629  -52.409  23.090  24.734 0.0000000000
100638  -51.558  22.750  23.953 0.0000000000
100637  -50.589  22.525  23.711 0.0000000000
100612  -48.934  22.090  25.393 0.0000000000
92364  -53.187  13.722  18.347 0.0000000000
92374  -53.218  13.800  17.935 0.0000000000
92373  -52.756  13.712  17.683 0.0000000000
93437  -51.603  14.208  16.588 0.0000000000
94470  -51.325  15.334  15.649 0.0000000000
94444  -49.118  15.435  17.365 0.0000000000
95389  -49.326  16.319  17.042 0.0000000000
96286  -50.710  16.972  15.984 0.0000000000
95399  -50.450  16.450  16.105 0.0000000000
95407  -51.329  16.436  15.234 0.0000000000
96295  -51.573  16.986  15.016 0.0000000000
96304  -52.442  16.963  13.995 0.0000000000
97171  -51.920  18.932  15.886 0.0000000000
97180  -52.297  18.667  15.218 0.0000000000
98117  -53.343  19.128  14.681 0.0000000000
97927  -53.075  19.616  29.619 0.0000000000
97041  -55.169  20.473  29.901 0.0000000000
96147  -54.810  20.369  29.154 0.0000000000
97058  -55.590  20.602  28.650 0.0000000000
97080  -55.978  20.636  27.115 0.0000000000
97070  -55.949  20.757  28.153 0.0000000000
98801  -55.596  21.419  30.516 0.0000000000
97908  -55.692  21.061  30.202 0.0000000000
98802  -55.814  21.363  30.109 0.0000000000
98817  -56.542  21.534  27.498 0.0000000000
98816  -56.349  21.312  28.048 0.0000000000
98823  -56.747  21.352  26.931 0.0000000000
97946  -56.594  20.861  26.901 0.0000000000
97947  -57.150  20.782  26.266 0.0000000000
98845  -58.570  21.046  25.583 0.0000000000
101498  -58.115  22.241  25.216 0.0000000000
100641  -58.868  22.249  24.823 0.0000000000
101507  -58.460  22.653  24.252 0.0000000000
101514  -58.674  23.070  22.985 0.0000000000
101513  -58.121  22.981  23.239 0.0000000000
102271  -57.671  22.781  23.619 0.0000000000
102247  -56.623  22.522  25.937 0.0000000000
102259  -57.004  22.594  24.678 0.0000000000
102246  -55.972  22.721  25.963 0.0000000000
102935  -55.662  22.906  28.500 0.0000000000
102941  -55.386  22.969  27.805 0.0000000000
102942  -55.664  22.805  27.524 0.0000000000
102233  -55.561  22.845  27.147 0.0000000000
102245  -55.591  22.803  26.508 0.0000000000
101451  -54.726  23.366  27.729 0.0000000000
101431  -54.307  23.529  29.225 0.0000000000
101439  -54.499  23.526  28.689 0.0000000000
101430  -53.918  23.455  29.237 0.0000000000
92409  -51.993  13.459  12.251 0.0000000000
93494  -52.106  14.663  11.841 0.0000000000
95303  -45.435  16.000  24.224 0.0000000000
95292  -46.541  15.894  25.472 0.0000000000
95293  -47.433  16.094  25.763 0.0000000000
95306  -48.269  16.979  24.682 0.0000000000
94333  -46.490  14.953  28.068 0.0000000000
95267  -48.280  16.773  28.775 0.0000000000
95276  -47.641  16.100  28.183 0.0000000000
95284  -48.664  16.742  26.612 0.0000000000
96169  -49.351  17.541  26.672 0.0000000000
96160  -49.046  17.324  27.479 0.0000000000
96145  -49.963  18.044  28.940 0.0000000000
97044  -50.522  18.269  29.526 0.0000000000
97019  -47.341  18.248  31.586 0.0000000000
97020  -48.382  18.207  31.599 0.0000000000
97900  -50.062  19.258  31.819 0.0000000000
97045  -51.203  18.486  30.070 0.0000000000
97037  -51.323  18.590  30.910 0.0000000000
97023  -51.513  19.009  31.524 0.0000000000
97883  -51.864  19.875  32.187 0.0000000000
98778  -52.501  20.338  32.230 0.0000000000
99647  -52.316  21.254  32.552 0.0000000000
93395  -56.807  13.859  20.672 0.0000000000
95357  -56.252  15.081  20.895 0.0000000000
95372  -55.950  15.034  19.944 0.0000000000
95371  -55.927  15.057  20.224 0.0000000000
94386  -55.929  15.403  22.286 0.0000000000
95324  -56.741  15.748  23.058 0.0000000000
96204  -56.865  15.868  22.592 0.0000000000
95332  -56.379  15.670  22.164 0.0000000000
96230  -56.796  15.743  21.623 0.0000000000
95343  -55.965  15.428  21.431 0.0000000000
93370  -54.540  14.339  21.001 0.0000000000
94395  -55.691  15.148  20.955 0.0000000000
93380  -54.549  14.370  19.970 0.0000000000
93379  -53.952  13.871  19.518 0.0000000000
92330  -52.548  13.229  20.212 0.0000000000
92347  -51.699  13.174  19.382 0.0000000000
91326  -51.280  12.858  19.816 0.0000000000
91280  -52.589  12.497  22.042 0.0000000000
90279  -51.688  11.989  21.656 0.0000000000
90298  -50.716  12.134  20.735 0.0000000000
91310  -50.218  12.392  20.227 0.0000000000
91324  -49.734  12.743  19.653 0.0000000000
92344  -48.932  13.281  19.283 0.0000000000
92328  -48.425  12.916  19.858 0.0000000000
90210  -54.792  11.058  28.239 0.0000000000
89108  -51.058  10.191  31.875 0.0000000000
89100  -51.896  10.804  32.073 0.0000000000
88078  -51.054  9.910  31.300 0.0000000000
86044  -48.410  7.828  30.115 0.0000000000
87103  -49.056  8.353  30.387 0.0000000000
86045  -48.985  8.029  29.791 0.0000000000
87106  -50.966  9.111  29.354 0.0000000000
87105  -50.386  8.906  29.738 0.0000000000
88100  -51.562  9.453  29.630 0.0000000000
88087  -51.970  9.836  30.297 0.0000000000
88101  -52.290  9.750  29.608 0.0000000000
89129  -52.931  10.127  29.660 0.0000000000
88111  -51.941  9.402  28.694 0.0000000000
87153  -51.883  9.156  26.859 0.0000000000
88124  -52.909  9.556  27.706 0.0000000000
88136  -52.476  9.397  26.960 0.0000000000
88138  -53.544  10.162  27.107 0.0000000000
88152  -52.840  9.808  25.949 0.0000000000
88163  -49.609  9.279  24.079 0.0000000000
88164  -50.919  9.535  24.598 0.0000000000
88171  -49.828  9.759  23.407 0.0000000000
88170  -48.757  9.578  23.253 0.0000000000
91277  -45.611  12.491  22.115 0.0000000000
93360  -44.620  14.421  23.018 0.0000000000
94369  -44.299  14.951  23.954 0.0000000000
91251  -41.895  12.633  25.335 0.0000000000
92283  -42.338  13.141  25.193 0.0000000000
92277  -41.793  13.110  25.878 0.0000000000
92262  -42.476  13.846  27.719 0.0000000000
93317  -43.083  14.213  27.276 0.0000000000
92263  -42.988  13.972  28.313 0.0000000000
92253  -43.453  13.853  28.929 0.0000000000
89263  -54.440  10.985  18.469 0.0000000000
89292  -54.890  11.564  16.655 0.0000000000
89305  -54.477  11.414  15.746 0.0000000000
93428  -54.911  14.286  16.957 0.0000000000
93454  -55.276  14.037  15.454 0.0000000000
94472  -55.149  14.000  15.806 0.0000000000
94496  -55.427  15.241  13.365 0.0000000000
94484  -54.904  14.715  14.049 0.0000000000
93467  -55.473  14.042  14.503 0.0000000000
92389  -55.936  13.256  14.638 0.0000000000
91362  -56.040  12.839  15.068 0.0000000000
90353  -55.938  12.816  15.023 0.0000000000
89329  -55.549  12.279  14.360 0.0000000000
88284  -55.153  11.898  14.825 0.0000000000
88283  -54.872  11.693  14.597 0.0000000000
88282  -54.563  11.477  14.236 0.0000000000
88291  -54.674  11.653  13.845 0.0000000000
90383  -55.722  13.244  12.536 0.0000000000
89341  -54.664  11.900  13.332 0.0000000000
90376  -54.958  12.635  12.647 0.0000000000
92426  -56.613  14.724  11.998 0.0000000000
93500  -57.138  15.314  12.192 0.0000000000
93526  -55.688  15.369  11.365 0.0000000000
92447  -56.095  14.752  11.692 0.0000000000
92433  -54.734  14.298  11.563 0.0000000000
91403  -54.575  13.412  11.818 0.0000000000
92424  -54.259  14.118  11.553 0.0000000000
93497  -53.981  14.685  11.483 0.0000000000
95454  -54.371  16.503  10.885 0.0000000000
94513  -53.610  15.552  11.362 0.0000000000
95442  -53.764  16.454  11.109 0.0000000000
95441  -53.112  16.359  11.349 0.0000000000
96328  -53.447  17.210  11.218 0.0000000000
96201  -47.034  17.215  22.649 0.0000000000
96214  -46.856  17.085  21.778 0.0000000000
97123  -48.558  18.470  21.774 0.0000000000
98042  -51.351  19.788  20.509 0.0000000000
98025  -50.943  19.529  21.223 0.0000000000
98055  -51.139  19.758  19.656 0.0000000000
98054  -50.459  19.499  19.332 0.0000000000
98070  -51.703  19.973  19.197 0.0000000000
98955  -53.567  20.475  17.840 0.0000000000
98954  -52.639  20.266  17.905 0.0000000000
98970  -53.742  20.410  16.764 0.0000000000
97944  -53.882  19.873  27.364 0.0000000000
97077  -54.336  20.087  26.951 0.0000000000
98861  -55.376  20.419  23.997 0.0000000000
97977  -54.761  20.430  24.380 0.0000000000
97995  -54.580  20.457  23.787 0.0000000000
97994  -54.126  20.415  23.492 0.0000000000
98893  -54.809  20.510  22.510 0.0000000000
98031  -57.043  20.727  21.729 0.0000000000
98058  -56.242  21.069  19.937 0.0000000000
98045  -56.401  20.709  20.685 0.0000000000
98044  -55.764  20.772  20.308 0.0000000000
98918  -55.133  20.583  20.888 0.0000000000
98071  -55.724  21.188  18.906 0.0000000000
98973  -56.292  21.090  16.742 0.0000000000
98984  -55.138  20.584  15.923 0.0000000000
98985  -55.976  20.581  15.948 0.0000000000
98106  -56.323  20.462  15.087 0.0000000000
98123  -57.494  20.698  14.058 0.0000000000
98122  -57.226  20.597  14.397 0.0000000000
98135  -57.458  19.888  13.148 0.0000000000
99006  -58.081  20.413  13.199 0.0000000000
99857  -57.602  21.720  15.607 0.0000000000
99869  -57.523  21.331  14.786 0.0000000000
100763  -57.569  21.459  14.587 0.0000000000
99907  -57.134  20.568  12.414 0.0000000000
100782  -57.927  20.827  13.516 0.0000000000
99908  -57.658  20.384  12.792 0.0000000000
99918  -57.819  20.077  12.652 0.0000000000
99925  -56.613  19.621  11.540 0.0000000000
99056  -56.011  19.173  11.024 0.0000000000
99055  -55.782  19.169  11.163 0.0000000000
99036  -53.854  19.846  11.503 0.0000000000
98158  -54.415  18.956  11.268 0.0000000000
98157  -53.534  19.032  11.423 0.0000000000
97225  -53.234  18.135  11.407 0.0000000000
98155  -52.003  19.007  11.830 0.0000000000
100758  -53.821  22.125  13.721 0.0000000000
100745  -53.115  22.383  14.541 0.0000000000
100731  -51.390  22.428  15.042 0.0000000000
100744  -52.108  22.301  14.388 0.0000000000
102980  -56.967  22.615  22.088 0.0000000000
102986  -56.820  22.739  21.219 0.0000000000
102985  -56.156  23.034  21.199 0.0000000000
101527  -54.874  23.020  20.595 0.0000000000
102288  -55.523  23.120  20.780 0.0000000000
101534  -54.758  22.973  19.663 0.0000000000
101541  -54.606  22.829  18.968 0.0000000000
101533  -54.026  22.731  19.700 0.0000000000
101503  -53.686  22.872  23.145 0.0000000000
101510  -53.701  22.725  22.263 0.0000000000
100676  -53.024  22.555  20.487 0.0000000000
100684  -53.300  22.572  19.544 0.0000000000
100683  -52.379  22.419  19.224 0.0000000000
100692  -51.616  22.297  17.790 0.0000000000
100682  -51.507  22.181  18.824 0.0000000000
99790  -49.578  21.624  19.191 0.0000000000
99829  -48.467  21.606  16.834 0.0000000000
99816  -48.308  21.411  17.833 0.0000000000
99803  -48.202  21.390  18.816 0.0000000000
99802  -47.333  21.413  19.001 0.0000000000
99787  -47.312  21.479  19.973 0.0000000000
100636  -49.751  22.321  23.328 0.0000000000
99751  -49.212  22.190  23.012 0.0000000000
99762  -47.350  21.803  21.960 0.0000000000
99773  -46.390  21.626  21.212 0.0000000000
101427  -50.815  22.906  29.552 0.0000000000
101414  -50.261  23.467  30.256 0.0000000000
100582  -48.535  21.894  28.027 0.0000000000
95342  -46.994  16.336  20.049 0.0000000000
96228  -47.314  17.421  20.898 0.0000000000
100513  -55.642  23.215  33.491 0.0000000000
101366  -56.283  23.436  33.407 0.0000000000
102152  -56.461  24.118  32.479 0.0000000000
102854  -56.414  24.924  32.928 0.0000000000
103558  -56.151  25.676  33.064 0.0000000000
93269  -42.865  14.554  32.297 0.0000000000
93279  -43.739  14.209  31.714 0.0000000000
91254  -55.257  13.011  25.244 0.0000000000
91252  -54.013  12.063  24.525 0.0000000000
89182  -53.449  11.322  24.713 0.0000000000
89150  -41.258  10.387  25.776 0.0000000000
88129  -41.005  9.358  26.252 0.0000000000
94425  -55.761  14.429  19.110 0.0000000000
94448  -55.921  14.041  18.219 0.0000000000
97192  -53.860  18.686  13.722 0.0000000000
96307  -54.805  17.362  12.996 0.0000000000
97201  -54.352  18.288  13.350 0.0000000000
97202  -55.147  18.384  12.996 0.0000000000
97950  -51.405  19.052  26.864 0.0000000000
100660  -59.014  22.330  22.513 0.0000000000
99764  -58.637  21.804  22.249 0.0000000000
100669  -58.351  21.990  21.596 0.0000000000
101536  -58.140  22.197  19.558 0.0000000000
101543  -57.993  22.198  18.619 0.0000000000
102302  -57.619  22.857  18.544 0.0000000000
102307  -57.522  22.970  18.349 0.0000000000
103019  -57.173  23.066  17.630 0.0000000000
103024  -56.656  23.031  16.851 0.0000000000
103011  -57.160  23.061  18.002 0.0000000000
103004  -56.748  23.211  18.527 0.0000000000
102997  -56.177  23.321  19.107 0.0000000000
101463  -52.666  23.237  26.288 0.0000000000
100615  -51.760  23.037  26.198 0.0000000000
100600  -50.911  22.524  26.897 0.0000000000
92371  -51.272  13.679  17.781 0.0000000000
92372  -51.918  13.624  17.572 0.0000000000
93436  -50.837  14.564  16.772 0.0000000000
96275  -49.621  16.904  16.843 0.0000000000
96277  -50.889  17.927  16.254 0.0000000000
97170  -51.298  18.587  16.239 0.0000000000
98092  -52.086  19.616  16.705 0.0000000000
97905  -53.613  20.396  30.852 0.0000000000
97921  -53.938  20.187  30.108 0.0000000000
97922  -54.575  20.448  30.261 0.0000000000
97025  -54.895  20.544  30.189 0.0000000000
97042  -55.615  20.783  29.959 0.0000000000
100564  -55.909  21.910  29.834 0.0000000000
99678  -55.963  21.838  29.258 0.0000000000
99686  -56.467  21.737  27.854 0.0000000000
100588  -56.964  21.807  26.866 0.0000000000
99714  -58.060  21.584  25.856 0.0000000000
100618  -57.680  21.872  26.153 0.0000000000
100630  -57.975  21.986  26.035 0.0000000000
101497  -57.564  22.469  24.837 0.0000000000
101482  -57.064  22.379  25.630 0.0000000000
102248  -56.973  22.352  25.879 0.0000000000
103630  -55.564  23.391  29.815 0.0000000000
102923  -55.322  23.263  29.063 0.0000000000
102933  -55.176  23.452  28.530 0.0000000000
102223  -54.934  23.460  28.454 0.0000000000
102932  -55.069  23.609  28.816 0.0000000000
102921  -55.087  24.043  29.052 0.0000000000
102206  -54.639  23.693  29.416 0.0000000000
91400  -52.321  13.088  12.252 0.0000000000
92421  -52.462  13.888  12.114 0.0000000000
94352  -45.405  15.476  25.831 0.0000000000
94353  -46.389  15.537  26.126 0.0000000000
94315  -46.678  15.295  29.995 0.0000000000
94316  -47.200  15.769  29.578 0.0000000000
95266  -47.642  16.328  29.177 0.0000000000
96151  -48.885  17.320  28.471 0.0000000000
96143  -48.830  17.334  29.416 0.0000000000
96136  -49.500  17.728  30.093 0.0000000000
97901  -51.133  19.524  32.046 0.0000000000
98796  -50.375  20.014  32.180 0.0000000000
98776  -51.032  20.500  32.393 0.0000000000
94408  -56.992  14.378  21.198 0.0000000000
95347  -57.277  14.776  21.424 0.0000000000
94377  -55.630  15.082  22.667 0.0000000000
94385  -55.552  15.150  21.794 0.0000000000
93371  -54.962  14.729  21.673 0.0000000000
91313  -52.463  12.939  20.694 0.0000000000
90261  -50.976  11.395  22.089 0.0000000000
90278  -51.063  11.829  21.360 0.0000000000
91308  -48.297  12.220  20.525 0.0000000000
87119  -49.051  7.681  28.564 0.0000000000
86061  -49.213  7.970  29.267 0.0000000000
87121  -50.579  8.687  28.656 0.0000000000
87138  -50.894  8.685  27.682 0.0000000000
87152  -51.213  8.854  26.775 0.0000000000
87167  -51.475  9.138  26.120 0.0000000000
88150  -51.326  9.284  25.538 0.0000000000
87166  -50.796  8.903  25.669 0.0000000000
87171  -49.274  8.767  24.572 0.0000000000
90256  -45.354  11.884  22.611 0.0000000000
91276  -44.849  12.565  22.648 0.0000000000
92298  -44.359  13.374  22.880 0.0000000000
93359  -44.112  13.875  23.287 0.0000000000
92291  -43.772  13.329  23.399 0.0000000000
93351  -43.053  13.741  24.312 0.0000000000
93344  -42.800  13.987  25.002 0.0000000000
89279  -55.580  11.365  17.382 0.0000000000
89293  -55.402  11.910  16.724 0.0000000000
93451  -53.722  14.231  15.577 0.0000000000
93452  -54.560  14.189  15.454 0.0000000000
93465  -55.051  14.067  14.781 0.0000000000
93475  -56.182  14.327  13.175 0.0000000000
91368  -56.165  13.045  14.184 0.0000000000
91375  -56.069  13.123  13.883 0.0000000000
89344  -55.828  12.556  14.139 0.0000000000
89343  -55.573  12.421  13.773 0.0000000000
88311  -54.891  11.995  13.726 0.0000000000
90377  -55.820  12.880  13.214 0.0000000000
94516  -57.602  16.693  11.912 0.0000000000
93514  -56.898  16.100  11.596 0.0000000000
94545  -57.035  16.321  11.258 0.0000000000
94543  -56.433  16.374  11.065 0.0000000000
94541  -55.346  15.707  11.099 0.0000000000
94528  -54.739  15.752  11.077 0.0000000000
94529  -55.326  16.110  10.830 0.0000000000
95455  -55.013  16.545  10.743 0.0000000000
96337  -54.695  17.229  10.784 0.0000000000
96189  -47.809  17.367  23.770 0.0000000000
96202  -47.643  17.695  22.970 0.0000000000
96203  -48.182  17.758  23.447 0.0000000000
98010  -51.322  19.544  21.969 0.0000000000
98043  -52.008  20.103  20.618 0.0000000000
98928  -52.199  20.262  19.822 0.0000000000
98941  -53.255  20.519  18.797 0.0000000000
98942  -54.215  20.748  18.740 0.0000000000
97079  -55.322  20.421  27.113 0.0000000000
97086  -55.024  20.326  26.331 0.0000000000
97978  -55.724  20.376  24.563 0.0000000000
98880  -55.747  20.391  23.504 0.0000000000
98932  -57.505  21.510  20.150 0.0000000000
98060  -57.116  21.207  20.630 0.0000000000
98074  -57.034  21.414  19.959 0.0000000000
98073  -56.623  21.343  19.509 0.0000000000
98072  -56.109  21.219  19.133 0.0000000000
98944  -55.811  21.209  18.417 0.0000000000
98107  -56.894  20.649  15.114 0.0000000000
98987  -57.044  20.955  15.802 0.0000000000
98996  -57.503  20.961  14.640 0.0000000000
101577  -57.504  22.050  14.843 0.0000000000
100762  -57.534  21.553  14.380 0.0000000000
100770  -56.843  21.632  13.456 0.0000000000
100780  -56.744  21.238  12.683 0.0000000000
100790  -56.029  20.575  11.847 0.0000000000
100789  -55.696  20.399  11.816 0.0000000000
100778  -55.574  20.781  12.188 0.0000000000
99019  -53.408  20.446  12.021 0.0000000000
99895  -52.979  20.910  12.620 0.0000000000
100733  -53.333  22.567  15.531 0.0000000000
102275  -55.760  23.081  22.323 0.0000000000
101520  -54.935  23.032  21.520 0.0000000000
100658  -52.244  22.573  22.124 0.0000000000
100659  -53.011  22.649  22.211 0.0000000000
100674  -51.412  22.246  19.905 0.0000000000
99789  -48.980  21.511  19.557 0.0000000000
99776  -48.735  21.554  20.226 0.0000000000
94443  -48.655  15.402  18.001 0.0000000000
95370  -48.371  16.253  18.228 0.0000000000
95369  -47.814  16.228  18.678 0.0000000000
96262  -48.626  16.836  17.974 0.0000000000
96252  -48.850  17.914  18.210 0.0000000000
97151  -49.354  18.513  18.149 0.0000000000
97877  -54.845  21.749  31.868 0.0000000000
98769  -55.261  22.108  31.818 0.0000000000
99650  -55.650  22.340  31.218 0.0000000000
100532  -55.858  22.978  32.329 0.0000000000
100563  -55.820  22.372  30.279 0.0000000000
100566  -55.763  22.109  30.079 0.0000000000
101432  -55.991  22.014  28.967 0.0000000000
102215  -55.815  22.590  28.960 0.0000000000
102207  -55.993  23.181  29.727 0.0000000000
102913  -55.943  23.473  30.128 0.0000000000
102904  -55.885  23.533  31.148 0.0000000000
103622  -55.591  23.685  30.668 0.0000000000
103621  -55.185  24.050  30.781 0.0000000000
103612  -55.141  24.441  31.685 0.0000000000
93320  -45.524  14.460  28.263 0.0000000000
93308  -45.445  14.394  29.282 0.0000000000
93309  -46.139  14.778  29.643 0.0000000000
93280  -44.718  14.734  31.969 0.0000000000
93290  -45.592  14.823  31.252 0.0000000000
93299  -46.139  14.928  30.499 0.0000000000
92285  -54.606  13.792  23.639 0.0000000000
92293  -54.151  13.566  22.744 0.0000000000
92292  -53.544  13.213  22.366 0.0000000000
91269  -52.801  12.267  22.729 0.0000000000
90263  -52.507  12.068  22.561 0.0000000000
89206  -51.564  11.294  22.645 0.0000000000
89204  -49.994  10.624  22.453 0.0000000000
86026  -47.633  7.806  31.200 0.0000000000
86042  -47.180  7.426  30.658 0.0000000000
86043  -47.613  7.483  30.282 0.0000000000
86059  -47.579  7.156  29.178 0.0000000000
86070  -47.704  7.128  28.063 0.0000000000
86071  -48.476  7.367  28.069 0.0000000000
90240  -43.210  11.575  24.119 0.0000000000
90239  -42.452  11.588  24.582 0.0000000000
90238  -41.928  11.787  24.903 0.0000000000
91250  -41.394  12.230  25.703 0.0000000000
90226  -40.984  11.331  25.983 0.0000000000
91244  -40.857  12.135  26.299 0.0000000000
94494  -54.281  15.436  13.497 0.0000000000
94504  -56.752  15.864  12.309 0.0000000000
95431  -57.351  16.830  12.103 0.0000000000
96318  -57.309  17.262  12.278 0.0000000000
95443  -57.507  16.518  12.098 0.0000000000
95444  -57.536  17.012  12.011 0.0000000000
96329  -57.653  17.809  12.089 0.0000000000
97227  -57.889  18.425  11.927 0.0000000000
96182  -49.612  17.658  25.321 0.0000000000
97090  -49.578  17.781  24.557 0.0000000000
97091  -50.013  18.041  25.004 0.0000000000
98012  -52.707  20.098  22.593 0.0000000000
98013  -53.424  20.343  22.645 0.0000000000
97981  -58.178  20.554  24.305 0.0000000000
97980  -57.394  20.427  24.433 0.0000000000
97998  -57.723  20.502  23.515 0.0000000000
98017  -57.947  20.839  22.797 0.0000000000
98907  -57.745  21.505  21.390 0.0000000000
99777  -58.265  21.904  21.193 0.0000000000
98920  -57.955  21.702  20.752 0.0000000000
98933  -57.936  21.771  19.634 0.0000000000
98947  -57.793  21.855  18.534 0.0000000000
98961  -57.710  21.797  17.427 0.0000000000
98976  -57.571  21.652  16.342 0.0000000000
100736  -57.944  22.013  16.196 0.0000000000
101550  -57.950  22.234  17.934 0.0000000000
101565  -57.649  22.093  16.016 0.0000000000
101573  -57.649  22.028  15.153 0.0000000000
101576  -57.133  22.293  14.988 0.0000000000
100747  -55.380  22.593  14.958 0.0000000000
100735  -55.097  22.683  15.629 0.0000000000
102313  -55.929  22.991  16.536 0.0000000000
101562  -55.096  22.782  16.168 0.0000000000
100722  -54.031  22.640  17.067 0.0000000000
100708  -53.885  22.605  18.013 0.0000000000
101493  -54.440  23.086  24.376 0.0000000000
100640  -53.188  22.847  23.641 0.0000000000
101477  -52.603  23.173  25.216 0.0000000000
101491  -52.736  23.027  24.578 0.0000000000
100649  -52.327  22.637  23.080 0.0000000000
100647  -50.546  22.448  22.680 0.0000000000
100626  -49.558  22.286  24.462 0.0000000000
100625  -48.869  22.078  24.760 0.0000000000
99713  -48.193  21.531  25.916 0.0000000000
93411  -54.095  14.111  18.178 0.0000000000
93426  -53.410  13.869  17.477 0.0000000000
93439  -53.588  14.049  16.505 0.0000000000
92381  -52.289  13.703  17.114 0.0000000000
93438  -52.633  13.898  16.683 0.0000000000
93450  -52.727  14.367  15.658 0.0000000000
94481  -52.255  15.276  14.715 0.0000000000
93422  -49.728  14.636  17.460 0.0000000000
94458  -50.473  15.448  16.310 0.0000000000
95398  -49.915  16.351  16.535 0.0000000000
94469  -50.717  15.918  15.859 0.0000000000
94480  -51.605  15.857  15.031 0.0000000000
94492  -52.551  15.811  14.064 0.0000000000
95419  -52.795  16.384  13.802 0.0000000000
96288  -51.826  18.016  15.252 0.0000000000
97190  -52.626  18.348  14.574 0.0000000000
97191  -53.207  18.554  14.123 0.0000000000
98118  -54.016  19.288  14.308 0.0000000000
98104  -54.516  20.147  15.109 0.0000000000
97933  -53.038  19.401  28.689 0.0000000000
97934  -53.730  19.771  28.368 0.0000000000
97056  -54.323  20.048  28.126 0.0000000000
97039  -53.929  20.168  29.833 0.0000000000
97057  -54.625  20.241  28.531 0.0000000000
97068  -54.887  20.291  27.885 0.0000000000
97887  -55.211  21.242  31.077 0.0000000000
97027  -55.513  20.879  30.200 0.0000000000
97929  -56.013  20.897  29.176 0.0000000000
98814  -56.115  21.275  29.007 0.0000000000
97930  -56.154  21.001  28.727 0.0000000000
97935  -56.150  20.910  28.462 0.0000000000
97945  -56.314  20.870  27.540 0.0000000000
97955  -57.291  20.717  26.026 0.0000000000
97966  -57.800  20.632  25.157 0.0000000000
97967  -58.566  20.603  25.003 0.0000000000
98882  -59.264  21.083  23.712 0.0000000000
99730  -59.000  21.638  25.356 0.0000000000
99740  -59.260  21.700  24.260 0.0000000000
102278  -58.287  22.574  22.326 0.0000000000
102994  -57.539  22.546  20.400 0.0000000000
102284  -57.699  22.348  21.687 0.0000000000
102981  -57.356  22.527  22.262 0.0000000000
102970  -57.076  22.668  22.768 0.0000000000
102269  -56.644  22.777  23.439 0.0000000000
102257  -56.150  22.848  24.104 0.0000000000
102225  -55.828  22.808  27.990 0.0000000000
102950  -55.788  22.875  26.960 0.0000000000
101480  -55.433  22.828  25.809 0.0000000000
101450  -53.905  23.458  27.389 0.0000000000
101437  -53.297  23.323  27.997 0.0000000000
95329  -46.088  16.223  21.956 0.0000000000
95322  -45.914  16.230  22.613 0.0000000000
95314  -46.657  16.772  23.425 0.0000000000
95315  -47.326  17.069  23.751 0.0000000000
96179  -48.178  17.212  24.333 0.0000000000
96172  -49.070  17.072  25.147 0.0000000000
94332  -45.885  14.803  27.513 0.0000000000
94334  -47.128  15.432  28.324 0.0000000000
95285  -49.033  17.020  25.945 0.0000000000
96173  -49.334  17.345  25.610 0.0000000000
96170  -49.704  17.971  26.442 0.0000000000
97075  -49.866  18.132  26.981 0.0000000000
96152  -49.477  17.745  28.323 0.0000000000
96162  -49.867  18.103  27.895 0.0000000000
97064  -50.144  18.235  27.774 0.0000000000
97065  -51.078  18.591  28.165 0.0000000000
97066  -51.697  18.809  28.855 0.0000000000
96130  -48.579  17.422  31.103 0.0000000000
96131  -49.252  17.688  30.751 0.0000000000
97035  -49.720  17.881  30.722 0.0000000000
97055  -51.835  18.754  29.659 0.0000000000
97902  -51.863  19.424  31.837 0.0000000000
97903  -52.321  19.580  31.522 0.0000000000
97904  -52.814  20.095  31.121 0.0000000000
98799  -53.437  20.456  31.519 0.0000000000
98779  -53.286  20.632  32.132 0.0000000000
99649  -53.621  21.405  32.394 0.0000000000
100545  -52.489  21.830  32.776 0.0000000000
94407  -56.584  14.297  20.735 0.0000000000
95374  -56.085  14.414  20.030 0.0000000000
94426  -55.984  14.259  19.297 0.0000000000
95345  -56.648  15.463  21.422 0.0000000000
95355  -55.899  15.331  20.775 0.0000000000
94406  -55.708  14.990  20.139 0.0000000000
93392  -53.770  13.874  18.733 0.0000000000
92362  -51.819  13.452  18.455 0.0000000000
92360  -50.064  13.570  18.556 0.0000000000
92300  -52.768  12.861  21.497 0.0000000000
91295  -52.424  12.714  21.140 0.0000000000
91312  -51.934  12.782  20.407 0.0000000000
91293  -51.155  12.159  20.934 0.0000000000
91311  -51.084  12.449  20.419 0.0000000000
92359  -49.366  13.675  18.714 0.0000000000
93391  -48.315  13.837  19.102 0.0000000000
93390  -47.708  14.313  19.236 0.0000000000
93378  -46.945  14.345  20.099 0.0000000000
93376  -45.848  15.123  21.434 0.0000000000
89157  -54.523  10.984  26.827 0.0000000000
90173  -52.509  11.218  32.296 0.0000000000
90181  -52.847  11.065  31.633 0.0000000000
89111  -52.879  10.748  31.095 0.0000000000
87088  -48.737  8.443  31.042 0.0000000000
87089  -49.566  8.809  30.962 0.0000000000
88084  -50.209  9.200  31.170 0.0000000000
87104  -49.566  8.515  29.935 0.0000000000
88085  -50.702  9.384  30.754 0.0000000000
88086  -51.406  9.780  30.648 0.0000000000
89118  -51.928  10.229  30.873 0.0000000000
89120  -53.207  10.622  30.447 0.0000000000
89130  -53.560  10.525  29.578 0.0000000000
89137  -53.661  10.285  28.554 0.0000000000
88112  -52.683  9.709  28.695 0.0000000000
88113  -53.201  9.867  28.342 0.0000000000
89143  -53.857  10.382  27.617 0.0000000000
89156  -53.821  10.549  26.416 0.0000000000
89168  -52.808  10.198  25.377 0.0000000000
88165  -51.750  9.759  24.935 0.0000000000
89179  -51.062  10.025  23.989 0.0000000000
88178  -49.603  10.187  22.771 0.0000000000
89203  -49.032  10.471  22.263 0.0000000000
87170  -48.685  8.753  24.417 0.0000000000
89177  -47.326  9.347  23.651 0.0000000000
89190  -48.334  9.409  23.443 0.0000000000
88176  -48.392  9.879  22.800 0.0000000000
89202  -48.069  10.474  22.282 0.0000000000
89217  -48.470  10.846  21.804 0.0000000000
94376  -45.321  15.430  22.745 0.0000000000
94370  -44.833  15.418  23.784 0.0000000000
94351  -44.544  15.262  25.468 0.0000000000
93330  -44.507  14.600  27.009 0.0000000000
93329  -43.545  14.388  26.811 0.0000000000
93306  -44.085  14.040  28.370 0.0000000000
92254  -44.027  13.876  29.624 0.0000000000
92231  -43.421  13.770  31.068 0.0000000000
92240  -42.500  13.356  29.665 0.0000000000
92241  -43.309  13.643  30.069 0.0000000000
92222  -43.229  13.908  31.649 0.0000000000
89276  -53.085  10.413  17.063 0.0000000000
89290  -53.299  10.480  16.337 0.0000000000
94445  -54.950  14.400  17.465 0.0000000000
94461  -55.549  14.209  16.705 0.0000000000
94460  -55.306  14.046  16.237 0.0000000000
94483  -54.814  15.011  13.789 0.0000000000
92383  -56.045  12.937  15.954 0.0000000000
90345  -55.738  12.809  16.036 0.0000000000
89307  -55.314  12.244  16.138 0.0000000000
89330  -55.747  12.521  14.704 0.0000000000
89319  -55.256  12.020  15.003 0.0000000000
90363  -53.497  11.246  13.439 0.0000000000
92411  -56.443  14.496  12.399 0.0000000000
92425  -56.409  14.234  11.986 0.0000000000
91410  -55.998  13.842  11.960 0.0000000000
93513  -56.778  15.410  11.839 0.0000000000
91418  -55.881  14.062  11.842 0.0000000000
91402  -53.616  13.214  11.959 0.0000000000
92422  -53.141  13.936  11.898 0.0000000000
94514  -54.186  15.349  11.347 0.0000000000
94511  -52.335  15.293  11.625 0.0000000000
96227  -46.751  16.874  21.238 0.0000000000
97122  -47.801  18.113  21.879 0.0000000000
97133  -47.945  18.237  21.150 0.0000000000
97143  -48.610  18.406  19.499 0.0000000000
97144  -49.195  18.847  19.030 0.0000000000
98067  -49.590  19.010  18.658 0.0000000000
97125  -50.144  19.310  20.942 0.0000000000
97136  -50.033  19.402  20.297 0.0000000000
98068  -50.150  19.172  18.343 0.0000000000
98082  -50.951  19.247  17.516 0.0000000000
98093  -52.940  20.139  16.467 0.0000000000
97952  -53.219  19.681  26.564 0.0000000000
97961  -53.482  19.879  25.557 0.0000000000
97962  -54.392  20.287  25.607 0.0000000000
97997  -56.827  20.321  23.472 0.0000000000
98881  -56.250  20.322  23.460 0.0000000000
98895  -56.212  20.405  22.917 0.0000000000
98030  -56.549  20.526  21.459 0.0000000000
98014  -56.072  20.426  22.047 0.0000000000
98906  -55.345  20.493  21.816 0.0000000000
98905  -54.528  20.482  21.655 0.0000000000
98917  -54.224  20.495  20.680 0.0000000000
98957  -55.322  21.037  17.656 0.0000000000
98971  -54.787  20.704  16.799 0.0000000000
98120  -55.929  20.050  14.209 0.0000000000
98134  -56.939  19.821  13.363 0.0000000000
98173  -57.761  18.930  11.927 0.0000000000
98989  -57.439  21.144  15.288 0.0000000000
100772  -57.786  21.053  13.903 0.0000000000
99900  -58.064  20.641  13.317 0.0000000000
99038  -58.083  19.596  12.571 0.0000000000
98172  -57.466  18.896  11.722 0.0000000000
98186  -57.101  18.532  11.313 0.0000000000
98184  -56.522  18.462  10.894 0.0000000000
98183  -56.020  18.560  10.762 0.0000000000
98170  -54.784  18.389  11.059 0.0000000000
98159  -54.923  19.265  11.372 0.0000000000
97234  -53.799  17.806  11.135 0.0000000000
100756  -51.808  21.905  13.621 0.0000000000
102993  -57.017  22.867  20.408 0.0000000000
102992  -56.771  23.073  20.285 0.0000000000
102293  -55.467  23.237  19.715 0.0000000000
102294  -55.204  23.073  19.072 0.0000000000
101547  -54.336  22.712  18.429 0.0000000000
101511  -54.354  22.893  22.342 0.0000000000
101519  -54.314  22.813  21.428 0.0000000000
100668  -52.983  22.605  21.327 0.0000000000
101525  -53.605  22.637  20.575 0.0000000000
100694  -53.199  22.566  18.573 0.0000000000
100691  -50.857  22.182  17.281 0.0000000000
99818  -50.054  21.866  17.538 0.0000000000
99830  -49.401  21.843  16.737 0.0000000000
99763  -48.202  21.879  21.535 0.0000000000
99772  -45.396  21.571  21.458 0.0000000000
103611  -54.692  24.956  31.846 0.0000000000
102199  -54.459  23.876  30.234 0.0000000000
102198  -53.707  24.085  30.777 0.0000000000
101417  -53.327  23.605  29.993 0.0000000000
102196  -51.728  23.950  30.874 0.0000000000
101428  -51.845  22.959  29.421 0.0000000000
100574  -51.358  22.669  28.719 0.0000000000
100583  -49.924  22.200  27.679 0.0000000000
101426  -49.782  22.942  29.598 0.0000000000
85002  -47.114  7.077  29.660 0.0000000000
87075  -48.614  8.650  31.873 0.0000000000
87143  -41.928  9.383  25.550 0.0000000000
87144  -42.278  9.234  25.513 0.0000000000
87157  -42.134  9.488  25.468 0.0000000000
87159  -43.226  9.458  24.942 0.0000000000
88123  -52.269  9.316  27.791 0.0000000000
88137  -53.095  9.779  26.695 0.0000000000
88142  -42.184  9.940  25.236 0.0000000000
88149  -48.173  8.815  24.217 0.0000000000
88156  -43.150  10.172  24.550 0.0000000000
88169  -48.332  9.702  22.970 0.0000000000
88293  -55.079  11.860  14.535 0.0000000000
88303  -54.802  11.879  13.656 0.0000000000
88304  -55.015  11.921  13.902 0.0000000000
88305  -55.160  11.932  14.071 0.0000000000
88310  -54.859  12.059  13.494 0.0000000000
88312  -55.260  12.152  13.849 0.0000000000
89109  -51.555  10.350  31.517 0.0000000000
89138  -54.241  10.678  28.408 0.0000000000
89151  -43.458  9.239  24.908 0.0000000000
89162  -42.310  10.702  24.884 0.0000000000
89178  -48.024  9.223  23.678 0.0000000000
89191  -50.201  10.159  23.104 0.0000000000
89308  -55.537  12.629  15.912 0.0000000000
89349  -54.718  11.922  13.477 0.0000000000
89350  -54.983  12.218  13.414 0.0000000000
89351  -55.246  12.268  13.628 0.0000000000
90224  -39.583  10.998  26.870 0.0000000000
90241  -52.859  11.435  23.859 0.0000000000
90388  -55.781  13.687  11.886 0.0000000000
90389  -55.758  13.386  12.224 0.0000000000
91246  -55.275  12.584  25.926 0.0000000000
91253  -54.632  12.583  24.869 0.0000000000
91258  -41.729  12.139  25.157 0.0000000000
91279  -52.005  12.112  21.784 0.0000000000
91327  -51.730  12.974  19.903 0.0000000000
91391  -56.126  13.521  13.147 0.0000000000
91404  -55.894  13.566  12.228 0.0000000000
91405  -56.121  13.729  12.465 0.0000000000
91411  -56.230  14.108  11.916 0.0000000000
91417  -55.763  14.293  11.722 0.0000000000
92232  -43.956  14.029  30.879 0.0000000000
92382  -52.625  13.728  17.195 0.0000000000
92432  -54.677  14.556  11.500 0.0000000000
92434  -56.239  14.237  11.889 0.0000000000
92445  -54.882  14.670  11.475 0.0000000000
92446  -55.410  14.612  11.562 0.0000000000
92448  -56.553  15.308  11.690 0.0000000000
93278  -43.143  14.000  31.969 0.0000000000
93474  -54.569  14.902  13.847 0.0000000000
93498  -54.293  14.428  11.512 0.0000000000
93499  -56.769  14.938  12.035 0.0000000000
93511  -54.550  14.812  11.450 0.0000000000
93512  -54.508  14.489  11.510 0.0000000000
93527  -56.043  15.817  11.155 0.0000000000
93529  -56.952  16.141  11.352 0.0000000000
94383  -46.073  15.981  21.608 0.0000000000
94391  -45.929  15.438  21.482 0.0000000000
94473  -55.286  13.926  15.835 0.0000000000
94530  -57.163  16.547  11.668 0.0000000000
94531  -57.500  16.910  11.966 0.0000000000
94542  -55.856  16.094  10.956 0.0000000000
94544  -56.793  16.524  11.260 0.0000000000
95246  -47.903  16.801  31.163 0.0000000000
95295  -49.038  16.992  25.503 0.0000000000
95359  -56.775  14.589  21.128 0.0000000000
95413  -52.213  16.392  14.219 0.0000000000
95432  -57.560  17.385  12.094 0.0000000000
95456  -55.607  16.618  10.673 0.0000000000
95457  -57.525  16.878  11.537 0.0000000000
95468  -56.566  16.857  10.921 0.0000000000
95470  -57.019  17.057  11.099 0.0000000000
95471  -57.248  17.073  11.496 0.0000000000
96138  -54.578  20.342  29.724 0.0000000000
96139  -54.844  20.400  29.597 0.0000000000
96140  -55.151  20.319  29.117 0.0000000000
96146  -54.549  20.305  29.481 0.0000000000
96148  -55.186  20.466  28.898 0.0000000000
96153  -49.903  18.087  28.223 0.0000000000
96154  -54.947  20.372  28.590 0.0000000000
96155  -55.268  20.473  28.439 0.0000000000
96163  -55.052  20.364  28.014 0.0000000000
96180  -48.730  17.199  24.646 0.0000000000
96216  -56.839  15.833  21.947 0.0000000000
96229  -47.915  18.053  20.646 0.0000000000
96297  -52.688  17.995  14.213 0.0000000000
96338  -55.357  17.196  10.654 0.0000000000
96339  -57.613  17.608  11.871 0.0000000000
96347  -55.856  17.129  10.554 0.0000000000
96349  -56.673  17.326  10.897 0.0000000000
97024  -51.925  19.220  31.523 0.0000000000
97038  -51.964  18.997  31.173 0.0000000000
97047  -54.016  20.054  28.904 0.0000000000
97048  -54.669  20.298  28.870 0.0000000000
97049  -55.371  20.438  29.279 0.0000000000
97050  -55.742  20.738  29.504 0.0000000000
97063  -49.787  18.077  27.412 0.0000000000
97067  -54.455  20.106  27.476 0.0000000000
97069  -55.439  20.519  27.978 0.0000000000
97074  -49.631  17.930  27.187 0.0000000000
97085  -54.511  20.221  26.472 0.0000000000
97109  -47.757  17.967  22.466 0.0000000000
97113  -51.458  19.436  22.702 0.0000000000
97235  -54.377  18.000  11.002 0.0000000000
97236  -55.048  17.900  10.829 0.0000000000
97237  -57.641  18.104  11.728 0.0000000000
97249  -56.418  17.889  10.664 0.0000000000
97251  -57.128  17.902  11.109 0.0000000000
97871  -54.675  22.159  32.348 0.0000000000
97872  -54.788  22.050  32.163 0.0000000000
97876  -54.556  21.886  32.183 0.0000000000
97878  -55.082  21.575  31.496 0.0000000000
97884  -52.237  19.756  31.972 0.0000000000
97885  -54.467  21.453  31.951 0.0000000000
97888  -55.419  21.266  30.695 0.0000000000
97907  -55.343  20.963  30.523 0.0000000000
97923  -56.157  20.963  29.918 0.0000000000
97924  -56.026  20.979  29.414 0.0000000000
97999  -58.388  20.678  23.473 0.0000000000
98032  -57.566  21.138  21.908 0.0000000000
98033  -58.013  21.192  22.446 0.0000000000
98040  -50.037  19.434  19.843 0.0000000000
98046  -56.858  20.802  20.989 0.0000000000
98053  -49.786  19.244  19.212 0.0000000000
98185  -56.850  18.408  11.097 0.0000000000
98187  -57.516  18.464  11.629 0.0000000000
98763  -55.282  22.477  32.423 0.0000000000
98768  -55.000  22.064  32.046 0.0000000000
98770  -55.500  22.190  31.456 0.0000000000
98777  -51.805  20.528  32.385 0.0000000000
98781  -54.378  20.845  31.353 0.0000000000
98783  -55.495  21.733  31.088 0.0000000000
98798  -52.814  20.128  31.754 0.0000000000
98812  -55.965  21.299  29.630 0.0000000000
98822  -56.403  20.923  27.624 0.0000000000
98862  -55.750  20.343  24.017 0.0000000000
98878  -54.474  20.494  22.987 0.0000000000
98879  -54.913  20.496  23.433 0.0000000000
98919  -57.516  21.343  20.982 0.0000000000
99021  -58.117  19.878  12.975 0.0000000000
99047  -55.314  19.518  11.449 0.0000000000
99048  -56.877  19.483  11.603 0.0000000000
99049  -57.152  19.271  11.648 0.0000000000
99050  -57.629  19.533  11.985 0.0000000000
99057  -56.677  19.048  11.300 0.0000000000
99616  -55.122  22.939  33.387 0.0000000000
99617  -55.370  23.057  33.460 0.0000000000
99638  -55.543  22.657  32.406 0.0000000000
99668  -55.725  21.926  30.559 0.0000000000
99687  -56.717  21.767  27.115 0.0000000000
99700  -57.139  21.721  26.425 0.0000000000
99885  -56.511  21.961  13.736 0.0000000000
99886  -56.764  21.882  13.803 0.0000000000
99898  -56.485  21.803  13.448 0.0000000000
99899  -56.641  21.821  13.611 0.0000000000
99906  -55.322  20.242  11.820 0.0000000000
99914  -55.848  19.883  11.498 0.0000000000
99916  -56.939  20.036  11.846 0.0000000000
99917  -57.414  20.005  12.177 0.0000000000
99923  -55.978  19.371  11.245 0.0000000000
99924  -56.274  19.495  11.369 0.0000000000
100520  -55.860  22.970  32.958 0.0000000000
100604  -56.984  21.969  26.623 0.0000000000
100617  -57.517  22.027  26.156 0.0000000000
100663  -48.834  21.666  20.623 0.0000000000
100685  -53.852  22.677  19.268 0.0000000000
100749  -56.843  22.373  14.835 0.0000000000
100781  -57.412  21.081  12.985 0.0000000000
100791  -56.554  20.634  12.112 0.0000000000
101410  -55.971  22.849  30.584 0.0000000000
101418  -53.865  23.621  29.959 0.0000000000
101420  -55.831  22.689  30.234 0.0000000000
101421  -55.830  22.798  30.010 0.0000000000
101452  -55.196  23.052  27.459 0.0000000000
101467  -57.064  22.244  26.394 0.0000000000
101484  -58.020  22.093  25.773 0.0000000000
101495  -55.907  22.732  24.854 0.0000000000
101528  -58.274  22.070  20.715 0.0000000000
101540  -54.143  22.736  19.033 0.0000000000
101542  -55.052  22.964  18.686 0.0000000000
101549  -55.256  23.055  18.302 0.0000000000
101556  -55.548  22.962  16.554 0.0000000000
101558  -57.679  22.413  17.046 0.0000000000
101563  -55.758  22.824  16.119 0.0000000000
101564  -57.527  22.405  16.651 0.0000000000
101578  -57.613  21.719  14.786 0.0000000000
102201  -55.984  22.916  30.560 0.0000000000
102260  -57.550  22.669  24.206 0.0000000000
102276  -57.584  22.607  22.453 0.0000000000
102283  -57.533  22.412  21.983 0.0000000000
102300  -55.366  23.110  18.511 0.0000000000
102305  -55.578  23.102  17.980 0.0000000000
102306  -55.467  23.133  18.235 0.0000000000
102314  -57.038  23.051  17.044 0.0000000000
102316  -57.630  22.547  17.400 0.0000000000
102319  -56.136  23.064  16.733 0.0000000000
102322  -57.071  22.666  16.528 0.0000000000
102328  -57.000  22.519  16.152 0.0000000000
102969  -56.670  22.771  22.731 0.0000000000
102971  -57.360  22.665  22.713 0.0000000000
102988  -57.588  22.377  21.006 0.0000000000
102998  -56.767  23.244  19.369 0.0000000000
103006  -57.405  23.019  18.951 0.0000000000
103010  -56.742  23.167  17.784 0.0000000000
103016  -56.346  23.172  16.975 0.0000000000
103017  -56.730  23.164  17.217 0.0000000000
103018  -57.120  23.024  17.330 0.0000000000
103023  -56.380  23.016  16.741 0.0000000000
103025  -56.966  23.067  17.003 0.0000000000
