#!ascii label  , from subject 3002 vox2ras=TkReg
1066
46488  -18.216  -24.365  69.858 0.0000000000
58671  -39.019  -14.372  51.468 0.0000000000
66284  -36.963  -10.568  48.513 0.0000000000
54844  -32.565  -17.075  57.144 0.0000000000
73494  -43.076  -2.693  37.740 0.0000000000
69966  -37.971  -4.763  42.274 0.0000000000
58594  -40.736  -14.439  56.514 0.0000000000
56122  -35.946  -15.134  54.806 0.0000000000
76778  -48.192  1.194  40.649 0.0000000000
80290  -50.948  3.532  38.042 0.0000000000
81526  -53.360  5.662  34.741 0.0000000000
72175  -36.169  -4.287  51.867 0.0000000000
68763  -34.029  -7.232  45.829 0.0000000000
72238  -39.078  -3.021  48.093 0.0000000000
72275  -42.960  -2.200  45.220 0.0000000000
52449  -26.059  -19.425  57.381 0.0000000000
45363  -16.446  -24.526  73.429 0.0000000000
62293  -39.545  -12.403  49.670 0.0000000000
68629  -38.773  -8.363  54.391 0.0000000000
52509  -27.181  -19.258  53.650 0.0000000000
56195  -29.396  -16.602  50.594 0.0000000000
81570  -52.388  3.687  27.878 0.0000000000
83862  -55.584  7.264  31.546 0.0000000000
70023  -41.241  -4.885  39.281 0.0000000000
73435  -46.663  -2.748  42.624 0.0000000000
47672  -19.018  -24.072  64.598 0.0000000000
41148  -12.383  -30.491  71.818 0.0000000000
79082  -49.621  2.657  39.718 0.0000000000
72212  -37.592  -3.707  50.220 0.0000000000
52460  -22.710  -20.662  56.008 0.0000000000
46480  -17.382  -24.454  71.944 0.0000000000
58766  -39.015  -14.453  48.060 0.0000000000
59907  -39.883  -13.810  50.335 0.0000000000
56094  -29.248  -17.389  55.272 0.0000000000
53730  -27.974  -17.761  52.051 0.0000000000
54903  -31.194  -16.368  53.957 0.0000000000
57446  -37.753  -14.680  53.397 0.0000000000
57459  -35.120  -14.900  51.680 0.0000000000
57497  -36.332  -14.894  49.778 0.0000000000
53664  -31.286  -17.604  58.184 0.0000000000
53678  -28.427  -18.334  56.550 0.0000000000
79151  -47.781  1.608  32.849 0.0000000000
81558  -50.845  3.613  30.199 0.0000000000
82666  -54.269  6.527  33.472 0.0000000000
69944  -34.933  -5.704  43.934 0.0000000000
69984  -40.216  -4.510  40.888 0.0000000000
72292  -44.557  -2.998  43.695 0.0000000000
51195  -21.120  -21.433  61.497 0.0000000000
51168  -20.985  -21.807  63.327 0.0000000000
49977  -20.207  -22.289  65.428 0.0000000000
48857  -19.604  -23.366  63.057 0.0000000000
42182  -14.183  -29.146  70.570 0.0000000000
58629  -40.394  -14.326  54.335 0.0000000000
59881  -41.623  -13.231  53.136 0.0000000000
61016  -41.453  -12.580  57.134 0.0000000000
53669  -35.620  -17.178  58.795 0.0000000000
54891  -34.079  -15.980  55.773 0.0000000000
54849  -36.953  -16.046  57.450 0.0000000000
57416  -38.614  -15.058  55.662 0.0000000000
75745  -45.715  -0.890  38.958 0.0000000000
77949  -47.069  1.216  38.252 0.0000000000
80297  -48.630  2.740  35.663 0.0000000000
80320  -49.881  3.626  34.329 0.0000000000
81543  -51.006  4.419  32.859 0.0000000000
81515  -51.852  4.425  36.283 0.0000000000
68687  -36.214  -7.592  50.611 0.0000000000
67571  -34.766  -9.111  48.070 0.0000000000
71070  -35.317  -5.149  48.746 0.0000000000
71102  -36.659  -4.084  46.283 0.0000000000
71104  -38.306  -3.414  45.482 0.0000000000
71136  -39.883  -3.661  43.214 0.0000000000
72255  -41.020  -2.536  46.257 0.0000000000
52393  -25.154  -20.015  60.152 0.0000000000
51218  -21.499  -20.800  58.621 0.0000000000
83916  -56.529  6.443  26.669 0.0000000000
45354  -14.395  -25.053  74.021 0.0000000000
61134  -38.872  -13.746  46.759 0.0000000000
66273  -38.543  -11.045  49.558 0.0000000000
63573  -41.388  -11.621  52.343 0.0000000000
67512  -39.713  -10.066  51.700 0.0000000000
67521  -38.147  -9.058  50.902 0.0000000000
69807  -37.368  -7.407  53.933 0.0000000000
56161  -32.502  -15.750  53.154 0.0000000000
52435  -28.232  -19.439  59.108 0.0000000000
52480  -26.537  -19.498  55.510 0.0000000000
82686  -52.315  4.814  30.991 0.0000000000
82701  -53.914  5.716  30.059 0.0000000000
82730  -55.440  6.347  28.651 0.0000000000
83879  -56.850  7.714  30.292 0.0000000000
45405  -17.581  -26.195  66.499 0.0000000000
45382  -16.710  -26.313  69.407 0.0000000000
71211  -42.543  -3.838  38.690 0.0000000000
71154  -42.004  -3.630  42.074 0.0000000000
70008  -43.744  -4.119  41.222 0.0000000000
73462  -44.961  -2.636  39.686 0.0000000000
75711  -47.594  -0.899  42.095 0.0000000000
46502  -18.185  -24.415  66.925 0.0000000000
44257  -16.059  -27.164  71.274 0.0000000000
43230  -14.281  -27.091  72.511 0.0000000000
42169  -12.317  -28.364  73.056 0.0000000000
46484  -18.109  -24.235  70.743 0.0000000000
57499  -38.267  -14.989  49.264 0.0000000000
58708  -38.764  -14.660  49.466 0.0000000000
58672  -39.680  -14.234  51.321 0.0000000000
56096  -30.599  -16.815  55.416 0.0000000000
56118  -30.078  -16.765  54.736 0.0000000000
54888  -31.548  -16.424  54.802 0.0000000000
58670  -38.522  -14.599  52.059 0.0000000000
57481  -36.870  -15.045  50.964 0.0000000000
57482  -37.802  -14.677  50.493 0.0000000000
57522  -36.893  -14.894  48.844 0.0000000000
53666  -33.317  -17.670  58.521 0.0000000000
53651  -33.047  -18.000  59.123 0.0000000000
54831  -32.249  -17.364  57.696 0.0000000000
54842  -30.246  -17.481  57.051 0.0000000000
80356  -49.928  2.831  30.042 0.0000000000
64945  -37.779  -11.903  47.457 0.0000000000
64944  -37.054  -11.495  47.301 0.0000000000
69957  -36.355  -5.005  43.006 0.0000000000
69981  -36.730  -6.164  40.648 0.0000000000
69983  -39.067  -4.876  41.223 0.0000000000
50022  -20.465  -22.129  60.422 0.0000000000
51182  -21.008  -21.673  62.548 0.0000000000
50017  -20.300  -22.464  61.670 0.0000000000
49998  -20.059  -22.657  63.393 0.0000000000
48861  -19.669  -23.648  62.151 0.0000000000
58608  -40.232  -14.651  55.569 0.0000000000
59851  -41.346  -13.633  55.403 0.0000000000
59839  -41.248  -13.894  56.326 0.0000000000
54820  -37.008  -17.293  59.210 0.0000000000
54833  -36.104  -16.945  58.639 0.0000000000
54821  -37.907  -16.678  58.969 0.0000000000
58583  -40.194  -14.968  57.718 0.0000000000
57382  -38.809  -15.572  57.065 0.0000000000
58593  -39.952  -14.850  56.907 0.0000000000
58628  -39.639  -14.703  54.662 0.0000000000
76776  -47.123  -0.318  40.243 0.0000000000
76802  -46.393  0.107  38.735 0.0000000000
77928  -47.911  1.167  39.777 0.0000000000
80275  -50.408  3.172  38.521 0.0000000000
80273  -48.881  2.720  38.118 0.0000000000
80288  -49.478  3.140  37.319 0.0000000000
80308  -49.227  3.323  35.028 0.0000000000
80309  -50.068  3.575  35.482 0.0000000000
80310  -51.022  3.950  35.957 0.0000000000
81514  -51.439  4.002  36.793 0.0000000000
69861  -35.994  -6.642  51.057 0.0000000000
69887  -35.003  -6.744  49.507 0.0000000000
71043  -35.851  -4.711  50.451 0.0000000000
72228  -38.197  -3.559  49.116 0.0000000000
71061  -36.875  -3.954  48.461 0.0000000000
71073  -37.816  -3.599  47.293 0.0000000000
71103  -37.284  -3.747  45.845 0.0000000000
71074  -38.606  -3.222  47.067 0.0000000000
72254  -39.948  -2.905  45.633 0.0000000000
72247  -40.358  -2.493  47.557 0.0000000000
52415  -26.613  -19.604  59.602 0.0000000000
52394  -26.105  -20.069  60.400 0.0000000000
52432  -25.344  -19.482  58.272 0.0000000000
52429  -22.105  -20.238  57.813 0.0000000000
83909  -57.215  7.127  27.483 0.0000000000
83910  -57.956  7.369  27.247 0.0000000000
45355  -15.051  -25.245  73.800 0.0000000000
59952  -39.122  -13.769  48.710 0.0000000000
59951  -39.015  -14.073  47.817 0.0000000000
62306  -39.125  -12.773  48.975 0.0000000000
63622  -38.896  -12.218  48.829 0.0000000000
63608  -39.283  -11.879  49.551 0.0000000000
62241  -41.479  -12.329  53.991 0.0000000000
62256  -41.670  -12.344  53.158 0.0000000000
64853  -41.310  -11.304  53.684 0.0000000000
67451  -39.500  -9.029  54.755 0.0000000000
67475  -40.147  -9.539  53.865 0.0000000000
67494  -39.588  -9.313  53.242 0.0000000000
67511  -39.224  -9.359  52.058 0.0000000000
68662  -38.542  -8.667  52.709 0.0000000000
69843  -37.392  -8.014  52.034 0.0000000000
54937  -28.385  -17.347  51.572 0.0000000000
56121  -34.772  -15.566  55.256 0.0000000000
56140  -32.878  -15.878  54.025 0.0000000000
56142  -34.844  -14.920  53.822 0.0000000000
57477  -32.771  -15.387  50.150 0.0000000000
52453  -29.567  -18.576  59.009 0.0000000000
53697  -27.791  -18.421  55.346 0.0000000000
53677  -27.588  -18.997  56.054 0.0000000000
52496  -26.716  -19.606  54.413 0.0000000000
52495  -26.014  -20.464  53.867 0.0000000000
81535  -51.548  4.820  33.924 0.0000000000
82674  -51.532  4.671  31.840 0.0000000000
82663  -52.424  5.358  32.986 0.0000000000
82678  -54.727  6.705  32.333 0.0000000000
82688  -54.097  5.890  31.267 0.0000000000
82702  -54.833  6.269  30.424 0.0000000000
82715  -54.817  6.003  29.337 0.0000000000
82716  -55.520  6.567  29.677 0.0000000000
82731  -55.971  6.880  28.939 0.0000000000
83878  -56.264  7.339  30.599 0.0000000000
68746  -34.022  -7.831  46.855 0.0000000000
66301  -33.888  -9.554  46.741 0.0000000000
71210  -41.846  -4.163  37.834 0.0000000000
71193  -42.142  -4.488  38.931 0.0000000000
72289  -41.556  -2.978  44.189 0.0000000000
71138  -41.619  -3.496  42.793 0.0000000000
71123  -42.047  -3.202  43.469 0.0000000000
72302  -45.947  -2.924  43.169 0.0000000000
71141  -44.227  -3.445  42.847 0.0000000000
72317  -45.443  -3.412  41.849 0.0000000000
72327  -44.622  -3.594  40.553 0.0000000000
73442  -46.214  -2.972  41.587 0.0000000000
74593  -46.769  -2.186  41.145 0.0000000000
74586  -47.350  -1.908  42.428 0.0000000000
48846  -19.422  -23.154  65.220 0.0000000000
48841  -19.247  -23.008  66.211 0.0000000000
48838  -19.377  -22.734  67.303 0.0000000000
47665  -18.764  -23.688  66.620 0.0000000000
46506  -17.951  -25.282  66.199 0.0000000000
46516  -18.521  -24.807  64.935 0.0000000000
44275  -15.827  -27.739  69.499 0.0000000000
44266  -16.345  -26.923  70.683 0.0000000000
43260  -15.354  -28.262  70.083 0.0000000000
42180  -12.541  -29.376  71.393 0.0000000000
43243  -13.745  -28.451  71.299 0.0000000000
42171  -12.776  -28.482  71.923 0.0000000000
43229  -13.575  -27.009  72.497 0.0000000000
42170  -12.577  -28.526  72.672 0.0000000000
54822  -38.483  -16.468  58.975 0.0000000000
77909  -49.104  1.940  41.470 0.0000000000
79069  -48.981  2.236  40.353 0.0000000000
79060  -49.749  2.507  41.290 0.0000000000
72194  -36.833  -3.755  51.067 0.0000000000
52462  -24.511  -20.069  55.734 0.0000000000
52447  -23.834  -19.867  56.918 0.0000000000
46475  -17.918  -23.804  72.979 0.0000000000
45368  -16.830  -24.463  72.864 0.0000000000
58764  -38.361  -15.301  47.335 0.0000000000
58709  -39.110  -14.232  49.238 0.0000000000
61091  -40.224  -12.847  50.338 0.0000000000
69791  -38.348  -7.592  54.982 0.0000000000
54886  -28.078  -18.031  54.666 0.0000000000
53720  -27.633  -18.456  53.345 0.0000000000
54901  -28.455  -17.653  53.933 0.0000000000
54918  -28.862  -17.062  52.887 0.0000000000
54939  -30.219  -16.376  52.549 0.0000000000
57428  -36.313  -14.669  53.819 0.0000000000
56163  -34.622  -14.947  52.930 0.0000000000
57460  -36.050  -14.838  51.806 0.0000000000
57480  -35.808  -14.928  50.847 0.0000000000
58735  -35.818  -15.176  48.134 0.0000000000
53649  -31.018  -18.009  59.146 0.0000000000
53663  -30.028  -18.122  58.272 0.0000000000
53679  -30.490  -17.690  57.719 0.0000000000
54864  -29.171  -17.543  55.994 0.0000000000
79140  -47.451  1.656  33.598 0.0000000000
80364  -51.404  3.054  28.916 0.0000000000
82620  -54.402  6.117  36.385 0.0000000000
82653  -53.748  6.047  34.168 0.0000000000
69943  -34.323  -6.452  44.476 0.0000000000
70022  -40.450  -5.813  39.002 0.0000000000
70004  -40.725  -4.704  39.982 0.0000000000
73390  -44.438  -1.660  46.324 0.0000000000
72291  -43.613  -2.735  44.315 0.0000000000
73407  -44.866  -2.219  45.371 0.0000000000
52373  -23.124  -20.327  61.270 0.0000000000
51184  -22.969  -20.991  62.603 0.0000000000
51154  -22.057  -21.369  64.268 0.0000000000
49990  -20.883  -21.964  64.675 0.0000000000
49989  -20.239  -22.519  64.294 0.0000000000
48852  -19.405  -23.488  64.232 0.0000000000
46527  -18.991  -24.939  64.149 0.0000000000
47689  -19.189  -24.927  62.637 0.0000000000
58659  -39.827  -14.372  52.351 0.0000000000
58660  -40.365  -14.153  52.065 0.0000000000
58646  -41.106  -14.092  53.417 0.0000000000
61035  -41.476  -12.740  54.500 0.0000000000
53683  -34.176  -17.137  57.899 0.0000000000
54867  -32.834  -16.591  56.268 0.0000000000
54847  -35.189  -16.601  57.819 0.0000000000
54870  -35.345  -15.945  56.777 0.0000000000
56098  -35.782  -15.568  56.068 0.0000000000
56071  -38.260  -16.017  57.774 0.0000000000
56080  -38.183  -15.723  56.956 0.0000000000
57414  -37.308  -15.073  54.967 0.0000000000
58626  -38.319  -14.864  54.672 0.0000000000
58643  -39.044  -14.607  53.805 0.0000000000
53653  -34.854  -17.643  59.247 0.0000000000
75752  -45.013  -1.391  38.650 0.0000000000
74646  -43.761  -1.340  37.087 0.0000000000
76801  -45.526  -0.319  38.416 0.0000000000
77947  -45.769  0.534  37.632 0.0000000000
79122  -46.397  1.553  36.030 0.0000000000
79097  -48.503  2.106  38.827 0.0000000000
79107  -47.801  2.145  36.968 0.0000000000
79123  -47.270  1.919  35.571 0.0000000000
79132  -48.047  2.291  34.112 0.0000000000
80319  -49.148  3.225  33.915 0.0000000000
80331  -49.603  3.456  33.045 0.0000000000
80350  -49.911  3.901  31.864 0.0000000000
80332  -50.595  4.115  33.692 0.0000000000
81524  -51.930  4.677  35.248 0.0000000000
81516  -52.682  4.945  35.887 0.0000000000
81490  -52.628  4.508  38.139 0.0000000000
82601  -54.162  5.449  36.894 0.0000000000
67542  -36.459  -9.435  49.560 0.0000000000
67572  -35.722  -9.887  48.410 0.0000000000
68711  -35.256  -8.157  49.693 0.0000000000
68747  -34.212  -6.984  47.566 0.0000000000
69898  -34.581  -5.966  48.273 0.0000000000
71051  -36.739  -4.038  49.195 0.0000000000
71083  -35.320  -4.685  47.757 0.0000000000
69911  -35.014  -4.984  46.696 0.0000000000
69928  -36.339  -4.389  45.589 0.0000000000
69946  -36.912  -3.829  44.572 0.0000000000
71150  -38.304  -4.181  43.207 0.0000000000
71151  -39.158  -4.093  42.471 0.0000000000
71120  -39.587  -3.489  44.149 0.0000000000
72273  -40.719  -2.876  44.794 0.0000000000
72256  -42.238  -2.083  45.976 0.0000000000
73378  -42.690  -1.654  47.502 0.0000000000
74540  -43.353  -1.601  46.877 0.0000000000
52375  -24.754  -20.319  60.994 0.0000000000
52431  -24.324  -19.651  58.043 0.0000000000
52411  -22.709  -19.839  59.136 0.0000000000
52391  -22.940  -20.017  60.544 0.0000000000
51206  -21.904  -20.437  59.930 0.0000000000
63621  -38.411  -12.139  48.262 0.0000000000
66272  -37.980  -10.634  49.285 0.0000000000
59897  -40.669  -13.778  51.786 0.0000000000
61079  -41.170  -12.389  51.526 0.0000000000
63602  -40.572  -11.785  50.899 0.0000000000
66243  -40.909  -10.590  52.177 0.0000000000
64900  -39.685  -11.368  50.514 0.0000000000
66252  -39.131  -10.454  50.804 0.0000000000
67532  -38.366  -9.957  50.397 0.0000000000
67543  -37.201  -9.714  49.810 0.0000000000
68688  -36.989  -8.200  50.756 0.0000000000
69842  -36.649  -7.252  51.895 0.0000000000
69821  -36.147  -5.697  52.195 0.0000000000
69790  -37.522  -6.673  54.958 0.0000000000
70994  -36.749  -5.785  54.277 0.0000000000
54904  -31.995  -16.098  54.409 0.0000000000
54921  -31.689  -16.058  53.563 0.0000000000
56179  -30.174  -16.203  51.805 0.0000000000
56182  -33.485  -15.272  51.966 0.0000000000
56197  -31.337  -15.725  50.691 0.0000000000
52417  -28.252  -19.098  60.160 0.0000000000
52450  -27.048  -19.284  57.724 0.0000000000
52466  -28.502  -18.848  57.468 0.0000000000
52465  -27.800  -19.120  57.026 0.0000000000
52463  -25.751  -19.595  56.170 0.0000000000
52479  -25.542  -20.118  54.855 0.0000000000
81551  -50.572  4.056  31.551 0.0000000000
82698  -51.425  4.121  30.216 0.0000000000
82699  -52.017  4.535  29.891 0.0000000000
82676  -53.349  5.631  32.271 0.0000000000
82700  -52.987  5.320  30.068 0.0000000000
82727  -53.266  4.946  28.420 0.0000000000
81572  -53.785  5.005  27.596 0.0000000000
81583  -54.437  5.129  27.052 0.0000000000
82751  -54.916  5.202  26.459 0.0000000000
83915  -56.056  6.336  27.115 0.0000000000
83900  -57.204  7.600  28.592 0.0000000000
46496  -17.694  -25.145  68.360 0.0000000000
45387  -17.213  -25.751  68.855 0.0000000000
45386  -16.804  -26.510  68.376 0.0000000000
64943  -35.609  -11.312  46.940 0.0000000000
72372  -42.342  -3.298  38.028 0.0000000000
71165  -39.783  -4.240  41.693 0.0000000000
71166  -40.722  -4.045  41.555 0.0000000000
69986  -42.106  -4.255  41.022 0.0000000000
71140  -43.266  -3.408  42.730 0.0000000000
69970  -43.102  -3.906  41.659 0.0000000000
70006  -42.620  -4.346  40.618 0.0000000000
71195  -43.502  -3.898  39.849 0.0000000000
72359  -43.426  -3.352  39.079 0.0000000000
73481  -44.510  -2.418  38.957 0.0000000000
74611  -45.816  -1.726  39.810 0.0000000000
75722  -46.840  -0.843  40.493 0.0000000000
77906  -47.774  0.437  41.543 0.0000000000
48819  -18.816  -23.316  69.644 0.0000000000
48832  -19.232  -23.021  68.288 0.0000000000
46497  -18.063  -24.360  67.958 0.0000000000
46501  -17.747  -25.241  67.267 0.0000000000
45379  -17.210  -25.485  70.839 0.0000000000
45374  -16.728  -25.977  71.320 0.0000000000
44250  -16.238  -26.284  72.203 0.0000000000
43244  -14.409  -28.116  71.148 0.0000000000
43236  -14.976  -27.281  72.221 0.0000000000
44245  -15.469  -26.192  72.814 0.0000000000
44243  -14.330  -26.368  72.977 0.0000000000
44242  -13.763  -26.066  73.056 0.0000000000
41147  -12.047  -30.393  72.098 0.0000000000
41146  -11.908  -29.747  72.011 0.0000000000
47647  -18.527  -23.557  70.178 0.0000000000
57483  -38.523  -14.561  50.169 0.0000000000
58689  -39.106  -14.364  50.530 0.0000000000
54866  -31.615  -16.756  55.893 0.0000000000
57463  -38.287  -14.551  51.220 0.0000000000
53682  -33.426  -17.319  57.868 0.0000000000
53681  -32.814  -17.431  57.919 0.0000000000
54843  -31.432  -17.311  57.177 0.0000000000
80348  -49.205  2.724  30.620 0.0000000000
64923  -37.421  -11.156  48.221 0.0000000000
66304  -36.687  -10.919  47.976 0.0000000000
69965  -36.646  -5.523  41.736 0.0000000000
69982  -37.812  -5.604  40.982 0.0000000000
69967  -38.881  -4.507  41.938 0.0000000000
48872  -20.168  -23.054  60.555 0.0000000000
50016  -19.924  -23.143  61.862 0.0000000000
58584  -40.753  -14.795  57.836 0.0000000000
54807  -37.225  -17.278  59.880 0.0000000000
76777  -47.680  0.432  40.758 0.0000000000
76787  -47.451  0.492  39.770 0.0000000000
76788  -48.055  1.044  40.269 0.0000000000
80276  -51.067  3.329  38.815 0.0000000000
80289  -50.308  3.373  37.665 0.0000000000
80299  -50.251  3.433  36.615 0.0000000000
80300  -51.102  3.679  37.158 0.0000000000
80301  -51.339  3.743  37.735 0.0000000000
71042  -35.834  -5.341  51.077 0.0000000000
71049  -35.608  -5.550  50.398 0.0000000000
72210  -36.010  -4.569  50.743 0.0000000000
72237  -38.364  -3.480  48.307 0.0000000000
71063  -38.338  -3.455  47.792 0.0000000000
72246  -39.623  -2.791  46.762 0.0000000000
52433  -26.336  -19.416  58.539 0.0000000000
52414  -25.709  -19.676  59.372 0.0000000000
83901  -57.737  7.559  28.031 0.0000000000
85004  -58.337  7.870  28.102 0.0000000000
46473  -16.871  -23.888  73.446 0.0000000000
45357  -16.336  -24.240  73.923 0.0000000000
45356  -15.839  -24.527  74.016 0.0000000000
61102  -39.664  -12.904  49.741 0.0000000000
61120  -39.127  -13.409  48.776 0.0000000000
63623  -39.182  -12.055  49.284 0.0000000000
63609  -39.705  -11.939  49.993 0.0000000000
63545  -41.364  -11.814  54.359 0.0000000000
64846  -41.371  -11.165  54.718 0.0000000000
68630  -39.224  -8.736  54.743 0.0000000000
67474  -39.550  -9.172  54.218 0.0000000000
68648  -39.109  -8.904  53.839 0.0000000000
68663  -39.018  -8.974  52.928 0.0000000000
68647  -38.644  -8.537  53.509 0.0000000000
68646  -38.077  -8.086  53.199 0.0000000000
69808  -38.257  -8.049  54.016 0.0000000000
53712  -27.276  -18.937  54.716 0.0000000000
52497  -27.242  -19.122  54.275 0.0000000000
81525  -52.663  5.262  34.759 0.0000000000
81536  -52.573  5.444  33.785 0.0000000000
82652  -53.225  5.723  33.976 0.0000000000
82679  -55.251  7.066  31.892 0.0000000000
82689  -54.826  6.471  31.403 0.0000000000
82690  -55.332  6.922  31.488 0.0000000000
82703  -55.672  6.853  30.641 0.0000000000
82704  -56.209  7.174  30.318 0.0000000000
83863  -56.085  7.428  31.123 0.0000000000
67585  -33.551  -8.547  46.140 0.0000000000
71191  -41.249  -5.465  38.546 0.0000000000
71192  -41.679  -4.938  38.806 0.0000000000
71178  -41.878  -4.711  39.445 0.0000000000
72290  -42.477  -2.729  44.237 0.0000000000
72309  -45.489  -3.325  42.513 0.0000000000
72310  -46.071  -3.105  42.643 0.0000000000
73434  -46.031  -3.203  42.239 0.0000000000
73443  -47.055  -2.453  41.823 0.0000000000
49976  -19.644  -22.639  65.869 0.0000000000
47669  -18.894  -23.887  65.602 0.0000000000
46507  -18.464  -24.586  65.969 0.0000000000
42179  -12.315  -29.379  72.133 0.0000000000
72195  -37.778  -3.240  51.186 0.0000000000
46481  -17.912  -24.054  71.560 0.0000000000
47636  -18.295  -23.408  72.667 0.0000000000
46478  -17.857  -23.885  72.318 0.0000000000
46477  -17.328  -24.130  72.593 0.0000000000
45371  -16.954  -24.957  72.322 0.0000000000
58737  -38.120  -15.378  48.051 0.0000000000
58690  -39.512  -14.135  50.325 0.0000000000
59918  -39.503  -13.846  49.721 0.0000000000
59919  -39.897  -13.345  50.123 0.0000000000
59920  -40.286  -13.253  50.507 0.0000000000
54887  -28.737  -17.618  54.995 0.0000000000
56117  -29.297  -17.246  54.710 0.0000000000
56138  -30.447  -16.576  54.024 0.0000000000
56157  -29.802  -16.648  53.466 0.0000000000
56158  -30.239  -16.534  53.479 0.0000000000
54919  -29.993  -16.513  53.024 0.0000000000
54920  -30.820  -16.332  53.110 0.0000000000
57445  -36.992  -14.597  52.971 0.0000000000
57444  -36.184  -14.609  52.747 0.0000000000
57496  -35.457  -14.871  50.051 0.0000000000
58705  -35.411  -15.080  49.103 0.0000000000
58706  -36.197  -15.054  48.840 0.0000000000
57544  -36.998  -15.130  48.138 0.0000000000
53650  -32.061  -17.985  59.086 0.0000000000
53635  -32.692  -18.134  59.895 0.0000000000
54865  -30.484  -17.115  56.164 0.0000000000
54863  -28.380  -17.887  55.371 0.0000000000
68783  -34.256  -6.717  44.016 0.0000000000
68797  -34.433  -6.659  43.057 0.0000000000
70003  -39.812  -5.382  40.141 0.0000000000
74562  -46.700  -1.983  44.914 0.0000000000
51196  -22.270  -20.609  61.384 0.0000000000
51183  -21.911  -21.180  62.498 0.0000000000
51169  -21.624  -21.458  63.367 0.0000000000
51137  -21.594  -21.614  64.811 0.0000000000
51153  -21.304  -21.724  64.042 0.0000000000
48853  -19.691  -23.032  63.859 0.0000000000
48856  -19.467  -23.603  63.589 0.0000000000
47678  -19.255  -24.297  63.560 0.0000000000
47690  -19.447  -24.151  62.721 0.0000000000
58644  -39.816  -14.479  53.484 0.0000000000
58645  -40.658  -14.289  53.160 0.0000000000
58630  -41.001  -14.039  53.982 0.0000000000
59840  -41.474  -13.231  56.144 0.0000000000
59852  -41.431  -13.178  54.993 0.0000000000
61023  -41.466  -12.665  55.611 0.0000000000
53668  -35.000  -17.208  58.548 0.0000000000
54846  -34.294  -16.703  57.338 0.0000000000
53684  -34.653  -16.900  57.941 0.0000000000
54848  -36.167  -16.257  57.533 0.0000000000
54871  -35.948  -15.865  56.814 0.0000000000
56078  -36.511  -15.782  56.777 0.0000000000
56063  -38.932  -16.263  58.843 0.0000000000
56062  -38.383  -16.262  58.467 0.0000000000
57398  -38.810  -15.228  56.249 0.0000000000
57397  -38.274  -15.263  56.124 0.0000000000
56100  -37.696  -15.422  56.307 0.0000000000
57396  -37.681  -15.188  55.699 0.0000000000
57415  -38.145  -15.016  55.225 0.0000000000
58658  -39.145  -14.563  52.675 0.0000000000
53654  -35.847  -17.386  59.236 0.0000000000
53667  -34.128  -17.509  58.580 0.0000000000
75751  -44.672  -0.914  38.109 0.0000000000
75744  -45.306  -0.693  38.519 0.0000000000
77941  -46.637  0.508  38.569 0.0000000000
76808  -45.854  0.194  38.261 0.0000000000
77956  -46.120  1.006  37.420 0.0000000000
79112  -46.065  1.098  37.148 0.0000000000
79113  -46.505  1.359  37.211 0.0000000000
79081  -48.826  2.097  39.621 0.0000000000
80287  -48.490  2.641  36.989 0.0000000000
80286  -47.901  2.273  37.429 0.0000000000
79115  -47.907  2.282  36.147 0.0000000000
79114  -47.210  1.860  36.603 0.0000000000
79131  -47.363  1.918  34.576 0.0000000000
79124  -47.938  2.411  35.102 0.0000000000
79143  -49.053  3.266  32.624 0.0000000000
80311  -51.507  4.360  35.620 0.0000000000
80322  -51.219  4.414  35.005 0.0000000000
81508  -53.428  5.230  36.497 0.0000000000
68699  -36.575  -8.387  50.262 0.0000000000
68728  -35.485  -8.754  49.388 0.0000000000
68698  -35.718  -7.801  50.127 0.0000000000
72226  -36.681  -4.068  49.678 0.0000000000
72227  -37.276  -3.935  49.549 0.0000000000
71072  -36.994  -3.807  47.602 0.0000000000
71071  -36.179  -4.350  48.053 0.0000000000
71084  -36.163  -4.091  47.010 0.0000000000
69912  -36.118  -4.404  46.362 0.0000000000
69927  -35.119  -5.282  45.289 0.0000000000
71118  -37.625  -3.493  44.962 0.0000000000
69929  -36.963  -3.755  45.286 0.0000000000
69958  -37.273  -4.301  43.543 0.0000000000
71134  -37.926  -3.708  44.015 0.0000000000
71135  -38.932  -3.750  43.586 0.0000000000
71119  -38.631  -3.490  44.536 0.0000000000
72272  -40.029  -3.049  44.997 0.0000000000
73369  -42.705  -1.644  48.439 0.0000000000
74519  -43.340  -1.597  47.903 0.0000000000
74531  -43.819  -1.583  47.285 0.0000000000
52376  -25.526  -20.349  60.910 0.0000000000
52430  -23.214  -19.742  57.909 0.0000000000
52392  -24.008  -19.929  60.019 0.0000000000
45353  -13.914  -25.126  73.738 0.0000000000
59967  -38.975  -14.265  46.363 0.0000000000
62322  -38.805  -13.167  47.175 0.0000000000
64925  -38.604  -11.674  48.787 0.0000000000
64924  -37.965  -11.511  48.290 0.0000000000
64910  -38.502  -11.197  49.046 0.0000000000
59888  -41.037  -14.039  52.629 0.0000000000
59889  -41.289  -13.463  52.451 0.0000000000
63574  -41.607  -11.920  52.747 0.0000000000
62265  -41.544  -12.289  52.423 0.0000000000
63588  -41.483  -11.930  52.181 0.0000000000
62276  -41.020  -12.154  51.224 0.0000000000
63587  -41.126  -11.696  51.693 0.0000000000
67495  -40.347  -9.830  52.701 0.0000000000
66224  -40.722  -10.104  52.468 0.0000000000
66242  -40.461  -10.355  51.969 0.0000000000
64887  -40.121  -11.017  51.330 0.0000000000
66253  -39.511  -10.606  51.074 0.0000000000
66263  -39.285  -11.040  50.497 0.0000000000
67524  -39.437  -10.239  51.301 0.0000000000
67522  -38.510  -9.238  51.207 0.0000000000
67533  -38.759  -10.252  50.585 0.0000000000
67544  -37.931  -10.257  49.923 0.0000000000
67531  -37.956  -9.222  50.570 0.0000000000
68700  -37.272  -8.869  50.390 0.0000000000
68689  -37.816  -8.758  51.017 0.0000000000
69823  -37.327  -7.581  52.721 0.0000000000
69841  -36.115  -6.099  51.818 0.0000000000
69822  -36.395  -6.237  52.907 0.0000000000
69768  -38.134  -6.756  56.274 0.0000000000
69767  -37.483  -6.022  55.443 0.0000000000
70995  -36.527  -5.216  53.977 0.0000000000
53721  -27.990  -17.814  52.870 0.0000000000
52520  -27.036  -19.375  52.521 0.0000000000
53729  -27.442  -18.470  52.180 0.0000000000
54868  -33.743  -16.446  56.468 0.0000000000
54889  -32.352  -16.302  55.296 0.0000000000
54890  -33.227  -16.164  55.618 0.0000000000
54922  -32.391  -15.926  53.986 0.0000000000
56160  -31.220  -16.043  52.676 0.0000000000
56180  -31.500  -15.777  51.736 0.0000000000
57442  -34.592  -14.959  52.364 0.0000000000
57458  -34.110  -15.133  51.650 0.0000000000
52434  -27.280  -19.458  58.818 0.0000000000
52451  -27.974  -19.199  58.069 0.0000000000
53662  -29.185  -18.389  57.523 0.0000000000
53676  -27.078  -19.270  55.821 0.0000000000
52464  -26.874  -19.368  56.516 0.0000000000
80343  -50.177  3.938  32.558 0.0000000000
82675  -52.420  5.139  32.010 0.0000000000
82665  -53.867  6.022  33.110 0.0000000000
83832  -53.629  5.790  32.929 0.0000000000
83876  -53.471  5.479  29.776 0.0000000000
82713  -52.843  5.062  29.273 0.0000000000
83897  -53.347  5.280  29.072 0.0000000000
83898  -53.692  5.375  28.801 0.0000000000
82729  -54.761  5.687  28.075 0.0000000000
82741  -55.121  5.542  27.056 0.0000000000
82752  -55.650  5.476  26.142 0.0000000000
82742  -55.648  6.222  27.559 0.0000000000
83890  -56.555  7.407  30.012 0.0000000000
83899  -56.496  7.446  29.163 0.0000000000
83891  -57.041  7.785  29.596 0.0000000000
45396  -17.290  -26.160  67.699 0.0000000000
66303  -35.978  -10.499  47.905 0.0000000000
66302  -34.591  -10.318  47.174 0.0000000000
71229  -41.894  -3.889  37.974 0.0000000000
72358  -42.791  -3.521  38.589 0.0000000000
71152  -40.252  -3.825  42.311 0.0000000000
71153  -41.176  -3.754  42.177 0.0000000000
69968  -41.623  -3.957  41.518 0.0000000000
69985  -41.212  -4.255  40.845 0.0000000000
73419  -44.479  -2.614  44.554 0.0000000000
71125  -43.718  -3.205  43.408 0.0000000000
71157  -44.243  -3.762  42.008 0.0000000000
71156  -43.536  -3.689  42.143 0.0000000000
69988  -43.395  -4.095  41.385 0.0000000000
69987  -42.837  -4.197  41.224 0.0000000000
70007  -43.316  -4.244  40.937 0.0000000000
71180  -43.143  -4.215  40.292 0.0000000000
71181  -44.084  -3.986  40.742 0.0000000000
73452  -44.937  -3.200  40.314 0.0000000000
72339  -44.250  -3.529  40.020 0.0000000000
73461  -44.636  -3.149  39.923 0.0000000000
72360  -44.215  -2.833  39.257 0.0000000000
74625  -45.179  -1.891  39.019 0.0000000000
74604  -46.990  -1.532  41.096 0.0000000000
74603  -46.583  -1.495  40.602 0.0000000000
75723  -47.205  -0.766  41.069 0.0000000000
76766  -47.613  0.092  41.592 0.0000000000
47661  -18.626  -23.594  67.625 0.0000000000
47656  -18.583  -23.696  68.572 0.0000000000
46515  -18.102  -25.195  65.411 0.0000000000
45416  -17.655  -26.085  65.105 0.0000000000
45383  -17.236  -25.628  69.903 0.0000000000
44258  -16.484  -26.595  71.133 0.0000000000
44254  -16.395  -26.492  71.694 0.0000000000
45370  -16.657  -25.791  72.019 0.0000000000
44253  -16.010  -26.916  71.928 0.0000000000
43250  -14.762  -28.711  70.464 0.0000000000
43235  -13.798  -27.896  71.802 0.0000000000
44248  -15.228  -26.647  72.627 0.0000000000
43231  -14.892  -26.843  72.591 0.0000000000
44244  -14.952  -26.303  73.031 0.0000000000
43233  -12.641  -27.710  72.751 0.0000000000
43228  -13.088  -26.959  72.453 0.0000000000
44241  -13.117  -26.194  72.308 0.0000000000
41156  -11.811  -30.915  71.736 0.0000000000
46483  -17.575  -24.739  71.203 0.0000000000
58738  -38.532  -15.091  48.499 0.0000000000
58707  -38.522  -14.968  49.204 0.0000000000
58691  -39.958  -14.074  50.801 0.0000000000
56095  -29.796  -17.074  55.396 0.0000000000
56119  -30.925  -16.619  54.867 0.0000000000
57462  -37.683  -14.780  51.998 0.0000000000
57461  -36.779  -14.857  52.061 0.0000000000
57498  -37.393  -14.843  49.639 0.0000000000
53652  -33.949  -17.846  59.205 0.0000000000
53665  -32.411  -17.639  58.356 0.0000000000
54830  -31.879  -17.441  57.864 0.0000000000
53680  -30.885  -17.514  57.530 0.0000000000
79152  -48.265  2.065  32.451 0.0000000000
81557  -50.203  3.394  30.614 0.0000000000
69956  -35.378  -5.850  42.427 0.0000000000
69964  -35.752  -6.358  41.286 0.0000000000
70002  -38.742  -5.929  40.184 0.0000000000
50008  -20.448  -22.221  62.868 0.0000000000
50007  -19.927  -22.862  62.490 0.0000000000
58609  -40.993  -14.175  55.205 0.0000000000
54819  -36.373  -17.299  59.128 0.0000000000
54834  -37.086  -16.485  58.301 0.0000000000
57373  -39.067  -15.557  57.620 0.0000000000
57384  -39.804  -15.096  57.714 0.0000000000
58592  -39.444  -15.116  56.652 0.0000000000
58607  -39.367  -14.995  55.901 0.0000000000
58606  -38.904  -15.059  55.691 0.0000000000
53655  -36.490  -17.368  59.382 0.0000000000
76786  -46.760  -0.243  39.460 0.0000000000
76803  -46.999  0.243  39.209 0.0000000000
77942  -47.154  0.738  38.892 0.0000000000
79079  -47.707  1.223  39.306 0.0000000000
79099  -49.955  2.751  38.951 0.0000000000
79098  -49.313  2.429  38.919 0.0000000000
80274  -49.713  2.984  38.280 0.0000000000
80298  -49.387  3.111  36.175 0.0000000000
80321  -50.572  4.063  34.818 0.0000000000
69875  -35.578  -6.661  50.268 0.0000000000
71059  -35.482  -5.466  49.631 0.0000000000
71052  -37.415  -3.825  48.896 0.0000000000
71062  -37.745  -3.689  48.202 0.0000000000
71085  -37.154  -3.748  46.723 0.0000000000
71086  -38.037  -3.550  46.412 0.0000000000
71105  -39.371  -3.251  45.056 0.0000000000
71087  -38.967  -3.168  46.059 0.0000000000
52395  -26.890  -19.784  60.449 0.0000000000
52413  -24.733  -19.712  59.137 0.0000000000
52446  -22.581  -20.288  56.727 0.0000000000
83924  -56.703  6.301  25.822 0.0000000000
83917  -57.325  6.864  26.457 0.0000000000
83918  -58.204  7.230  26.209 0.0000000000
45349  -14.780  -24.667  74.224 0.0000000000
61119  -38.842  -13.398  47.946 0.0000000000
62305  -38.769  -12.914  48.165 0.0000000000
64911  -38.914  -11.473  49.534 0.0000000000
61050  -41.643  -12.784  53.581 0.0000000000
63558  -41.530  -11.886  53.478 0.0000000000
68679  -38.852  -9.009  52.384 0.0000000000
68678  -38.522  -8.948  51.941 0.0000000000
68677  -37.863  -8.554  51.703 0.0000000000
68661  -37.974  -8.337  52.385 0.0000000000
70957  -37.605  -5.774  56.154 0.0000000000
54892  -34.754  -15.836  56.136 0.0000000000
54906  -33.551  -15.840  55.115 0.0000000000
56120  -34.002  -15.715  55.115 0.0000000000
56141  -33.681  -15.688  54.244 0.0000000000
57478  -33.739  -15.279  50.622 0.0000000000
52436  -29.017  -19.011  59.433 0.0000000000
53696  -27.177  -19.116  55.294 0.0000000000
81544  -51.722  4.958  32.737 0.0000000000
82677  -54.080  6.158  32.164 0.0000000000
82714  -54.173  5.589  28.985 0.0000000000
82717  -56.133  7.052  29.844 0.0000000000
44323  -17.040  -26.945  66.897 0.0000000000
67570  -34.109  -9.056  47.064 0.0000000000
66319  -33.713  -10.283  46.101 0.0000000000
71209  -41.610  -5.162  37.920 0.0000000000
72357  -41.848  -4.669  38.407 0.0000000000
72288  -41.018  -3.170  44.107 0.0000000000
71137  -40.796  -3.615  42.982 0.0000000000
71122  -41.265  -3.347  43.564 0.0000000000
71139  -42.435  -3.400  42.715 0.0000000000
72293  -45.459  -2.778  43.756 0.0000000000
72300  -44.623  -3.258  43.209 0.0000000000
72301  -45.042  -3.245  43.109 0.0000000000
71158  -44.947  -3.568  42.092 0.0000000000
71168  -44.749  -3.712  41.621 0.0000000000
71182  -44.538  -3.833  41.233 0.0000000000
72328  -45.117  -3.499  41.054 0.0000000000
73453  -45.805  -2.548  40.602 0.0000000000
74594  -47.262  -1.661  41.579 0.0000000000
49963  -19.926  -22.360  66.595 0.0000000000
45417  -18.063  -25.382  64.852 0.0000000000
44289  -16.316  -27.123  68.884 0.0000000000
44276  -16.284  -26.947  69.916 0.0000000000
44265  -15.837  -27.429  70.413 0.0000000000
43251  -15.234  -27.740  70.842 0.0000000000
42181  -13.435  -29.291  70.829 0.0000000000
42172  -13.243  -28.642  71.417 0.0000000000
43234  -13.190  -27.745  72.347 0.0000000000
54809  -38.706  -16.712  59.623 0.0000000000
57375  -40.216  -15.231  58.326 0.0000000000
77920  -48.583  1.655  40.866 0.0000000000
76779  -48.317  1.547  40.580 0.0000000000
77921  -49.182  2.249  40.930 0.0000000000
79070  -49.662  2.710  40.577 0.0000000000
80277  -51.812  3.646  39.115 0.0000000000
80291  -51.516  3.690  38.285 0.0000000000
72193  -36.153  -4.474  51.113 0.0000000000
72213  -38.476  -3.180  50.264 0.0000000000
72239  -40.172  -2.597  48.694 0.0000000000
52448  -24.952  -19.532  57.073 0.0000000000
52461  -23.289  -20.341  55.956 0.0000000000
45364  -16.840  -24.104  73.181 0.0000000000
58765  -38.896  -14.761  47.448 0.0000000000
58739  -38.937  -14.604  48.513 0.0000000000
58740  -39.060  -14.275  48.479 0.0000000000
59937  -39.197  -13.976  48.883 0.0000000000
62294  -39.956  -12.404  50.136 0.0000000000
53713  -27.543  -18.589  54.291 0.0000000000
54900  -27.911  -18.195  54.059 0.0000000000
56137  -29.475  -16.935  53.956 0.0000000000
54938  -29.431  -16.682  52.195 0.0000000000
56178  -29.051  -16.820  51.271 0.0000000000
57413  -36.683  -14.950  54.554 0.0000000000
56143  -35.638  -14.715  54.021 0.0000000000
57427  -35.616  -14.606  53.422 0.0000000000
57443  -35.271  -14.697  52.670 0.0000000000
57479  -34.745  -15.019  50.669 0.0000000000
58736  -36.493  -15.118  48.274 0.0000000000
53648  -30.168  -18.222  59.358 0.0000000000
54841  -29.387  -17.857  57.076 0.0000000000
53698  -28.398  -18.011  55.818 0.0000000000
79139  -46.836  1.482  34.159 0.0000000000
80371  -51.671  2.940  28.381 0.0000000000
82637  -53.750  5.899  35.102 0.0000000000
82654  -54.109  6.374  34.489 0.0000000000
83851  -55.847  7.595  31.594 0.0000000000
69926  -34.354  -6.300  45.096 0.0000000000
68782  -33.886  -7.363  44.868 0.0000000000
73406  -43.853  -2.017  45.615 0.0000000000
72276  -43.641  -2.340  45.012 0.0000000000
73418  -44.103  -2.410  44.968 0.0000000000
72277  -45.171  -2.580  44.446 0.0000000000
72278  -45.826  -2.466  44.339 0.0000000000
72279  -46.167  -2.352  44.282 0.0000000000
73420  -46.426  -2.195  44.235 0.0000000000
73427  -46.533  -2.378  43.564 0.0000000000
74579  -47.053  -1.933  43.320 0.0000000000
51170  -22.529  -21.230  63.477 0.0000000000
49999  -20.667  -22.163  63.770 0.0000000000
48847  -19.772  -22.871  64.604 0.0000000000
46539  -18.924  -25.311  63.304 0.0000000000
59879  -41.126  -14.113  53.142 0.0000000000
59880  -41.375  -13.789  53.399 0.0000000000
59868  -41.360  -13.697  54.479 0.0000000000
59869  -41.579  -13.244  54.008 0.0000000000
59832  -41.411  -13.514  57.524 0.0000000000
54845  -33.502  -16.884  57.160 0.0000000000
54869  -34.552  -16.237  56.726 0.0000000000
56097  -35.145  -15.673  56.076 0.0000000000
54835  -37.877  -16.307  58.233 0.0000000000
56070  -37.644  -16.059  57.607 0.0000000000
56081  -38.522  -15.798  57.438 0.0000000000
56079  -37.331  -15.743  56.828 0.0000000000
56099  -36.872  -15.307  55.842 0.0000000000
56123  -36.708  -15.187  55.030 0.0000000000
57429  -37.152  -14.759  54.032 0.0000000000
58627  -38.826  -14.958  54.944 0.0000000000
58642  -38.377  -14.703  54.047 0.0000000000
58657  -38.429  -14.640  52.982 0.0000000000
74634  -43.657  -1.959  37.670 0.0000000000
76807  -45.319  0.121  37.634 0.0000000000
76815  -45.005  0.167  36.371 0.0000000000
77929  -48.332  1.650  40.212 0.0000000000
79080  -48.152  1.653  39.454 0.0000000000
79096  -47.689  1.608  38.688 0.0000000000
80272  -48.000  2.405  38.046 0.0000000000
79106  -47.363  1.787  37.657 0.0000000000
79130  -46.694  1.523  34.974 0.0000000000
79141  -48.175  2.152  33.251 0.0000000000
80307  -48.602  2.833  34.566 0.0000000000
80318  -48.620  2.708  33.611 0.0000000000
80329  -48.592  2.598  32.918 0.0000000000
80341  -48.728  2.810  32.702 0.0000000000
79154  -49.029  3.195  32.120 0.0000000000
80342  -49.490  3.659  32.064 0.0000000000
80333  -50.965  4.348  34.367 0.0000000000
81534  -51.039  4.428  33.514 0.0000000000
81517  -53.327  5.438  35.527 0.0000000000
81506  -51.785  4.075  37.450 0.0000000000
81507  -52.624  4.832  37.004 0.0000000000
82619  -53.917  5.663  35.991 0.0000000000
67556  -36.881  -10.096  49.166 0.0000000000
66283  -36.204  -10.138  48.473 0.0000000000
67555  -35.919  -9.558  49.061 0.0000000000
67554  -35.133  -8.961  48.682 0.0000000000
68727  -34.771  -8.113  48.892 0.0000000000
69910  -34.264  -6.309  46.215 0.0000000000
72211  -36.550  -4.090  50.288 0.0000000000
71050  -35.950  -4.429  49.765 0.0000000000
71060  -36.095  -4.519  48.945 0.0000000000
69945  -36.114  -4.642  44.308 0.0000000000
71106  -40.069  -3.261  44.592 0.0000000000
71121  -40.496  -3.386  43.914 0.0000000000
72274  -41.805  -2.481  45.065 0.0000000000
73386  -41.306  -2.255  47.359 0.0000000000
73368  -41.865  -1.972  48.730 0.0000000000
73377  -41.943  -1.907  47.864 0.0000000000
73387  -41.974  -1.893  46.911 0.0000000000
72257  -42.836  -1.945  45.932 0.0000000000
73389  -43.676  -1.648  46.611 0.0000000000
73380  -44.095  -1.578  46.904 0.0000000000
52412  -23.804  -19.628  58.871 0.0000000000
52374  -23.804  -20.326  61.106 0.0000000000
51205  -21.160  -21.146  60.317 0.0000000000
51217  -21.195  -21.107  59.364 0.0000000000
85007  -58.681  7.705  27.119 0.0000000000
63636  -38.575  -12.683  47.747 0.0000000000
63635  -38.215  -12.297  47.334 0.0000000000
66285  -37.654  -10.917  48.551 0.0000000000
58673  -40.109  -14.017  51.173 0.0000000000
59908  -40.331  -13.620  50.842 0.0000000000
61061  -41.575  -12.813  52.684 0.0000000000
59898  -40.875  -13.325  51.502 0.0000000000
59909  -40.587  -13.176  50.824 0.0000000000
61078  -40.935  -12.728  51.197 0.0000000000
62288  -40.557  -12.296  50.610 0.0000000000
63610  -40.224  -12.001  50.354 0.0000000000
66226  -41.208  -10.836  53.385 0.0000000000
66225  -41.020  -10.332  52.915 0.0000000000
64871  -41.108  -11.084  52.254 0.0000000000
64888  -40.611  -11.315  51.465 0.0000000000
64901  -40.199  -11.455  50.900 0.0000000000
63601  -40.086  -11.720  50.479 0.0000000000
64899  -39.193  -11.313  50.152 0.0000000000
66262  -38.784  -10.719  50.305 0.0000000000
67523  -39.089  -10.061  51.033 0.0000000000
66261  -38.221  -10.472  50.043 0.0000000000
66271  -37.305  -10.284  49.194 0.0000000000
68713  -36.835  -8.987  50.085 0.0000000000
68676  -37.217  -8.094  51.415 0.0000000000
69862  -36.581  -7.604  51.148 0.0000000000
71014  -36.138  -5.215  52.325 0.0000000000
69806  -36.762  -6.235  54.242 0.0000000000
69766  -37.324  -5.732  55.146 0.0000000000
71015  -36.315  -4.598  52.837 0.0000000000
54905  -32.866  -15.952  54.691 0.0000000000
56159  -30.620  -16.233  52.554 0.0000000000
56162  -33.865  -15.363  52.780 0.0000000000
56181  -32.790  -15.472  52.021 0.0000000000
57457  -33.207  -15.414  51.265 0.0000000000
56196  -30.284  -15.893  50.550 0.0000000000
51220  -27.738  -19.322  60.385 0.0000000000
52416  -27.459  -19.487  59.944 0.0000000000
52452  -29.003  -18.945  58.357 0.0000000000
80349  -49.819  3.434  31.166 0.0000000000
81550  -50.358  3.593  30.938 0.0000000000
82685  -51.436  4.309  30.806 0.0000000000
81559  -51.455  4.015  29.871 0.0000000000
81564  -51.627  3.708  29.139 0.0000000000
82712  -52.436  4.459  28.756 0.0000000000
82664  -53.227  5.682  33.117 0.0000000000
82687  -53.226  5.361  31.133 0.0000000000
82726  -52.823  4.391  28.151 0.0000000000
81571  -53.197  4.380  27.616 0.0000000000
81582  -53.877  4.294  26.935 0.0000000000
82728  -53.973  5.397  28.234 0.0000000000
81573  -54.240  5.350  27.711 0.0000000000
82743  -55.845  6.633  28.256 0.0000000000
83908  -56.360  6.838  27.911 0.0000000000
85003  -57.828  7.934  28.638 0.0000000000
46493  -18.236  -24.444  68.938 0.0000000000
46492  -17.759  -25.063  69.393 0.0000000000
44306  -16.950  -26.746  67.500 0.0000000000
44305  -16.498  -27.297  67.660 0.0000000000
67607  -33.175  -9.030  44.739 0.0000000000
71164  -39.242  -4.401  41.821 0.0000000000
70005  -41.770  -4.532  40.184 0.0000000000
71124  -42.923  -3.099  43.442 0.0000000000
71155  -42.790  -3.630  42.087 0.0000000000
69969  -42.421  -3.922  41.567 0.0000000000
71179  -42.433  -4.477  39.868 0.0000000000
71194  -42.834  -4.155  39.518 0.0000000000
71212  -43.089  -3.821  39.317 0.0000000000
72373  -43.284  -2.886  38.402 0.0000000000
73495  -43.737  -2.398  38.308 0.0000000000
74635  -44.448  -1.916  38.465 0.0000000000
75730  -46.487  -0.904  39.945 0.0000000000
77919  -48.187  0.923  41.122 0.0000000000
75701  -47.513  -1.250  43.110 0.0000000000
47652  -18.569  -23.756  69.401 0.0000000000
48826  -19.041  -23.219  69.127 0.0000000000
45431  -18.164  -25.623  63.993 0.0000000000
46487  -17.706  -24.931  70.341 0.0000000000
45378  -16.684  -26.244  70.479 0.0000000000
45375  -17.111  -25.258  71.642 0.0000000000
45367  -16.306  -25.528  72.692 0.0000000000
43245  -15.392  -27.369  71.656 0.0000000000
44249  -15.712  -26.508  72.452 0.0000000000
45366  -15.771  -25.931  72.780 0.0000000000
45362  -15.638  -25.521  73.247 0.0000000000
45361  -15.141  -25.764  73.339 0.0000000000
44239  -14.827  -25.921  73.316 0.0000000000
44238  -14.414  -25.687  73.457 0.0000000000
44237  -14.110  -25.459  73.573 0.0000000000
45360  -13.633  -25.593  73.066 0.0000000000
40181  -12.262  -31.512  72.014 0.0000000000
40189  -11.841  -31.520  71.924 0.0000000000
42178  -12.380  -28.836  72.243 0.0000000000
43237  -15.563  -27.067  72.143 0.0000000000
45351  -15.608  -24.157  74.388 0.0000000000
45395  -16.902  -26.660  67.800 0.0000000000
46468  -16.285  -24.041  74.206 0.0000000000
47679  -19.471  -23.862  63.240 0.0000000000
53640  -37.483  -17.356  60.347 0.0000000000
54828  -29.646  -18.053  57.591 0.0000000000
54829  -29.952  -17.816  57.549 0.0000000000
54832  -35.486  -17.000  58.523 0.0000000000
54902  -30.573  -16.468  53.498 0.0000000000
56139  -31.065  -16.499  54.394 0.0000000000
57374  -39.455  -15.509  58.189 0.0000000000
57381  -38.546  -15.456  56.607 0.0000000000
57383  -39.357  -15.280  57.245 0.0000000000
57399  -39.140  -15.262  56.608 0.0000000000
57430  -37.849  -14.829  54.403 0.0000000000
57500  -38.502  -14.865  49.436 0.0000000000
58688  -34.809  -14.980  49.762 0.0000000000
59890  -41.531  -13.158  52.713 0.0000000000
59938  -39.379  -13.538  49.352 0.0000000000
61060  -41.433  -13.112  52.488 0.0000000000
61068  -41.229  -13.004  52.052 0.0000000000
61069  -41.308  -12.558  51.949 0.0000000000
61090  -40.033  -12.942  50.098 0.0000000000
61103  -39.919  -12.685  50.091 0.0000000000
62277  -41.333  -12.159  51.809 0.0000000000
64852  -41.260  -10.999  53.015 0.0000000000
64870  -40.649  -10.848  51.831 0.0000000000
64872  -41.426  -11.471  52.911 0.0000000000
64912  -39.364  -11.636  49.950 0.0000000000
67496  -40.765  -9.973  53.007 0.0000000000
67510  -38.789  -9.208  51.721 0.0000000000
68631  -39.476  -8.880  55.161 0.0000000000
68690  -38.214  -8.888  51.448 0.0000000000
68712  -36.188  -8.893  49.776 0.0000000000
69788  -37.036  -5.834  54.463 0.0000000000
69789  -37.130  -5.861  54.756 0.0000000000
69805  -36.871  -5.928  54.331 0.0000000000
69971  -43.645  -3.901  41.715 0.0000000000
69972  -43.931  -3.928  41.675 0.0000000000
69989  -43.759  -4.018  41.500 0.0000000000
70977  -36.889  -5.685  54.390 0.0000000000
71030  -36.065  -5.204  51.730 0.0000000000
71142  -44.793  -3.485  42.499 0.0000000000
71167  -44.149  -3.953  41.445 0.0000000000
72294  -46.086  -2.515  43.880 0.0000000000
72337  -41.834  -4.983  39.064 0.0000000000
72338  -41.901  -4.743  38.727 0.0000000000
72340  -44.309  -3.115  39.614 0.0000000000
72356  -41.785  -4.881  38.554 0.0000000000
73379  -43.847  -1.587  46.937 0.0000000000
73388  -42.905  -1.722  46.617 0.0000000000
73405  -43.248  -1.878  45.984 0.0000000000
73480  -43.879  -2.691  38.800 0.0000000000
73496  -44.152  -2.353  38.638 0.0000000000
74541  -43.552  -1.574  47.025 0.0000000000
76789  -48.194  1.403  40.446 0.0000000000
77918  -47.824  0.534  41.318 0.0000000000
77927  -47.580  0.911  39.474 0.0000000000
77948  -46.283  0.734  38.016 0.0000000000
77955  -45.722  0.750  37.142 0.0000000000
79105  -46.806  1.272  37.821 0.0000000000
79121  -45.994  1.201  36.716 0.0000000000
79142  -48.888  3.081  32.642 0.0000000000
80330  -48.933  3.046  32.972 0.0000000000
80340  -48.599  2.607  32.593 0.0000000000
81505  -51.442  3.908  37.130 0.0000000000
83831  -53.407  5.687  32.971 0.0000000000
83847  -53.485  5.716  32.749 0.0000000000
83848  -53.704  5.850  32.646 0.0000000000
83875  -53.243  5.393  29.809 0.0000000000
83877  -55.805  7.152  31.078 0.0000000000
83888  -53.264  5.356  29.562 0.0000000000
83889  -53.661  5.480  29.375 0.0000000000
83907  -56.032  6.501  27.496 0.0000000000
