#!ascii label  , from subject 3002 vox2ras=TkReg
307
74195  -24.941  -3.529  -16.747 0.0000000000
69473  -22.634  -7.076  -13.503 0.0000000000
69493  -28.099  -7.235  -15.700 0.0000000000
64520  -25.805  -10.839  -13.272 0.0000000000
87663  -24.317  7.743  -18.483 0.0000000000
83301  -25.937  4.563  -18.580 0.0000000000
77392  -21.599  0.086  -15.880 0.0000000000
61872  -24.398  -13.511  -10.804 0.0000000000
68345  -23.951  -8.884  -13.696 0.0000000000
65865  -23.076  -9.888  -12.276 0.0000000000
85578  -25.031  6.289  -18.571 0.0000000000
83298  -23.184  4.411  -17.957 0.0000000000
74154  -21.202  -3.787  -14.966 0.0000000000
76340  -19.447  -1.441  -14.110 0.0000000000
75294  -22.987  -2.308  -16.545 0.0000000000
77435  -25.094  0.224  -18.419 0.0000000000
76390  -25.786  -1.222  -17.976 0.0000000000
74198  -27.462  -3.483  -16.737 0.0000000000
70665  -20.261  -5.798  -12.781 0.0000000000
71881  -23.493  -5.626  -15.176 0.0000000000
71905  -25.738  -5.474  -16.305 0.0000000000
69490  -25.043  -7.390  -15.276 0.0000000000
67159  -26.148  -9.145  -14.334 0.0000000000
65869  -27.578  -10.613  -13.097 0.0000000000
80929  -21.608  2.396  -15.661 0.0000000000
80950  -23.386  2.067  -18.044 0.0000000000
80963  -26.691  2.567  -18.438 0.0000000000
64478  -22.890  -11.409  -10.957 0.0000000000
63207  -25.543  -12.655  -11.890 0.0000000000
67124  -22.471  -9.326  -12.264 0.0000000000
67112  -22.244  -9.697  -11.413 0.0000000000
84466  -22.901  4.941  -17.706 0.0000000000
83290  -22.275  3.966  -16.906 0.0000000000
74175  -22.248  -3.726  -15.537 0.0000000000
74192  -22.044  -2.770  -15.625 0.0000000000
74194  -23.770  -3.150  -16.674 0.0000000000
75311  -24.337  -2.015  -17.415 0.0000000000
74214  -24.607  -2.741  -17.195 0.0000000000
75314  -27.141  -2.526  -17.294 0.0000000000
74196  -25.896  -3.734  -16.911 0.0000000000
70666  -21.290  -6.378  -12.928 0.0000000000
71863  -21.472  -5.001  -14.140 0.0000000000
71849  -22.214  -6.156  -13.919 0.0000000000
70695  -23.656  -6.550  -14.824 0.0000000000
69488  -23.582  -7.119  -14.505 0.0000000000
67139  -24.400  -9.504  -13.422 0.0000000000
67158  -24.931  -9.105  -14.221 0.0000000000
67141  -26.299  -9.833  -13.795 0.0000000000
65886  -27.749  -9.915  -13.422 0.0000000000
64522  -27.070  -11.024  -13.147 0.0000000000
86616  -23.346  7.165  -17.687 0.0000000000
87647  -23.039  7.900  -17.134 0.0000000000
87648  -23.824  8.255  -18.168 0.0000000000
88687  -25.064  9.528  -18.828 0.0000000000
87665  -25.647  7.996  -18.879 0.0000000000
84469  -25.489  5.343  -18.607 0.0000000000
77377  -20.393  -0.540  -14.921 0.0000000000
78602  -20.560  0.629  -15.195 0.0000000000
79781  -21.706  1.481  -15.981 0.0000000000
80941  -22.540  2.333  -16.862 0.0000000000
78622  -23.037  0.609  -17.302 0.0000000000
78638  -26.324  0.604  -18.389 0.0000000000
79806  -26.168  1.671  -18.519 0.0000000000
79807  -27.092  1.472  -18.190 0.0000000000
69507  -27.225  -6.829  -16.066 0.0000000000
71907  -27.638  -5.380  -16.371 0.0000000000
61871  -23.663  -13.410  -10.359 0.0000000000
63191  -24.217  -12.897  -11.255 0.0000000000
63205  -23.960  -12.307  -11.322 0.0000000000
61885  -24.777  -13.258  -11.358 0.0000000000
69445  -21.833  -7.683  -12.391 0.0000000000
69459  -22.899  -7.562  -13.279 0.0000000000
68332  -22.921  -8.823  -12.718 0.0000000000
67125  -23.471  -9.378  -12.769 0.0000000000
65867  -24.521  -10.599  -12.628 0.0000000000
85576  -23.430  6.390  -17.981 0.0000000000
86634  -25.522  7.293  -18.698 0.0000000000
85577  -24.095  6.310  -18.440 0.0000000000
84468  -24.512  5.354  -18.560 0.0000000000
83300  -25.175  4.332  -18.587 0.0000000000
73018  -19.800  -4.094  -13.043 0.0000000000
75257  -20.428  -2.592  -14.670 0.0000000000
75291  -21.254  -2.129  -15.170 0.0000000000
77406  -21.604  -0.973  -15.777 0.0000000000
77419  -23.402  -0.228  -17.397 0.0000000000
76388  -23.864  -1.124  -17.480 0.0000000000
77422  -25.233  -0.781  -18.041 0.0000000000
77438  -26.865  -0.291  -18.012 0.0000000000
77425  -27.785  -0.720  -17.145 0.0000000000
60699  -26.108  -14.132  -9.605 0.0000000000
61863  -26.190  -13.581  -10.231 0.0000000000
73019  -20.254  -4.306  -13.666 0.0000000000
73041  -21.766  -4.652  -14.659 0.0000000000
73061  -23.786  -4.839  -15.718 0.0000000000
73081  -25.397  -4.439  -16.501 0.0000000000
71882  -24.687  -5.555  -15.839 0.0000000000
70697  -25.321  -6.565  -15.770 0.0000000000
69491  -25.999  -7.281  -15.683 0.0000000000
68362  -24.208  -8.410  -14.186 0.0000000000
68363  -25.450  -8.238  -14.798 0.0000000000
68365  -27.524  -8.298  -15.023 0.0000000000
67143  -27.998  -9.120  -14.002 0.0000000000
67127  -28.479  -9.466  -13.287 0.0000000000
86635  -26.321  7.188  -18.672 0.0000000000
82104  -22.562  3.037  -16.475 0.0000000000
80959  -23.301  3.092  -18.017 0.0000000000
82127  -25.336  3.555  -18.559 0.0000000000
78635  -24.086  1.216  -18.290 0.0000000000
80962  -25.933  2.762  -18.589 0.0000000000
82120  -26.358  3.380  -18.517 0.0000000000
73083  -27.214  -4.564  -16.675 0.0000000000
74199  -27.965  -3.603  -16.337 0.0000000000
64477  -22.362  -10.792  -10.627 0.0000000000
64491  -23.280  -10.981  -11.487 0.0000000000
64505  -24.187  -11.013  -12.269 0.0000000000
64506  -24.794  -11.504  -12.399 0.0000000000
61874  -26.330  -13.059  -10.984 0.0000000000
63208  -26.515  -12.541  -11.691 0.0000000000
63224  -27.021  -11.650  -12.432 0.0000000000
83267  -21.473  4.221  -15.714 0.0000000000
73079  -23.403  -3.977  -15.844 0.0000000000
74193  -22.607  -3.185  -15.907 0.0000000000
74215  -25.532  -2.922  -17.255 0.0000000000
69457  -21.543  -7.130  -12.520 0.0000000000
70667  -22.124  -6.541  -13.481 0.0000000000
70680  -22.653  -6.557  -13.921 0.0000000000
70681  -23.183  -6.544  -14.331 0.0000000000
65883  -25.179  -10.449  -13.182 0.0000000000
67140  -25.474  -9.747  -13.766 0.0000000000
65884  -25.985  -10.417  -13.546 0.0000000000
64521  -26.370  -10.978  -13.282 0.0000000000
87664  -24.998  8.320  -18.880 0.0000000000
87683  -26.000  8.534  -19.164 0.0000000000
84470  -26.292  5.333  -18.537 0.0000000000
83302  -26.565  4.295  -18.455 0.0000000000
77391  -21.166  -0.465  -15.614 0.0000000000
78603  -21.306  0.638  -15.759 0.0000000000
78610  -21.901  0.632  -16.133 0.0000000000
79782  -22.256  1.460  -16.499 0.0000000000
78611  -22.473  0.580  -16.642 0.0000000000
78639  -26.942  0.278  -18.083 0.0000000000
69508  -27.736  -6.641  -16.147 0.0000000000
61862  -25.278  -13.899  -10.211 0.0000000000
61861  -24.331  -13.952  -10.008 0.0000000000
61873  -25.414  -13.541  -10.921 0.0000000000
68330  -21.701  -8.248  -12.103 0.0000000000
68331  -22.418  -8.288  -12.569 0.0000000000
67123  -22.010  -8.724  -12.174 0.0000000000
67126  -24.159  -9.918  -12.733 0.0000000000
65866  -23.674  -10.422  -12.238 0.0000000000
85566  -23.098  6.330  -17.390 0.0000000000
84459  -23.154  5.900  -17.691 0.0000000000
83299  -24.011  4.455  -18.443 0.0000000000
74131  -20.363  -3.868  -14.180 0.0000000000
74153  -20.710  -3.407  -14.726 0.0000000000
75293  -22.304  -2.241  -15.971 0.0000000000
75292  -21.673  -2.316  -15.466 0.0000000000
76372  -21.953  -1.467  -15.827 0.0000000000
76371  -21.415  -1.478  -15.485 0.0000000000
76373  -22.603  -1.351  -16.481 0.0000000000
76387  -23.191  -0.936  -16.976 0.0000000000
76374  -23.247  -1.599  -16.906 0.0000000000
75312  -25.197  -2.097  -17.594 0.0000000000
76389  -24.847  -1.265  -17.738 0.0000000000
76408  -26.067  -0.683  -18.208 0.0000000000
76409  -26.371  -0.866  -18.062 0.0000000000
77424  -27.274  -0.442  -17.658 0.0000000000
76391  -26.769  -1.382  -17.797 0.0000000000
75296  -27.985  -2.848  -16.419 0.0000000000
60683  -27.056  -14.374  -8.974 0.0000000000
70664  -19.522  -5.524  -12.638 0.0000000000
71846  -20.110  -4.896  -12.868 0.0000000000
71864  -22.480  -5.588  -14.456 0.0000000000
71880  -22.783  -5.090  -15.103 0.0000000000
73060  -23.037  -4.661  -15.465 0.0000000000
69489  -24.118  -7.236  -14.908 0.0000000000
70696  -24.342  -6.537  -15.367 0.0000000000
68377  -25.717  -7.721  -15.302 0.0000000000
68344  -23.375  -8.331  -13.293 0.0000000000
68361  -23.677  -7.951  -13.941 0.0000000000
68364  -26.660  -8.453  -14.992 0.0000000000
67160  -27.225  -8.885  -14.523 0.0000000000
67161  -27.900  -8.524  -14.577 0.0000000000
65870  -28.433  -10.262  -12.652 0.0000000000
65871  -29.231  -9.908  -12.135 0.0000000000
75234  -19.377  -2.283  -13.629 0.0000000000
80928  -20.894  2.438  -15.182 0.0000000000
82103  -22.060  3.542  -16.130 0.0000000000
80940  -22.199  2.300  -16.173 0.0000000000
80949  -23.067  2.510  -17.610 0.0000000000
80960  -23.813  2.643  -18.334 0.0000000000
82118  -24.501  3.576  -18.503 0.0000000000
77420  -23.959  -0.169  -17.796 0.0000000000
78623  -23.686  0.651  -18.030 0.0000000000
78636  -24.611  0.789  -18.338 0.0000000000
79805  -25.302  1.782  -18.562 0.0000000000
82119  -26.082  3.217  -18.565 0.0000000000
82121  -27.081  3.449  -18.325 0.0000000000
73082  -26.311  -4.593  -16.670 0.0000000000
71906  -26.816  -5.443  -16.473 0.0000000000
73084  -28.022  -4.482  -16.204 0.0000000000
63189  -22.816  -12.321  -10.481 0.0000000000
63206  -24.644  -12.529  -11.691 0.0000000000
64492  -23.877  -11.492  -11.728 0.0000000000
64493  -24.587  -11.934  -11.961 0.0000000000
63222  -25.682  -12.123  -12.333 0.0000000000
63223  -26.506  -11.906  -12.406 0.0000000000
65852  -22.902  -10.361  -11.692 0.0000000000
84458  -22.721  5.492  -17.311 0.0000000000
83282  -22.282  5.003  -16.764 0.0000000000
83291  -22.547  4.405  -17.277 0.0000000000
74174  -21.590  -3.346  -15.353 0.0000000000
75310  -23.642  -2.167  -17.105 0.0000000000
74213  -24.046  -2.549  -17.147 0.0000000000
75313  -26.157  -2.265  -17.672 0.0000000000
74216  -26.420  -3.087  -17.222 0.0000000000
74217  -26.973  -3.243  -17.115 0.0000000000
71847  -20.851  -5.104  -13.496 0.0000000000
71848  -21.683  -5.837  -13.779 0.0000000000
71865  -23.269  -6.055  -14.613 0.0000000000
67157  -24.309  -9.016  -13.953 0.0000000000
67142  -27.047  -9.534  -13.914 0.0000000000
65885  -26.878  -10.361  -13.493 0.0000000000
86615  -23.088  6.902  -17.025 0.0000000000
87649  -24.513  8.881  -18.514 0.0000000000
85579  -25.911  6.281  -18.566 0.0000000000
85580  -26.732  6.307  -18.608 0.0000000000
78583  -19.884  0.349  -14.482 0.0000000000
79770  -21.064  1.536  -15.518 0.0000000000
79790  -22.747  1.494  -17.135 0.0000000000
79791  -23.215  1.485  -17.772 0.0000000000
78637  -25.531  0.802  -18.459 0.0000000000
80964  -27.418  2.611  -18.134 0.0000000000
70717  -26.522  -6.293  -16.191 0.0000000000
70718  -27.365  -6.153  -16.281 0.0000000000
70719  -28.104  -6.117  -16.181 0.0000000000
63177  -23.069  -12.965  -10.267 0.0000000000
63190  -23.491  -12.663  -10.911 0.0000000000
64479  -23.542  -11.971  -11.212 0.0000000000
61886  -25.447  -13.113  -11.498 0.0000000000
69458  -22.229  -7.284  -12.906 0.0000000000
68343  -22.789  -7.843  -12.943 0.0000000000
67138  -23.742  -9.046  -13.352 0.0000000000
65882  -24.584  -10.066  -12.957 0.0000000000
65868  -25.060  -10.970  -12.765 0.0000000000
86597  -22.788  6.973  -16.366 0.0000000000
86632  -23.881  7.184  -18.282 0.0000000000
86633  -24.640  7.194  -18.534 0.0000000000
84467  -23.389  5.421  -18.139 0.0000000000
75256  -20.030  -2.370  -14.249 0.0000000000
74173  -21.018  -2.996  -15.215 0.0000000000
75274  -20.870  -2.457  -14.972 0.0000000000
76341  -20.266  -1.643  -14.634 0.0000000000
76354  -20.923  -1.465  -15.108 0.0000000000
77407  -22.039  -0.415  -16.081 0.0000000000
77408  -22.821  -0.293  -16.763 0.0000000000
77421  -24.662  -0.324  -18.077 0.0000000000
77436  -25.641  -0.245  -18.331 0.0000000000
76392  -27.601  -1.460  -17.229 0.0000000000
69477  -28.423  -7.464  -15.144 0.0000000000
60698  -25.208  -14.452  -9.615 0.0000000000
73039  -20.650  -4.290  -14.162 0.0000000000
73040  -21.150  -4.266  -14.553 0.0000000000
73058  -21.531  -4.115  -15.019 0.0000000000
73059  -22.216  -4.423  -15.219 0.0000000000
73078  -22.679  -3.991  -15.618 0.0000000000
73080  -24.429  -4.338  -16.195 0.0000000000
71904  -25.057  -4.960  -16.210 0.0000000000
71883  -25.390  -5.981  -15.989 0.0000000000
70716  -25.808  -6.237  -16.057 0.0000000000
70698  -26.053  -6.699  -15.945 0.0000000000
69506  -26.569  -6.929  -15.926 0.0000000000
69492  -26.930  -7.421  -15.806 0.0000000000
69474  -23.255  -7.358  -13.886 0.0000000000
69475  -23.862  -7.680  -14.387 0.0000000000
69476  -24.526  -7.798  -14.708 0.0000000000
68378  -26.337  -7.904  -15.417 0.0000000000
68379  -27.249  -7.946  -15.482 0.0000000000
68380  -27.775  -7.844  -15.297 0.0000000000
86650  -26.015  7.808  -18.815 0.0000000000
82109  -22.258  3.654  -16.627 0.0000000000
82110  -22.519  3.352  -17.120 0.0000000000
82116  -23.042  3.582  -17.669 0.0000000000
82117  -23.578  3.631  -18.232 0.0000000000
83310  -25.601  3.845  -18.547 0.0000000000
79803  -23.718  1.639  -18.214 0.0000000000
79804  -24.429  1.818  -18.409 0.0000000000
80961  -25.085  2.819  -18.585 0.0000000000
82128  -25.876  3.451  -18.563 0.0000000000
82129  -26.175  3.859  -18.525 0.0000000000
74197  -26.739  -3.805  -16.955 0.0000000000
65840  -22.476  -10.370  -11.020 0.0000000000
65853  -23.424  -10.793  -11.762 0.0000000000
64507  -25.749  -11.335  -12.873 0.0000000000
61887  -25.970  -12.908  -11.554 0.0000000000
64508  -26.726  -11.417  -12.818 0.0000000000
63221  -25.029  -12.194  -12.095 0.0000000000
71862  -20.994  -4.647  -14.069 0.0000000000
74152  -20.313  -2.942  -14.454 0.0000000000
75275  -21.222  -2.692  -15.270 0.0000000000
77423  -26.754  -0.666  -17.972 0.0000000000
77437  -26.438  -0.285  -18.208 0.0000000000
78624  -24.207  0.217  -18.091 0.0000000000
80970  -25.535  3.246  -18.565 0.0000000000
80971  -25.677  3.055  -18.576 0.0000000000
83311  -25.848  4.028  -18.551 0.0000000000
83312  -26.145  4.168  -18.531 0.0000000000
