#!ascii label  , from subject 3002 vox2ras=TkReg
741
64491  -23.280  -10.981  -11.487 0.5555555820
65866  -23.674  -10.422  -12.238 0.6666666865
67126  -24.159  -9.918  -12.733 0.7777777910
65882  -24.584  -10.066  -12.957 0.7777777910
68345  -23.951  -8.884  -13.696 0.8888888955
67159  -26.148  -9.145  -14.334 0.8888888955
64478  -22.890  -11.409  -10.957 0.5555555820
65852  -22.902  -10.361  -11.692 0.5555555820
65865  -23.076  -9.888  -12.276 0.6666666865
67125  -23.471  -9.378  -12.769 0.8888888955
67139  -24.400  -9.504  -13.422 0.8888888955
67157  -24.309  -9.016  -13.953 0.8888888955
68363  -25.450  -8.238  -14.798 1.0000000000
68378  -26.337  -7.904  -15.417 1.0000000000
67124  -22.471  -9.326  -12.264 0.7777777910
68331  -22.418  -8.288  -12.569 1.0000000000
69458  -22.229  -7.284  -12.906 1.0000000000
69459  -22.899  -7.562  -13.279 1.0000000000
69488  -23.582  -7.119  -14.505 1.0000000000
69489  -24.118  -7.236  -14.908 1.0000000000
70681  -23.183  -6.544  -14.331 1.0000000000
69491  -25.999  -7.281  -15.683 1.0000000000
70695  -23.656  -6.550  -14.824 1.0000000000
70696  -24.342  -6.537  -15.367 1.0000000000
70698  -26.053  -6.699  -15.945 1.0000000000
71883  -25.390  -5.981  -15.989 1.0000000000
71905  -25.738  -5.474  -16.305 0.7777777910
70666  -21.290  -6.378  -12.928 0.8888888955
69473  -22.634  -7.076  -13.503 1.0000000000
71865  -23.269  -6.055  -14.613 1.0000000000
71849  -22.214  -6.156  -13.919 1.0000000000
71864  -22.480  -5.588  -14.456 1.0000000000
71881  -23.493  -5.626  -15.176 1.0000000000
71882  -24.687  -5.555  -15.839 1.0000000000
71904  -25.057  -4.960  -16.210 1.0000000000
71906  -26.816  -5.443  -16.473 0.8888888955
73082  -26.311  -4.593  -16.670 1.0000000000
73083  -27.214  -4.564  -16.675 0.7777777910
70665  -20.261  -5.798  -12.781 0.5555555820
73039  -20.650  -4.290  -14.162 0.7777777910
71847  -20.851  -5.104  -13.496 0.8888888955
71880  -22.783  -5.090  -15.103 1.0000000000
73041  -21.766  -4.652  -14.659 0.8888888955
73060  -23.037  -4.661  -15.465 1.0000000000
73061  -23.786  -4.839  -15.718 1.0000000000
73080  -24.429  -4.338  -16.195 1.0000000000
73081  -25.397  -4.439  -16.501 0.8888888955
74195  -24.941  -3.529  -16.747 1.0000000000
74196  -25.896  -3.734  -16.911 0.8888888955
75314  -27.141  -2.526  -17.294 0.7777777910
75296  -27.985  -2.848  -16.419 0.6666666865
76375  -27.742  -2.266  -16.901 0.6666666865
73017  -19.155  -3.986  -12.564 0.4444444478
73019  -20.254  -4.306  -13.666 0.7777777910
74130  -20.128  -3.296  -13.858 0.6666666865
74174  -21.590  -3.346  -15.353 0.7777777910
74175  -22.248  -3.726  -15.537 0.8888888955
73079  -23.403  -3.977  -15.844 1.0000000000
74193  -22.607  -3.185  -15.907 1.0000000000
74194  -23.770  -3.150  -16.674 1.0000000000
74214  -24.607  -2.741  -17.195 0.8888888955
74215  -25.532  -2.922  -17.255 0.7777777910
76392  -27.601  -1.460  -17.229 0.7777777910
75256  -20.030  -2.370  -14.249 0.6666666865
75234  -19.377  -2.283  -13.629 0.6666666865
74173  -21.018  -2.996  -15.215 0.7777777910
75274  -20.870  -2.457  -14.972 0.7777777910
74192  -22.044  -2.770  -15.625 0.8888888955
75293  -22.304  -2.241  -15.971 1.0000000000
75294  -22.987  -2.308  -16.545 1.0000000000
74213  -24.046  -2.549  -17.147 1.0000000000
75312  -25.197  -2.097  -17.594 0.8888888955
76390  -25.786  -1.222  -17.976 0.8888888955
75313  -26.157  -2.265  -17.672 0.7777777910
76389  -24.847  -1.265  -17.738 0.8888888955
76409  -26.371  -0.866  -18.062 0.7777777910
77425  -27.785  -0.720  -17.145 0.7777777910
76340  -19.447  -1.441  -14.110 0.6666666865
76341  -20.266  -1.643  -14.634 0.7777777910
75291  -21.254  -2.129  -15.170 0.8888888955
76372  -21.953  -1.467  -15.827 0.8888888955
76373  -22.603  -1.351  -16.481 1.0000000000
76388  -23.864  -1.124  -17.480 1.0000000000
75311  -24.337  -2.015  -17.415 0.8888888955
76408  -26.067  -0.683  -18.208 0.7777777910
78639  -26.942  0.278  -18.083 0.7777777910
77424  -27.274  -0.442  -17.658 0.6666666865
78626  -27.885  0.081  -17.168 0.5555555820
77376  -19.644  -0.577  -14.365 0.6666666865
76354  -20.923  -1.465  -15.108 0.8888888955
77406  -21.604  -0.973  -15.777 1.0000000000
76387  -23.191  -0.936  -16.976 1.0000000000
77420  -23.959  -0.169  -17.796 0.8888888955
77435  -25.094  0.224  -18.419 0.8888888955
77422  -25.233  -0.781  -18.041 0.8888888955
78638  -26.324  0.604  -18.389 0.7777777910
79807  -27.092  1.472  -18.190 0.7777777910
78625  -27.508  0.675  -17.707 0.5555555820
79806  -26.168  1.671  -18.519 0.7777777910
79793  -28.118  1.308  -17.172 0.5555555820
79732  -18.865  1.013  -13.628 0.4444444478
78583  -19.884  0.349  -14.482 0.5555555820
77392  -21.599  0.086  -15.880 0.7777777910
77407  -22.039  -0.415  -16.081 1.0000000000
77391  -21.166  -0.465  -15.614 0.8888888955
77408  -22.821  -0.293  -16.763 1.0000000000
77419  -23.402  -0.228  -17.397 0.8888888955
78623  -23.686  0.651  -18.030 0.8888888955
78636  -24.611  0.789  -18.338 0.8888888955
78637  -25.531  0.802  -18.459 0.8888888955
80951  -27.726  2.028  -17.742 0.5555555820
80929  -21.608  2.396  -15.661 0.6666666865
79770  -21.064  1.536  -15.518 0.6666666865
79782  -22.256  1.460  -16.499 0.7777777910
78622  -23.037  0.609  -17.302 0.8888888955
79790  -22.747  1.494  -17.135 0.7777777910
79791  -23.215  1.485  -17.772 0.7777777910
80950  -23.386  2.067  -18.044 0.7777777910
78635  -24.086  1.216  -18.290 0.8888888955
79804  -24.429  1.818  -18.409 0.7777777910
79805  -25.302  1.782  -18.562 0.6666666865
82127  -25.336  3.555  -18.559 0.6666666865
82119  -26.082  3.217  -18.565 0.6666666865
80962  -25.933  2.762  -18.589 0.6666666865
80963  -26.691  2.567  -18.438 0.5555555820
82129  -26.175  3.859  -18.525 0.6666666865
82120  -26.358  3.380  -18.517 0.5555555820
82121  -27.081  3.449  -18.325 0.5555555820
80964  -27.418  2.611  -18.134 0.4444444478
83303  -27.461  4.400  -18.225 0.5555555820
83267  -21.473  4.221  -15.714 0.3333333433
82089  -21.480  3.324  -15.259 0.3333333433
82103  -22.060  3.542  -16.130 0.5555555820
80940  -22.199  2.300  -16.173 0.6666666865
82109  -22.258  3.654  -16.627 0.5555555820
80941  -22.540  2.333  -16.862 0.7777777910
80949  -23.067  2.510  -17.610 0.7777777910
82116  -23.042  3.582  -17.669 0.6666666865
80960  -23.813  2.643  -18.334 0.6666666865
80959  -23.301  3.092  -18.017 0.6666666865
82118  -24.501  3.576  -18.503 0.6666666865
83300  -25.175  4.332  -18.587 0.6666666865
83301  -25.937  4.563  -18.580 0.6666666865
83302  -26.565  4.295  -18.455 0.5555555820
84471  -27.084  5.328  -18.419 0.5555555820
84431  -21.178  4.670  -15.385 0.4444444478
84449  -21.959  5.104  -16.366 0.5555555820
83290  -22.275  3.966  -16.906 0.5555555820
82110  -22.519  3.352  -17.120 0.6666666865
83298  -23.184  4.411  -17.957 0.6666666865
82117  -23.578  3.631  -18.232 0.6666666865
84470  -26.292  5.333  -18.537 0.6666666865
84450  -22.219  5.602  -16.453 0.4444444478
84466  -22.901  4.941  -17.706 0.6666666865
83299  -24.011  4.455  -18.443 0.6666666865
84469  -25.489  5.343  -18.607 0.6666666865
67138  -23.742  -9.046  -13.352 0.8888888955
68332  -22.921  -8.823  -12.718 1.0000000000
68344  -23.375  -8.331  -13.293 1.0000000000
68361  -23.677  -7.951  -13.941 1.0000000000
68377  -25.717  -7.721  -15.302 1.0000000000
74129  -19.487  -3.081  -12.915 0.5555555820
77360  -18.937  -0.472  -13.836 0.5555555820
79752  -19.474  1.102  -13.986 0.5555555820
77377  -20.393  -0.540  -14.921 0.7777777910
80896  -19.183  2.152  -13.317 0.2222222239
83291  -22.547  4.405  -17.277 0.6666666865
84458  -22.721  5.492  -17.311 0.6666666865
75233  -18.547  -2.191  -12.943 0.4444444478
76327  -18.724  -1.292  -13.496 0.4444444478
84472  -27.926  5.366  -18.305 0.5555555820
84414  -21.058  4.836  -14.900 0.2222222239
84432  -21.578  5.330  -15.724 0.3333333433
85581  -27.609  6.340  -18.588 0.5555555820
64479  -23.542  -11.971  -11.212 0.5555555820
63205  -23.960  -12.307  -11.322 0.5555555820
65853  -23.424  -10.793  -11.762 0.6666666865
64505  -24.187  -11.013  -12.269 0.5555555820
65868  -25.060  -10.970  -12.765 0.5555555820
67141  -26.299  -9.833  -13.795 0.7777777910
63189  -22.816  -12.321  -10.481 0.5555555820
65883  -25.179  -10.449  -13.182 0.6666666865
67140  -25.474  -9.747  -13.766 0.8888888955
67160  -27.225  -8.885  -14.523 0.7777777910
68379  -27.249  -7.946  -15.482 0.8888888955
64463  -22.093  -11.146  -9.942 0.4444444478
67099  -22.240  -9.873  -10.929 0.5555555820
67097  -21.455  -8.626  -11.149 0.2222222239
67123  -22.010  -8.724  -12.174 0.6666666865
69507  -27.225  -6.829  -16.066 0.8888888955
70718  -27.365  -6.153  -16.281 0.6666666865
73084  -28.022  -4.482  -16.204 0.6666666865
69444  -21.207  -7.482  -12.066 0.5555555820
74199  -27.965  -3.603  -16.337 0.6666666865
70648  -20.500  -6.640  -12.197 0.4444444478
76355  -28.690  -1.651  -15.727 0.5555555820
71810  -17.907  -5.204  -11.625 0.2222222239
76376  -28.209  -1.655  -16.464 0.5555555820
74117  -18.834  -2.994  -12.254 0.4444444478
77409  -28.185  -0.631  -16.712 0.5555555820
75215  -17.648  -1.205  -11.841 0.3333333433
78612  -28.426  0.305  -16.534 0.5555555820
78563  -18.506  0.379  -13.594 0.4444444478
79783  -28.753  1.211  -16.241 0.4444444478
79705  -18.185  1.763  -12.551 0.3333333433
80952  -28.415  2.626  -17.435 0.5555555820
80965  -27.882  2.683  -17.847 0.4444444478
83266  -21.203  4.087  -15.093 0.3333333433
82088  -20.946  3.248  -14.744 0.3333333433
80928  -20.894  2.438  -15.182 0.4444444478
82122  -27.988  3.459  -17.952 0.4444444478
83304  -28.250  4.570  -17.996 0.4444444478
85582  -28.564  6.333  -18.209 0.2222222239
83282  -22.282  5.003  -16.764 0.6666666865
84467  -23.389  5.421  -18.139 0.6666666865
84468  -24.512  5.354  -18.560 0.6666666865
85578  -25.031  6.289  -18.571 0.6666666865
85579  -25.911  6.281  -18.566 0.6666666865
85580  -26.732  6.307  -18.608 0.6666666865
64492  -23.877  -11.492  -11.728 0.6666666865
65867  -24.521  -10.599  -12.628 0.7777777910
68362  -24.208  -8.410  -14.186 1.0000000000
67158  -24.931  -9.105  -14.221 0.8888888955
64477  -22.362  -10.792  -10.627 0.4444444478
65840  -22.476  -10.370  -11.020 0.5555555820
67112  -22.244  -9.697  -11.413 0.6666666865
69476  -24.526  -7.798  -14.708 1.0000000000
68364  -26.660  -8.453  -14.992 1.0000000000
67111  -21.660  -8.918  -11.694 0.5555555820
68330  -21.701  -8.248  -12.103 0.8888888955
69445  -21.833  -7.683  -12.391 0.8888888955
68343  -22.789  -7.843  -12.943 1.0000000000
69457  -21.543  -7.130  -12.520 0.8888888955
69474  -23.255  -7.358  -13.886 1.0000000000
69475  -23.862  -7.680  -14.387 1.0000000000
69490  -25.043  -7.390  -15.276 1.0000000000
70680  -22.653  -6.557  -13.921 1.0000000000
69506  -26.569  -6.929  -15.926 0.8888888955
70697  -25.321  -6.565  -15.770 1.0000000000
70716  -25.808  -6.237  -16.057 1.0000000000
70717  -26.522  -6.293  -16.191 0.8888888955
70649  -21.138  -6.882  -12.398 0.6666666865
70667  -22.124  -6.541  -13.481 1.0000000000
71848  -21.683  -5.837  -13.779 1.0000000000
74197  -26.739  -3.805  -16.955 0.8888888955
74198  -27.462  -3.483  -16.737 0.6666666865
70647  -19.607  -6.129  -12.342 0.5555555820
70664  -19.522  -5.524  -12.638 0.6666666865
71846  -20.110  -4.896  -12.868 0.6666666865
74131  -20.363  -3.868  -14.180 0.6666666865
74154  -21.202  -3.787  -14.966 0.8888888955
73040  -21.150  -4.266  -14.553 0.8888888955
73058  -21.531  -4.115  -15.019 0.8888888955
71863  -21.472  -5.001  -14.140 0.8888888955
73059  -22.216  -4.423  -15.219 0.8888888955
73078  -22.679  -3.991  -15.618 1.0000000000
74216  -26.420  -3.087  -17.222 0.8888888955
74217  -26.973  -3.243  -17.115 0.7777777910
73018  -19.800  -4.094  -13.043 0.5555555820
73002  -18.730  -4.046  -12.098 0.3333333433
71827  -18.892  -4.518  -12.430 0.3333333433
75257  -20.428  -2.592  -14.670 0.6666666865
74153  -20.710  -3.407  -14.726 0.7777777910
76391  -26.769  -1.382  -17.797 0.7777777910
76393  -27.958  -1.122  -16.907 0.5555555820
75292  -21.673  -2.316  -15.466 0.8888888955
75310  -23.642  -2.167  -17.105 1.0000000000
77438  -26.865  -0.291  -18.012 0.7777777910
76371  -21.415  -1.478  -15.485 0.8888888955
76374  -23.247  -1.599  -16.906 1.0000000000
77436  -25.641  -0.245  -18.331 0.7777777910
77421  -24.662  -0.324  -18.077 0.8888888955
79792  -27.628  1.373  -17.745 0.6666666865
78602  -20.560  0.629  -15.195 0.5555555820
78610  -21.901  0.632  -16.133 0.7777777910
78603  -21.306  0.638  -15.759 0.7777777910
78611  -22.473  0.580  -16.642 0.7777777910
79781  -21.706  1.481  -15.981 0.6666666865
79769  -20.479  1.653  -15.036 0.6666666865
79803  -23.718  1.639  -18.214 0.7777777910
80961  -25.085  2.819  -18.585 0.6666666865
83310  -25.601  3.845  -18.547 0.6666666865
82128  -25.876  3.451  -18.563 0.6666666865
82104  -22.562  3.037  -16.475 0.6666666865
83281  -21.981  4.402  -16.465 0.5555555820
77359  -18.373  -0.322  -13.289 0.4444444478
80913  -19.704  1.706  -14.069 0.3333333433
76326  -18.173  -1.054  -12.676 0.4444444478
84473  -28.600  5.348  -18.058 0.3333333433
64464  -22.450  -11.894  -10.352 0.4444444478
69492  -26.930  -7.421  -15.806 0.7777777910
65839  -22.160  -10.242  -10.551 0.4444444478
71907  -27.638  -5.380  -16.371 0.6666666865
71845  -19.300  -4.854  -12.560 0.3333333433
70646  -18.970  -5.901  -12.472 0.3333333433
70608  -18.540  -5.900  -11.260 0.1111111119
73001  -18.309  -4.525  -11.952 0.1111111119
75216  -17.778  -1.948  -12.051 0.4444444478
76325  -17.877  -0.608  -12.248 0.3333333433
78562  -18.169  0.451  -13.002 0.3333333433
80914  -20.177  2.332  -14.374 0.3333333433
63192  -26.841  -12.633  -11.038 0.4444444478
63179  -28.717  -11.930  -9.645 0.2222222239
63191  -24.217  -12.897  -11.255 0.4444444478
61885  -24.777  -13.258  -11.358 0.4444444478
63206  -24.644  -12.529  -11.691 0.4444444478
63207  -25.543  -12.655  -11.890 0.4444444478
63208  -26.515  -12.541  -11.691 0.4444444478
63209  -27.241  -11.915  -11.942 0.4444444478
64494  -27.941  -11.465  -11.570 0.2222222239
64506  -24.794  -11.504  -12.399 0.4444444478
64507  -25.749  -11.335  -12.873 0.4444444478
63224  -27.021  -11.650  -12.432 0.4444444478
65841  -29.096  -10.416  -11.086 0.1111111119
64508  -26.726  -11.417  -12.818 0.4444444478
64509  -27.562  -11.202  -12.477 0.3333333433
65869  -27.578  -10.613  -13.097 0.3333333433
65854  -28.905  -10.462  -11.792 0.2222222239
64522  -27.070  -11.024  -13.147 0.4444444478
64520  -25.805  -10.839  -13.272 0.5555555820
64521  -26.370  -10.978  -13.282 0.4444444478
67127  -28.479  -9.466  -13.287 0.2222222239
67128  -29.286  -9.158  -12.703 0.1111111119
68334  -29.946  -8.142  -12.651 0.1111111119
65886  -27.749  -9.915  -13.422 0.3333333433
67143  -27.998  -9.120  -14.002 0.3333333433
67161  -27.900  -8.524  -14.577 0.5555555820
68365  -27.524  -8.298  -15.023 0.6666666865
68367  -28.688  -7.827  -14.445 0.4444444478
68380  -27.775  -7.844  -15.297 0.6666666865
70668  -29.583  -6.560  -14.097 0.3333333433
69493  -28.099  -7.235  -15.700 0.6666666865
69494  -28.923  -6.668  -15.446 0.5555555820
70699  -28.631  -6.315  -15.831 0.5555555820
70700  -29.034  -5.933  -15.492 0.5555555820
70682  -29.323  -6.224  -14.892 0.4444444478
73063  -29.023  -4.986  -15.402 0.3333333433
69508  -27.736  -6.641  -16.147 0.5555555820
73062  -28.677  -4.352  -15.504 0.4444444478
74176  -28.341  -3.570  -15.905 0.5555555820
75276  -28.580  -2.583  -15.653 0.4444444478
85577  -24.095  6.310  -18.440 0.5555555820
86635  -26.321  7.188  -18.672 0.5555555820
61874  -26.330  -13.059  -10.984 0.4444444478
63193  -27.587  -12.182  -10.783 0.2222222239
64510  -28.311  -10.912  -11.975 0.2222222239
65871  -29.231  -9.908  -12.135 0.2222222239
67113  -29.738  -9.383  -11.870 0.1111111119
67144  -28.835  -8.755  -13.583 0.4444444478
69477  -28.423  -7.464  -15.144 0.6666666865
69478  -28.950  -7.277  -14.788 0.4444444478
73043  -29.118  -4.346  -14.786 0.3333333433
74155  -28.760  -3.487  -15.199 0.4444444478
77393  -28.754  -0.642  -15.926 0.4444444478
86633  -24.640  7.194  -18.534 0.5555555820
86632  -23.881  7.184  -18.282 0.5555555820
69460  -29.416  -7.238  -14.010 0.2222222239
61862  -25.278  -13.899  -10.211 0.4444444478
61863  -26.190  -13.581  -10.231 0.4444444478
63178  -27.836  -12.419  -9.891 0.2222222239
61872  -24.398  -13.511  -10.804 0.4444444478
64480  -28.295  -11.456  -10.900 0.1111111119
65842  -29.923  -10.125  -10.687 0.1111111119
67114  -30.332  -8.923  -11.536 0.1111111119
69461  -29.864  -7.180  -13.228 0.2222222239
71850  -29.638  -5.336  -14.139 0.1111111119
74156  -29.062  -3.462  -14.679 0.3333333433
75277  -28.849  -2.032  -15.363 0.4444444478
77394  -29.180  -0.645  -15.328 0.3333333433
80942  -28.738  2.096  -16.744 0.4444444478
83292  -28.723  4.051  -17.611 0.3333333433
86636  -27.154  7.477  -18.677 0.5555555820
85566  -23.098  6.330  -17.390 0.5555555820
85576  -23.430  6.390  -17.981 0.5555555820
86634  -25.522  7.293  -18.698 0.5555555820
86650  -26.015  7.808  -18.815 0.5555555820
86616  -23.346  7.165  -17.687 0.5555555820
65884  -25.985  -10.417  -13.546 0.5555555820
67142  -27.047  -9.534  -13.914 0.6666666865
70719  -28.104  -6.117  -16.181 0.5555555820
71908  -28.111  -5.368  -16.148 0.5555555820
78604  -28.826  0.524  -15.856 0.4444444478
64493  -24.587  -11.934  -11.961 0.4444444478
65885  -26.878  -10.361  -13.493 0.3333333433
61875  -26.967  -12.717  -10.705 0.3333333433
63194  -28.382  -11.633  -10.426 0.1111111119
61873  -25.414  -13.541  -10.921 0.4444444478
61886  -25.447  -13.113  -11.498 0.4444444478
63222  -25.682  -12.123  -12.333 0.4444444478
61887  -25.970  -12.908  -11.554 0.4444444478
63223  -26.506  -11.906  -12.406 0.4444444478
64495  -28.556  -10.929  -11.277 0.1111111119
65855  -29.458  -9.943  -11.454 0.1111111119
64482  -29.797  -10.647  -10.010 0.1111111119
65870  -28.433  -10.262  -12.652 0.3333333433
68333  -29.404  -8.389  -13.227 0.1111111119
67129  -29.984  -8.746  -12.095 0.1111111119
68346  -28.474  -8.337  -14.243 0.4444444478
68347  -29.189  -7.887  -13.873 0.3333333433
70669  -30.053  -6.001  -13.371 0.1111111119
71884  -28.607  -5.397  -15.814 0.5555555820
71866  -29.261  -5.390  -15.075 0.3333333433
75260  -28.779  -2.873  -15.231 0.4444444478
61864  -27.153  -12.984  -10.042 0.4444444478
87663  -24.317  7.743  -18.483 0.5555555820
68348  -29.640  -7.918  -13.265 0.2222222239
61865  -28.074  -12.778  -9.288 0.2222222239
61871  -23.663  -13.410  -10.359 0.4444444478
64481  -29.000  -11.003  -10.434 0.1111111119
64465  -29.528  -11.187  -9.714 0.1111111119
67100  -30.034  -9.517  -11.282 0.1111111119
57028  -27.827  -17.734  -5.723 0.1111111119
58272  -24.229  -16.263  -7.581 0.3333333433
58248  -25.775  -16.739  -6.893 0.2222222239
57049  -27.331  -17.226  -6.276 0.2222222239
58250  -27.814  -16.656  -6.756 0.1111111119
59531  -23.050  -15.102  -8.506 0.3333333433
59506  -22.880  -15.478  -7.827 0.3333333433
58271  -23.287  -16.061  -7.507 0.3333333433
59509  -25.603  -15.825  -8.056 0.3333333433
58274  -26.216  -16.236  -7.433 0.2222222239
59510  -26.594  -15.723  -7.986 0.2222222239
58249  -26.794  -16.685  -6.812 0.2222222239
58275  -27.246  -16.189  -7.384 0.2222222239
61841  -21.879  -13.431  -8.309 0.2222222239
60678  -22.354  -14.311  -8.345 0.2222222239
59507  -23.690  -15.692  -8.079 0.3333333433
59508  -24.633  -15.852  -8.152 0.3333333433
61859  -22.560  -13.199  -9.320 0.2222222239
61842  -22.593  -13.695  -8.921 0.3333333433
61860  -23.242  -13.672  -9.616 0.3333333433
60696  -23.416  -14.475  -9.259 0.3333333433
60697  -24.200  -14.720  -9.466 0.3333333433
59547  -23.721  -14.949  -9.255 0.3333333433
60681  -25.184  -15.057  -9.145 0.3333333433
59535  -26.852  -15.164  -8.551 0.3333333433
60682  -26.069  -14.776  -9.099 0.3333333433
59511  -27.675  -15.529  -7.898 0.1111111119
59536  -27.639  -14.905  -8.414 0.2222222239
63176  -22.459  -12.533  -9.772 0.2222222239
61861  -24.331  -13.952  -10.008 0.3333333433
60698  -25.208  -14.452  -9.615 0.3333333433
60699  -26.108  -14.132  -9.605 0.3333333433
60683  -27.056  -14.374  -8.974 0.3333333433
63175  -22.024  -12.002  -9.003 0.3333333433
63190  -23.491  -12.663  -10.911 0.3333333433
60700  -26.827  -13.730  -9.585 0.3333333433
75261  -29.073  -2.555  -14.867 0.2222222239
79776  -28.882  1.002  -15.804 0.2222222239
58273  -25.217  -16.303  -7.535 0.3333333433
58276  -28.285  -16.145  -7.292 0.1111111119
60679  -22.971  -14.436  -8.881 0.3333333433
59533  -25.000  -15.492  -8.682 0.3333333433
59534  -25.895  -15.350  -8.590 0.3333333433
61843  -23.085  -14.044  -9.132 0.3333333433
63177  -23.069  -12.965  -10.267 0.3333333433
57027  -26.819  -17.716  -5.706 0.1111111119
58270  -22.678  -15.805  -7.449 0.3333333433
58246  -23.711  -16.749  -7.085 0.3333333433
58247  -24.769  -16.844  -7.059 0.3333333433
57048  -26.317  -17.256  -6.323 0.3333333433
57050  -28.337  -17.228  -6.262 0.1111111119
59530  -22.479  -14.926  -7.967 0.3333333433
60655  -28.290  -15.042  -8.082 0.1111111119
63157  -22.151  -12.841  -8.876 0.2222222239
60684  -28.225  -14.313  -8.472 0.1111111119
61844  -27.618  -13.566  -9.110 0.1111111119
64442  -21.835  -11.227  -8.559 0.1111111119
76356  -29.131  -1.382  -15.235 0.2222222239
79784  -29.139  1.956  -16.115 0.2222222239
78605  -29.126  0.036  -15.309 0.2222222239
60654  -21.977  -14.537  -7.770 0.2222222239
59505  -22.057  -15.296  -7.426 0.2222222239
59532  -24.010  -15.381  -8.884 0.3333333433
59546  -23.384  -14.934  -9.031 0.3333333433
60680  -24.605  -15.227  -9.104 0.3333333433
57026  -25.798  -17.783  -5.778 0.1111111119
58245  -22.485  -16.359  -6.976 0.2222222239
57046  -24.274  -17.422  -6.574 0.3333333433
57047  -25.304  -17.353  -6.448 0.3333333433
76343  -29.541  -1.574  -14.509 0.1111111119
76329  -29.787  -1.624  -14.005 0.1111111119
77364  -30.259  -0.642  -13.616 0.1111111119
77363  -29.891  -1.095  -14.087 0.1111111119
78591  -29.962  0.259  -14.070 0.1111111119
79761  -29.584  0.853  -14.586 0.1111111119
80953  -28.910  2.702  -16.966 0.2222222239
79777  -29.241  1.238  -15.334 0.1111111119
82111  -28.597  3.375  -17.569 0.2222222239
83305  -28.916  4.841  -17.813 0.1111111119
82112  -29.186  3.427  -17.043 0.1111111119
83293  -29.510  4.665  -17.252 0.1111111119
84459  -23.154  5.900  -17.691 0.4444444478
86597  -22.788  6.973  -16.366 0.4444444478
84460  -29.283  5.728  -17.633 0.1111111119
87666  -27.781  8.116  -18.659 0.3333333433
86637  -28.111  7.387  -18.499 0.2222222239
86638  -28.957  7.522  -18.071 0.1111111119
85567  -29.272  6.777  -17.664 0.1111111119
87664  -24.998  8.320  -18.880 0.4444444478
87665  -25.647  7.996  -18.879 0.4444444478
87683  -26.000  8.534  -19.164 0.4444444478
87684  -26.804  8.619  -19.038 0.4444444478
87685  -27.303  8.401  -18.818 0.2222222239
87686  -27.832  8.750  -18.741 0.2222222239
87667  -28.559  8.607  -18.360 0.2222222239
92799  -29.091  12.797  -19.426 0.1111111119
90738  -29.486  11.479  -18.861 0.1111111119
88690  -29.657  9.521  -17.977 0.1111111119
87647  -23.039  7.900  -17.134 0.4444444478
87648  -23.824  8.255  -18.168 0.3333333433
88703  -25.312  9.052  -19.189 0.4444444478
88704  -25.800  9.534  -19.403 0.4444444478
88705  -26.649  9.410  -19.415 0.4444444478
89743  -26.502  10.262  -19.809 0.3333333433
88706  -27.472  9.294  -19.085 0.3333333433
89745  -28.286  10.279  -18.995 0.1111111119
89728  -28.875  10.294  -18.718 0.1111111119
88689  -28.804  9.765  -18.519 0.2222222239
89729  -29.429  10.467  -18.479 0.1111111119
87634  -22.753  8.112  -16.347 0.2222222239
87649  -24.513  8.881  -18.514 0.3333333433
88687  -25.064  9.528  -18.828 0.3333333433
89759  -26.967  10.756  -20.111 0.2222222239
89744  -27.329  10.306  -19.615 0.2222222239
90736  -28.011  11.180  -19.588 0.1111111119
90749  -27.074  11.413  -20.436 0.1111111119
90735  -27.421  11.017  -20.021 0.1111111119
90750  -27.677  11.479  -20.150 0.1111111119
90737  -28.876  11.246  -19.063 0.1111111119
91748  -28.097  11.817  -19.987 0.1111111119
91749  -28.613  11.950  -19.478 0.1111111119
88672  -23.355  9.167  -17.218 0.3333333433
88673  -24.336  9.360  -17.953 0.3333333433
89713  -24.182  10.159  -17.173 0.3333333433
89726  -24.792  10.345  -18.107 0.3333333433
88688  -25.618  10.069  -19.193 0.3333333433
89742  -25.828  10.660  -19.778 0.2222222239
89758  -26.463  10.962  -20.207 0.2222222239
91762  -27.638  12.089  -20.396 0.1111111119
92798  -28.268  12.517  -19.968 0.1111111119
93844  -28.490  14.245  -20.460 0.1111111119
90709  -24.161  10.297  -15.871 0.1111111119
89703  -24.255  10.605  -16.595 0.1111111119
90721  -24.696  10.855  -17.599 0.2222222239
90722  -25.110  11.521  -18.174 0.2222222239
89727  -25.465  10.589  -18.845 0.3333333433
90734  -25.623  11.498  -19.310 0.2222222239
90747  -25.826  11.558  -20.141 0.1111111119
91760  -25.908  12.467  -20.589 0.1111111119
91761  -26.847  12.319  -20.664 0.1111111119
92818  -27.647  13.141  -20.582 0.1111111119
93834  -29.413  13.775  -19.657 0.1111111119
92800  -30.538  12.915  -19.282 0.1111111119
90710  -24.387  10.986  -16.028 0.1111111119
91734  -24.773  11.942  -16.189 0.1111111119
90713  -24.604  11.395  -17.018 0.1111111119
90714  -25.010  12.104  -17.476 0.1111111119
91737  -25.556  12.640  -17.773 0.1111111119
91746  -25.652  12.552  -18.961 0.1111111119
91759  -25.658  12.153  -19.831 0.1111111119
92797  -25.618  13.204  -20.321 0.1111111119
92816  -25.661  13.391  -21.019 0.1111111119
92817  -26.493  13.330  -21.169 0.1111111119
91735  -25.294  12.523  -16.745 0.1111111119
91731  -25.173  12.653  -15.701 0.1111111119
92785  -26.073  13.784  -18.147 0.1111111119
92796  -25.524  13.612  -19.501 0.1111111119
92777  -26.182  13.361  -17.013 0.1111111119
92771  -26.855  13.904  -16.173 0.1111111119
76330  -30.212  -1.667  -13.472 0.1111111119
77379  -29.574  -0.573  -14.721 0.1111111119
77380  -29.908  -0.512  -14.124 0.1111111119
78567  -30.580  0.045  -12.989 0.1111111119
80935  -29.684  2.550  -15.640 0.1111111119
79778  -29.879  2.046  -15.111 0.1111111119
80943  -29.267  2.664  -16.477 0.1111111119
86615  -23.088  6.902  -17.025 0.4444444478
86652  -26.927  8.133  -18.784 0.4444444478
90723  -29.346  11.040  -18.771 0.1111111119
90724  -29.951  11.308  -18.651 0.1111111119
78540  -31.142  -0.400  -12.795 0.1111111119
85565  -22.704  6.235  -16.795 0.4444444478
87682  -25.529  8.852  -19.215 0.4444444478
92770  -25.818  13.454  -15.985 0.1111111119
77342  -30.906  -0.938  -12.867 0.1111111119
75240  -29.659  -2.237  -14.041 0.1111111119
78541  -31.435  -0.095  -12.236 0.1111111119
78568  -31.038  0.814  -12.734 0.1111111119
79736  -30.592  1.056  -13.489 0.1111111119
80903  -30.971  1.954  -13.898 0.1111111119
79762  -30.075  1.453  -14.418 0.1111111119
82095  -29.959  3.039  -15.680 0.1111111119
80936  -30.058  2.660  -15.117 0.1111111119
82105  -29.867  3.276  -16.110 0.1111111119
83283  -30.008  4.186  -16.497 0.1111111119
83294  -30.226  5.027  -16.655 0.1111111119
84461  -29.909  5.596  -16.966 0.1111111119
86617  -29.731  7.674  -17.487 0.1111111119
85568  -29.991  6.668  -16.988 0.1111111119
88675  -30.920  9.758  -17.654 0.1111111119
88691  -30.340  9.831  -17.869 0.1111111119
88671  -22.859  8.629  -16.808 0.2222222239
88659  -23.316  9.536  -16.669 0.2222222239
127085  -30.969  11.838  -18.740 0.1111111119
89702  -23.733  9.913  -16.242 0.1111111119
92801  -31.239  13.946  -19.664 0.1111111119
89697  -23.885  9.985  -15.599 0.1111111119
90705  -24.337  10.492  -15.554 0.1111111119
91730  -24.810  11.868  -15.483 0.1111111119
93845  -29.632  14.779  -20.121 0.1111111119
91726  -25.274  12.424  -14.888 0.1111111119
92761  -25.762  13.154  -14.990 0.1111111119
92835  -25.795  13.933  -21.669 0.1111111119
92836  -26.424  14.114  -21.788 0.1111111119
93843  -27.322  14.260  -21.379 0.1111111119
94831  -28.049  15.089  -21.064 0.1111111119
93822  -25.550  14.681  -18.856 0.1111111119
93832  -25.393  14.586  -19.905 0.1111111119
92786  -26.537  14.487  -17.679 0.1111111119
86651  -26.530  7.977  -18.804 0.4444444478
78590  -29.458  0.358  -14.791 0.1111111119
88707  -28.166  9.343  -18.738 0.1111111119
87668  -29.406  8.429  -17.856 0.1111111119
93833  -28.556  13.310  -19.968 0.1111111119
91750  -29.495  12.026  -19.085 0.1111111119
91739  -30.154  11.958  -18.931 0.1111111119
88674  -30.285  9.488  -17.730 0.1111111119
89712  -23.616  9.694  -16.819 0.1111111119
89757  -26.094  11.173  -20.236 0.1111111119
90748  -26.355  11.622  -20.465 0.1111111119
91747  -25.743  12.790  -19.856 0.1111111119
92815  -25.401  13.890  -20.495 0.1111111119
89730  -30.498  10.536  -18.146 0.1111111119
92834  -25.508  14.097  -21.178 0.1111111119
87650  -30.254  8.810  -17.501 0.1111111119
89714  -31.180  10.424  -17.898 0.1111111119
89687  -23.567  9.803  -15.110 0.1111111119
127088  -31.053  12.447  -19.071 0.1111111119
90706  -24.717  11.138  -15.349 0.1111111119
93854  -25.968  14.695  -22.112 0.1111111119
94821  -25.574  15.326  -19.464 0.1111111119
93842  -25.417  14.700  -20.827 0.1111111119
57045  -23.203  -17.308  -6.519 0.2222222239
69443  -20.780  -7.214  -11.686 0.2222222239
70629  -20.404  -6.687  -11.454 0.2222222239
67098  -21.938  -9.371  -10.795 0.3333333433
69431  -21.064  -7.709  -11.577 0.3333333433
85550  -22.422  6.152  -16.225 0.3333333433
85532  -22.233  6.248  -15.654 0.2222222239
86581  -22.679  7.373  -15.737 0.1111111119
68319  -21.325  -8.192  -11.699 0.2222222239
80897  -19.906  2.775  -13.736 0.1111111119
84404  -21.549  5.245  -14.015 0.1111111119
85515  -22.533  6.519  -15.187 0.1111111119
86568  -23.020  7.860  -15.320 0.1111111119
87623  -22.724  8.468  -15.709 0.1111111119
84433  -22.038  5.867  -16.019 0.2222222239
84415  -21.597  5.634  -14.744 0.1111111119
67110  -21.321  -8.505  -11.480 0.3333333433
74105  -18.452  -2.992  -11.627 0.2222222239
85531  -21.670  5.945  -15.275 0.1111111119
72988  -18.569  -3.860  -11.686 0.1111111119
85514  -21.904  6.180  -15.146 0.1111111119
57025  -24.794  -17.961  -5.961 0.1111111119
57043  -21.442  -17.241  -6.021 0.1111111119
58244  -21.253  -16.498  -6.369 0.1111111119
59488  -21.572  -15.756  -6.868 0.1111111119
59504  -21.272  -15.131  -7.016 0.1111111119
65827  -21.858  -10.031  -10.129 0.1111111119
78561  -17.844  0.539  -12.356 0.2222222239
79730  -18.027  0.913  -12.660 0.2222222239
79704  -17.824  1.398  -12.062 0.2222222239
80872  -17.594  2.227  -11.150 0.2222222239
57044  -22.184  -17.183  -6.257 0.1111111119
70628  -19.758  -6.286  -11.714 0.1111111119
57023  -22.774  -17.931  -5.943 0.1111111119
57024  -23.777  -18.007  -6.036 0.1111111119
58238  -20.933  -17.048  -6.012 0.1111111119
59487  -20.767  -15.542  -6.602 0.1111111119
60653  -21.209  -14.377  -7.397 0.1111111119
60677  -21.718  -13.993  -7.893 0.1111111119
65802  -21.810  -10.124  -9.379 0.1111111119
67080  -21.868  -9.310  -10.034 0.1111111119
68318  -21.189  -8.114  -11.336 0.1111111119
78523  -17.540  0.366  -11.001 0.2222222239
82044  -19.267  3.342  -11.540 0.2222222239
80874  -19.047  2.976  -12.438 0.1111111119
80873  -18.383  2.422  -12.101 0.2222222239
77328  -17.602  -0.247  -11.421 0.2222222239
70627  -19.027  -6.181  -11.866 0.1111111119
61819  -21.285  -13.415  -7.691 0.1111111119
63156  -21.446  -12.449  -8.139 0.1111111119
69430  -20.911  -7.447  -11.207 0.1111111119
68304  -21.285  -8.042  -11.224 0.1111111119
57022  -21.880  -17.787  -5.767 0.1111111119
79692  -17.408  1.263  -10.954 0.1111111119
60637  -20.778  -14.788  -6.853 0.1111111119
67079  -21.721  -9.020  -10.944 0.1111111119
82046  -19.991  3.469  -12.263 0.1111111119
78522  -18.012  -0.617  -10.916 0.1111111119
82073  -20.724  3.290  -13.917 0.1111111119
83251  -21.218  4.011  -14.544 0.1111111119
63221  -25.029  -12.194  -12.095 0.4444444478
68366  -28.216  -7.847  -14.904 0.4444444478
70626  -18.153  -5.977  -12.187 0.3333333433
70645  -18.641  -5.572  -12.558 0.3333333433
70662  -18.855  -5.486  -12.618 0.3333333433
70663  -19.080  -5.444  -12.564 0.3333333433
71796  -19.110  -5.659  -10.701 0.1111111119
71826  -18.498  -5.001  -12.384 0.2222222239
71844  -18.873  -5.293  -12.541 0.3333333433
71862  -20.994  -4.647  -14.069 0.8888888955
71885  -29.034  -5.446  -15.496 0.3333333433
73042  -28.811  -4.083  -15.142 0.4444444478
74152  -20.313  -2.942  -14.454 0.6666666865
75201  -17.686  -1.091  -11.511 0.3333333433
75275  -21.222  -2.692  -15.270 0.7777777910
75295  -27.572  -2.773  -16.832 0.6666666865
76308  -17.688  -0.722  -11.821 0.3333333433
76309  -17.783  -1.096  -12.108 0.3333333433
77341  -17.746  -0.084  -11.992 0.3333333433
77358  -18.032  -0.150  -12.636 0.3333333433
77423  -26.754  -0.666  -17.972 0.7777777910
77437  -26.438  -0.285  -18.208 0.7777777910
78537  -17.528  0.567  -11.591 0.2222222239
78582  -19.207  0.281  -13.929 0.4444444478
78624  -24.207  0.217  -18.091 0.8888888955
79731  -18.340  1.245  -13.018 0.3333333433
79753  -20.058  1.279  -14.516 0.6666666865
80853  -18.252  1.761  -10.519 0.1111111119
80895  -18.430  1.929  -12.824 0.2222222239
80970  -25.535  3.246  -18.565 0.6666666865
80971  -25.677  3.055  -18.576 0.6666666865
82045  -19.459  3.321  -12.395 0.1111111119
82057  -19.376  2.921  -12.786 0.1111111119
82058  -19.849  3.133  -13.072 0.1111111119
83311  -25.848  4.028  -18.551 0.6666666865
83312  -26.145  4.168  -18.531 0.6666666865
89746  -28.975  10.661  -18.833 0.1111111119
91738  -29.776  11.702  -18.868 0.1111111119
