#!ascii label  , from subject 3002 vox2ras=TkReg
601
15518  -53.959  -55.874  13.767 0.0000000000
16566  -52.863  -55.448  5.947 0.0000000000
23498  -58.331  -48.482  14.399 0.0000000000
16508  -55.040  -56.088  10.151 0.0000000000
21459  -56.290  -50.643  13.126 0.0000000000
19458  -51.641  -52.417  15.509 0.0000000000
24673  -52.201  -48.202  11.500 0.0000000000
25846  -46.702  -46.235  9.782 0.0000000000
24679  -57.967  -47.508  11.204 0.0000000000
21463  -59.486  -49.775  13.455 0.0000000000
23582  -59.686  -48.530  9.934 0.0000000000
22472  -52.402  -49.462  14.431 0.0000000000
23519  -50.192  -48.773  13.337 0.0000000000
28863  -47.384  -43.411  8.112 0.0000000000
26937  -49.504  -45.567  8.647 0.0000000000
14735  -52.140  -57.478  9.352 0.0000000000
18557  -54.354  -55.523  7.473 0.0000000000
14830  -52.975  -56.543  4.800 0.0000000000
15743  -53.265  -55.800  2.608 0.0000000000
18386  -56.697  -53.140  15.328 0.0000000000
15570  -55.158  -55.590  12.662 0.0000000000
19562  -55.436  -53.391  13.316 0.0000000000
17391  -53.518  -54.801  11.627 0.0000000000
21428  -54.612  -50.653  15.365 0.0000000000
23524  -55.248  -48.405  13.258 0.0000000000
24728  -54.763  -47.538  9.875 0.0000000000
24651  -46.946  -48.289  12.746 0.0000000000
24723  -49.928  -47.606  10.057 0.0000000000
25851  -51.762  -47.046  9.150 0.0000000000
25887  -54.770  -46.280  7.525 0.0000000000
14784  -52.656  -56.957  7.589 0.0000000000
17487  -48.960  -54.771  7.428 0.0000000000
17569  -51.461  -54.468  3.370 0.0000000000
18661  -51.992  -53.250  -0.007 0.0000000000
24731  -57.575  -47.340  9.788 0.0000000000
24712  -59.051  -47.698  10.557 0.0000000000
14687  -52.849  -56.833  11.515 0.0000000000
16554  -53.474  -55.112  6.862 0.0000000000
16597  -53.979  -56.018  4.182 0.0000000000
17573  -53.427  -55.570  4.217 0.0000000000
16658  -53.317  -55.327  1.886 0.0000000000
17572  -53.000  -55.169  3.837 0.0000000000
21431  -57.708  -50.570  15.395 0.0000000000
21433  -59.249  -50.307  14.930 0.0000000000
22485  -58.538  -50.008  12.766 0.0000000000
20473  -57.247  -51.269  13.557 0.0000000000
20472  -56.415  -51.377  13.557 0.0000000000
17364  -54.614  -54.027  12.514 0.0000000000
18430  -54.457  -52.935  13.442 0.0000000000
19461  -54.666  -52.455  15.511 0.0000000000
20429  -53.124  -51.551  15.459 0.0000000000
23521  -52.140  -48.735  13.203 0.0000000000
23494  -53.824  -48.992  13.859 0.0000000000
23553  -53.702  -48.291  11.881 0.0000000000
23580  -54.990  -48.127  11.249 0.0000000000
24706  -53.334  -47.818  10.538 0.0000000000
25801  -47.089  -47.470  10.974 0.0000000000
24669  -48.107  -48.185  11.651 0.0000000000
25825  -48.053  -47.302  10.245 0.0000000000
27938  -50.774  -44.881  7.841 0.0000000000
26938  -50.556  -45.573  8.386 0.0000000000
26939  -51.648  -45.629  8.014 0.0000000000
25885  -52.871  -46.241  8.027 0.0000000000
15598  -54.951  -55.822  11.405 0.0000000000
15611  -53.567  -56.537  9.671 0.0000000000
14763  -53.990  -56.606  9.059 0.0000000000
14827  -52.046  -57.308  3.970 0.0000000000
17508  -47.785  -54.658  6.322 0.0000000000
16551  -50.104  -55.231  5.808 0.0000000000
19651  -51.173  -53.130  1.871 0.0000000000
24635  -58.234  -47.748  13.045 0.0000000000
23500  -59.074  -49.277  14.402 0.0000000000
24661  -59.232  -47.792  12.103 0.0000000000
22495  -60.069  -49.310  11.655 0.0000000000
22520  -59.059  -49.867  11.407 0.0000000000
21426  -52.569  -50.694  15.281 0.0000000000
23491  -50.830  -49.079  13.943 0.0000000000
24654  -51.146  -48.297  12.070 0.0000000000
27922  -47.488  -44.901  8.932 0.0000000000
26930  -48.157  -45.722  9.214 0.0000000000
27936  -48.717  -44.533  8.309 0.0000000000
27952  -49.289  -44.066  7.750 0.0000000000
28870  -50.600  -43.428  6.921 0.0000000000
18539  -54.290  -55.418  9.127 0.0000000000
14807  -53.746  -56.534  6.792 0.0000000000
16569  -54.248  -56.017  6.007 0.0000000000
15696  -52.865  -56.498  3.392 0.0000000000
15741  -52.158  -56.214  1.492 0.0000000000
16656  -52.417  -55.807  1.013 0.0000000000
16665  -52.597  -55.335  0.000 0.0000000000
16672  -52.446  -55.238  -1.215 0.0000000000
15509  -55.483  -55.063  14.759 0.0000000000
15540  -54.664  -55.809  13.170 0.0000000000
16476  -55.604  -54.859  13.406 0.0000000000
17395  -55.631  -54.173  13.207 0.0000000000
20449  -58.807  -50.262  14.523 0.0000000000
19537  -56.717  -52.795  13.859 0.0000000000
18504  -55.235  -54.355  12.179 0.0000000000
17438  -54.342  -55.002  10.218 0.0000000000
17436  -53.711  -55.203  9.646 0.0000000000
17461  -52.777  -54.976  8.515 0.0000000000
17302  -55.414  -54.087  15.404 0.0000000000
20432  -56.177  -51.503  15.512 0.0000000000
22448  -56.197  -49.644  15.053 0.0000000000
22473  -53.420  -49.437  14.423 0.0000000000
23495  -54.918  -48.846  13.918 0.0000000000
24606  -56.860  -48.020  13.695 0.0000000000
24658  -56.866  -47.756  12.223 0.0000000000
24709  -56.475  -47.560  10.603 0.0000000000
24745  -56.071  -47.241  8.982 0.0000000000
23533  -48.216  -48.483  12.807 0.0000000000
23550  -49.702  -48.419  11.756 0.0000000000
24703  -50.571  -48.149  10.844 0.0000000000
25860  -49.514  -46.421  9.047 0.0000000000
25850  -50.962  -46.995  9.295 0.0000000000
24705  -52.400  -47.859  10.573 0.0000000000
24742  -53.232  -47.265  9.007 0.0000000000
25865  -54.424  -46.783  8.313 0.0000000000
15595  -53.306  -56.542  10.265 0.0000000000
14760  -52.544  -57.004  8.496 0.0000000000
14818  -52.711  -56.884  5.451 0.0000000000
13859  -51.404  -58.060  5.209 0.0000000000
18454  -53.125  -53.865  13.065 0.0000000000
17414  -52.412  -55.189  10.456 0.0000000000
17491  -52.484  -55.072  7.627 0.0000000000
17512  -51.441  -55.203  6.551 0.0000000000
16579  -52.194  -55.358  5.342 0.0000000000
18626  -52.867  -54.009  2.388 0.0000000000
18685  -53.129  -54.113  0.158 0.0000000000
25853  -57.260  -47.189  9.060 0.0000000000
25854  -57.822  -47.213  9.205 0.0000000000
14667  -52.468  -57.190  12.338 0.0000000000
14636  -53.537  -56.458  12.962 0.0000000000
16567  -53.293  -55.428  5.945 0.0000000000
16568  -53.516  -55.633  5.688 0.0000000000
16582  -53.268  -55.622  5.329 0.0000000000
17592  -53.366  -55.274  3.155 0.0000000000
16594  -52.787  -55.274  4.435 0.0000000000
23466  -57.863  -49.068  14.742 0.0000000000
21432  -58.550  -50.470  15.113 0.0000000000
23467  -58.830  -48.932  15.009 0.0000000000
21481  -57.734  -50.182  12.511 0.0000000000
21460  -57.142  -50.646  13.110 0.0000000000
19511  -55.644  -51.750  13.586 0.0000000000
20471  -55.606  -51.293  13.492 0.0000000000
17298  -51.657  -54.337  15.596 0.0000000000
18381  -52.159  -53.391  15.550 0.0000000000
19459  -52.650  -52.457  15.505 0.0000000000
23537  -52.440  -48.476  12.462 0.0000000000
23538  -53.467  -48.509  12.572 0.0000000000
23552  -52.973  -48.400  11.928 0.0000000000
24675  -53.796  -48.035  11.238 0.0000000000
24674  -53.068  -48.137  11.266 0.0000000000
25845  -46.171  -46.043  9.833 0.0000000000
26912  -45.786  -45.858  9.853 0.0000000000
25823  -45.964  -46.535  10.309 0.0000000000
25800  -46.493  -47.321  11.031 0.0000000000
25824  -47.059  -47.083  10.336 0.0000000000
25847  -47.665  -46.496  9.720 0.0000000000
27954  -51.038  -44.295  7.355 0.0000000000
27939  -51.442  -44.900  7.578 0.0000000000
26953  -52.619  -45.516  7.492 0.0000000000
27955  -51.912  -44.559  7.099 0.0000000000
15613  -54.940  -55.764  10.871 0.0000000000
14739  -54.172  -56.336  10.057 0.0000000000
17551  -50.085  -54.678  4.306 0.0000000000
18623  -50.825  -53.271  2.278 0.0000000000
24659  -57.720  -47.665  12.169 0.0000000000
24636  -58.995  -47.802  13.088 0.0000000000
24660  -58.570  -47.578  12.069 0.0000000000
24713  -59.257  -47.917  10.047 0.0000000000
24682  -59.310  -48.067  10.927 0.0000000000
22522  -60.006  -48.928  10.730 0.0000000000
21516  -60.112  -50.074  11.268 0.0000000000
21539  -60.172  -50.008  10.143 0.0000000000
23520  -51.190  -48.764  13.212 0.0000000000
23535  -50.584  -48.462  12.452 0.0000000000
27921  -46.613  -44.788  9.041 0.0000000000
27934  -46.969  -44.143  8.604 0.0000000000
27935  -47.805  -44.296  8.497 0.0000000000
28864  -48.066  -43.902  8.169 0.0000000000
27953  -50.171  -44.118  7.575 0.0000000000
13830  -51.612  -57.917  8.259 0.0000000000
18558  -54.303  -55.948  8.041 0.0000000000
16555  -54.403  -56.090  7.030 0.0000000000
17517  -54.537  -55.998  6.834 0.0000000000
16618  -54.008  -56.024  3.518 0.0000000000
15698  -53.897  -56.122  3.790 0.0000000000
15714  -53.417  -56.023  2.937 0.0000000000
16615  -52.714  -55.882  2.257 0.0000000000
15761  -51.904  -56.267  0.744 0.0000000000
17642  -53.456  -55.064  1.650 0.0000000000
16666  -52.963  -55.113  0.588 0.0000000000
17664  -53.163  -54.831  0.571 0.0000000000
15777  -52.189  -55.906  -1.315 0.0000000000
17663  -52.791  -54.637  -0.452 0.0000000000
17303  -56.133  -53.946  15.300 0.0000000000
16415  -55.978  -54.446  14.941 0.0000000000
17366  -55.749  -54.235  13.596 0.0000000000
17367  -56.327  -53.648  13.899 0.0000000000
23526  -59.126  -49.195  13.343 0.0000000000
21434  -59.547  -50.276  14.597 0.0000000000
20475  -58.868  -49.901  13.896 0.0000000000
20500  -56.959  -51.991  13.932 0.0000000000
19564  -56.048  -53.069  13.117 0.0000000000
18486  -55.568  -53.805  13.143 0.0000000000
18485  -55.097  -53.812  12.579 0.0000000000
18503  -54.924  -54.733  10.906 0.0000000000
17392  -53.908  -54.666  12.020 0.0000000000
17417  -53.949  -54.966  10.923 0.0000000000
17416  -53.549  -54.947  11.029 0.0000000000
17462  -53.335  -55.017  8.506 0.0000000000
16493  -52.961  -55.149  9.998 0.0000000000
20430  -54.144  -51.553  15.453 0.0000000000
20431  -55.170  -51.527  15.515 0.0000000000
21429  -55.675  -50.594  15.391 0.0000000000
22444  -52.010  -49.959  14.989 0.0000000000
22445  -52.998  -49.993  14.934 0.0000000000
23523  -54.165  -48.621  13.273 0.0000000000
23496  -56.116  -48.520  14.145 0.0000000000
23525  -56.092  -48.085  13.442 0.0000000000
24633  -56.506  -47.871  12.942 0.0000000000
24632  -55.795  -48.089  12.778 0.0000000000
24708  -55.480  -47.848  10.833 0.0000000000
24729  -55.782  -47.480  9.809 0.0000000000
24730  -56.766  -47.342  9.584 0.0000000000
24702  -49.393  -47.988  10.700 0.0000000000
24670  -48.902  -48.234  11.378 0.0000000000
23578  -50.140  -48.323  11.275 0.0000000000
23579  -50.526  -48.306  11.382 0.0000000000
26936  -48.693  -45.351  8.790 0.0000000000
26931  -48.933  -46.018  9.026 0.0000000000
25862  -51.258  -46.371  8.697 0.0000000000
24725  -51.672  -47.480  9.880 0.0000000000
24726  -52.633  -47.449  9.607 0.0000000000
25886  -53.645  -46.232  7.707 0.0000000000
25864  -53.433  -46.755  8.425 0.0000000000
25866  -55.491  -46.826  8.278 0.0000000000
15569  -54.702  -55.924  12.436 0.0000000000
15568  -54.080  -56.370  12.377 0.0000000000
15582  -54.342  -56.280  11.544 0.0000000000
14761  -53.039  -56.635  8.582 0.0000000000
14737  -52.814  -56.766  8.957 0.0000000000
14803  -51.700  -57.703  7.173 0.0000000000
14804  -52.263  -57.393  6.451 0.0000000000
14820  -53.531  -56.496  6.121 0.0000000000
14806  -53.341  -56.622  6.760 0.0000000000
15683  -52.782  -56.715  4.932 0.0000000000
13890  -50.836  -57.763  3.687 0.0000000000
13860  -51.967  -57.549  4.790 0.0000000000
18429  -53.676  -53.044  13.396 0.0000000000
18428  -52.808  -53.080  13.378 0.0000000000
16491  -51.964  -55.241  9.820 0.0000000000
17460  -52.173  -54.997  8.489 0.0000000000
17552  -50.929  -54.919  4.370 0.0000000000
17511  -50.418  -55.167  6.351 0.0000000000
17532  -51.167  -55.215  5.477 0.0000000000
17533  -51.890  -55.328  5.773 0.0000000000
17553  -51.857  -55.151  4.617 0.0000000000
17554  -52.425  -55.112  4.237 0.0000000000
17570  -52.187  -54.738  3.552 0.0000000000
19677  -52.014  -53.207  0.667 0.0000000000
18662  -52.651  -53.540  0.550 0.0000000000
18684  -52.520  -53.854  -0.525 0.0000000000
24711  -57.939  -47.401  10.353 0.0000000000
25803  -58.720  -47.501  10.815 0.0000000000
25828  -58.475  -47.457  10.035 0.0000000000
25829  -58.758  -47.576  10.118 0.0000000000
25857  -59.020  -47.549  9.254 0.0000000000
28867  -47.663  -42.954  7.736 0.0000000000
29839  -47.705  -42.311  7.368 0.0000000000
14711  -52.268  -57.443  10.081 0.0000000000
18570  -54.137  -55.417  7.290 0.0000000000
17516  -54.179  -55.646  6.591 0.0000000000
17535  -53.851  -55.586  6.106 0.0000000000
17574  -53.830  -55.869  4.013 0.0000000000
17593  -53.752  -55.826  3.387 0.0000000000
16641  -53.320  -55.581  2.522 0.0000000000
17618  -53.375  -55.456  2.663 0.0000000000
17617  -53.419  -54.793  2.234 0.0000000000
20433  -57.088  -51.470  15.465 0.0000000000
20434  -57.836  -51.360  15.298 0.0000000000
20435  -58.387  -51.067  15.001 0.0000000000
19466  -57.882  -51.617  14.895 0.0000000000
21462  -58.847  -49.802  13.082 0.0000000000
21461  -57.989  -50.393  13.116 0.0000000000
20499  -56.614  -51.902  13.725 0.0000000000
18458  -55.855  -52.772  13.501 0.0000000000
17365  -54.892  -53.912  12.543 0.0000000000
18432  -55.450  -52.488  13.697 0.0000000000
18456  -54.633  -53.602  13.109 0.0000000000
17363  -54.097  -54.319  12.478 0.0000000000
19460  -53.660  -52.469  15.507 0.0000000000
23493  -52.785  -49.051  13.833 0.0000000000
23522  -53.135  -48.717  13.227 0.0000000000
23539  -54.376  -48.401  12.538 0.0000000000
23540  -55.143  -48.280  12.391 0.0000000000
23554  -54.511  -48.201  11.689 0.0000000000
24707  -54.371  -47.878  10.747 0.0000000000
24668  -47.148  -47.871  11.606 0.0000000000
24652  -47.600  -48.265  12.182 0.0000000000
24700  -47.643  -47.646  10.920 0.0000000000
24701  -48.456  -47.836  10.847 0.0000000000
25826  -48.694  -47.530  10.340 0.0000000000
27937  -49.837  -44.776  8.107 0.0000000000
25863  -52.378  -46.629  8.580 0.0000000000
26940  -52.360  -46.010  8.018 0.0000000000
26954  -53.901  -45.419  6.876 0.0000000000
15583  -54.760  -55.976  11.750 0.0000000000
14689  -54.305  -56.285  11.067 0.0000000000
14714  -54.090  -56.395  10.812 0.0000000000
14762  -53.669  -56.627  8.943 0.0000000000
14785  -53.216  -56.618  7.678 0.0000000000
14828  -52.369  -57.177  4.309 0.0000000000
17529  -48.610  -54.854  5.362 0.0000000000
16549  -49.246  -55.144  6.174 0.0000000000
17510  -49.517  -54.993  6.658 0.0000000000
16564  -49.826  -55.179  5.566 0.0000000000
17589  -52.035  -54.272  2.816 0.0000000000
19664  -51.637  -53.144  1.363 0.0000000000
24607  -57.825  -48.042  13.791 0.0000000000
23499  -59.023  -48.579  14.502 0.0000000000
24637  -59.331  -48.358  13.137 0.0000000000
22486  -59.546  -49.606  12.833 0.0000000000
25789  -59.040  -47.606  11.492 0.0000000000
23541  -59.587  -48.681  12.342 0.0000000000
21483  -59.909  -50.098  12.479 0.0000000000
21482  -59.422  -50.049  12.407 0.0000000000
22493  -58.321  -49.937  11.944 0.0000000000
22492  -57.578  -49.948  11.788 0.0000000000
20428  -52.118  -51.522  15.431 0.0000000000
22471  -51.430  -49.432  14.519 0.0000000000
23492  -51.793  -49.083  13.837 0.0000000000
23536  -51.539  -48.455  12.602 0.0000000000
24655  -51.725  -48.289  12.057 0.0000000000
26929  -47.149  -45.598  9.360 0.0000000000
27923  -48.191  -44.923  8.804 0.0000000000
28868  -48.370  -43.375  7.715 0.0000000000
28871  -51.336  -43.967  6.950 0.0000000000
17466  -54.755  -56.012  10.026 0.0000000000
15644  -54.312  -56.364  8.178 0.0000000000
16540  -54.563  -56.102  8.108 0.0000000000
15672  -54.181  -56.212  6.295 0.0000000000
14831  -53.246  -56.312  5.060 0.0000000000
14841  -53.122  -56.703  4.200 0.0000000000
15712  -52.204  -56.485  2.491 0.0000000000
16657  -53.027  -55.278  1.275 0.0000000000
15771  -51.823  -56.239  -0.303 0.0000000000
14925  -51.710  -56.689  -1.636 0.0000000000
15778  -52.118  -56.298  -1.856 0.0000000000
15786  -52.306  -56.044  -2.179 0.0000000000
14596  -54.993  -55.536  14.546 0.0000000000
15539  -54.004  -56.098  13.329 0.0000000000
14614  -55.092  -55.506  14.011 0.0000000000
15541  -55.221  -55.487  13.458 0.0000000000
15542  -55.568  -55.036  13.393 0.0000000000
16451  -55.965  -54.213  14.048 0.0000000000
15571  -55.479  -55.204  12.662 0.0000000000
16483  -55.455  -55.212  12.033 0.0000000000
16495  -55.075  -55.403  11.302 0.0000000000
17439  -55.099  -55.302  11.039 0.0000000000
23469  -60.006  -49.310  15.033 0.0000000000
20436  -58.829  -50.392  14.906 0.0000000000
20474  -57.980  -51.116  13.938 0.0000000000
20501  -57.075  -51.973  13.824 0.0000000000
18487  -55.903  -53.384  13.517 0.0000000000
17420  -55.412  -54.339  12.652 0.0000000000
18520  -54.823  -54.969  10.835 0.0000000000
18540  -54.082  -56.024  9.976 0.0000000000
18519  -54.422  -55.052  9.940 0.0000000000
18518  -53.947  -55.031  9.690 0.0000000000
17393  -54.566  -54.386  11.925 0.0000000000
17437  -54.038  -54.871  9.988 0.0000000000
18537  -54.122  -55.085  8.007 0.0000000000
17463  -53.989  -55.067  8.185 0.0000000000
16537  -52.964  -55.067  7.157 0.0000000000
17492  -52.950  -55.044  7.602 0.0000000000
15508  -54.985  -55.398  15.084 0.0000000000
18385  -55.765  -53.195  15.514 0.0000000000
18384  -55.100  -53.324  15.491 0.0000000000
19462  -55.637  -52.422  15.547 0.0000000000
19463  -56.528  -52.372  15.489 0.0000000000
21430  -56.724  -50.574  15.421 0.0000000000
22449  -57.302  -49.723  15.182 0.0000000000
23465  -56.835  -49.028  14.683 0.0000000000
21427  -53.579  -50.699  15.299 0.0000000000
22446  -54.022  -49.928  14.999 0.0000000000
22474  -54.478  -49.353  14.451 0.0000000000
22447  -55.080  -49.812  15.066 0.0000000000
22475  -55.524  -49.184  14.517 0.0000000000
23497  -57.317  -48.480  14.290 0.0000000000
24634  -57.347  -47.771  13.023 0.0000000000
24678  -57.128  -47.583  11.374 0.0000000000
24676  -55.701  -47.989  11.649 0.0000000000
24677  -56.305  -47.769  11.494 0.0000000000
24710  -57.339  -47.437  10.489 0.0000000000
25852  -56.844  -47.201  8.992 0.0000000000
23549  -48.882  -48.434  12.055 0.0000000000
23534  -49.468  -48.539  12.684 0.0000000000
24672  -51.339  -48.218  11.478 0.0000000000
25848  -48.897  -46.973  9.648 0.0000000000
25861  -50.293  -46.358  8.851 0.0000000000
25849  -50.049  -47.038  9.409 0.0000000000
24724  -50.783  -47.570  9.993 0.0000000000
24704  -51.503  -47.968  10.685 0.0000000000
24727  -53.736  -47.522  9.807 0.0000000000
24743  -54.109  -47.284  9.022 0.0000000000
24744  -55.109  -47.279  9.003 0.0000000000
14669  -53.575  -56.531  12.390 0.0000000000
14713  -53.219  -56.618  11.052 0.0000000000
14712  -52.742  -56.905  10.422 0.0000000000
15609  -52.825  -56.740  9.270 0.0000000000
14759  -52.230  -57.362  8.770 0.0000000000
14782  -51.671  -57.751  7.563 0.0000000000
14786  -53.691  -56.611  7.732 0.0000000000
14805  -52.865  -56.842  6.586 0.0000000000
14817  -52.385  -57.264  5.178 0.0000000000
25872  -58.987  -47.353  8.854 0.0000000000
22552  -59.063  -49.630  10.441 0.0000000000
22519  -58.259  -49.798  11.103 0.0000000000
21480  -56.948  -50.237  12.468 0.0000000000
21458  -55.387  -50.661  13.040 0.0000000000
19509  -54.192  -52.170  13.545 0.0000000000
18455  -53.956  -53.791  13.071 0.0000000000
17362  -53.403  -54.442  12.388 0.0000000000
17361  -52.559  -54.471  12.347 0.0000000000
17390  -52.857  -54.799  11.442 0.0000000000
17415  -52.883  -55.010  10.554 0.0000000000
17434  -52.527  -55.161  9.520 0.0000000000
16552  -52.704  -55.331  6.468 0.0000000000
17488  -49.942  -54.871  7.464 0.0000000000
17489  -50.925  -55.005  7.464 0.0000000000
17459  -51.382  -54.903  8.439 0.0000000000
17490  -51.813  -55.057  7.535 0.0000000000
17513  -52.252  -55.243  6.694 0.0000000000
16580  -52.518  -55.390  5.096 0.0000000000
17591  -53.046  -54.681  2.838 0.0000000000
18645  -53.228  -54.147  2.065 0.0000000000
18644  -52.638  -53.595  1.606 0.0000000000
13816  -51.776  -57.765  8.873 0.0000000000
13829  -51.340  -58.188  7.648 0.0000000000
13844  -51.891  -57.644  5.576 0.0000000000
13875  -51.533  -57.655  4.243 0.0000000000
13876  -52.004  -57.421  4.331 0.0000000000
13891  -51.399  -57.492  3.685 0.0000000000
14597  -55.370  -55.249  14.380 0.0000000000
14613  -54.360  -55.689  14.081 0.0000000000
14615  -55.409  -55.206  14.187 0.0000000000
14637  -54.695  -55.661  13.708 0.0000000000
14638  -54.957  -55.639  13.601 0.0000000000
14668  -53.110  -56.654  12.373 0.0000000000
14688  -53.461  -56.590  11.827 0.0000000000
14690  -54.501  -56.167  11.338 0.0000000000
14715  -54.480  -56.136  10.994 0.0000000000
14736  -52.543  -57.024  9.351 0.0000000000
14738  -53.887  -56.463  10.019 0.0000000000
14783  -52.000  -57.538  7.860 0.0000000000
14787  -53.926  -56.555  7.474 0.0000000000
14808  -54.025  -56.433  6.736 0.0000000000
14819  -52.937  -56.709  5.687 0.0000000000
14821  -53.940  -56.326  6.069 0.0000000000
14829  -52.727  -56.807  4.676 0.0000000000
14832  -53.922  -56.154  5.647 0.0000000000
14842  -53.114  -56.575  4.245 0.0000000000
14926  -52.059  -56.487  -2.166 0.0000000000
15519  -54.322  -55.776  13.613 0.0000000000
15520  -55.351  -55.282  13.960 0.0000000000
15581  -53.768  -56.506  11.272 0.0000000000
15584  -55.176  -55.502  11.945 0.0000000000
15594  -52.874  -56.711  9.681 0.0000000000
15596  -53.937  -56.449  10.646 0.0000000000
15597  -54.598  -56.024  10.813 0.0000000000
15610  -53.113  -56.619  9.264 0.0000000000
15612  -54.462  -56.149  9.851 0.0000000000
15627  -53.028  -56.637  8.910 0.0000000000
15628  -53.328  -56.617  9.049 0.0000000000
15629  -54.402  -56.257  9.005 0.0000000000
15658  -54.488  -56.440  7.355 0.0000000000
15670  -52.720  -56.795  5.159 0.0000000000
15671  -52.833  -56.636  5.226 0.0000000000
15684  -52.728  -56.896  5.058 0.0000000000
15715  -53.595  -56.161  3.102 0.0000000000
15716  -54.075  -55.966  3.325 0.0000000000
15742  -53.069  -55.723  2.477 0.0000000000
15785  -52.338  -55.644  -1.769 0.0000000000
15793  -52.266  -56.147  -2.723 0.0000000000
16414  -55.539  -54.678  15.189 0.0000000000
16428  -56.413  -54.104  14.586 0.0000000000
16449  -54.998  -55.698  13.121 0.0000000000
16450  -55.119  -55.639  12.921 0.0000000000
16474  -54.883  -55.768  12.906 0.0000000000
16475  -54.972  -55.731  12.724 0.0000000000
16492  -52.146  -55.297  10.028 0.0000000000
16494  -53.227  -55.126  10.310 0.0000000000
16503  -52.211  -55.233  9.695 0.0000000000
16504  -52.387  -55.283  9.904 0.0000000000
16505  -53.410  -55.309  9.873 0.0000000000
16506  -53.426  -55.066  10.148 0.0000000000
16507  -54.542  -56.099  9.427 0.0000000000
16520  -53.523  -55.039  7.824 0.0000000000
16521  -54.123  -54.798  8.169 0.0000000000
16522  -54.447  -54.664  8.090 0.0000000000
16523  -54.516  -56.074  8.847 0.0000000000
16524  -54.609  -56.051  9.709 0.0000000000
16538  -53.843  -55.095  7.587 0.0000000000
16539  -54.356  -54.804  8.005 0.0000000000
16550  -49.748  -55.221  6.055 0.0000000000
16553  -52.913  -55.174  6.714 0.0000000000
16562  -48.941  -55.134  5.920 0.0000000000
16563  -49.321  -55.141  5.683 0.0000000000
16565  -52.431  -55.395  5.896 0.0000000000
16581  -52.844  -55.434  5.319 0.0000000000
16595  -53.066  -55.439  4.661 0.0000000000
16596  -53.244  -55.603  4.874 0.0000000000
16616  -53.633  -55.852  2.964 0.0000000000
16617  -53.796  -55.915  3.154 0.0000000000
16639  -52.500  -55.982  1.937 0.0000000000
16642  -53.550  -55.724  2.948 0.0000000000
17342  -56.170  -54.063  14.053 0.0000000000
17394  -55.634  -54.831  13.054 0.0000000000
17418  -54.532  -54.763  11.114 0.0000000000
17419  -55.369  -54.739  12.009 0.0000000000
17433  -51.851  -55.075  9.362 0.0000000000
17435  -53.096  -55.140  9.472 0.0000000000
17464  -54.620  -54.543  8.314 0.0000000000
17465  -54.761  -56.077  8.718 0.0000000000
17493  -54.240  -54.983  7.619 0.0000000000
17494  -54.660  -54.596  7.976 0.0000000000
17495  -54.826  -56.004  8.076 0.0000000000
17509  -48.727  -54.930  6.451 0.0000000000
17514  -52.725  -55.205  7.020 0.0000000000
17515  -53.969  -55.208  7.103 0.0000000000
17530  -49.567  -54.970  5.054 0.0000000000
17531  -50.321  -55.138  5.254 0.0000000000
17534  -53.880  -55.227  6.620 0.0000000000
17536  -54.109  -55.827  5.939 0.0000000000
17555  -53.474  -55.731  5.212 0.0000000000
17556  -53.898  -55.995  4.984 0.0000000000
17571  -52.685  -54.907  3.600 0.0000000000
17590  -52.547  -54.429  2.863 0.0000000000
17594  -54.145  -55.959  3.828 0.0000000000
17619  -53.685  -55.681  3.131 0.0000000000
17643  -53.380  -55.380  2.148 0.0000000000
18431  -54.844  -52.751  13.620 0.0000000000
18457  -55.146  -53.321  13.345 0.0000000000
18505  -55.493  -53.943  12.920 0.0000000000
18517  -54.009  -55.098  9.015 0.0000000000
18538  -54.155  -55.226  8.564 0.0000000000
18556  -54.289  -55.104  7.849 0.0000000000
18571  -54.066  -55.452  6.812 0.0000000000
18572  -53.812  -56.135  6.983 0.0000000000
18582  -54.105  -55.043  7.052 0.0000000000
18583  -53.882  -54.891  6.744 0.0000000000
18663  -53.253  -54.232  1.218 0.0000000000
19510  -54.957  -52.045  13.633 0.0000000000
19512  -55.854  -52.100  13.585 0.0000000000
19535  -55.761  -53.252  13.420 0.0000000000
19563  -55.704  -53.408  13.355 0.0000000000
19665  -52.255  -53.350  1.019 0.0000000000
20448  -58.302  -51.089  14.643 0.0000000000
21446  -59.421  -49.968  14.219 0.0000000000
21515  -59.627  -50.227  11.783 0.0000000000
21538  -59.690  -50.262  10.782 0.0000000000
22450  -58.335  -49.741  15.148 0.0000000000
22451  -59.358  -49.694  15.079 0.0000000000
22452  -60.041  -49.905  14.808 0.0000000000
22476  -56.191  -49.048  14.584 0.0000000000
22477  -59.452  -49.834  14.015 0.0000000000
22484  -58.311  -50.043  12.536 0.0000000000
22494  -58.924  -49.879  12.285 0.0000000000
22496  -59.820  -48.835  11.129 0.0000000000
22521  -60.271  -49.517  10.681 0.0000000000
22553  -60.267  -49.435  10.016 0.0000000000
22554  -60.260  -49.011  10.200 0.0000000000
22575  -60.289  -48.885  9.548 0.0000000000
23468  -59.526  -48.968  15.009 0.0000000000
23542  -59.636  -48.574  11.405 0.0000000000
23551  -50.456  -48.369  11.770 0.0000000000
23555  -55.229  -48.168  11.757 0.0000000000
23556  -59.539  -48.499  10.687 0.0000000000
23581  -55.359  -48.051  11.367 0.0000000000
24608  -58.718  -47.933  13.926 0.0000000000
24609  -59.173  -48.342  13.857 0.0000000000
24610  -59.042  -48.765  13.691 0.0000000000
24653  -50.787  -48.336  12.008 0.0000000000
24656  -55.615  -48.109  12.182 0.0000000000
24657  -56.135  -47.920  12.231 0.0000000000
24662  -59.434  -48.107  11.629 0.0000000000
24671  -50.831  -48.285  11.616 0.0000000000
24680  -58.583  -47.468  11.256 0.0000000000
24681  -59.158  -47.734  11.300 0.0000000000
24732  -57.908  -47.366  9.915 0.0000000000
24733  -59.350  -47.858  9.310 0.0000000000
24746  -56.596  -47.212  8.976 0.0000000000
25788  -58.885  -47.528  11.476 0.0000000000
25802  -58.359  -47.434  10.642 0.0000000000
25804  -59.028  -47.603  11.085 0.0000000000
25827  -58.062  -47.370  10.160 0.0000000000
25830  -59.045  -47.711  9.963 0.0000000000
25871  -58.898  -47.237  8.586 0.0000000000
26928  -46.219  -45.475  9.512 0.0000000000
