#!ascii label  , from subject 3002 vox2ras=TkReg
2239
10310  -48.623  -60.913  -1.252 0.1000000015
9502  -47.892  -61.142  -2.135 0.1000000015
7989  -47.019  -63.755  -3.101 0.1000000015
8717  -47.011  -62.672  -3.231 0.1000000015
8738  -46.190  -63.160  -4.056 0.1000000015
9539  -46.178  -62.410  -4.127 0.1000000015
8757  -45.448  -63.664  -4.767 0.1000000015
9558  -45.791  -62.823  -5.276 0.1000000015
9573  -45.734  -62.806  -6.625 0.1000000015
9557  -45.187  -63.361  -5.916 0.1000000015
9572  -45.196  -63.512  -6.820 0.1000000015
9586  -45.556  -63.472  -7.358 0.1000000015
8772  -44.644  -63.800  -6.613 0.1000000015
8780  -45.675  -63.857  -8.029 0.1000000015
8811  -45.727  -63.469  -9.297 0.1000000015
8779  -44.935  -64.064  -7.494 0.1000000015
8064  -45.415  -64.094  -8.504 0.1000000015
8063  -44.955  -64.363  -8.255 0.1000000015
11174  -49.504  -59.382  -1.734 0.1000000015
10330  -48.509  -60.618  -1.885 0.1000000015
11173  -49.090  -59.877  -1.559 0.1000000015
10342  -47.620  -61.359  -2.642 0.1000000015
11185  -49.075  -59.829  -2.554 0.1000000015
10365  -48.317  -60.410  -3.153 0.1000000015
10364  -47.501  -61.151  -3.257 0.1000000015
11205  -47.924  -60.558  -3.758 0.1000000015
10378  -46.203  -61.996  -4.765 0.1000000015
11232  -47.005  -61.176  -5.242 0.1000000015
10397  -46.400  -62.015  -6.074 0.1000000015
9587  -46.272  -62.966  -7.634 0.1000000015
12129  -44.593  -60.823  -5.928 0.1000000015
11255  -44.412  -61.260  -7.469 0.1000000015
12154  -45.041  -60.681  -7.696 0.1000000015
12165  -45.317  -60.594  -8.338 0.1000000015
11284  -45.709  -61.722  -9.551 0.1000000015
10442  -46.025  -62.027  -9.596 0.1000000015
9628  -46.621  -62.415  -9.310 0.1000000015
9603  -46.832  -62.785  -8.494 0.1000000015
8805  -46.196  -63.393  -9.082 0.1000000015
8781  -46.283  -63.427  -8.227 0.1000000015
13980  -49.967  -57.977  -0.384 0.1000000015
14005  -50.858  -57.952  -1.893 0.2000000030
13981  -50.603  -57.817  -1.176 0.2000000030
12985  -49.950  -58.663  -1.109 0.1000000015
14019  -50.977  -57.896  -2.542 0.1000000015
13047  -50.515  -58.440  -2.912 0.1000000015
13010  -50.211  -58.502  -1.669 0.1000000015
12096  -49.653  -59.231  -2.806 0.1000000015
14868  -45.053  -57.357  1.432 0.1000000015
12122  -49.611  -59.201  -4.282 0.1000000015
11222  -48.894  -59.662  -4.498 0.1000000015
11221  -48.281  -60.234  -4.429 0.1000000015
14893  -44.426  -57.704  0.740 0.1000000015
13947  -44.748  -58.091  0.010 0.1000000015
13977  -45.308  -58.318  -0.675 0.1000000015
14016  -45.830  -58.727  -2.388 0.1000000015
14027  -46.278  -58.773  -2.821 0.1000000015
13045  -46.009  -59.131  -3.366 0.1000000015
11235  -49.131  -59.503  -4.851 0.1000000015
12131  -48.457  -59.953  -5.415 0.1000000015
10407  -46.526  -62.014  -6.982 0.1000000015
14002  -45.503  -58.539  -1.571 0.1000000015
13029  -45.257  -59.147  -2.724 0.1000000015
13058  -45.568  -59.538  -4.654 0.1000000015
13059  -46.588  -59.054  -4.264 0.1000000015
13072  -46.964  -59.242  -5.362 0.1000000015
13085  -46.865  -59.538  -6.751 0.1000000015
11256  -46.856  -61.537  -6.696 0.1000000015
10408  -47.161  -62.158  -7.737 0.1000000015
13044  -44.946  -59.590  -3.417 0.1000000015
12121  -45.216  -59.932  -5.429 0.1000000015
13084  -46.156  -59.843  -7.259 0.1000000015
14054  -48.333  -59.074  -9.362 0.1000000015
11287  -48.067  -61.320  -9.816 0.1000000015
12141  -45.462  -60.248  -6.950 0.1000000015
12155  -45.726  -60.176  -7.848 0.1000000015
12156  -46.125  -59.908  -8.203 0.1000000015
12177  -46.899  -60.203  -9.836 0.1000000015
10421  -48.095  -62.348  -8.910 0.1000000015
9588  -46.899  -62.785  -8.191 0.1000000015
13982  -51.192  -57.413  -1.586 0.1000000015
14918  -51.259  -57.009  -0.927 0.2000000030
14916  -50.504  -57.313  0.090 0.1000000015
15740  -51.604  -56.542  1.325 0.2000000030
14874  -50.965  -56.904  1.616 0.2000000030
14006  -51.391  -57.427  -2.144 0.1000000015
14020  -51.414  -57.359  -2.795 0.1000000015
16610  -44.146  -55.156  2.875 0.1000000015
15736  -44.531  -56.796  2.162 0.1000000015
13061  -50.492  -58.678  -3.941 0.1000000015
13060  -49.988  -58.750  -4.319 0.1000000015
13089  -49.514  -59.185  -5.162 0.1000000015
14894  -45.380  -57.730  0.535 0.1000000015
13978  -45.859  -58.313  -1.107 0.1000000015
14003  -46.256  -58.321  -1.620 0.1000000015
12132  -49.001  -59.547  -5.198 0.1000000015
14004  -46.860  -58.161  -1.950 0.1000000015
14028  -46.738  -58.647  -3.152 0.1000000015
14043  -47.922  -58.754  -4.991 0.1000000015
13086  -47.789  -59.485  -5.880 0.1000000015
12157  -47.688  -60.771  -7.456 0.1000000015
11245  -47.788  -60.333  -5.794 0.1000000015
13100  -48.272  -60.151  -8.230 0.1000000015
10409  -48.111  -62.519  -8.030 0.1000000015
17664  -53.163  -54.831  0.571 0.1000000015
16666  -52.963  -55.113  0.588 0.1000000015
15777  -52.189  -55.906  -1.315 0.1000000015
16665  -52.597  -55.335  0.000 0.1000000015
15771  -51.823  -56.239  -0.303 0.1000000015
16656  -52.417  -55.807  1.013 0.2000000030
15761  -51.904  -56.267  0.744 0.2000000030
15741  -52.158  -56.214  1.492 0.2000000030
15712  -52.204  -56.485  2.491 0.2000000030
14933  -51.759  -56.873  -2.430 0.1000000015
15786  -52.306  -56.044  -2.179 0.1000000015
14944  -52.067  -56.388  -2.904 0.1000000015
14952  -51.342  -57.097  -3.893 0.1000000015
15708  -44.936  -55.985  2.621 0.1000000015
15709  -46.078  -55.799  2.509 0.1000000015
15738  -47.477  -56.441  1.566 0.1000000015
14942  -51.416  -57.235  -3.419 0.1000000015
14960  -50.363  -57.400  -5.025 0.1000000015
17585  -44.357  -54.144  2.872 0.1000000015
14869  -46.161  -57.354  1.261 0.1000000015
14914  -47.364  -57.443  -0.847 0.1000000015
14923  -47.483  -57.762  -1.835 0.1000000015
14931  -47.848  -57.798  -2.739 0.1000000015
14940  -48.795  -57.300  -3.916 0.1000000015
14950  -49.027  -57.601  -4.756 0.1000000015
14959  -49.470  -57.044  -5.382 0.1000000015
13088  -49.256  -58.947  -5.438 0.1000000015
17584  -43.441  -54.343  2.648 0.1000000015
14035  -47.083  -58.665  -3.878 0.1000000015
14949  -48.414  -57.818  -4.257 0.1000000015
14047  -48.226  -58.867  -5.428 0.1000000015
14048  -48.787  -58.621  -5.468 0.1000000015
13087  -48.724  -59.068  -5.554 0.1000000015
17583  -42.481  -54.454  2.343 0.1000000015
18638  -42.620  -53.532  1.580 0.1000000015
18637  -41.634  -53.898  1.349 0.1000000015
18657  -42.648  -53.188  0.614 0.1000000015
18685  -53.129  -54.113  0.158 0.1000000015
17663  -52.791  -54.637  -0.452 0.1000000015
18684  -52.520  -53.854  -0.525 0.1000000015
17679  -52.312  -54.584  -1.338 0.1000000015
17642  -53.456  -55.064  1.650 0.1000000015
16657  -53.027  -55.278  1.275 0.1000000015
16640  -52.856  -55.667  2.034 0.2000000030
18705  -52.065  -54.055  -1.065 0.1000000015
16680  -52.242  -55.424  -2.241 0.1000000015
16672  -52.446  -55.238  -1.215 0.1000000015
16615  -52.714  -55.882  2.257 0.2000000030
17662  -51.579  -54.060  -1.009 0.1000000015
17692  -51.913  -54.857  -2.006 0.1000000015
19644  -44.225  -52.636  2.340 0.1000000015
18618  -44.628  -53.207  2.640 0.1000000015
17586  -45.329  -54.025  2.828 0.1000000015
16612  -46.073  -54.804  2.697 0.1000000015
15710  -46.819  -55.351  2.398 0.1000000015
17661  -51.060  -54.147  -0.844 0.1000000015
17690  -51.093  -54.936  -2.034 0.1000000015
16688  -51.895  -55.788  -3.164 0.1000000015
15801  -51.540  -56.441  -3.589 0.1000000015
16611  -45.166  -55.016  2.885 0.1000000015
15757  -47.996  -56.929  -0.110 0.1000000015
15758  -49.038  -55.991  0.221 0.1000000015
15768  -48.742  -56.763  -1.205 0.1000000015
16685  -49.935  -56.120  -3.533 0.1000000015
16686  -50.445  -56.089  -3.876 0.1000000015
15808  -50.910  -56.767  -4.636 0.1000000015
19658  -43.921  -51.950  1.788 0.1000000015
14896  -47.104  -57.405  0.277 0.1000000015
15783  -49.149  -56.882  -3.416 0.1000000015
15784  -49.558  -56.353  -3.106 0.1000000015
15798  -49.809  -56.341  -4.755 0.1000000015
16695  -50.615  -56.367  -4.633 0.1000000015
18617  -43.621  -53.264  2.322 0.1000000015
18616  -43.018  -53.885  2.273 0.1000000015
18639  -43.264  -52.801  1.497 0.1000000015
18658  -43.054  -53.011  0.896 0.1000000015
18680  -42.513  -53.207  -0.266 0.1000000015
18661  -51.992  -53.250  -0.007 0.1000000015
19677  -52.014  -53.207  0.667 0.1000000015
18644  -52.638  -53.595  1.606 0.1000000015
16658  -53.317  -55.327  1.886 0.1000000015
18683  -51.697  -53.732  -0.679 0.1000000015
19676  -51.436  -52.930  0.565 0.1000000015
17617  -53.419  -54.793  2.234 0.1000000015
16641  -53.320  -55.581  2.522 0.1000000015
17640  -50.375  -53.778  -0.078 0.1000000015
17641  -50.955  -53.669  -0.399 0.1000000015
15743  -53.265  -55.800  2.608 0.2000000030
19645  -44.854  -52.199  2.331 0.1000000015
17587  -46.215  -53.896  2.627 0.1000000015
17588  -47.088  -53.826  2.378 0.1000000015
16663  -50.373  -54.820  -0.847 0.1000000015
16671  -50.789  -54.951  -1.733 0.1000000015
17593  -53.752  -55.826  3.387 0.1000000015
16618  -54.008  -56.024  3.518 0.2000000030
18619  -45.551  -53.085  2.626 0.1000000015
16654  -49.041  -54.891  0.784 0.1000000015
15769  -49.671  -55.816  -1.018 0.1000000015
15776  -49.558  -56.174  -2.113 0.1000000015
20644  -43.125  -50.950  0.790 0.1000000015
19673  -43.123  -52.223  0.675 0.1000000015
19686  -43.159  -52.320  -0.522 0.1000000015
18681  -42.966  -52.832  0.071 0.1000000015
18702  -43.251  -52.951  -1.121 0.1000000015
19663  -50.980  -52.381  1.027 0.1000000015
19651  -51.173  -53.130  1.871 0.1000000015
19664  -51.637  -53.144  1.363 0.1000000015
20646  -50.539  -52.033  0.842 0.1000000015
18643  -52.083  -53.519  1.892 0.1000000015
18645  -53.228  -54.147  2.065 0.1000000015
19675  -50.843  -52.549  0.564 0.1000000015
18625  -52.341  -53.837  2.329 0.1000000015
17592  -53.366  -55.274  3.155 0.1000000015
17639  -49.569  -54.120  0.522 0.1000000015
18659  -50.564  -52.870  0.362 0.1000000015
17591  -53.046  -54.681  2.838 0.1000000015
20626  -44.950  -51.133  1.963 0.1000000015
20611  -45.409  -51.720  2.262 0.1000000015
20612  -46.045  -51.354  2.183 0.1000000015
18620  -46.486  -52.979  2.481 0.1000000015
18621  -47.377  -52.814  2.071 0.1000000015
16638  -48.287  -54.924  1.497 0.1000000015
17615  -48.913  -53.746  1.138 0.1000000015
17572  -53.000  -55.169  3.837 0.1000000015
17618  -53.375  -55.456  2.663 0.1000000015
20625  -44.007  -50.762  1.446 0.1000000015
16637  -47.475  -54.860  2.151 0.1000000015
15739  -48.557  -55.628  1.121 0.1000000015
16655  -49.744  -54.855  0.082 0.1000000015
17574  -53.830  -55.869  4.013 0.1000000015
20658  -42.858  -51.523  -0.175 0.1000000015
21674  -42.705  -50.459  -1.368 0.1000000015
20670  -43.240  -51.594  -1.388 0.1000000015
20684  -43.730  -51.241  -2.248 0.1000000015
19650  -50.589  -52.557  1.690 0.1000000015
18623  -50.825  -53.271  2.278 0.1000000015
20632  -50.262  -51.854  1.233 0.1000000015
18624  -51.589  -53.667  2.318 0.1000000015
20645  -50.118  -51.677  0.950 0.1000000015
20616  -49.877  -51.753  1.723 0.1000000015
17589  -52.035  -54.272  2.816 0.1000000015
18626  -52.867  -54.009  2.388 0.1000000015
17616  -49.640  -53.372  0.604 0.1000000015
19662  -49.689  -51.920  0.881 0.1000000015
17570  -52.187  -54.738  3.552 0.1000000015
21654  -44.587  -50.007  1.451 0.1000000015
18640  -48.263  -52.554  1.380 0.1000000015
18641  -49.259  -52.632  0.941 0.1000000015
17554  -52.425  -55.112  4.237 0.1000000015
21655  -45.523  -50.064  1.690 0.1000000015
20627  -45.889  -50.639  1.919 0.1000000015
19647  -46.714  -52.055  2.190 0.1000000015
20614  -47.318  -51.248  1.657 0.1000000015
17614  -47.851  -53.795  1.693 0.1000000015
16594  -52.787  -55.274  4.435 0.1000000015
21665  -43.610  -49.886  1.017 0.1000000015
21668  -42.547  -49.964  0.109 0.1000000015
21664  -42.979  -50.085  0.550 0.1000000015
22719  -42.657  -49.346  -0.467 0.1000000015
20657  -42.544  -50.709  0.006 0.1000000015
22724  -42.605  -49.653  -1.138 0.1000000015
21682  -43.283  -50.526  -2.060 0.1000000015
22725  -43.058  -49.617  -1.700 0.1000000015
21634  -49.006  -50.666  2.488 0.1000000015
20615  -49.390  -51.237  2.261 0.1000000015
19649  -49.822  -52.203  2.264 0.1000000015
18606  -50.336  -53.579  2.863 0.1000000015
21660  -48.979  -50.316  1.847 0.1000000015
17568  -50.598  -54.307  3.488 0.1000000015
20629  -47.705  -50.993  1.577 0.1000000015
21658  -47.974  -50.318  1.542 0.1000000015
20630  -48.488  -50.910  1.530 0.1000000015
20631  -49.397  -51.095  1.505 0.1000000015
17569  -51.461  -54.468  3.370 0.1000000015
22703  -44.126  -49.084  1.320 0.1000000015
22704  -45.189  -49.278  1.646 0.1000000015
21644  -46.550  -50.753  1.765 0.1000000015
19648  -47.483  -51.784  1.696 0.1000000015
19660  -48.180  -51.558  1.439 0.1000000015
17553  -51.857  -55.151  4.617 0.1000000015
16582  -53.268  -55.622  5.329 0.1000000015
22714  -43.510  -49.239  1.009 0.1000000015
22713  -43.050  -49.235  0.437 0.1000000015
23753  -42.748  -48.422  -0.316 0.1000000015
24897  -42.559  -47.533  -1.152 0.1000000015
24898  -43.141  -47.990  -1.690 0.1000000015
18622  -50.234  -52.910  2.359 0.1000000015
17567  -49.803  -54.030  3.521 0.1000000015
17551  -50.085  -54.678  4.306 0.1000000015
23736  -44.798  -48.639  1.939 0.1000000015
22706  -46.952  -49.513  1.645 0.1000000015
23739  -47.384  -49.061  1.794 0.1000000015
22694  -48.462  -49.565  2.354 0.1000000015
23747  -43.366  -48.815  1.071 0.1000000015
23735  -43.491  -48.262  1.688 0.1000000015
22705  -46.112  -49.417  1.750 0.1000000015
21645  -46.949  -50.830  1.635 0.1000000015
23746  -42.800  -48.281  0.706 0.1000000015
24888  -41.772  -47.153  0.418 0.1000000015
24889  -42.262  -47.504  -0.109 0.1000000015
26023  -42.039  -47.049  -0.746 0.1000000015
26022  -41.446  -46.556  -0.454 0.1000000015
26030  -41.871  -46.612  -1.229 0.1000000015
20599  -48.023  -50.966  3.361 0.1000000015
19636  -49.108  -52.030  2.818 0.1000000015
18604  -48.574  -52.946  3.463 0.1000000015
17566  -49.050  -53.782  3.596 0.1000000015
17549  -48.211  -54.073  4.209 0.1000000015
21633  -48.547  -50.134  2.706 0.1000000015
22708  -48.240  -49.401  1.789 0.1000000015
23734  -42.755  -47.970  1.241 0.1000000015
24880  -42.294  -47.652  0.854 0.1000000015
26012  -41.248  -46.648  0.670 0.1000000015
26029  -41.473  -46.406  -1.046 0.1000000015
27103  -41.279  -45.889  -1.341 0.1000000015
19635  -48.359  -51.879  3.311 0.1000000015
18595  -47.801  -53.254  3.930 0.1000000015
22693  -47.892  -49.159  2.643 0.1000000015
23724  -43.387  -48.093  2.590 0.1000000015
23725  -44.453  -48.290  2.526 0.1000000015
23737  -45.826  -48.858  2.011 0.1000000015
23727  -46.444  -48.766  2.384 0.1000000015
22692  -46.834  -49.288  3.178 0.1000000015
24867  -41.641  -47.255  1.950 0.1000000015
24879  -41.736  -47.246  1.188 0.1000000015
26011  -40.806  -46.077  0.144 0.1000000015
26021  -40.916  -46.067  -0.400 0.1000000015
27102  -40.827  -45.571  -0.995 0.1000000015
28087  -40.679  -44.771  -1.272 0.1000000015
20598  -46.957  -51.104  3.890 0.1000000015
21631  -46.321  -50.270  3.641 0.1000000015
21632  -47.523  -50.040  3.365 0.1000000015
24856  -42.736  -47.838  2.358 0.1000000015
23709  -45.154  -48.616  3.145 0.1000000015
23710  -46.177  -48.728  2.952 0.1000000015
24868  -42.498  -47.673  1.728 0.1000000015
27077  -40.245  -45.419  0.405 0.1000000015
28072  -40.093  -44.698  -0.221 0.1000000015
28055  -39.360  -44.300  0.665 0.1000000015
21630  -45.278  -50.032  3.715 0.1000000015
23708  -44.059  -48.571  3.197 0.1000000015
22690  -44.630  -49.408  3.595 0.1000000015
24854  -41.095  -47.393  2.539 0.1000000015
25998  -41.140  -46.831  1.548 0.1000000015
25997  -40.452  -46.155  1.143 0.1000000015
27076  -39.832  -45.056  0.795 0.1000000015
28054  -38.800  -43.765  1.039 0.1000000015
24855  -42.029  -47.710  2.503 0.1000000015
25981  -41.114  -47.050  2.070 0.1000000015
25980  -40.522  -46.788  2.211 0.1000000015
25979  -39.792  -46.082  1.859 0.1000000015
27060  -40.007  -45.524  1.022 0.1000000015
28043  -39.145  -44.647  1.380 0.1000000015
28958  -38.330  -43.294  2.275 0.1000000015
28030  -38.303  -44.162  2.669 0.1000000015
24853  -40.556  -47.234  2.719 0.1000000015
27042  -39.098  -45.519  2.377 0.1000000015
27058  -38.986  -44.894  1.795 0.1000000015
27027  -38.515  -44.988  3.079 0.1000000015
8696  -47.270  -62.467  -2.915 0.1000000015
8023  -46.643  -63.804  -3.573 0.1000000015
9540  -46.527  -62.371  -3.655 0.1000000015
8737  -46.037  -63.128  -4.273 0.1000000015
11204  -47.429  -61.112  -3.729 0.1000000015
9559  -45.959  -62.927  -4.555 0.1000000015
10389  -46.309  -61.930  -5.285 0.1000000015
12097  -49.825  -58.997  -2.237 0.1000000015
10343  -48.113  -60.678  -2.558 0.1000000015
11206  -48.794  -59.811  -3.711 0.1000000015
11220  -47.411  -61.023  -4.348 0.1000000015
11233  -47.833  -60.522  -5.206 0.1000000015
11244  -47.143  -61.198  -6.106 0.1000000015
11267  -44.764  -61.298  -8.614 0.1000000015
12174  -45.850  -60.391  -8.992 0.1000000015
11277  -44.883  -61.574  -9.199 0.1000000015
13030  -50.498  -58.370  -2.231 0.1000000015
14917  -50.834  -57.150  -0.312 0.2000000030
12123  -49.936  -58.927  -3.721 0.1000000015
15737  -45.739  -56.710  2.027 0.1000000015
14895  -46.253  -57.618  0.397 0.1000000015
13046  -46.606  -58.885  -3.672 0.1000000015
13057  -44.782  -59.869  -4.171 0.1000000015
13071  -45.874  -59.724  -6.089 0.1000000015
14042  -47.286  -58.819  -4.561 0.1000000015
13073  -47.747  -59.069  -5.463 0.1000000015
13106  -46.984  -59.546  -8.948 0.1000000015
13107  -47.686  -59.231  -8.658 0.1000000015
11257  -47.219  -61.343  -7.098 0.1000000015
13099  -47.630  -59.965  -7.648 0.1000000015
14925  -51.710  -56.689  -1.636 0.1000000015
15770  -51.324  -56.720  -0.348 0.2000000030
15760  -51.388  -56.584  0.265 0.2000000030
15778  -52.118  -56.298  -1.856 0.1000000015
14046  -50.444  -58.130  -4.609 0.1000000015
12144  -48.877  -59.442  -5.437 0.1000000015
14913  -46.340  -57.925  -0.619 0.1000000015
14018  -47.166  -58.215  -2.563 0.1000000015
14036  -47.839  -58.359  -4.187 0.1000000015
14037  -48.428  -58.223  -4.669 0.1000000015
12142  -47.523  -60.360  -6.554 0.1000000015
16689  -52.238  -55.867  -2.804 0.1000000015
15814  -49.994  -57.228  -5.400 0.1000000015
14924  -48.272  -57.326  -2.102 0.1000000015
15775  -48.962  -56.799  -2.498 0.1000000015
14939  -48.131  -57.794  -3.586 0.1000000015
14941  -49.326  -57.074  -4.289 0.1000000015
14049  -49.236  -58.428  -5.466 0.1000000015
17613  -42.038  -54.079  1.853 0.1000000015
18662  -52.651  -53.540  0.550 0.1000000015
17691  -51.429  -54.905  -2.069 0.1000000015
15714  -53.417  -56.023  2.937 0.2000000030
16679  -51.652  -55.310  -2.635 0.1000000015
17660  -50.616  -54.245  -0.579 0.1000000015
16677  -50.114  -55.873  -2.899 0.1000000015
16678  -50.894  -55.329  -2.634 0.1000000015
16696  -51.054  -56.299  -4.107 0.1000000015
17573  -53.427  -55.570  4.217 0.1000000015
20669  -42.605  -50.959  -0.738 0.1000000015
19697  -43.485  -52.467  -1.250 0.1000000015
18642  -49.967  -52.759  0.536 0.1000000015
20643  -42.742  -50.427  0.383 0.1000000015
19661  -48.908  -51.716  1.222 0.1000000015
23759  -42.910  -48.752  -1.203 0.1000000015
24910  -42.962  -47.328  -1.959 0.1000000015
23711  -46.965  -48.891  2.665 0.1000000015
23521  -52.140  -48.735  13.203 0.5000000000
14592  -52.192  -56.476  15.916 0.5000000000
15504  -52.148  -55.981  15.887 0.5000000000
23536  -51.539  -48.455  12.602 0.5000000000
23493  -52.785  -49.051  13.833 0.5000000000
22472  -52.402  -49.462  14.431 0.5000000000
16411  -53.076  -55.175  15.604 0.5000000000
24672  -51.339  -48.218  11.478 0.5000000000
24655  -51.725  -48.289  12.057 0.5000000000
17300  -53.616  -54.286  15.516 0.5000000000
23537  -52.440  -48.476  12.462 0.5000000000
24673  -52.201  -48.202  11.500 0.5000000000
23538  -53.467  -48.509  12.572 0.5000000000
23552  -52.973  -48.400  11.928 0.4000000060
15508  -54.985  -55.398  15.084 0.5000000000
14596  -54.993  -55.536  14.546 0.5000000000
15509  -55.483  -55.063  14.759 0.5000000000
16415  -55.978  -54.446  14.941 0.5000000000
17324  -56.757  -53.823  15.018 0.5000000000
17323  -56.575  -53.947  14.978 0.5000000000
18411  -56.985  -52.738  14.149 0.4000000060
20501  -57.075  -51.973  13.824 0.4000000060
14565  -48.506  -57.640  16.970 0.1000000015
15486  -51.235  -56.519  16.246 0.5000000000
24654  -51.146  -48.297  12.070 0.5000000000
23520  -51.190  -48.764  13.212 0.5000000000
23492  -51.793  -49.083  13.837 0.5000000000
22444  -52.010  -49.959  14.989 0.4000000060
16410  -52.101  -55.375  15.719 0.5000000000
24703  -50.571  -48.149  10.844 0.5000000000
24724  -50.783  -47.570  9.993 0.5000000000
25849  -50.049  -47.038  9.409 0.5000000000
25850  -50.962  -46.995  9.295 0.5000000000
24704  -51.503  -47.968  10.685 0.5000000000
24725  -51.672  -47.480  9.880 0.3000000119
24705  -52.400  -47.859  10.573 0.5000000000
24674  -53.068  -48.137  11.266 0.4000000060
23553  -53.702  -48.291  11.881 0.4000000060
23495  -54.918  -48.846  13.918 0.6999999881
22474  -54.478  -49.353  14.451 0.5000000000
25851  -51.762  -47.046  9.150 0.3000000119
24706  -53.334  -47.818  10.538 0.3000000119
24675  -53.796  -48.035  11.238 0.4000000060
23523  -54.165  -48.621  13.273 0.5000000000
21428  -54.612  -50.653  15.365 0.6000000238
19460  -53.660  -52.469  15.507 0.6000000238
15507  -54.177  -55.614  15.236 0.3000000119
24726  -52.633  -47.449  9.607 0.3000000119
23540  -55.143  -48.280  12.391 0.4000000060
23496  -56.116  -48.520  14.145 0.5000000000
21429  -55.675  -50.594  15.391 0.6000000238
20432  -56.177  -51.503  15.512 0.6000000238
17302  -55.414  -54.087  15.404 0.5000000000
24707  -54.371  -47.878  10.747 0.4000000060
23580  -54.990  -48.127  11.249 0.4000000060
23525  -56.092  -48.085  13.442 0.5000000000
21430  -56.724  -50.574  15.421 0.5000000000
19463  -56.528  -52.372  15.489 0.5000000000
17303  -56.133  -53.946  15.300 0.5000000000
24728  -54.763  -47.538  9.875 0.4000000060
24708  -55.480  -47.848  10.833 0.4000000060
24658  -56.866  -47.756  12.223 0.5000000000
23497  -57.317  -48.480  14.290 0.5000000000
23466  -57.863  -49.068  14.742 0.4000000060
20433  -57.088  -51.470  15.465 0.5000000000
19464  -57.200  -52.261  15.293 0.5000000000
24677  -56.305  -47.769  11.494 0.4000000060
23498  -58.331  -48.482  14.399 0.5000000000
23467  -58.830  -48.932  15.009 0.4000000060
20435  -58.387  -51.067  15.001 0.4000000060
19465  -57.629  -51.947  15.173 0.5000000000
24636  -58.995  -47.802  13.088 0.5000000000
23500  -59.074  -49.277  14.402 0.4000000060
20436  -58.829  -50.392  14.906 0.4000000060
19487  -57.530  -51.867  14.590 0.4000000060
24637  -59.331  -48.358  13.137 0.3000000119
23526  -59.126  -49.195  13.343 0.4000000060
20475  -58.868  -49.901  13.896 0.3000000119
21462  -58.847  -49.802  13.082 0.3000000119
20473  -57.247  -51.269  13.557 0.3000000119
14563  -47.083  -58.322  16.615 0.1000000015
14564  -47.732  -58.062  16.951 0.1000000015
15482  -47.746  -56.993  16.642 0.1000000015
16391  -48.946  -56.055  16.194 0.4000000060
16392  -49.875  -56.015  16.043 0.4000000060
15485  -50.447  -56.658  16.395 0.4000000060
16393  -50.757  -55.937  16.003 0.5000000000
16408  -50.233  -55.196  15.682 0.4000000060
16409  -51.165  -55.202  15.687 0.5000000000
16394  -51.512  -55.895  15.953 0.5000000000
23535  -50.584  -48.462  12.452 0.5000000000
23519  -50.192  -48.773  13.337 0.5000000000
23491  -50.830  -49.079  13.943 0.5000000000
22471  -51.430  -49.432  14.519 0.4000000060
17298  -51.657  -54.337  15.596 0.5000000000
23579  -50.526  -48.306  11.382 0.5000000000
24723  -49.928  -47.606  10.057 0.5000000000
19459  -52.650  -52.457  15.505 0.6000000238
25861  -50.293  -46.358  8.851 0.4000000060
26938  -50.556  -45.573  8.386 0.2000000030
25862  -51.258  -46.371  8.697 0.3000000119
24742  -53.232  -47.265  9.007 0.3000000119
26939  -51.648  -45.629  8.014 0.3000000119
25863  -52.378  -46.629  8.580 0.3000000119
25885  -52.871  -46.241  8.027 0.4000000060
24743  -54.109  -47.284  9.022 0.4000000060
25864  -53.433  -46.755  8.425 0.3000000119
24744  -55.109  -47.279  9.003 0.4000000060
24709  -56.475  -47.560  10.603 0.4000000060
24710  -57.339  -47.437  10.489 0.4000000060
25865  -54.424  -46.783  8.313 0.3000000119
24745  -56.071  -47.241  8.982 0.3000000119
24711  -57.939  -47.401  10.353 0.3000000119
24659  -57.720  -47.665  12.169 0.4000000060
25828  -58.475  -47.457  10.035 0.3000000119
25789  -59.040  -47.606  11.492 0.3000000119
22486  -59.546  -49.606  12.833 0.4000000060
21463  -59.486  -49.775  13.455 0.3000000119
25829  -58.758  -47.576  10.118 0.2000000030
24713  -59.257  -47.917  10.047 0.2000000030
22495  -60.069  -49.310  11.655 0.3000000119
23589  -59.734  -48.316  9.195 0.1000000015
21539  -60.172  -50.008  10.143 0.2000000030
21482  -59.422  -50.049  12.407 0.4000000060
22629  -57.753  -48.723  7.637 0.1000000015
16405  -47.408  -55.465  15.990 0.1000000015
16390  -47.986  -56.126  16.281 0.1000000015
16406  -48.300  -55.377  15.800 0.2000000030
17296  -49.632  -54.316  15.398 0.5000000000
17297  -50.661  -54.290  15.528 0.4000000060
22470  -50.495  -49.356  14.705 0.4000000060
21424  -50.627  -50.563  15.473 0.4000000060
19457  -50.622  -52.362  15.455 0.5000000000
18380  -51.145  -53.351  15.507 0.5000000000
23578  -50.140  -48.323  11.275 0.5000000000
23550  -49.702  -48.419  11.756 0.5000000000
23534  -49.468  -48.539  12.684 0.4000000060
19458  -51.641  -52.417  15.509 0.4000000060
26931  -48.933  -46.018  9.026 0.4000000060
25848  -48.897  -46.973  9.648 0.4000000060
26936  -48.693  -45.351  8.790 0.4000000060
25860  -49.514  -46.421  9.047 0.5000000000
26937  -49.504  -45.567  8.647 0.4000000060
27936  -48.717  -44.533  8.309 0.3000000119
27937  -49.837  -44.776  8.107 0.3000000119
27953  -50.171  -44.118  7.575 0.2000000030
27939  -51.442  -44.900  7.578 0.2000000030
27954  -51.038  -44.295  7.355 0.3000000119
28871  -51.336  -43.967  6.950 0.1000000015
26952  -51.889  -45.155  7.541 0.3000000119
26953  -52.619  -45.516  7.492 0.3000000119
27955  -51.912  -44.559  7.099 0.2000000030
26954  -53.901  -45.419  6.876 0.2000000030
25866  -55.491  -46.826  8.278 0.2000000030
25867  -56.610  -46.938  8.438 0.2000000030
26955  -55.263  -45.697  6.846 0.2000000030
25853  -57.260  -47.189  9.060 0.2000000030
25888  -55.917  -46.428  7.501 0.2000000030
25889  -56.954  -46.489  7.502 0.1000000015
25856  -58.947  -47.434  9.023 0.2000000030
25857  -59.020  -47.549  9.254 0.2000000030
25914  -57.809  -46.474  6.932 0.1000000015
25891  -58.329  -46.751  7.625 0.1000000015
24771  -59.637  -47.903  8.366 0.1000000015
22604  -60.269  -49.188  8.906 0.1000000015
25916  -58.660  -46.958  6.764 0.1000000015
24769  -58.984  -47.206  7.378 0.1000000015
21579  -60.049  -49.290  7.982 0.1000000015
23681  -58.824  -47.931  7.019 0.1000000015
23634  -58.640  -48.502  7.668 0.1000000015
22646  -57.660  -48.453  7.059 0.1000000015
23656  -57.134  -48.347  6.602 0.1000000015
17294  -47.659  -54.718  15.517 0.3000000119
17295  -48.613  -54.493  15.334 0.3000000119
20423  -47.307  -51.439  14.970 0.3000000119
19454  -47.967  -51.756  14.935 0.3000000119
18378  -48.883  -53.264  15.091 0.3000000119
22440  -48.269  -49.629  15.493 0.3000000119
20425  -49.153  -51.314  15.343 0.3000000119
19456  -49.576  -52.288  15.287 0.5000000000
18379  -50.102  -53.311  15.314 0.5000000000
23518  -49.134  -48.796  13.573 0.4000000060
22469  -49.594  -49.266  14.936 0.5000000000
21423  -49.667  -50.507  15.508 0.4000000060
25847  -47.665  -46.496  9.720 0.4000000060
24701  -48.456  -47.836  10.847 0.4000000060
24670  -48.902  -48.234  11.378 0.5000000000
27922  -47.488  -44.901  8.932 0.4000000060
26930  -48.157  -45.722  9.214 0.4000000060
25825  -48.053  -47.302  10.245 0.5000000000
27935  -47.805  -44.296  8.497 0.4000000060
27923  -48.191  -44.923  8.804 0.4000000060
27934  -46.969  -44.143  8.604 0.4000000060
28863  -47.384  -43.411  8.112 0.3000000119
28868  -48.370  -43.375  7.715 0.3000000119
27952  -49.289  -44.066  7.750 0.3000000119
29841  -49.694  -42.671  6.773 0.1000000015
28870  -50.600  -43.428  6.921 0.1000000015
28883  -51.852  -43.565  6.411 0.1000000015
27956  -52.873  -44.751  6.842 0.2000000030
27976  -52.937  -44.117  6.390 0.2000000030
26973  -54.009  -44.804  6.416 0.2000000030
26975  -55.860  -45.190  6.104 0.1000000015
26976  -57.087  -45.977  6.384 0.1000000015
26977  -57.847  -46.391  6.306 0.1000000015
25936  -58.470  -47.218  6.352 0.1000000015
25935  -58.068  -46.810  5.877 0.1000000015
23679  -57.439  -47.756  6.000 0.1000000015
24810  -57.414  -47.373  5.386 0.1000000015
23678  -56.601  -47.970  5.682 0.1000000015
23677  -55.706  -48.143  5.489 0.1000000015
23694  -55.408  -48.215  4.728 0.1000000015
24827  -54.437  -48.008  4.382 0.1000000015
20446  -46.599  -52.098  14.736 0.3000000119
19482  -46.198  -52.926  14.796 0.2000000030
21420  -46.750  -50.493  15.332 0.3000000119
23464  -48.267  -49.153  15.258 0.4000000060
23487  -47.415  -48.676  14.799 0.3000000119
25824  -47.059  -47.083  10.336 0.3000000119
24700  -47.643  -47.646  10.920 0.4000000060
23533  -48.216  -48.483  12.807 0.4000000060
23516  -47.034  -48.474  14.123 0.3000000119
27921  -46.613  -44.788  9.041 0.3000000119
25846  -46.702  -46.235  9.782 0.3000000119
24651  -46.946  -48.289  12.746 0.4000000060
23532  -47.452  -48.479  13.468 0.4000000060
23515  -46.520  -48.413  14.278 0.3000000119
28862  -46.351  -43.343  8.406 0.3000000119
29827  -46.590  -42.655  7.914 0.3000000119
29838  -46.830  -42.053  7.487 0.3000000119
28867  -47.663  -42.954  7.736 0.3000000119
29839  -47.705  -42.311  7.368 0.3000000119
29840  -48.742  -42.415  6.994 0.2000000030
29849  -49.240  -42.070  6.546 0.1000000015
30860  -49.252  -41.395  6.166 0.1000000015
31879  -49.482  -40.929  5.812 0.1000000015
29842  -50.323  -42.644  6.509 0.1000000015
30870  -50.430  -41.066  5.429 0.1000000015
29851  -50.551  -42.201  6.073 0.1000000015
29852  -51.468  -42.460  5.777 0.1000000015
29853  -52.175  -42.998  5.756 0.1000000015
27977  -53.880  -44.284  5.887 0.2000000030
28885  -53.629  -43.738  5.545 0.2000000030
27991  -53.918  -43.856  5.470 0.2000000030
27978  -54.999  -44.534  5.766 0.1000000015
27992  -54.434  -43.991  5.383 0.1000000015
26993  -55.947  -44.822  5.501 0.1000000015
26994  -56.635  -45.325  5.364 0.1000000015
27994  -56.084  -44.756  5.205 0.1000000015
25934  -57.450  -46.597  5.170 0.1000000015
27016  -57.103  -46.076  4.799 0.1000000015
25955  -57.483  -46.919  5.085 0.1000000015
24829  -57.127  -47.215  4.583 0.1000000015
23695  -56.146  -47.998  4.756 0.1000000015
23714  -56.724  -47.613  3.537 0.1000000015
23713  -56.356  -47.976  3.802 0.1000000015
24828  -55.132  -48.227  4.273 0.1000000015
23712  -55.720  -48.188  4.047 0.1000000015
24843  -55.127  -48.103  3.638 0.1000000015
24842  -54.434  -47.508  3.389 0.1000000015
19453  -45.305  -53.012  15.161 0.2000000030
20421  -45.050  -51.766  15.183 0.2000000030
21418  -44.508  -50.623  15.369 0.2000000030
21419  -45.661  -50.536  15.248 0.3000000119
22438  -46.265  -49.627  15.436 0.3000000119
25801  -47.089  -47.470  10.974 0.3000000119
24668  -47.148  -47.871  11.606 0.3000000119
23486  -46.455  -48.498  14.745 0.3000000119
26928  -46.219  -45.475  9.512 0.3000000119
25845  -46.171  -46.043  9.833 0.3000000119
25823  -45.964  -46.535  10.309 0.3000000119
25800  -46.493  -47.321  11.031 0.3000000119
24667  -46.165  -47.769  11.880 0.3000000119
28861  -45.362  -43.382  8.876 0.3000000119
28851  -45.075  -43.958  9.242 0.3000000119
24650  -45.748  -48.140  12.825 0.3000000119
24630  -46.312  -48.322  13.785 0.2000000030
24605  -46.257  -48.380  14.361 0.2000000030
29825  -44.713  -42.455  8.666 0.2000000030
29826  -45.617  -42.410  8.140 0.2000000030
29837  -46.164  -41.956  7.693 0.3000000119
30848  -47.093  -41.322  7.026 0.3000000119
30849  -48.034  -41.378  6.712 0.2000000030
30850  -48.759  -41.676  6.542 0.1000000015
31877  -48.200  -40.255  6.406 0.2000000030
31878  -48.985  -40.398  5.910 0.1000000015
32929  -49.587  -39.432  5.488 0.1000000015
33870  -50.014  -38.000  5.947 0.1000000015
34951  -51.391  -37.549  5.994 0.1000000015
32930  -50.198  -39.584  5.134 0.1000000015
33902  -50.575  -39.144  4.822 0.1000000015
34965  -51.713  -37.712  4.996 0.1000000015
34953  -53.429  -37.393  5.960 0.1000000015
34954  -54.487  -37.591  6.017 0.1000000015
30871  -50.968  -41.270  5.222 0.1000000015
31890  -50.666  -40.438  5.038 0.1000000015
32962  -51.399  -39.503  3.929 0.1000000015
34983  -51.784  -37.929  4.084 0.1000000015
34985  -53.559  -37.264  4.255 0.1000000015
35997  -53.955  -37.127  4.001 0.1000000015
29865  -51.681  -42.100  5.307 0.1000000015
30872  -51.591  -41.563  4.921 0.1000000015
29866  -52.449  -42.492  5.154 0.1000000015
29867  -53.185  -42.844  5.020 0.2000000030
28903  -53.702  -43.376  5.135 0.1000000015
28904  -54.579  -43.647  4.882 0.1000000015
27993  -55.416  -44.329  5.141 0.1000000015
28009  -56.134  -44.778  4.756 0.1000000015
27015  -56.593  -45.465  4.408 0.1000000015
25954  -57.098  -46.764  4.337 0.1000000015
24844  -56.890  -47.272  3.371 0.1000000015
23730  -56.483  -48.163  2.616 0.1000000015
23729  -55.840  -48.267  3.118 0.1000000015
24581  -43.213  -47.835  15.218 0.2000000030
23460  -44.727  -48.716  15.464 0.2000000030
23462  -46.841  -48.974  15.271 0.3000000119
24601  -42.736  -47.270  14.797 0.2000000030
23459  -43.665  -48.653  15.511 0.2000000030
23461  -45.805  -48.748  15.255 0.3000000119
26911  -45.180  -45.853  10.150 0.3000000119
25822  -44.929  -46.407  10.741 0.3000000119
25799  -45.492  -47.096  11.222 0.3000000119
24666  -45.133  -47.579  12.080 0.3000000119
27919  -44.810  -44.509  9.545 0.3000000119
26926  -44.768  -45.265  9.925 0.3000000119
25821  -44.462  -46.323  10.903 0.3000000119
25798  -44.234  -46.780  11.510 0.3000000119
24649  -44.789  -47.855  12.938 0.3000000119
30834  -43.999  -41.682  8.698 0.2000000030
29810  -44.376  -42.755  9.031 0.3000000119
24629  -45.286  -48.056  13.750 0.2000000030
24604  -45.736  -48.272  14.547 0.2000000030
30835  -44.804  -41.500  8.198 0.2000000030
30836  -45.573  -41.318  7.753 0.2000000030
31852  -44.985  -40.421  7.998 0.2000000030
30847  -46.308  -41.231  7.372 0.3000000119
31863  -45.783  -40.308  7.518 0.3000000119
31865  -47.418  -40.370  6.758 0.2000000030
31864  -46.608  -40.328  7.120 0.3000000119
32903  -47.100  -39.428  7.083 0.2000000030
33867  -48.102  -39.080  6.721 0.2000000030
33868  -48.583  -38.790  6.410 0.1000000015
31907  -51.965  -40.883  3.961 0.1000000015
33921  -51.694  -38.731  3.545 0.1000000015
33922  -52.159  -38.800  2.854 0.1000000015
35004  -52.208  -37.992  3.260 0.1000000015
30873  -52.224  -41.839  4.621 0.1000000015
31924  -52.438  -40.629  3.304 0.1000000015
32981  -52.509  -39.653  2.457 0.1000000015
29885  -52.639  -42.160  4.550 0.1000000015
30891  -52.554  -41.623  4.040 0.1000000015
30892  -53.120  -41.980  3.700 0.1000000015
30917  -52.941  -41.137  2.936 0.1000000015
31941  -52.789  -40.570  2.469 0.1000000015
29886  -53.391  -42.560  4.425 0.1000000015
29887  -54.054  -43.004  4.315 0.1000000015
29911  -53.996  -42.868  3.222 0.1000000015
28945  -54.590  -43.534  3.475 0.1000000015
28927  -54.549  -43.397  4.275 0.1000000015
28905  -55.046  -43.909  4.560 0.1000000015
28928  -55.070  -43.892  4.028 0.1000000015
28022  -55.407  -44.431  3.691 0.1000000015
28008  -55.534  -44.364  4.384 0.1000000015
28023  -56.048  -44.931  4.014 0.1000000015
27033  -56.419  -45.676  3.576 0.1000000015
25733  -40.969  -46.757  15.064 0.3000000119
25755  -41.995  -46.767  14.526 0.3000000119
25756  -42.926  -47.131  14.137 0.3000000119
24602  -43.701  -47.473  14.466 0.2000000030
24603  -44.789  -47.865  14.524 0.2000000030
25773  -42.538  -46.775  13.401 0.3000000119
25757  -43.389  -47.295  13.971 0.3000000119
24627  -43.703  -47.411  13.663 0.3000000119
24583  -45.203  -48.219  15.091 0.2000000030
27903  -43.535  -44.608  10.138 0.3000000119
26909  -43.206  -45.303  10.733 0.3000000119
25797  -43.113  -46.353  11.740 0.3000000119
24648  -43.983  -47.508  12.965 0.3000000119
30815  -43.105  -41.582  9.090 0.2000000030
28834  -42.956  -44.069  10.068 0.3000000119
27902  -42.710  -44.540  10.421 0.3000000119
31850  -43.440  -40.640  8.902 0.2000000030
31851  -44.235  -40.609  8.483 0.2000000030
33847  -46.247  -38.815  8.157 0.3000000119
32902  -46.281  -39.407  7.518 0.2000000030
28033  -54.691  -44.087  2.786 0.1000000015
27032  -55.807  -45.186  3.260 0.1000000015
25953  -56.804  -46.227  3.933 0.1000000015
24577  -39.603  -46.911  15.426 0.1000000015
26854  -39.122  -45.839  14.747 0.2000000030
25732  -39.910  -46.337  14.843 0.3000000119
25754  -40.738  -46.111  14.087 0.3000000119
25771  -40.878  -45.913  13.415 0.3000000119
26895  -42.098  -45.698  11.554 0.3000000119
26886  -41.705  -45.837  12.108 0.3000000119
29784  -42.252  -42.789  9.813 0.3000000119
28833  -42.286  -43.603  10.106 0.3000000119
27901  -41.875  -44.477  10.646 0.3000000119
26907  -41.756  -45.082  11.138 0.3000000119
30814  -42.307  -41.486  9.514 0.2000000030
32885  -43.903  -39.912  8.981 0.1000000015
32887  -45.473  -39.351  8.183 0.2000000030
32854  -44.246  -39.290  9.586 0.1000000015
32855  -45.175  -39.016  9.277 0.2000000030
33818  -46.009  -38.734  8.941 0.2000000030
33819  -46.866  -38.549  8.722 0.3000000119
26864  -40.151  -45.569  13.941 0.3000000119
26874  -40.410  -45.458  13.299 0.3000000119
27882  -40.260  -44.725  12.433 0.3000000119
26893  -40.837  -45.169  12.183 0.3000000119
30784  -40.948  -41.757  10.401 0.3000000119
28832  -41.207  -43.583  10.827 0.3000000119
28809  -40.949  -44.064  11.366 0.3000000119
31796  -41.047  -40.914  10.333 0.2000000030
31824  -41.875  -40.628  9.872 0.2000000030
32826  -42.619  -39.466  10.615 0.1000000015
32827  -43.696  -39.171  10.606 0.1000000015
32828  -45.088  -39.007  10.576 0.1000000015
33791  -45.901  -38.821  9.861 0.1000000015
33792  -46.691  -38.695  9.580 0.1000000015
27877  -39.309  -44.531  13.499 0.3000000119
28770  -38.485  -43.400  13.523 0.2000000030
27881  -39.652  -44.383  12.806 0.3000000119
28788  -39.808  -43.967  12.322 0.3000000119
31795  -40.548  -41.125  10.724 0.2000000030
30764  -39.947  -41.960  11.402 0.3000000119
28808  -40.356  -43.653  11.604 0.3000000119
32801  -40.951  -39.789  11.368 0.2000000030
32800  -40.436  -40.502  11.199 0.2000000030
32784  -42.150  -39.431  12.532 0.1000000015
32802  -41.877  -39.403  11.483 0.1000000015
32772  -42.441  -39.682  13.627 0.1000000015
32803  -42.969  -39.290  11.604 0.1000000015
32804  -44.176  -39.324  11.701 0.1000000015
32829  -46.270  -39.349  11.112 0.1000000015
29745  -38.689  -42.802  12.964 0.2000000030
30747  -39.006  -41.913  12.509 0.2000000030
29746  -39.285  -42.734  12.297 0.2000000030
31760  -39.425  -41.017  12.248 0.2000000030
30763  -39.521  -41.941  11.948 0.2000000030
32770  -40.200  -39.596  13.311 0.1000000015
32782  -40.006  -40.075  12.206 0.2000000030
32771  -41.287  -39.469  13.468 0.1000000015
32785  -43.324  -39.591  12.673 0.1000000015
32805  -45.359  -39.557  11.819 0.1000000015
32806  -46.340  -39.982  12.102 0.1000000015
32773  -43.638  -40.157  13.756 0.1000000015
32786  -44.603  -39.954  12.838 0.1000000015
32787  -45.650  -40.154  12.530 0.1000000015
31747  -44.371  -40.795  13.926 0.1000000015
31762  -44.843  -40.638  13.402 0.1000000015
22473  -53.420  -49.437  14.423 0.4000000060
23522  -53.135  -48.717  13.227 0.5000000000
22445  -52.998  -49.993  14.934 0.4000000060
23494  -53.824  -48.992  13.859 0.5000000000
21426  -52.569  -50.694  15.281 0.5000000000
21425  -51.587  -50.644  15.328 0.4000000060
15506  -53.340  -55.839  15.430 0.5000000000
22446  -54.022  -49.928  14.999 0.5000000000
17299  -52.645  -54.350  15.563 0.5000000000
21427  -53.579  -50.699  15.299 0.6000000238
18383  -54.150  -53.375  15.513 0.5000000000
16412  -53.962  -55.038  15.433 0.3000000119
14595  -54.220  -55.779  14.698 0.5000000000
13675  -52.029  -57.128  16.021 0.5000000000
18382  -53.160  -53.401  15.502 0.5000000000
23539  -54.376  -48.401  12.538 0.4000000060
16413  -54.839  -54.904  15.399 0.4000000060
17304  -56.572  -53.695  15.154 0.5000000000
19486  -57.556  -52.215  15.031 0.4000000060
17343  -56.841  -53.531  14.159 0.4000000060
19466  -57.882  -51.617  14.895 0.4000000060
20474  -57.980  -51.116  13.938 0.3000000119
20449  -58.807  -50.262  14.523 0.4000000060
15483  -48.677  -56.824  16.656 0.2000000030
23554  -54.511  -48.201  11.689 0.3000000119
23524  -55.248  -48.405  13.258 0.4000000060
22447  -55.080  -49.812  15.066 0.6000000238
24727  -53.736  -47.522  9.807 0.4000000060
22475  -55.524  -49.184  14.517 0.6000000238
20430  -54.144  -51.553  15.453 0.6000000238
20429  -53.124  -51.551  15.459 0.6000000238
19461  -54.666  -52.455  15.511 0.5000000000
17301  -54.554  -54.205  15.484 0.5000000000
24676  -55.701  -47.989  11.649 0.4000000060
24632  -55.795  -48.089  12.778 0.4000000060
24606  -56.860  -48.020  13.695 0.5000000000
22448  -56.197  -49.644  15.053 0.6000000238
19462  -55.637  -52.422  15.547 0.5000000000
20431  -55.170  -51.527  15.515 0.5000000000
18385  -55.765  -53.195  15.514 0.5000000000
18384  -55.100  -53.324  15.491 0.5000000000
24633  -56.506  -47.871  12.942 0.5000000000
23465  -56.835  -49.028  14.683 0.5000000000
21431  -57.708  -50.570  15.395 0.4000000060
22449  -57.302  -49.723  15.182 0.5000000000
18386  -56.697  -53.140  15.328 0.5000000000
24729  -55.782  -47.480  9.809 0.4000000060
24678  -57.128  -47.583  11.374 0.5000000000
24634  -57.347  -47.771  13.023 0.5000000000
24607  -57.825  -48.042  13.791 0.5000000000
21432  -58.550  -50.470  15.113 0.4000000060
20434  -57.836  -51.360  15.298 0.5000000000
24635  -58.234  -47.748  13.045 0.5000000000
23499  -59.023  -48.579  14.502 0.4000000060
21433  -59.249  -50.307  14.930 0.4000000060
23469  -60.006  -49.310  15.033 0.4000000060
24661  -59.232  -47.792  12.103 0.4000000060
24660  -58.570  -47.578  12.069 0.4000000060
21434  -59.547  -50.276  14.597 0.4000000060
23490  -49.869  -49.081  14.141 0.5000000000
22443  -51.068  -49.851  15.175 0.4000000060
18381  -52.159  -53.391  15.550 0.5000000000
25826  -48.694  -47.530  10.340 0.5000000000
20428  -52.118  -51.522  15.431 0.5000000000
27938  -50.774  -44.881  7.841 0.2000000030
26940  -52.360  -46.010  8.018 0.3000000119
25886  -53.645  -46.232  7.707 0.3000000119
24730  -56.766  -47.342  9.584 0.3000000119
24679  -57.967  -47.508  11.204 0.3000000119
25852  -56.844  -47.201  8.992 0.3000000119
24731  -57.575  -47.340  9.788 0.3000000119
25803  -58.720  -47.501  10.815 0.3000000119
24712  -59.051  -47.698  10.557 0.3000000119
25854  -57.822  -47.213  9.205 0.2000000030
24682  -59.310  -48.067  10.927 0.3000000119
23541  -59.587  -48.681  12.342 0.4000000060
21483  -59.909  -50.098  12.479 0.4000000060
23582  -59.686  -48.530  9.934 0.2000000030
22522  -60.006  -48.928  10.730 0.3000000119
21516  -60.112  -50.074  11.268 0.2000000030
25872  -58.987  -47.353  8.854 0.2000000030
22574  -60.258  -49.545  9.535 0.2000000030
22602  -58.362  -48.942  8.414 0.1000000015
23658  -58.410  -48.214  7.109 0.1000000015
20426  -50.128  -51.397  15.508 0.4000000060
20427  -51.124  -51.462  15.497 0.5000000000
24702  -49.393  -47.988  10.700 0.5000000000
28869  -49.478  -43.336  7.316 0.1000000015
27975  -52.380  -44.254  6.682 0.2000000030
25887  -54.770  -46.280  7.525 0.2000000030
25868  -57.518  -46.899  8.376 0.2000000030
26974  -54.680  -44.933  6.353 0.2000000030
25869  -58.214  -46.959  8.423 0.2000000030
26956  -56.351  -46.035  6.805 0.1000000015
26957  -56.954  -46.233  6.883 0.1000000015
25890  -57.749  -46.623  7.644 0.1000000015
25870  -58.686  -47.079  8.425 0.2000000030
25892  -58.792  -46.927  7.642 0.1000000015
25893  -59.101  -47.142  8.064 0.1000000015
24770  -59.378  -47.588  7.872 0.1000000015
21566  -59.629  -49.918  8.557 0.1000000015
26978  -58.106  -46.584  6.208 0.1000000015
22662  -59.094  -48.149  7.246 0.1000000015
23605  -58.969  -48.951  8.255 0.1000000015
24812  -58.514  -47.576  6.575 0.1000000015
23680  -58.160  -47.867  6.544 0.1000000015
18376  -47.060  -54.041  15.221 0.3000000119
18377  -47.958  -53.830  14.988 0.3000000119
19483  -46.959  -52.672  14.744 0.3000000119
21421  -47.768  -50.469  15.449 0.3000000119
20424  -48.254  -51.227  15.177 0.3000000119
18407  -47.413  -53.217  14.825 0.3000000119
18409  -48.436  -52.730  14.937 0.3000000119
21422  -48.726  -50.455  15.459 0.3000000119
22441  -49.206  -49.758  15.392 0.3000000119
22468  -48.774  -49.216  15.136 0.3000000119
23517  -48.082  -48.624  14.052 0.4000000060
23489  -48.946  -49.012  14.452 0.4000000060
24669  -48.107  -48.185  11.651 0.4000000060
23549  -48.882  -48.434  12.055 0.4000000060
26929  -47.149  -45.598  9.360 0.4000000060
28864  -48.066  -43.902  8.169 0.3000000119
29828  -47.229  -42.684  7.731 0.3000000119
29850  -49.829  -42.087  6.307 0.1000000015
28882  -50.951  -42.859  6.350 0.1000000015
27957  -53.529  -44.657  6.501 0.2000000030
28884  -52.977  -43.437  5.708 0.2000000030
26995  -57.479  -46.251  5.692 0.1000000015
24811  -58.025  -47.419  5.971 0.1000000015
24830  -57.632  -47.133  5.400 0.1000000015
23696  -56.808  -47.589  4.837 0.1000000015
20445  -45.829  -52.222  14.835 0.2000000030
20422  -46.188  -51.366  14.922 0.2000000030
18375  -46.021  -53.981  15.368 0.2000000030
22439  -47.279  -49.664  15.519 0.3000000119
24652  -47.600  -48.265  12.182 0.4000000060
27920  -45.666  -44.490  9.223 0.3000000119
27933  -46.188  -44.039  8.807 0.3000000119
30861  -49.991  -41.433  5.802 0.1000000015
30859  -48.606  -41.046  6.307 0.1000000015
31888  -49.333  -39.931  5.655 0.1000000015
31889  -49.814  -40.402  5.516 0.1000000015
30862  -50.774  -41.719  5.610 0.1000000015
30863  -51.287  -41.828  5.378 0.1000000015
22437  -45.187  -49.599  15.447 0.2000000030
26927  -45.398  -45.260  9.658 0.3000000119
26912  -45.786  -45.858  9.853 0.3000000119
28860  -44.741  -42.996  9.013 0.3000000119
28850  -44.439  -43.477  9.292 0.3000000119
29824  -44.204  -42.360  8.887 0.3000000119
32915  -48.225  -39.434  6.478 0.1000000015
32916  -48.576  -39.584  6.118 0.1000000015
32928  -49.030  -39.533  5.766 0.1000000015
33883  -49.210  -38.845  5.779 0.1000000015
33884  -50.211  -38.498  5.397 0.1000000015
34964  -50.899  -37.840  5.451 0.1000000015
34952  -52.382  -37.410  5.941 0.1000000015
32944  -50.633  -39.734  4.845 0.1000000015
32945  -50.922  -39.563  4.478 0.1000000015
33885  -50.950  -38.106  5.030 0.1000000015
33903  -51.139  -38.548  4.403 0.1000000015
34966  -52.929  -37.392  5.083 0.1000000015
34984  -52.578  -37.610  4.171 0.1000000015
34967  -53.981  -37.169  5.142 0.1000000015
31891  -51.129  -40.949  4.920 0.1000000015
31906  -51.349  -40.492  4.463 0.1000000015
35003  -51.664  -38.254  3.795 0.1000000015
35005  -53.377  -37.486  3.388 0.1000000015
34968  -54.942  -37.479  5.113 0.1000000015
30890  -51.909  -41.305  4.391 0.1000000015
28926  -54.047  -43.229  4.590 0.1000000015
24580  -42.162  -47.560  15.247 0.2000000030
24600  -42.328  -47.112  14.945 0.3000000119
24582  -44.267  -47.933  15.232 0.2000000030
26910  -44.226  -45.733  10.540 0.3000000119
24665  -44.408  -47.448  12.339 0.3000000119
27918  -44.058  -44.213  9.673 0.3000000119
26897  -43.525  -45.990  11.155 0.3000000119
25787  -43.963  -47.243  12.326 0.3000000119
24628  -44.389  -47.663  13.751 0.3000000119
29809  -43.738  -42.549  9.158 0.3000000119
28849  -43.291  -43.524  9.666 0.3000000119
32963  -52.017  -39.558  3.324 0.1000000015
30905  -52.855  -41.442  3.415 0.1000000015
29898  -53.618  -42.369  3.527 0.1000000015
29899  -54.133  -42.864  3.906 0.1000000015
28946  -55.030  -43.980  3.662 0.1000000015
25734  -41.613  -47.084  15.174 0.3000000119
25772  -41.483  -46.260  13.208 0.3000000119
25786  -43.317  -47.014  12.592 0.3000000119
25785  -42.297  -46.287  12.345 0.3000000119
26908  -42.383  -45.198  10.885 0.3000000119
29808  -42.752  -42.470  9.474 0.3000000119
29807  -42.065  -42.166  9.729 0.3000000119
28848  -42.637  -43.106  9.731 0.3000000119
32886  -44.620  -39.690  8.691 0.2000000030
33848  -46.972  -38.715  7.775 0.2000000030
33849  -47.958  -38.681  7.287 0.2000000030
24558  -39.230  -47.563  15.761 0.1000000015
25753  -40.081  -45.861  14.276 0.3000000119
25784  -41.649  -46.070  12.518 0.3000000119
26885  -41.218  -45.708  12.482 0.3000000119
29783  -41.565  -42.574  10.170 0.3000000119
31825  -42.668  -40.624  9.399 0.2000000030
32853  -43.220  -39.735  9.635 0.2000000030
27872  -38.901  -44.746  14.167 0.3000000119
26873  -39.868  -45.157  13.641 0.3000000119
28831  -40.609  -43.146  11.013 0.3000000119
32823  -40.739  -40.667  10.713 0.2000000030
32825  -41.688  -39.888  10.552 0.2000000030
32852  -42.380  -39.982  9.959 0.2000000030
33783  -45.952  -38.995  10.465 0.1000000015
28787  -39.201  -43.663  12.761 0.3000000119
29756  -39.809  -42.720  11.716 0.3000000119
31779  -39.777  -41.368  11.686 0.2000000030
32783  -41.044  -39.473  12.374 0.1000000015
30746  -38.442  -41.803  13.092 0.2000000030
31759  -38.904  -41.244  12.774 0.2000000030
32774  -44.351  -40.384  13.475 0.1000000015
14612  -53.477  -56.357  14.048 0.3000000119
13717  -51.907  -57.737  12.909 0.3000000119
14634  -52.386  -57.267  13.433 0.3000000119
13814  -48.488  -58.924  8.174 0.2000000030
13826  -47.197  -58.552  6.938 0.2000000030
13736  -51.401  -58.311  12.257 0.4000000060
13757  -50.676  -58.469  11.413 0.3000000119
14635  -52.903  -56.735  13.195 0.4000000060
13779  -49.681  -58.295  10.694 0.3000000119
15518  -53.959  -55.874  13.767 0.4000000060
13737  -52.074  -57.984  11.824 0.4000000060
12796  -50.060  -59.035  9.883 0.3000000119
12830  -48.797  -59.804  8.056 0.2000000030
14636  -53.537  -56.458  12.962 0.4000000060
14667  -52.468  -57.190  12.338 0.4000000060
12798  -51.211  -58.577  9.995 0.4000000060
15539  -54.004  -56.098  13.329 0.4000000060
14614  -55.092  -55.506  14.011 0.4000000060
13781  -51.581  -58.272  10.225 0.4000000060
12797  -50.735  -58.903  9.916 0.3000000119
11901  -49.020  -60.275  8.034 0.3000000119
14669  -53.575  -56.531  12.390 0.4000000060
14686  -52.384  -57.505  11.119 0.4000000060
12814  -51.052  -58.783  9.272 0.3000000119
12832  -50.026  -59.796  8.401 0.4000000060
15541  -55.221  -55.487  13.458 0.4000000060
14711  -52.268  -57.443  10.081 0.4000000060
12833  -50.833  -59.084  8.357 0.3000000119
16427  -56.299  -54.136  14.590 0.4000000060
15568  -54.080  -56.370  12.377 0.4000000060
14713  -53.219  -56.618  11.052 0.4000000060
14735  -52.140  -57.478  9.352 0.4000000060
15542  -55.568  -55.036  13.393 0.4000000060
14712  -52.742  -56.905  10.422 0.4000000060
13830  -51.612  -57.917  8.259 0.3000000119
16451  -55.965  -54.213  14.048 0.4000000060
15582  -54.342  -56.280  11.544 0.4000000060
15595  -53.306  -56.542  10.265 0.4000000060
14759  -52.230  -57.362  8.770 0.4000000060
15570  -55.158  -55.590  12.662 0.4000000060
14689  -54.305  -56.285  11.067 0.4000000060
15609  -52.825  -56.740  9.270 0.4000000060
14782  -51.671  -57.751  7.563 0.3000000119
15571  -55.479  -55.204  12.662 0.4000000060
15611  -53.567  -56.537  9.671 0.4000000060
14737  -52.814  -56.766  8.957 0.4000000060
14760  -52.544  -57.004  8.496 0.3000000119
12859  -50.794  -58.588  7.012 0.2000000030
16476  -55.604  -54.859  13.406 0.3000000119
15583  -54.760  -55.976  11.750 0.4000000060
16483  -55.455  -55.212  12.033 0.4000000060
15598  -54.951  -55.822  11.405 0.4000000060
14762  -53.669  -56.627  8.943 0.4000000060
14761  -53.039  -56.635  8.582 0.4000000060
14803  -51.700  -57.703  7.173 0.2000000030
14804  -52.263  -57.393  6.451 0.2000000030
13858  -50.676  -58.584  5.701 0.3000000119
17367  -56.327  -53.648  13.899 0.3000000119
17366  -55.749  -54.235  13.596 0.3000000119
16495  -55.075  -55.403  11.302 0.3000000119
14785  -53.216  -56.618  7.678 0.3000000119
14784  -52.656  -56.957  7.589 0.2000000030
13859  -51.404  -58.060  5.209 0.2000000030
13873  -49.288  -58.872  4.538 0.2000000030
18434  -56.965  -52.846  13.991 0.3000000119
17395  -55.631  -54.173  13.207 0.3000000119
14739  -54.172  -56.336  10.057 0.4000000060
14805  -52.865  -56.842  6.586 0.1000000015
19537  -56.717  -52.795  13.859 0.3000000119
17420  -55.412  -54.339  12.652 0.3000000119
16508  -55.040  -56.088  10.151 0.2000000030
14786  -53.691  -56.611  7.732 0.2000000030
13889  -49.787  -58.256  3.719 0.2000000030
18540  -54.082  -56.024  9.976 0.2000000030
17466  -54.755  -56.012  10.026 0.2000000030
14807  -53.746  -56.534  6.792 0.1000000015
14818  -52.711  -56.884  5.451 0.1000000015
13860  -51.967  -57.549  4.790 0.1000000015
13875  -51.533  -57.655  4.243 0.1000000015
20500  -56.959  -51.991  13.932 0.2000000030
18486  -55.568  -53.805  13.143 0.3000000119
18504  -55.235  -54.355  12.179 0.3000000119
21461  -57.989  -50.393  13.116 0.2000000030
19536  -56.259  -52.696  13.609 0.1000000015
19564  -56.048  -53.069  13.117 0.3000000119
18503  -54.924  -54.733  10.906 0.2000000030
16540  -54.563  -56.102  8.108 0.1000000015
15683  -52.782  -56.715  4.932 0.1000000015
14827  -52.046  -57.308  3.970 0.1000000015
13890  -50.836  -57.763  3.687 0.1000000015
20499  -56.614  -51.902  13.725 0.2000000030
19562  -55.436  -53.391  13.316 0.2000000030
18485  -55.097  -53.812  12.579 0.2000000030
18519  -54.422  -55.052  9.940 0.1000000015
18539  -54.290  -55.418  9.127 0.1000000015
15672  -54.181  -56.212  6.295 0.1000000015
14831  -53.246  -56.312  5.060 0.1000000015
14828  -52.369  -57.177  4.309 0.1000000015
14837  -51.221  -57.347  3.220 0.1000000015
14871  -48.984  -57.867  1.297 0.1000000015
17365  -54.892  -53.912  12.543 0.1000000015
17438  -54.342  -55.002  10.218 0.2000000030
18518  -53.947  -55.031  9.690 0.1000000015
17517  -54.537  -55.998  6.834 0.1000000015
15685  -53.954  -56.152  4.436 0.1000000015
14840  -52.730  -56.758  3.848 0.1000000015
14851  -51.912  -56.894  3.037 0.1000000015
14849  -50.704  -57.269  2.480 0.1000000015
13950  -49.244  -58.376  0.374 0.1000000015
18557  -54.354  -55.523  7.473 0.1000000015
15698  -53.897  -56.122  3.790 0.1000000015
15696  -52.865  -56.498  3.392 0.1000000015
14898  -50.311  -57.357  0.601 0.1000000015
13951  -49.828  -57.797  0.280 0.1000000015
15713  -52.850  -56.053  2.675 0.1000000015
33793  -47.655  -38.658  9.504 0.2000000030
22485  -58.538  -50.008  12.766 0.2000000030
21460  -57.142  -50.646  13.110 0.1000000015
18458  -55.855  -52.772  13.501 0.1000000015
18432  -55.450  -52.488  13.697 0.1000000015
17437  -54.038  -54.871  9.988 0.1000000015
17364  -54.614  -54.027  12.514 0.1000000015
18537  -54.122  -55.085  8.007 0.1000000015
17516  -54.179  -55.646  6.591 0.1000000015
14873  -50.184  -57.323  1.457 0.1000000015
14850  -51.497  -56.931  2.663 0.1000000015
15695  -52.616  -56.534  3.192 0.1000000015
16597  -53.979  -56.018  4.182 0.1000000015
13796  -49.364  -58.778  9.566 0.3000000119
12774  -51.048  -58.730  10.581 0.3000000119
13758  -51.603  -58.442  11.069 0.3000000119
12812  -49.724  -59.387  9.050 0.3000000119
14687  -52.849  -56.833  11.515 0.4000000060
12813  -50.456  -59.294  9.189 0.3000000119
15540  -54.664  -55.809  13.170 0.4000000060
13798  -51.844  -57.837  9.760 0.4000000060
13815  -51.377  -58.342  8.650 0.3000000119
15569  -54.702  -55.924  12.436 0.4000000060
14714  -54.090  -56.395  10.812 0.4000000060
13843  -51.298  -58.022  6.386 0.2000000030
15613  -54.940  -55.764  10.871 0.3000000119
14763  -53.990  -56.606  9.059 0.2000000030
13874  -50.489  -58.460  4.708 0.2000000030
18487  -55.903  -53.384  13.517 0.3000000119
17439  -55.099  -55.302  11.039 0.3000000119
14817  -52.385  -57.264  5.178 0.1000000015
18520  -54.823  -54.969  10.835 0.2000000030
15644  -54.312  -56.364  8.178 0.2000000030
14806  -53.341  -56.622  6.760 0.1000000015
13906  -50.217  -57.707  2.970 0.1000000015
14820  -53.531  -56.496  6.121 0.1000000015
16555  -54.403  -56.090  7.030 0.1000000015
14830  -52.975  -56.543  4.800 0.1000000015
14838  -51.746  -57.224  3.490 0.1000000015
20472  -56.415  -51.377  13.557 0.1000000015
17393  -54.566  -54.386  11.925 0.1000000015
18558  -54.303  -55.948  8.041 0.1000000015
16569  -54.248  -56.017  6.007 0.1000000015
14841  -53.122  -56.703  4.200 0.1000000015
14897  -49.794  -57.638  0.742 0.1000000015
16583  -54.032  -56.013  5.171 0.1000000015
13979  -49.455  -58.831  -0.434 0.1000000015
18570  -54.137  -55.417  7.290 0.1000000015
17417  -53.949  -54.966  10.923 0.1000000015
12708  -49.536  -58.874  15.883 0.3000000119
13696  -50.011  -58.356  14.760 0.2000000030
14608  -48.872  -58.193  14.248 0.3000000119
13714  -49.689  -58.072  14.194 0.2000000030
13644  -50.013  -58.507  16.242 0.2000000030
14568  -50.982  -57.356  16.448 0.4000000060
13673  -50.834  -58.303  15.709 0.3000000119
14609  -49.203  -58.015  14.092 0.2000000030
14569  -51.736  -56.872  16.211 0.4000000060
13697  -51.055  -58.204  14.752 0.2000000030
14632  -49.556  -57.790  13.506 0.2000000030
14663  -48.147  -57.464  12.830 0.1000000015
14664  -49.038  -57.548  12.838 0.2000000030
14683  -47.697  -57.293  11.801 0.1000000015
126666  -51.616  -58.028  14.688 0.3000000119
14662  -47.112  -57.826  12.850 0.1000000015
14665  -49.778  -57.730  12.683 0.2000000030
14708  -47.275  -57.344  10.581 0.1000000015
14709  -48.553  -57.550  10.830 0.1000000015
14732  -45.653  -57.489  9.408 0.1000000015
14733  -46.751  -57.429  9.426 0.1000000015
14734  -47.995  -57.654  9.485 0.1000000015
14756  -46.093  -57.510  8.398 0.1000000015
12710  -52.079  -58.028  14.964 0.3000000119
14633  -50.106  -57.813  13.079 0.2000000030
13756  -49.948  -57.956  11.943 0.2000000030
14685  -49.374  -57.598  12.192 0.2000000030
14710  -49.291  -57.691  11.516 0.2000000030
14757  -47.273  -57.792  8.324 0.1000000015
14779  -45.305  -57.581  7.575 0.1000000015
12711  -53.039  -57.625  14.950 0.2000000030
11804  -52.379  -57.768  14.856 0.3000000119
13735  -50.524  -58.053  12.645 0.2000000030
13778  -48.921  -58.067  9.895 0.2000000030
14801  -45.467  -57.880  6.653 0.1000000015
14780  -46.506  -57.892  7.184 0.1000000015
13698  -51.989  -57.767  14.178 0.3000000119
14594  -53.482  -56.387  15.060 0.2000000030
13795  -48.675  -58.468  9.073 0.2000000030
14758  -48.083  -58.219  8.584 0.1000000015
14802  -46.112  -58.232  6.501 0.1000000015
13828  -48.184  -58.925  7.635 0.1000000015
13855  -45.048  -58.836  5.356 0.1000000015
13700  -52.953  -56.890  14.327 0.2000000030
12856  -47.744  -59.728  6.773 0.1000000015
12844  -48.311  -59.516  7.413 0.1000000015
13856  -46.011  -59.127  5.575 0.1000000015
13857  -46.413  -59.303  5.774 0.1000000015
11922  -48.692  -60.313  7.520 0.1000000015
12857  -48.308  -60.094  7.098 0.1000000015
11029  -48.804  -60.931  7.164 0.1000000015
11989  -43.815  -60.767  4.227 0.1000000015
12879  -46.431  -59.889  5.588 0.1000000015
12855  -47.155  -59.982  6.087 0.1000000015
11946  -48.226  -60.690  6.833 0.1000000015
11059  -46.571  -61.685  5.056 0.1000000015
14570  -52.812  -56.825  15.299 0.3000000119
13645  -50.985  -58.049  16.287 0.3000000119
12709  -51.443  -58.116  15.709 0.2000000030
13716  -51.226  -58.013  13.432 0.3000000119
13813  -47.899  -58.459  7.884 0.1000000015
13840  -46.727  -58.957  6.249 0.1000000015
13715  -50.345  -57.958  13.799 0.2000000030
12878  -45.413  -59.738  5.029 0.1000000015
12902  -45.262  -60.533  4.678 0.1000000015
11945  -47.495  -60.696  6.304 0.1000000015
12900  -43.670  -59.559  4.625 0.1000000015
11969  -46.596  -60.871  5.311 0.1000000015
11923  -49.181  -60.562  7.566 0.2000000030
11060  -47.317  -61.677  5.144 0.1000000015
10209  -47.221  -62.702  4.177 0.1000000015
11079  -47.718  -61.276  5.081 0.2000000030
9376  -47.112  -63.003  3.772 0.1000000015
11062  -48.820  -61.110  6.436 0.2000000030
11061  -48.420  -61.324  5.833 0.2000000030
10227  -47.258  -62.466  3.545 0.2000000030
11994  -48.247  -60.774  5.217 0.1000000015
10243  -47.170  -62.633  2.981 0.1000000015
11993  -47.660  -60.593  4.374 0.2000000030
11947  -49.471  -60.572  7.105 0.2000000030
11972  -49.247  -60.618  6.290 0.1000000015
11093  -47.304  -61.489  3.409 0.1000000015
12845  -50.321  -59.641  7.705 0.2000000030
11973  -49.781  -60.027  6.745 0.2000000030
12880  -48.889  -60.153  5.434 0.1000000015
12903  -48.023  -59.758  4.390 0.1000000015
12882  -49.988  -59.467  6.058 0.1000000015
12904  -48.650  -59.838  4.973 0.1000000015
12846  -50.742  -58.990  7.546 0.2000000030
12858  -50.297  -59.345  6.969 0.2000000030
13842  -50.581  -58.753  6.426 0.2000000030
13872  -48.693  -59.168  4.420 0.1000000015
13829  -51.340  -58.188  7.648 0.2000000030
12905  -49.648  -59.248  5.249 0.1000000015
12923  -47.692  -59.329  3.698 0.1000000015
11046  -49.065  -61.071  6.840 0.1000000015
13624  -50.231  -58.152  16.519 0.2000000030
13670  -48.784  -59.014  15.237 0.1000000015
18406  -46.712  -53.383  14.933 0.2000000030
17284  -46.175  -55.562  16.301 0.1000000015
23458  -42.604  -48.612  15.533 0.1000000015
19451  -43.203  -52.814  15.865 0.1000000015
19452  -44.273  -52.927  15.590 0.1000000015
22436  -44.076  -49.596  15.504 0.1000000015
23457  -41.473  -48.678  15.726 0.2000000030
22434  -42.075  -49.523  15.815 0.1000000015
19450  -42.144  -52.751  15.820 0.1000000015
24579  -41.166  -47.602  15.422 0.2000000030
21417  -43.346  -50.633  15.602 0.1000000015
20420  -43.790  -51.758  15.503 0.1000000015
14549  -49.812  -57.933  16.788 0.2000000030
16404  -46.991  -55.499  16.097 0.1000000015
22435  -43.000  -49.574  15.691 0.1000000015
17293  -46.704  -55.055  15.881 0.1000000015
18373  -43.711  -54.058  15.946 0.1000000015
21415  -41.790  -50.038  16.113 0.1000000015
13623  -49.474  -58.547  16.699 0.1000000015
13643  -49.465  -58.687  16.467 0.1000000015
29710  -37.826  -43.051  14.304 0.1000000015
28752  -37.692  -43.536  14.604 0.1000000015
27871  -38.137  -44.510  14.605 0.1000000015
27863  -37.917  -45.079  15.095 0.1000000015
25711  -37.676  -46.626  16.022 0.1000000015
26862  -38.806  -45.240  14.517 0.1000000015
28738  -36.932  -43.578  15.902 0.1000000015
27859  -36.651  -44.535  16.243 0.1000000015
25710  -36.745  -46.585  16.607 0.1000000015
28741  -37.355  -43.470  15.192 0.1000000015
26848  -36.983  -45.599  15.958 0.1000000015
24556  -37.291  -47.707  16.664 0.1000000015
29709  -37.516  -42.523  14.689 0.1000000015
26841  -35.887  -45.395  17.822 0.1000000015
29689  -36.704  -42.754  16.373 0.1000000015
28737  -36.531  -43.612  16.709 0.1000000015
27858  -36.217  -44.484  17.140 0.1000000015
29696  -37.080  -42.612  15.614 0.1000000015
25699  -36.059  -46.485  17.336 0.1000000015
30725  -37.726  -41.478  14.125 0.1000000015
31733  -38.215  -40.694  13.952 0.1000000015
29680  -36.121  -42.694  18.709 0.1000000015
28734  -36.211  -43.579  17.522 0.1000000015
27853  -35.999  -44.354  17.991 0.1000000015
30666  -36.402  -41.990  17.466 0.1000000015
30675  -36.848  -41.778  16.172 0.1000000015
31706  -37.679  -40.584  15.042 0.1000000015
31745  -39.112  -40.706  12.828 0.1000000015
33820  -47.791  -38.449  8.456 0.1000000015
33822  -49.920  -38.024  8.006 0.1000000015
32712  -37.949  -39.905  15.746 0.1000000015
32753  -38.645  -40.101  14.097 0.1000000015
32769  -39.236  -40.152  13.264 0.1000000015
33850  -48.982  -38.034  7.160 0.1000000015
33794  -48.645  -38.505  9.227 0.1000000015
33823  -51.054  -38.118  8.169 0.1000000015
29688  -36.378  -42.799  17.103 0.1000000015
28731  -36.071  -43.519  18.387 0.1000000015
26835  -35.856  -44.839  18.326 0.1000000015
25731  -39.011  -46.485  15.310 0.1000000015
25712  -38.470  -46.937  15.741 0.1000000015
26853  -38.421  -45.595  15.008 0.1000000015
29729  -38.020  -42.580  13.783 0.1000000015
33821  -48.778  -38.173  8.219 0.1000000015
27862  -37.393  -44.551  15.388 0.1000000015
26852  -37.756  -45.634  15.454 0.1000000015
24557  -38.237  -47.637  16.211 0.1000000015
30688  -37.234  -41.543  15.341 0.1000000015
31692  -37.398  -40.486  16.116 0.1000000015
33851  -49.818  -37.785  7.003 0.1000000015
22493  -58.321  -49.937  11.944 0.1000000015
22492  -57.578  -49.948  11.788 0.1000000015
22520  -59.059  -49.867  11.407 0.1000000015
11819  -47.597  -61.747  14.367 0.1000000015
11818  -47.401  -61.388  13.758 0.1000000015
12727  -47.724  -60.047  14.848 0.1000000015
10061  -47.464  -62.743  14.114 0.1000000015
10950  -47.426  -62.490  13.189 0.1000000015
11830  -46.988  -61.528  12.850 0.1000000015
11803  -47.650  -61.165  14.908 0.1000000015
10070  -46.002  -63.061  13.722 0.1000000015
10921  -47.134  -61.517  15.361 0.1000000015
11785  -47.502  -60.681  15.574 0.1000000015
10085  -46.095  -63.483  12.738 0.1000000015
10059  -46.542  -62.702  14.346 0.1000000015
9245  -45.026  -63.572  12.468 0.1000000015
10058  -45.857  -62.519  14.316 0.1000000015
13707  -32.844  -59.112  14.013 0.1000000015
13708  -33.348  -58.696  13.482 0.1000000015
10955  -35.050  -61.613  11.994 0.1000000015
10081  -35.545  -62.589  12.144 0.1000000015
10099  -36.689  -62.530  11.699 0.1000000015
9258  -38.357  -63.638  11.777 0.1000000015
12706  -48.337  -59.775  15.578 0.1000000015
9244  -37.850  -64.158  12.101 0.1000000015
9259  -39.232  -63.616  11.616 0.1000000015
9246  -45.327  -63.656  12.401 0.1000000015
9264  -44.721  -63.770  11.997 0.1000000015
13694  -48.416  -58.567  14.459 0.1000000015
8488  -39.478  -65.221  12.050 0.1000000015
8496  -40.852  -64.762  11.579 0.1000000015
8497  -41.922  -64.778  11.338 0.1000000015
8499  -44.070  -64.768  11.397 0.1000000015
9263  -43.487  -63.796  11.574 0.1000000015
10106  -43.921  -62.654  12.116 0.1000000015
10949  -44.863  -62.144  13.892 0.1000000015
13713  -48.131  -58.214  13.925 0.1000000015
7820  -39.513  -65.855  12.193 0.1000000015
7117  -41.912  -66.157  11.221 0.1000000015
12750  -33.369  -59.583  12.848 0.1000000015
11824  -33.756  -60.563  12.577 0.1000000015
11841  -35.401  -60.737  11.646 0.1000000015
11771  -47.206  -60.290  16.163 0.1000000015
12686  -47.884  -59.836  16.553 0.1000000015
11786  -48.054  -60.235  15.894 0.1000000015
10973  -36.057  -61.600  11.609 0.1000000015
10100  -37.640  -62.584  11.491 0.1000000015
10974  -36.958  -61.597  11.295 0.1000000015
12728  -48.231  -59.329  14.989 0.1000000015
9261  -41.213  -63.769  11.355 0.1000000015
9262  -42.318  -63.780  11.337 0.1000000015
10083  -44.343  -62.556  12.594 0.1000000015
10104  -41.490  -62.700  11.263 0.1000000015
10105  -42.622  -62.653  11.464 0.1000000015
14656  -34.006  -57.910  13.173 0.1000000015
13727  -33.914  -58.598  12.644 0.1000000015
14657  -34.741  -57.485  12.411 0.1000000015
15533  -35.190  -56.895  13.489 0.1000000015
12685  -47.207  -59.883  16.376 0.1000000015
12751  -34.077  -59.569  12.235 0.1000000015
12767  -34.859  -59.524  11.685 0.1000000015
10920  -46.440  -61.429  15.354 0.1000000015
13621  -48.211  -58.764  17.036 0.1000000015
12768  -35.662  -59.735  11.294 0.1000000015
10937  -46.063  -62.036  14.854 0.1000000015
13642  -48.372  -59.284  16.830 0.1000000015
11842  -36.272  -60.642  11.274 0.1000000015
10975  -37.928  -61.643  11.037 0.1000000015
10976  -38.863  -61.859  11.072 0.1000000015
10103  -40.462  -62.759  11.256 0.1000000015
10102  -39.509  -62.734  11.357 0.1000000015
10977  -39.741  -61.856  11.075 0.1000000015
10980  -42.741  -61.461  11.618 0.1000000015
10978  -40.661  -61.765  11.085 0.1000000015
15562  -35.192  -56.860  13.104 0.1000000015
12704  -46.529  -59.631  16.022 0.1000000015
14658  -35.368  -56.850  11.908 0.1000000015
15564  -36.373  -55.960  12.806 0.1000000015
15535  -36.622  -56.067  13.291 0.1000000015
11817  -45.066  -60.792  14.672 0.1000000015
12703  -46.139  -60.189  15.513 0.1000000015
13640  -46.844  -59.004  16.443 0.1000000015
13768  -35.634  -58.033  11.074 0.1000000015
14678  -35.336  -57.540  11.490 0.1000000015
10936  -45.290  -61.833  14.501 0.1000000015
12687  -48.499  -59.636  16.293 0.1000000015
12769  -36.343  -59.679  10.929 0.1000000015
13750  -35.865  -59.156  11.057 0.1000000015
10981  -43.431  -61.249  12.135 0.1000000015
10958  -44.510  -61.848  13.452 0.1000000015
11843  -37.247  -60.536  10.824 0.1000000015
10979  -41.629  -61.461  11.243 0.1000000015
10989  -38.391  -61.179  10.818 0.1000000015
10990  -39.060  -61.083  10.781 0.1000000015
10991  -39.926  -60.988  10.844 0.1000000015
15563  -35.856  -56.297  12.537 0.1000000015
15577  -35.966  -56.397  11.379 0.1000000015
11816  -44.718  -60.955  14.122 0.1000000015
14548  -49.092  -58.126  17.043 0.1000000015
11827  -43.620  -60.507  12.678 0.1000000015
11860  -39.253  -60.206  10.663 0.1000000015
11858  -37.551  -59.897  10.648 0.1000000015
11844  -37.932  -60.931  10.782 0.1000000015
12754  -44.219  -59.676  13.427 0.1000000015
13691  -45.336  -58.487  14.615 0.1000000015
14698  -35.861  -57.441  10.886 0.1000000015
11845  -41.873  -60.268  11.361 0.1000000015
11846  -42.796  -60.470  11.825 0.1000000015
12753  -43.434  -59.297  12.608 0.1000000015
13769  -36.178  -58.545  10.784 0.1000000015
11861  -40.126  -60.145  10.741 0.1000000015
11863  -41.274  -60.124  11.110 0.1000000015
12787  -37.013  -59.414  10.620 0.1000000015
12790  -39.572  -59.331  10.592 0.1000000015
12791  -40.435  -59.363  10.755 0.1000000015
11859  -38.221  -60.315  10.668 0.1000000015
13709  -44.952  -58.926  14.182 0.1000000015
14606  -45.191  -57.828  14.595 0.1000000015
13729  -43.117  -58.279  12.368 0.1000000015
13730  -43.853  -58.421  12.918 0.1000000015
15588  -36.836  -56.439  10.711 0.1000000015
13751  -41.606  -58.143  11.180 0.1000000015
13752  -42.351  -58.236  11.686 0.1000000015
12792  -41.162  -59.572  11.064 0.1000000015
12770  -41.707  -59.039  11.328 0.1000000015
12788  -37.770  -59.306  10.554 0.1000000015
15516  -44.892  -56.751  14.884 0.1000000015
14661  -44.199  -57.500  13.267 0.1000000015
14659  -42.844  -57.324  12.123 0.1000000015
14660  -43.591  -57.363  12.653 0.1000000015
15578  -36.538  -55.907  11.126 0.1000000015
13773  -39.969  -58.462  10.570 0.1000000015
13770  -37.164  -58.444  10.495 0.1000000015
16426  -44.319  -55.855  14.687 0.1000000015
14699  -36.585  -57.518  10.604 0.1000000015
15534  -35.739  -56.618  13.574 0.1000000015
16400  -37.555  -55.395  15.170 0.1000000015
16424  -37.559  -55.203  14.269 0.1000000015
16446  -37.338  -55.260  13.432 0.1000000015
15515  -37.354  -56.131  14.223 0.1000000015
11825  -34.516  -60.590  12.037 0.1000000015
10101  -38.586  -62.669  11.412 0.1000000015
8494  -39.030  -64.205  11.836 0.1000000015
8495  -39.727  -64.715  11.798 0.1000000015
9260  -40.166  -63.738  11.465 0.1000000015
8498  -43.010  -64.789  11.333 0.1000000015
8500  -45.041  -64.713  11.177 0.1000000015
10957  -44.132  -61.864  12.748 0.1000000015
13748  -34.858  -58.739  11.660 0.1000000015
10992  -40.739  -60.838  10.955 0.1000000015
13710  -45.193  -59.369  14.466 0.1000000015
11828  -44.245  -60.982  13.286 0.1000000015
13731  -44.391  -58.407  13.524 0.1000000015
12771  -42.420  -59.485  11.744 0.1000000015
13774  -40.930  -58.527  10.872 0.1000000015
14628  -44.733  -57.520  13.943 0.1000000015
6038  -41.736  -68.390  1.927 0.1000000015
6608  -41.779  -67.913  2.428 0.1000000015
5030  -40.675  -70.369  -0.302 0.1000000015
5018  -40.890  -70.144  0.181 0.1000000015
5568  -42.001  -69.351  -0.295 0.1000000015
5548  -41.571  -69.610  0.472 0.1000000015
5517  -41.467  -69.113  1.476 0.1000000015
4510  -40.417  -70.581  -0.599 0.1000000015
5050  -40.239  -70.225  -1.313 0.1000000015
5070  -40.070  -70.151  -1.746 0.1000000015
126663  -41.989  -67.828  1.549 0.1000000015
6624  -41.246  -67.491  2.005 0.1000000015
126656  -42.218  -67.900  1.041 0.1000000015
126660  -41.891  -69.110  0.746 0.1000000015
126659  -41.938  -68.731  1.064 0.1000000015
126657  -42.073  -68.327  1.338 0.1000000015
6607  -41.426  -67.620  2.857 0.1000000015
5566  -41.463  -69.637  -0.580 0.1000000015
5532  -40.814  -69.729  1.272 0.1000000015
5586  -41.465  -69.104  -1.595 0.1000000015
5071  -40.602  -69.679  -1.701 0.1000000015
5603  -40.284  -69.548  -2.292 0.1000000015
11122  -37.755  -61.576  1.759 0.1000000015
8631  -37.374  -64.028  1.009 0.1000000015
10258  -38.015  -61.930  1.335 0.1000000015
6644  -41.035  -67.320  1.310 0.1000000015
7270  -40.433  -67.090  1.917 0.1000000015
7269  -39.486  -66.480  1.628 0.1000000015
7288  -38.408  -65.674  0.969 0.1000000015
7926  -38.055  -65.346  1.409 0.1000000015
7937  -37.718  -64.425  0.699 0.1000000015
6645  -41.876  -67.490  0.695 0.1000000015
7254  -40.770  -67.143  3.060 0.1000000015
126654  -42.512  -68.475  0.277 0.1000000015
126653  -42.310  -68.215  0.864 0.1000000015
5051  -40.606  -70.044  -0.927 0.1000000015
11123  -38.585  -61.567  1.544 0.1000000015
10275  -37.590  -62.817  0.979 0.1000000015
11104  -38.262  -61.059  2.263 0.1000000015
7289  -39.006  -66.091  0.486 0.1000000015
7953  -38.550  -65.108  -0.307 0.1000000015
7938  -38.139  -65.133  0.449 0.1000000015
7310  -39.814  -66.369  -0.344 0.1000000015
5032  -42.388  -69.033  0.016 0.1000000015
126655  -42.353  -69.012  -0.759 0.1000000015
5587  -41.902  -68.844  -1.437 0.1000000015
126662  -42.488  -67.929  0.443 0.1000000015
10257  -37.395  -62.326  1.451 0.1000000015
9433  -37.752  -63.426  0.627 0.1000000015
6647  -42.625  -67.829  -0.153 0.1000000015
8621  -37.167  -64.153  1.863 0.1000000015
7311  -40.748  -66.569  -0.838 0.1000000015
7291  -41.513  -67.003  -0.359 0.1000000015
9416  -36.839  -62.765  1.718 0.1000000015
7326  -42.050  -66.156  -1.534 0.1000000015
8673  -41.950  -64.658  -1.799 0.1000000015
8689  -42.796  -64.529  -2.220 0.1000000015
9434  -38.664  -63.487  -0.099 0.1000000015
7954  -39.182  -65.573  -0.635 0.1000000015
7966  -39.869  -65.380  -1.217 0.1000000015
7967  -40.667  -65.644  -1.440 0.1000000015
8671  -40.246  -64.790  -1.416 0.1000000015
7325  -41.357  -66.152  -1.381 0.1000000015
7968  -41.610  -65.484  -1.637 0.1000000015
9472  -39.939  -64.191  -1.202 0.1000000015
9451  -38.746  -64.062  -0.549 0.1000000015
9452  -39.329  -63.859  -0.802 0.1000000015
9454  -40.858  -63.578  -0.970 0.1000000015
7955  -39.997  -66.005  -0.997 0.1000000015
7969  -42.474  -65.512  -1.985 0.1000000015
8672  -41.065  -64.747  -1.621 0.1000000015
5031  -42.253  -68.971  -1.116 0.1000000015
5052  -42.230  -68.677  -1.410 0.1000000015
5053  -42.695  -68.705  -1.256 0.1000000015
5054  -42.788  -68.943  -1.084 0.1000000015
5549  -42.758  -68.125  -0.133 0.1000000015
5567  -42.032  -69.212  -0.808 0.1000000015
5569  -42.693  -68.753  -0.429 0.1000000015
6075  -42.829  -67.979  -0.191 0.1000000015
6609  -42.093  -68.084  1.541 0.1000000015
6625  -41.709  -67.723  1.939 0.1000000015
6626  -42.836  -67.942  0.046 0.1000000015
6646  -42.425  -67.532  -0.496 0.1000000015
6666  -42.888  -68.015  -0.172 0.1000000015
7268  -38.627  -65.892  1.532 0.1000000015
7290  -40.488  -66.892  0.558 0.1000000015
7343  -47.010  -63.907  -3.146 0.1000000015
7344  -47.130  -64.050  -3.216 0.1000000015
7361  -47.191  -64.080  -3.455 0.1000000015
7376  -47.042  -63.954  -3.571 0.1000000015
7939  -38.639  -65.561  -0.044 0.1000000015
8004  -47.039  -63.887  -3.383 0.1000000015
8042  -46.246  -63.735  -3.955 0.1000000015
8074  -45.454  -64.051  -8.692 0.1000000015
8640  -37.659  -64.011  0.616 0.1000000015
8641  -37.992  -64.152  0.284 0.1000000015
8654  -38.401  -64.425  -0.230 0.1000000015
8655  -38.879  -64.627  -0.703 0.1000000015
8670  -39.505  -64.731  -1.117 0.1000000015
8695  -47.140  -63.082  -2.947 0.1000000015
8716  -46.808  -63.062  -3.449 0.1000000015
8739  -46.614  -62.785  -3.572 0.1000000015
8758  -45.879  -63.456  -4.377 0.1000000015
8759  -46.036  -63.658  -4.152 0.1000000015
8788  -45.466  -64.007  -8.857 0.1000000015
8789  -45.813  -63.792  -8.647 0.1000000015
8790  -46.448  -63.276  -8.557 0.1000000015
8804  -45.463  -63.877  -9.120 0.1000000015
8806  -46.601  -63.142  -8.788 0.1000000015
8810  -45.293  -63.541  -9.420 0.1000000015
9265  -45.594  -63.954  11.786 0.1000000015
9397  -47.014  -62.844  2.428 0.1000000015
9417  -37.090  -63.293  1.407 0.1000000015
9435  -39.358  -63.292  -0.394 0.1000000015
9473  -40.603  -64.107  -1.323 0.1000000015
9494  -42.848  -63.867  -2.026 0.1000000015
9501  -47.557  -62.046  -2.382 0.1000000015
9519  -46.167  -62.136  -4.367 0.1000000015
9520  -46.168  -62.100  -3.792 0.1000000015
9521  -47.287  -61.992  -3.039 0.1000000015
9538  -46.065  -62.438  -4.734 0.1000000015
9541  -46.872  -62.351  -3.407 0.1000000015
9589  -47.576  -62.774  -8.498 0.1000000015
9604  -47.315  -62.588  -8.746 0.1000000015
9618  -46.325  -63.067  -9.246 0.1000000015
9619  -46.719  -62.764  -9.038 0.1000000015
9620  -47.385  -62.356  -9.120 0.1000000015
9627  -46.001  -62.850  -9.440 0.1000000015
10060  -47.142  -62.689  14.382 0.1000000015
10069  -45.377  -62.582  13.921 0.1000000015
10071  -47.048  -63.145  13.642 0.1000000015
10072  -47.514  -62.802  13.738 0.1000000015
10082  -36.199  -62.871  12.006 0.1000000015
10084  -44.898  -62.990  12.933 0.1000000015
10098  -36.003  -62.316  11.815 0.1000000015
10107  -44.554  -63.214  12.360 0.1000000015
10226  -47.065  -62.897  3.262 0.1000000015
10361  -46.258  -61.919  -4.459 0.1000000015
10362  -46.402  -61.808  -4.248 0.1000000015
10363  -47.313  -61.290  -3.571 0.1000000015
10379  -46.701  -61.610  -4.098 0.1000000015
10380  -46.963  -61.571  -3.731 0.1000000015
10381  -47.013  -61.874  -3.395 0.1000000015
10390  -46.664  -61.533  -5.389 0.1000000015
10398  -46.704  -61.572  -5.653 0.1000000015
10420  -44.624  -61.851  -9.086 0.1000000015
10432  -44.805  -62.118  -9.418 0.1000000015
10433  -45.315  -61.852  -9.499 0.1000000015
10434  -47.056  -62.119  -9.229 0.1000000015
10435  -47.854  -62.087  -9.547 0.1000000015
10441  -45.337  -62.396  -9.552 0.1000000015
10443  -46.696  -61.960  -9.588 0.1000000015
10444  -47.391  -61.851  -9.748 0.1000000015
10922  -47.465  -61.450  15.181 0.1000000015
10923  -51.921  -58.217  15.003 0.3000000119
10938  -46.837  -62.250  14.983 0.1000000015
10939  -47.457  -62.107  14.718 0.1000000015
10951  -47.612  -62.325  13.988 0.1000000015
10956  -35.612  -61.926  11.818 0.1000000015
10972  -35.518  -61.467  11.753 0.1000000015
10993  -41.264  -60.557  11.102 0.1000000015
11030  -49.151  -60.918  7.222 0.1000000015
11045  -48.556  -61.140  6.578 0.1000000015
11078  -47.376  -61.908  4.386 0.2000000030
11105  -39.197  -61.055  2.212 0.1000000015
11186  -49.397  -59.535  -2.016 0.1000000015
11202  -46.460  -61.716  -4.559 0.1000000015
11203  -46.637  -61.600  -4.335 0.1000000015
11218  -46.540  -61.542  -5.240 0.1000000015
11219  -46.795  -61.414  -4.656 0.1000000015
11231  -46.646  -61.494  -5.140 0.1000000015
11234  -48.677  -59.957  -4.962 0.1000000015
11243  -46.701  -61.690  -6.479 0.1000000015
11258  -48.046  -61.581  -7.633 0.1000000015
11268  -45.407  -60.695  -8.821 0.1000000015
11269  -48.299  -61.510  -8.418 0.1000000015
11278  -45.535  -61.127  -9.367 0.1000000015
11279  -46.329  -60.675  -9.556 0.1000000015
11280  -48.256  -61.367  -9.133 0.1000000015
11285  -46.462  -61.180  -9.724 0.1000000015
11286  -47.352  -61.301  -10.087 0.1000000015
11772  -47.465  -60.282  16.154 0.1000000015
11773  -47.909  -60.197  16.160 0.1000000015
11774  -52.471  -58.198  15.128 0.3000000119
11775  -52.734  -57.827  15.006 0.3000000119
11783  -46.247  -60.824  15.484 0.1000000015
11784  -46.878  -60.588  15.857 0.1000000015
11787  -52.304  -57.941  14.975 0.3000000119
11788  -53.043  -57.985  15.101 0.3000000119
11800  -45.098  -61.162  14.660 0.1000000015
11801  -45.566  -60.957  15.110 0.1000000015
11802  -47.609  -61.354  14.377 0.1000000015
11805  -53.115  -58.019  15.122 0.3000000119
11826  -43.008  -59.886  12.219 0.1000000015
11847  -43.221  -60.518  12.177 0.1000000015
11862  -40.833  -60.102  10.927 0.1000000015
11900  -48.824  -60.175  7.876 0.3000000119
11902  -49.450  -60.169  8.023 0.2000000030
11924  -49.733  -60.177  7.684 0.2000000030
11944  -47.021  -60.563  5.773 0.1000000015
11948  -49.912  -59.955  7.236 0.2000000030
11968  -45.947  -60.553  4.983 0.1000000015
11971  -48.795  -60.515  5.590 0.1000000015
11992  -46.170  -61.200  4.914 0.1000000015
12084  -49.624  -59.246  -1.364 0.1000000015
12111  -49.575  -59.322  -3.369 0.1000000015
12112  -50.009  -58.869  -3.169 0.1000000015
12130  -45.062  -60.289  -6.014 0.1000000015
12133  -49.320  -59.175  -5.006 0.1000000015
12140  -44.781  -60.738  -6.769 0.1000000015
12143  -48.134  -59.755  -5.664 0.1000000015
12145  -49.218  -59.238  -5.305 0.1000000015
12158  -48.278  -60.716  -7.933 0.1000000015
12166  -45.759  -60.237  -8.518 0.1000000015
12167  -46.299  -59.929  -8.690 0.1000000015
12168  -48.363  -60.626  -8.673 0.1000000015
12175  -46.424  -60.196  -9.295 0.1000000015
12176  -48.276  -60.492  -9.372 0.1000000015
12178  -47.306  -60.545  -10.217 0.1000000015
12179  -48.097  -60.462  -10.140 0.1000000015
12180  -47.419  -59.926  -10.312 0.1000000015
12181  -47.820  -60.008  -10.431 0.1000000015
12182  -48.076  -60.037  -10.256 0.1000000015
12668  -48.972  -59.045  16.651 0.1000000015
12669  -49.253  -58.802  16.552 0.1000000015
12688  -49.303  -58.975  16.265 0.1000000015
12689  -49.741  -58.745  16.011 0.3000000119
12690  -51.596  -57.915  15.973 0.3000000119
12691  -51.999  -57.857  15.534 0.3000000119
12692  -52.475  -57.648  15.112 0.3000000119
12693  -53.068  -57.744  15.003 0.2000000030
12705  -47.838  -60.426  15.438 0.1000000015
12726  -47.533  -60.870  14.410 0.1000000015
12729  -51.296  -58.201  15.352 0.2000000030
12730  -52.392  -57.405  14.126 0.3000000119
12731  -52.719  -57.412  14.831 0.2000000030
12742  -44.765  -59.901  14.059 0.1000000015
12743  -45.147  -60.007  14.566 0.1000000015
12752  -42.801  -59.036  12.176 0.1000000015
12775  -51.360  -58.511  10.475 0.4000000060
12811  -49.058  -59.248  8.746 0.2000000030
12831  -49.349  -59.833  8.408 0.3000000119
12843  -47.984  -59.400  7.111 0.1000000015
12881  -49.214  -60.009  5.624 0.1000000015
12901  -44.567  -60.149  4.569 0.1000000015
12906  -50.202  -58.903  5.446 0.1000000015
12924  -48.291  -59.327  4.293 0.1000000015
12983  -49.379  -59.244  -0.633 0.1000000015
13074  -49.730  -58.595  -4.762 0.1000000015
13075  -50.168  -58.546  -4.405 0.1000000015
13097  -46.191  -59.858  -7.842 0.1000000015
13098  -46.769  -59.722  -8.015 0.1000000015
13108  -48.361  -59.651  -8.748 0.1000000015
13112  -47.121  -59.662  -9.517 0.1000000015
13113  -47.556  -59.012  -9.445 0.1000000015
13114  -48.288  -59.758  -9.563 0.1000000015
13115  -47.464  -59.195  -10.064 0.1000000015
13116  -47.773  -58.799  -9.921 0.1000000015
13117  -48.215  -59.792  -9.872 0.1000000015
13118  -48.031  -59.687  -10.541 0.1000000015
13119  -48.070  -59.540  -10.763 0.1000000015
13120  -48.122  -59.554  -10.441 0.1000000015
13622  -48.806  -58.756  16.979 0.1000000015
13625  -50.624  -57.992  16.473 0.4000000060
13641  -47.614  -59.084  16.806 0.1000000015
13646  -51.787  -57.466  16.084 0.5000000000
13647  -52.402  -57.254  15.558 0.3000000119
13648  -52.974  -56.937  15.099 0.3000000119
13671  -49.471  -58.763  15.393 0.3000000119
13672  -50.104  -58.548  15.591 0.3000000119
13674  -52.143  -56.952  16.015 0.5000000000
13676  -52.972  -56.948  14.825 0.2000000030
13692  -45.488  -59.139  14.705 0.1000000015
13693  -47.849  -59.137  14.592 0.1000000015
13695  -49.221  -58.422  14.660 0.3000000119
13699  -52.721  -57.115  13.943 0.2000000030
13712  -47.668  -58.583  14.006 0.1000000015
13728  -34.465  -58.647  11.997 0.1000000015
13734  -50.110  -57.925  12.489 0.2000000030
13749  -35.371  -58.670  11.314 0.1000000015
13759  -52.079  -58.053  11.136 0.4000000060
13780  -50.454  -58.729  10.508 0.3000000119
13782  -51.998  -57.973  10.555 0.4000000060
13797  -51.469  -58.254  9.466 0.3000000119
13816  -51.776  -57.765  8.873 0.3000000119
13827  -47.802  -58.953  7.216 0.1000000015
13839  -45.693  -58.461  6.017 0.1000000015
13841  -47.395  -59.032  6.771 0.2000000030
13844  -51.891  -57.644  5.576 0.2000000030
13876  -52.004  -57.421  4.331 0.1000000015
13887  -47.974  -58.761  3.490 0.1000000015
13891  -51.399  -57.492  3.685 0.1000000015
13907  -50.801  -57.501  3.118 0.1000000015
13925  -49.038  -58.040  1.025 0.1000000015
13948  -45.289  -58.022  -0.049 0.1000000015
14015  -45.100  -58.831  -2.140 0.1000000015
14017  -46.514  -58.474  -2.415 0.1000000015
14029  -47.475  -58.263  -3.349 0.1000000015
14030  -51.125  -57.777  -3.367 0.1000000015
14031  -51.417  -57.295  -3.181 0.1000000015
14038  -51.038  -57.935  -4.163 0.1000000015
14044  -48.686  -58.392  -5.122 0.1000000015
14045  -50.189  -58.054  -4.872 0.1000000015
14050  -49.559  -58.308  -5.258 0.1000000015
14051  -48.014  -58.843  -9.203 0.1000000015
14052  -48.253  -58.974  -8.882 0.1000000015
14053  -48.068  -58.742  -9.701 0.1000000015
14055  -48.036  -59.119  -11.121 0.1000000015
14056  -48.096  -58.713  -10.343 0.1000000015
14057  -48.251  -59.131  -9.872 0.1000000015
14058  -48.080  -59.377  -10.926 0.1000000015
14059  -48.190  -59.197  -10.672 0.1000000015
14060  -48.233  -58.981  -10.193 0.1000000015
14547  -48.478  -58.314  17.094 0.1000000015
14550  -50.446  -57.805  16.566 0.2000000030
14551  -50.779  -57.827  16.453 0.4000000060
14567  -50.118  -57.351  16.639 0.2000000030
14571  -52.974  -56.743  15.140 0.2000000030
14593  -52.665  -56.653  15.565 0.3000000119
14597  -55.370  -55.249  14.380 0.4000000060
14607  -45.570  -58.105  15.113 0.1000000015
14610  -52.464  -57.362  13.938 0.2000000030
14611  -52.782  -56.981  13.892 0.3000000119
14613  -54.360  -55.689  14.081 0.5000000000
14615  -55.409  -55.206  14.187 0.4000000060
14627  -35.218  -56.911  13.737 0.1000000015
14630  -47.812  -57.942  13.512 0.1000000015
14631  -48.639  -57.875  13.712 0.2000000030
14637  -54.695  -55.661  13.708 0.4000000060
14638  -54.957  -55.639  13.601 0.4000000060
14666  -50.144  -57.886  12.732 0.2000000030
14668  -53.110  -56.654  12.373 0.4000000060
14677  -34.856  -58.168  11.702 0.1000000015
14684  -48.697  -57.413  12.003 0.2000000030
14688  -53.461  -56.590  11.827 0.4000000060
14690  -54.501  -56.167  11.338 0.4000000060
14715  -54.480  -56.136  10.994 0.4000000060
14736  -52.543  -57.024  9.351 0.4000000060
14738  -53.887  -56.463  10.019 0.4000000060
14781  -47.358  -58.265  7.492 0.1000000015
14783  -52.000  -57.538  7.860 0.3000000119
14787  -53.926  -56.555  7.474 0.1000000015
14808  -54.025  -56.433  6.736 0.1000000015
14819  -52.937  -56.709  5.687 0.1000000015
14821  -53.940  -56.326  6.069 0.1000000015
14829  -52.727  -56.807  4.676 0.1000000015
14832  -53.922  -56.154  5.647 0.1000000015
14839  -52.279  -56.882  3.449 0.1000000015
14842  -53.114  -56.575  4.245 0.1000000015
14847  -49.070  -57.667  1.725 0.1000000015
14848  -49.776  -57.458  2.110 0.1000000015
14870  -46.828  -57.379  0.974 0.1000000015
14872  -49.439  -57.682  1.208 0.1000000015
14899  -50.917  -56.902  0.585 0.2000000030
14912  -45.710  -57.912  -0.085 0.1000000015
14915  -47.954  -57.268  -1.372 0.1000000015
14922  -46.860  -57.935  -1.366 0.1000000015
14926  -52.059  -56.487  -2.166 0.1000000015
14932  -48.492  -57.285  -3.049 0.1000000015
14934  -52.086  -56.456  -2.614 0.1000000015
14943  -51.678  -56.794  -3.156 0.1000000015
14951  -49.594  -56.875  -4.781 0.1000000015
14953  -51.537  -56.781  -3.569 0.1000000015
14958  -49.047  -57.958  -5.436 0.1000000015
14961  -50.934  -57.489  -4.580 0.1000000015
14965  -49.176  -57.887  -5.604 0.1000000015
14966  -49.619  -57.684  -5.386 0.1000000015
14967  -49.905  -57.679  -5.317 0.1000000015
15487  -51.813  -56.291  16.072 0.5000000000
15505  -52.604  -55.949  15.707 0.5000000000
15517  -45.260  -57.377  15.091 0.1000000015
15519  -54.322  -55.776  13.613 0.4000000060
15520  -55.351  -55.282  13.960 0.4000000060
15521  -55.610  -54.850  14.200 0.4000000060
15536  -37.129  -55.784  13.520 0.1000000015
15581  -53.768  -56.506  11.272 0.4000000060
15584  -55.176  -55.502  11.945 0.4000000060
15587  -36.208  -56.878  10.763 0.1000000015
15594  -52.874  -56.711  9.681 0.4000000060
15596  -53.937  -56.449  10.646 0.4000000060
15597  -54.598  -56.024  10.813 0.4000000060
15610  -53.113  -56.619  9.264 0.4000000060
15612  -54.462  -56.149  9.851 0.4000000060
15627  -53.028  -56.637  8.910 0.4000000060
15628  -53.328  -56.617  9.049 0.4000000060
15629  -54.402  -56.257  9.005 0.4000000060
15658  -54.488  -56.440  7.355 0.1000000015
15670  -52.720  -56.795  5.159 0.1000000015
15671  -52.833  -56.636  5.226 0.1000000015
15684  -52.728  -56.896  5.058 0.1000000015
15686  -54.051  -56.002  4.911 0.1000000015
15694  -52.219  -56.608  2.831 0.1000000015
15697  -53.401  -56.471  4.086 0.1000000015
15711  -51.574  -56.647  2.055 0.2000000030
15715  -53.595  -56.161  3.102 0.2000000030
15716  -54.075  -55.966  3.325 0.2000000030
15742  -53.069  -55.723  2.477 0.2000000030
15759  -49.726  -55.387  -0.377 0.1000000015
15767  -47.992  -57.081  -0.883 0.1000000015
15785  -52.338  -55.644  -1.769 0.1000000015
15789  -49.301  -56.990  -3.899 0.1000000015
15790  -49.702  -56.514  -4.047 0.1000000015
15791  -49.990  -56.133  -4.455 0.1000000015
15792  -52.041  -56.228  -3.097 0.1000000015
15793  -52.266  -56.147  -2.723 0.1000000015
15799  -50.185  -56.210  -4.812 0.1000000015
15800  -51.193  -56.629  -4.079 0.1000000015
15806  -49.881  -56.636  -5.183 0.1000000015
15807  -50.359  -56.700  -5.147 0.1000000015
15813  -49.885  -56.981  -5.598 0.1000000015
16395  -51.906  -55.904  15.920 0.5000000000
16407  -49.264  -55.288  15.656 0.4000000060
16414  -55.539  -54.678  15.189 0.5000000000
16428  -56.413  -54.104  14.586 0.4000000060
16448  -44.306  -55.898  14.146 0.1000000015
16449  -54.998  -55.698  13.121 0.4000000060
16450  -55.119  -55.639  12.921 0.4000000060
16452  -56.788  -54.147  14.043 0.5000000000
16469  -36.231  -55.894  12.381 0.1000000015
16474  -54.883  -55.768  12.906 0.4000000060
16475  -54.972  -55.731  12.724 0.4000000060
16507  -54.542  -56.099  9.427 0.2000000030
16523  -54.516  -56.074  8.847 0.2000000030
16524  -54.609  -56.051  9.709 0.2000000030
16581  -52.844  -55.434  5.319 0.1000000015
16595  -53.066  -55.439  4.661 0.1000000015
16596  -53.244  -55.603  4.874 0.1000000015
16613  -46.744  -54.572  2.487 0.1000000015
16614  -52.596  -56.081  2.342 0.1000000015
16616  -53.633  -55.852  2.964 0.2000000030
16617  -53.796  -55.915  3.154 0.1000000015
16639  -52.500  -55.982  1.937 0.2000000030
16642  -53.550  -55.724  2.948 0.1000000015
16664  -50.845  -54.613  -1.274 0.1000000015
16670  -50.250  -55.474  -1.894 0.1000000015
16681  -52.300  -55.870  -2.525 0.1000000015
16687  -51.272  -55.821  -3.360 0.1000000015
16697  -51.451  -56.081  -3.562 0.1000000015
16703  -50.704  -56.508  -4.826 0.1000000015
16704  -50.841  -56.447  -4.619 0.1000000015
17305  -57.071  -53.645  15.123 0.5000000000
17342  -56.170  -54.063  14.053 0.3000000119
17394  -55.634  -54.831  13.054 0.3000000119
17418  -54.532  -54.763  11.114 0.2000000030
17419  -55.369  -54.739  12.009 0.3000000119
17465  -54.761  -56.077  8.718 0.1000000015
17493  -54.240  -54.983  7.619 0.1000000015
17495  -54.826  -56.004  8.076 0.1000000015
17536  -54.109  -55.827  5.939 0.1000000015
17556  -53.898  -55.995  4.984 0.1000000015
17571  -52.685  -54.907  3.600 0.1000000015
17590  -52.547  -54.429  2.863 0.1000000015
17594  -54.145  -55.959  3.828 0.2000000030
17612  -41.546  -54.620  1.882 0.1000000015
17619  -53.685  -55.681  3.131 0.1000000015
17643  -53.380  -55.380  2.148 0.1000000015
17677  -51.162  -54.631  -1.586 0.1000000015
17678  -51.686  -54.391  -1.395 0.1000000015
18387  -57.138  -52.998  15.094 0.5000000000
18388  -57.129  -53.170  14.941 0.5000000000
18408  -48.114  -52.985  14.811 0.3000000119
18410  -57.251  -52.861  14.820 0.4000000060
18433  -57.067  -53.034  13.979 0.4000000060
18457  -55.146  -53.321  13.345 0.1000000015
18459  -56.796  -53.000  13.930 0.3000000119
18460  -57.012  -53.102  13.956 0.3000000119
18505  -55.493  -53.943  12.920 0.3000000119
18517  -54.009  -55.098  9.015 0.1000000015
18538  -54.155  -55.226  8.564 0.1000000015
18556  -54.289  -55.104  7.849 0.1000000015
18571  -54.066  -55.452  6.812 0.1000000015
18572  -53.812  -56.135  6.983 0.1000000015
18582  -54.105  -55.043  7.052 0.1000000015
18605  -49.569  -53.056  2.948 0.1000000015
18607  -50.960  -53.892  2.802 0.1000000015
18660  -51.150  -53.224  -0.078 0.1000000015
18663  -53.253  -54.232  1.218 0.1000000015
18682  -51.231  -53.679  -0.496 0.1000000015
18704  -51.817  -54.035  -1.066 0.1000000015
19455  -48.536  -52.161  15.024 0.3000000119
19484  -47.714  -52.340  14.798 0.3000000119
19485  -48.203  -52.543  14.872 0.3000000119
19512  -55.854  -52.100  13.585 0.1000000015
19513  -57.072  -51.969  14.024 0.3000000119
19535  -55.761  -53.252  13.420 0.2000000030
19538  -56.980  -52.587  14.001 0.3000000119
19563  -55.704  -53.408  13.355 0.2000000030
19646  -45.839  -52.225  2.411 0.1000000015
19659  -44.535  -51.744  2.087 0.1000000015
19665  -52.255  -53.350  1.019 0.1000000015
19674  -50.324  -52.224  0.679 0.1000000015
20447  -47.150  -52.111  14.745 0.3000000119
20448  -58.302  -51.089  14.643 0.4000000060
20600  -48.848  -51.072  2.889 0.1000000015
20613  -46.898  -51.274  1.829 0.1000000015
20628  -47.207  -50.938  1.610 0.1000000015
20671  -43.948  -51.858  -2.076 0.1000000015
21446  -59.421  -49.968  14.219 0.3000000119
21515  -59.627  -50.227  11.783 0.2000000030
21538  -59.690  -50.262  10.782 0.2000000030
21553  -60.125  -49.897  9.138 0.2000000030
21567  -60.107  -49.661  8.521 0.1000000015
21578  -59.904  -49.465  8.056 0.1000000015
21592  -59.931  -49.154  7.739 0.1000000015
21593  -60.037  -49.335  7.749 0.1000000015
21629  -44.745  -49.969  3.789 0.1000000015
21646  -48.743  -49.898  2.115 0.1000000015
21647  -49.092  -50.468  2.137 0.1000000015
21656  -46.371  -50.096  1.649 0.1000000015
21657  -47.196  -50.347  1.552 0.1000000015
21659  -48.544  -50.042  1.730 0.1000000015
21673  -42.398  -50.183  -0.624 0.1000000015
22442  -50.134  -49.776  15.343 0.4000000060
22450  -58.335  -49.741  15.148 0.4000000060
22451  -59.358  -49.694  15.079 0.4000000060
22452  -60.041  -49.905  14.808 0.4000000060
22476  -56.191  -49.048  14.584 0.6000000238
22477  -59.452  -49.834  14.015 0.4000000060
22484  -58.311  -50.043  12.536 0.2000000030
22494  -58.924  -49.879  12.285 0.1000000015
22496  -59.820  -48.835  11.129 0.3000000119
22521  -60.271  -49.517  10.681 0.3000000119
22553  -60.267  -49.435  10.016 0.2000000030
22554  -60.260  -49.011  10.200 0.2000000030
22573  -58.990  -49.238  9.363 0.1000000015
22575  -60.289  -48.885  9.548 0.2000000030
22603  -59.254  -49.077  8.735 0.1000000015
22605  -60.173  -48.530  9.053 0.1000000015
22630  -58.296  -48.722  7.868 0.1000000015
22631  -59.599  -49.219  8.230 0.1000000015
22632  -60.082  -48.905  8.263 0.1000000015
22647  -59.641  -48.887  8.092 0.1000000015
22648  -59.475  -48.443  7.829 0.1000000015
22661  -59.219  -48.209  7.557 0.1000000015
22691  -45.762  -49.330  3.390 0.1000000015
22700  -47.974  -48.943  1.912 0.1000000015
22701  -48.440  -49.359  2.048 0.1000000015
22707  -47.800  -49.570  1.615 0.1000000015
23463  -47.734  -49.086  15.295 0.4000000060
23468  -59.526  -48.968  15.009 0.4000000060
23485  -45.928  -48.438  14.925 0.3000000119
23488  -48.236  -48.854  14.904 0.4000000060
23542  -59.636  -48.574  11.405 0.3000000119
23551  -50.456  -48.369  11.770 0.5000000000
23555  -55.229  -48.168  11.757 0.4000000060
23556  -59.539  -48.499  10.687 0.3000000119
23581  -55.359  -48.051  11.367 0.4000000060
23604  -58.902  -48.649  8.139 0.1000000015
23606  -60.059  -48.432  8.714 0.1000000015
23607  -59.911  -48.103  8.924 0.1000000015
23633  -58.110  -48.471  7.297 0.1000000015
23635  -59.161  -48.803  8.249 0.1000000015
23636  -59.854  -48.068  8.089 0.1000000015
23637  -60.199  -47.791  8.533 0.1000000015
23657  -57.844  -48.194  6.737 0.1000000015
23659  -58.927  -48.379  7.618 0.1000000015
23660  -59.380  -47.923  7.624 0.1000000015
23682  -59.082  -47.924  7.263 0.1000000015
23693  -54.910  -48.293  4.631 0.1000000015
23726  -45.520  -48.530  2.501 0.1000000015
23728  -47.276  -48.835  2.204 0.1000000015
23738  -46.699  -48.972  1.911 0.1000000015
24584  -45.684  -48.364  15.002 0.2000000030
24608  -58.718  -47.933  13.926 0.4000000060
24609  -59.173  -48.342  13.857 0.4000000060
24610  -59.042  -48.765  13.691 0.4000000060
24631  -46.940  -48.422  13.540 0.4000000060
24647  -43.526  -47.345  13.182 0.3000000119
24653  -50.787  -48.336  12.008 0.5000000000
24656  -55.615  -48.109  12.182 0.4000000060
24657  -56.135  -47.920  12.231 0.4000000060
24662  -59.434  -48.107  11.629 0.4000000060
24671  -50.831  -48.285  11.616 0.5000000000
24680  -58.583  -47.468  11.256 0.3000000119
24681  -59.158  -47.734  11.300 0.3000000119
24732  -57.908  -47.366  9.915 0.3000000119
24733  -59.350  -47.858  9.310 0.2000000030
24746  -56.596  -47.212  8.976 0.3000000119
24747  -59.490  -47.802  8.786 0.1000000015
24792  -58.753  -47.361  6.833 0.1000000015
24793  -59.056  -47.607  7.259 0.1000000015
24813  -58.802  -47.678  6.957 0.1000000015
24869  -43.087  -47.842  2.093 0.1000000015
25730  -38.253  -46.277  15.477 0.1000000015
25774  -43.207  -47.212  13.501 0.3000000119
25788  -58.885  -47.528  11.476 0.3000000119
25796  -42.579  -46.042  11.722 0.3000000119
25802  -58.359  -47.434  10.642 0.3000000119
25804  -59.028  -47.603  11.085 0.3000000119
25827  -58.062  -47.370  10.160 0.3000000119
25830  -59.045  -47.711  9.963 0.2000000030
25855  -58.554  -47.329  9.212 0.2000000030
25871  -58.898  -47.237  8.586 0.2000000030
25894  -59.376  -47.521  8.353 0.1000000015
25913  -57.321  -46.378  7.057 0.1000000015
25915  -58.307  -46.667  6.737 0.1000000015
25965  -40.265  -47.077  2.799 0.1000000015
25996  -39.924  -45.770  1.340 0.1000000015
26863  -39.541  -45.388  14.235 0.3000000119
26875  -40.913  -45.782  13.013 0.3000000119
26884  -40.703  -45.394  12.675 0.3000000119
26894  -41.357  -45.266  11.735 0.3000000119
26896  -42.823  -45.762  11.297 0.3000000119
26996  -57.942  -46.530  5.980 0.1000000015
27041  -38.673  -44.768  2.297 0.1000000015
27059  -39.524  -45.226  1.407 0.1000000015
27090  -40.619  -45.527  -0.457 0.1000000015
27091  -40.934  -45.988  -0.776 0.1000000015
27870  -37.574  -44.033  14.902 0.1000000015
27876  -38.615  -44.113  13.866 0.2000000030
27878  -39.864  -44.890  13.124 0.3000000119
27890  -40.822  -44.581  11.730 0.3000000119
27891  -41.322  -44.512  11.227 0.3000000119
27904  -44.271  -44.878  9.931 0.3000000119
27979  -55.572  -44.704  5.627 0.1000000015
28021  -54.992  -44.132  3.352 0.1000000015
28042  -38.689  -44.162  1.646 0.1000000015
28056  -39.892  -44.867  0.414 0.1000000015
28753  -38.093  -43.549  14.097 0.1000000015
28771  -38.843  -43.856  13.336 0.3000000119
28786  -38.784  -43.439  13.133 0.2000000030
28807  -39.676  -43.350  12.117 0.3000000119
28902  -53.091  -43.028  5.267 0.2000000030
29684  -36.185  -42.752  17.897 0.1000000015
29728  -37.645  -41.906  14.129 0.1000000015
29757  -40.278  -42.665  11.175 0.3000000119
29782  -40.802  -42.606  10.699 0.3000000119
30674  -36.532  -42.110  16.787 0.1000000015
30711  -37.578  -41.412  14.547 0.1000000015
30712  -37.817  -41.142  14.129 0.1000000015
30726  -37.979  -41.475  13.720 0.1000000015
30748  -45.270  -40.881  13.389 0.1000000015
30783  -40.396  -41.884  10.887 0.2000000030
30813  -41.558  -41.475  9.921 0.2000000030
30906  -53.275  -41.746  3.117 0.1000000015
31732  -37.845  -40.801  14.420 0.1000000015
31744  -38.602  -40.876  13.280 0.1000000015
31761  -39.920  -40.787  11.683 0.2000000030
31780  -40.121  -41.238  11.220 0.2000000030
31797  -41.413  -40.485  10.294 0.2000000030
31823  -41.446  -40.845  10.054 0.2000000030
31905  -50.872  -40.046  4.709 0.1000000015
31923  -51.825  -40.205  3.792 0.1000000015
32730  -37.817  -40.146  15.487 0.1000000015
32768  -38.670  -40.409  13.644 0.1000000015
32781  -39.444  -40.439  12.633 0.2000000030
32824  -41.016  -40.305  10.706 0.2000000030
32904  -47.783  -39.512  6.732 0.2000000030
33882  -48.776  -39.142  5.955 0.1000000015
126658  -42.568  -68.153  0.341 0.1000000015
126661  -42.672  -68.000  0.171 0.1000000015
126665  -51.738  -58.032  15.057 0.3000000119
