#!ascii label  , from subject 3002 vox2ras=TkReg
688
58249  -26.794  -16.685  -6.812 0.4285714328
58275  -27.246  -16.189  -7.384 0.2857142985
58276  -28.285  -16.145  -7.292 0.4285714328
59512  -28.743  -15.532  -7.636 0.4285714328
59511  -27.675  -15.529  -7.898 0.2857142985
60655  -28.290  -15.042  -8.082 0.4285714328
60656  -29.077  -14.838  -7.914 0.4285714328
60684  -28.225  -14.313  -8.472 0.4285714328
61844  -27.618  -13.566  -9.110 0.4285714328
61865  -28.074  -12.778  -9.288 0.4285714328
61875  -26.967  -12.717  -10.705 0.5714285970
63178  -27.836  -12.419  -9.891 0.5714285970
63179  -28.717  -11.930  -9.645 0.2857142985
63193  -27.587  -12.182  -10.783 0.7142857313
63194  -28.382  -11.633  -10.426 0.7142857313
65841  -29.096  -10.416  -11.086 0.7142857313
64482  -29.797  -10.647  -10.010 0.4285714328
64480  -28.295  -11.456  -10.900 0.7142857313
64481  -29.000  -11.003  -10.434 0.5714285970
67100  -30.034  -9.517  -11.282 0.5714285970
65855  -29.458  -9.943  -11.454 0.5714285970
67113  -29.738  -9.383  -11.870 0.5714285970
65854  -28.905  -10.462  -11.792 0.5714285970
67101  -30.726  -9.218  -10.921 0.4285714328
67129  -29.984  -8.746  -12.095 0.5714285970
69432  -30.849  -7.661  -11.795 0.5714285970
67128  -29.286  -9.158  -12.703 0.7142857313
68334  -29.946  -8.142  -12.651 0.7142857313
69446  -30.606  -7.383  -12.179 0.7142857313
65886  -27.749  -9.915  -13.422 0.5714285970
68333  -29.404  -8.389  -13.227 0.8571428657
69447  -31.104  -6.791  -11.962 0.5714285970
67144  -28.835  -8.755  -13.583 0.7142857313
70650  -30.617  -6.346  -12.526 0.7142857313
70651  -31.161  -6.156  -11.951 0.5714285970
68348  -29.640  -7.918  -13.265 0.7142857313
71833  -30.445  -5.254  -12.778 0.5714285970
69461  -29.864  -7.180  -13.228 0.7142857313
71834  -30.903  -5.583  -12.134 0.5714285970
69460  -29.416  -7.238  -14.010 0.5714285970
70668  -29.583  -6.560  -14.097 0.7142857313
70669  -30.053  -6.001  -13.371 0.7142857313
73025  -30.039  -4.411  -13.351 0.7142857313
73009  -30.527  -4.492  -12.697 0.7142857313
71850  -29.638  -5.336  -14.139 0.7142857313
74138  -30.178  -3.344  -13.295 0.7142857313
74123  -30.674  -3.685  -12.674 0.5714285970
69494  -28.923  -6.668  -15.446 0.5714285970
75241  -30.031  -2.641  -13.539 0.5714285970
76330  -30.212  -1.667  -13.472 0.5714285970
73043  -29.118  -4.346  -14.786 0.8571428657
71866  -29.261  -5.390  -15.075 0.8571428657
75240  -29.659  -2.237  -14.041 0.7142857313
74137  -29.549  -3.429  -14.041 0.7142857313
76356  -29.131  -1.382  -15.235 0.8571428657
77363  -29.891  -1.095  -14.087 0.5714285970
75261  -29.073  -2.555  -14.867 0.8571428657
75260  -28.779  -2.873  -15.231 0.8571428657
74156  -29.062  -3.462  -14.679 0.8571428657
77393  -28.754  -0.642  -15.926 0.8571428657
78604  -28.826  0.524  -15.856 0.8571428657
79783  -28.753  1.211  -16.241 0.8571428657
75277  -28.849  -2.032  -15.363 0.8571428657
78626  -27.885  0.081  -17.168 1.0000000000
78612  -28.426  0.305  -16.534 1.0000000000
77409  -28.185  -0.631  -16.712 1.0000000000
79793  -28.118  1.308  -17.172 1.0000000000
79807  -27.092  1.472  -18.190 0.7142857313
78625  -27.508  0.675  -17.707 1.0000000000
80951  -27.726  2.028  -17.742 1.0000000000
83303  -27.461  4.400  -18.225 1.0000000000
83302  -26.565  4.295  -18.455 0.8571428657
84471  -27.084  5.328  -18.419 0.8571428657
87685  -27.303  8.401  -18.818 0.8571428657
86636  -27.154  7.477  -18.677 0.8571428657
85580  -26.732  6.307  -18.608 1.0000000000
88706  -27.472  9.294  -19.085 0.8571428657
89744  -27.329  10.306  -19.615 0.7142857313
88705  -26.649  9.410  -19.415 0.5714285970
89759  -26.967  10.756  -20.111 0.7142857313
90735  -27.421  11.017  -20.021 0.5714285970
88688  -25.618  10.069  -19.193 0.5714285970
88704  -25.800  9.534  -19.403 0.5714285970
89727  -25.465  10.589  -18.845 0.4285714328
90747  -25.826  11.558  -20.141 0.4285714328
90722  -25.110  11.521  -18.174 0.2857142985
90714  -25.010  12.104  -17.476 0.2857142985
91737  -25.556  12.640  -17.773 0.2857142985
76343  -29.541  -1.574  -14.509 0.8571428657
77379  -29.574  -0.573  -14.721 0.8571428657
78605  -29.126  0.036  -15.309 0.8571428657
79776  -28.882  1.002  -15.804 0.8571428657
80964  -27.418  2.611  -18.134 0.8571428657
92770  -25.818  13.454  -15.985 0.1428571492
59510  -26.594  -15.723  -7.986 0.2857142985
59535  -26.852  -15.164  -8.551 0.2857142985
59536  -27.639  -14.905  -8.414 0.2857142985
61845  -28.583  -13.418  -8.689 0.4285714328
60683  -27.056  -14.374  -8.974 0.2857142985
63158  -28.863  -12.677  -8.856 0.4285714328
61864  -27.153  -12.984  -10.042 0.5714285970
64465  -29.528  -11.187  -9.714 0.4285714328
63209  -27.241  -11.915  -11.942 0.2857142985
64495  -28.556  -10.929  -11.277 0.7142857313
64510  -28.311  -10.912  -11.975 0.5714285970
68311  -31.428  -8.304  -10.969 0.4285714328
65870  -28.433  -10.262  -12.652 0.7142857313
65871  -29.231  -9.908  -12.135 0.7142857313
67114  -30.332  -8.923  -11.536 0.7142857313
68320  -30.612  -8.116  -11.780 0.5714285970
68321  -31.068  -8.119  -11.389 0.4285714328
67143  -27.998  -9.120  -14.002 0.5714285970
73010  -31.053  -4.587  -12.106 0.5714285970
68346  -28.474  -8.337  -14.243 0.5714285970
69478  -28.950  -7.277  -14.788 0.8571428657
73024  -29.536  -4.398  -14.042 0.7142857313
77425  -27.785  -0.720  -17.145 1.0000000000
80963  -26.691  2.567  -18.438 0.7142857313
82122  -27.988  3.459  -17.952 1.0000000000
82120  -26.358  3.380  -18.517 0.7142857313
86652  -26.927  8.133  -18.784 0.8571428657
85581  -27.609  6.340  -18.588 1.0000000000
89743  -26.502  10.262  -19.809 0.7142857313
89758  -26.463  10.962  -20.207 0.7142857313
91759  -25.658  12.153  -19.831 0.4285714328
90749  -27.074  11.413  -20.436 0.4285714328
91760  -25.908  12.467  -20.589 0.4285714328
64509  -27.562  -11.202  -12.477 0.4285714328
90734  -25.623  11.498  -19.310 0.4285714328
89742  -25.828  10.660  -19.778 0.7142857313
91746  -25.652  12.552  -18.961 0.2857142985
58274  -26.216  -16.236  -7.433 0.2857142985
60700  -26.827  -13.730  -9.585 0.2857142985
64494  -27.941  -11.465  -11.570 0.5714285970
68310  -30.839  -8.531  -11.305 0.4285714328
69433  -31.311  -7.529  -11.493 0.5714285970
67127  -28.479  -9.466  -13.287 0.7142857313
68347  -29.189  -7.887  -13.873 0.5714285970
71851  -30.033  -5.263  -13.399 0.7142857313
68367  -28.688  -7.827  -14.445 0.7142857313
70682  -29.323  -6.224  -14.892 0.8571428657
76329  -29.787  -1.624  -14.005 0.8571428657
76355  -28.690  -1.651  -15.727 0.8571428657
77394  -29.180  -0.645  -15.328 0.8571428657
74155  -28.760  -3.487  -15.199 0.8571428657
79792  -27.628  1.373  -17.745 1.0000000000
87684  -26.804  8.619  -19.038 0.8571428657
89726  -24.792  10.345  -18.107 0.4285714328
91735  -25.294  12.523  -16.745 0.2857142985
82121  -27.081  3.449  -18.325 1.0000000000
89757  -26.094  11.173  -20.236 0.5714285970
93853  -25.506  14.748  -21.633 0.2857142985
93842  -25.417  14.700  -20.827 0.1428571492
92816  -25.661  13.391  -21.019 0.2857142985
93854  -25.968  14.695  -22.112 0.2857142985
94825  -25.579  15.389  -20.298 0.1428571492
92797  -25.618  13.204  -20.321 0.2857142985
92796  -25.524  13.612  -19.501 0.1428571492
93843  -27.322  14.260  -21.379 0.2857142985
92835  -25.795  13.933  -21.669 0.2857142985
92800  -30.538  12.915  -19.282 0.2857142985
93833  -28.556  13.310  -19.968 0.2857142985
94821  -25.574  15.326  -19.464 0.1428571492
91748  -28.097  11.817  -19.987 0.2857142985
92817  -26.493  13.330  -21.169 0.2857142985
90724  -29.951  11.308  -18.651 0.1428571492
92798  -28.268  12.517  -19.968 0.2857142985
92818  -27.647  13.141  -20.582 0.2857142985
93832  -25.393  14.586  -19.905 0.1428571492
91761  -26.847  12.319  -20.664 0.2857142985
89731  -31.557  10.960  -18.231 0.1428571492
89730  -30.498  10.536  -18.146 0.1428571492
91750  -29.495  12.026  -19.085 0.4285714328
90750  -27.677  11.479  -20.150 0.2857142985
87668  -29.406  8.429  -17.856 0.2857142985
89728  -28.875  10.294  -18.718 0.4285714328
90736  -28.011  11.180  -19.588 0.2857142985
90748  -26.355  11.622  -20.465 0.2857142985
86618  -30.728  7.815  -17.067 0.1428571492
88690  -29.657  9.521  -17.977 0.2857142985
88689  -28.804  9.765  -18.519 0.5714285970
89745  -28.286  10.279  -18.995 0.7142857313
85568  -29.991  6.668  -16.988 0.1428571492
86617  -29.731  7.674  -17.487 0.1428571492
87667  -28.559  8.607  -18.360 0.4285714328
84461  -29.909  5.596  -16.966 0.2857142985
87686  -27.832  8.750  -18.741 0.7142857313
84472  -27.926  5.366  -18.305 0.8571428657
85582  -28.564  6.333  -18.209 0.8571428657
83294  -30.226  5.027  -16.655 0.2857142985
84451  -30.741  5.937  -16.441 0.2857142985
86637  -28.111  7.387  -18.499 0.7142857313
86635  -26.321  7.188  -18.672 0.5714285970
83284  -30.896  4.836  -15.948 0.1428571492
84460  -29.283  5.728  -17.633 0.7142857313
75313  -26.157  -2.265  -17.672 0.5714285970
77424  -27.274  -0.442  -17.658 0.8571428657
78639  -26.942  0.278  -18.083 0.8571428657
77438  -26.865  -0.291  -18.012 0.4285714328
82111  -28.597  3.375  -17.569 0.8571428657
83304  -28.250  4.570  -17.996 0.8571428657
82106  -30.436  3.910  -15.890 0.2857142985
83292  -28.723  4.051  -17.611 0.8571428657
84473  -28.600  5.348  -18.058 0.8571428657
83273  -30.901  4.107  -15.423 0.4285714328
83293  -29.510  4.665  -17.252 0.7142857313
74215  -25.532  -2.922  -17.255 0.2857142985
76391  -26.769  -1.382  -17.797 0.5714285970
80952  -28.415  2.626  -17.435 0.8571428657
80965  -27.882  2.683  -17.847 0.8571428657
82105  -29.867  3.276  -16.110 0.4285714328
82112  -29.186  3.427  -17.043 0.8571428657
82096  -30.378  3.250  -15.265 0.4285714328
69508  -27.736  -6.641  -16.147 0.7142857313
71906  -26.816  -5.443  -16.473 0.4285714328
70699  -28.631  -6.315  -15.831 0.7142857313
73084  -28.022  -4.482  -16.204 0.8571428657
73083  -27.214  -4.564  -16.675 0.5714285970
74217  -26.973  -3.243  -17.115 0.5714285970
74196  -25.896  -3.734  -16.911 0.4285714328
74199  -27.965  -3.603  -16.337 0.8571428657
74198  -27.462  -3.483  -16.737 0.5714285970
75314  -27.141  -2.526  -17.294 0.5714285970
76375  -27.742  -2.266  -16.901 0.7142857313
79777  -29.241  1.238  -15.334 0.7142857313
80942  -28.738  2.096  -16.744 0.7142857313
80953  -28.910  2.702  -16.966 0.8571428657
80903  -30.971  1.954  -13.898 0.2857142985
79778  -29.879  2.046  -15.111 0.4285714328
80936  -30.058  2.660  -15.117 0.5714285970
69493  -28.099  -7.235  -15.700 0.4285714328
69507  -27.225  -6.829  -16.066 0.4285714328
73062  -28.677  -4.352  -15.504 0.7142857313
75296  -27.985  -2.848  -16.419 0.8571428657
78590  -29.458  0.358  -14.791 0.7142857313
79762  -30.075  1.453  -14.418 0.2857142985
79761  -29.584  0.853  -14.586 0.5714285970
67161  -27.900  -8.524  -14.577 0.4285714328
68365  -27.524  -8.298  -15.023 0.5714285970
73063  -29.023  -4.986  -15.402 0.7142857313
77364  -30.259  -0.642  -13.616 0.4285714328
78591  -29.962  0.259  -14.070 0.4285714328
79736  -30.592  1.056  -13.489 0.4285714328
71820  -31.519  -5.485  -11.645 0.4285714328
76313  -31.379  -1.832  -12.445 0.4285714328
75222  -30.590  -2.530  -12.912 0.4285714328
77343  -31.476  -0.956  -12.410 0.4285714328
77342  -30.906  -0.938  -12.867 0.4285714328
63159  -29.664  -12.343  -8.767 0.1428571492
74124  -31.350  -3.567  -12.186 0.4285714328
75223  -31.183  -2.870  -12.442 0.4285714328
63180  -29.912  -11.603  -9.189 0.1428571492
64466  -30.352  -10.951  -9.539 0.1428571492
70621  -32.496  -6.625  -10.740 0.2857142985
74097  -32.815  -4.145  -10.573 0.2857142985
71804  -32.695  -5.545  -10.681 0.2857142985
69425  -31.965  -7.594  -10.825 0.4285714328
72997  -32.160  -4.803  -11.061 0.2857142985
70637  -32.051  -6.501  -11.176 0.2857142985
74113  -32.302  -3.764  -10.965 0.2857142985
74112  -31.760  -3.890  -11.555 0.4285714328
65829  -31.049  -10.425  -9.758 0.2857142985
68291  -32.647  -8.737  -9.899 0.2857142985
69426  -32.903  -7.585  -10.187 0.2857142985
63181  -30.555  -11.390  -9.082 0.1428571492
65831  -32.504  -10.225  -8.879 0.2857142985
64467  -31.217  -11.059  -9.020 0.2857142985
67086  -31.913  -9.512  -9.830 0.2857142985
65830  -31.821  -10.165  -9.394 0.2857142985
67103  -32.208  -9.057  -10.007 0.2857142985
61846  -29.529  -13.229  -8.546 0.1428571492
60685  -29.320  -14.080  -8.311 0.2857142985
61847  -30.429  -12.964  -8.463 0.1428571492
58250  -27.814  -16.656  -6.756 0.2857142985
57049  -27.331  -17.226  -6.276 0.2857142985
57050  -28.337  -17.228  -6.262 0.1428571492
57048  -26.317  -17.256  -6.323 0.2857142985
57027  -26.819  -17.716  -5.706 0.1428571492
64468  -32.057  -10.725  -8.802 0.2857142985
70622  -33.029  -6.757  -10.242 0.2857142985
68312  -32.259  -8.429  -10.371 0.2857142985
70636  -31.646  -6.493  -11.560 0.4285714328
75209  -32.156  -3.059  -11.171 0.2857142985
71907  -27.638  -5.380  -16.371 0.7142857313
75208  -31.757  -2.732  -11.836 0.4285714328
77380  -29.908  -0.512  -14.124 0.4285714328
80943  -29.267  2.664  -16.477 0.7142857313
87683  -26.000  8.534  -19.164 0.4285714328
87666  -27.781  8.116  -18.659 0.7142857313
82080  -30.552  3.050  -14.802 0.2857142985
93822  -25.550  14.681  -18.856 0.1428571492
90738  -29.486  11.479  -18.861 0.2857142985
58251  -28.825  -16.649  -6.705 0.1428571492
59513  -29.773  -15.510  -7.549 0.1428571492
63161  -31.645  -12.083  -8.426 0.1428571492
64444  -31.896  -11.405  -8.583 0.1428571492
65843  -30.891  -9.916  -10.342 0.2857142985
65844  -31.467  -9.863  -9.964 0.2857142985
69402  -33.469  -7.594  -9.652 0.2857142985
71805  -33.149  -6.064  -10.252 0.2857142985
69424  -31.581  -7.805  -11.098 0.2857142985
69506  -26.569  -6.929  -15.926 0.2857142985
75193  -32.711  -2.916  -10.515 0.2857142985
76299  -32.360  -2.019  -11.015 0.2857142985
70719  -28.104  -6.117  -16.181 0.7142857313
71884  -28.607  -5.397  -15.814 0.5714285970
73082  -26.311  -4.593  -16.670 0.4285714328
75312  -25.197  -2.097  -17.594 0.2857142985
74216  -26.420  -3.087  -17.222 0.5714285970
76298  -31.952  -1.905  -11.865 0.2857142985
76390  -25.786  -1.222  -17.976 0.2857142985
77330  -31.964  -1.022  -11.858 0.1428571492
78540  -31.142  -0.400  -12.795 0.4285714328
78567  -30.580  0.045  -12.989 0.4285714328
78568  -31.038  0.814  -12.734 0.1428571492
80920  -30.481  2.590  -14.616 0.2857142985
82095  -29.959  3.039  -15.680 0.5714285970
83283  -30.008  4.186  -16.497 0.7142857313
83274  -31.704  4.578  -15.278 0.2857142985
83285  -31.645  5.118  -15.646 0.1428571492
84452  -31.767  5.725  -15.980 0.1428571492
85567  -29.272  6.777  -17.664 0.5714285970
86638  -28.957  7.522  -18.071 0.5714285970
86598  -31.295  7.579  -16.835 0.1428571492
87650  -30.254  8.810  -17.501 0.1428571492
90737  -28.876  11.246  -19.063 0.2857142985
89729  -29.429  10.467  -18.479 0.2857142985
88675  -30.920  9.758  -17.654 0.1428571492
89714  -31.180  10.424  -17.898 0.1428571492
92799  -29.091  12.797  -19.426 0.2857142985
127088  -31.053  12.447  -19.071 0.1428571492
127085  -30.969  11.838  -18.740 0.1428571492
58278  -30.293  -16.184  -7.154 0.1428571492
71784  -33.552  -5.758  -9.796 0.2857142985
80921  -31.324  2.808  -14.057 0.2857142985
90725  -32.283  11.705  -18.950 0.1428571492
92801  -31.239  13.946  -19.664 0.2857142985
58248  -25.775  -16.739  -6.893 0.2857142985
58277  -29.304  -16.160  -7.221 0.1428571492
65842  -29.923  -10.125  -10.687 0.4285714328
65828  -30.399  -10.392  -10.050 0.2857142985
76312  -30.753  -1.726  -12.894 0.4285714328
70700  -29.034  -5.933  -15.492 0.7142857313
75276  -28.580  -2.583  -15.653 0.7142857313
79784  -29.139  1.956  -16.115 0.7142857313
76376  -28.209  -1.655  -16.464 0.8571428657
76393  -27.958  -1.122  -16.907 0.8571428657
86651  -26.530  7.977  -18.804 0.5714285970
65869  -27.578  -10.613  -13.097 0.5714285970
67102  -31.588  -9.215  -10.382 0.2857142985
76392  -27.601  -1.460  -17.229 0.5714285970
91747  -25.743  12.790  -19.856 0.2857142985
74176  -28.341  -3.570  -15.905 0.8571428657
92834  -25.508  14.097  -21.178 0.2857142985
92836  -26.424  14.114  -21.788 0.2857142985
92815  -25.401  13.890  -20.495 0.1428571492
93844  -28.490  14.245  -20.460 0.2857142985
91749  -28.613  11.950  -19.478 0.2857142985
90723  -29.346  11.040  -18.771 0.2857142985
91739  -30.154  11.958  -18.931 0.1428571492
91762  -27.638  12.089  -20.396 0.2857142985
88674  -30.285  9.488  -17.730 0.1428571492
88707  -28.166  9.343  -18.738 0.5714285970
87651  -31.259  8.862  -17.209 0.1428571492
88691  -30.340  9.831  -17.869 0.2857142985
83305  -28.916  4.841  -17.813 0.8571428657
76409  -26.371  -0.866  -18.062 0.4285714328
70718  -27.365  -6.153  -16.281 0.4285714328
71908  -28.111  -5.368  -16.148 0.7142857313
74197  -26.739  -3.805  -16.955 0.5714285970
73081  -25.397  -4.439  -16.501 0.2857142985
80935  -29.684  2.550  -15.640 0.7142857313
69477  -28.423  -7.464  -15.144 0.5714285970
68380  -27.775  -7.844  -15.297 0.5714285970
71821  -32.180  -5.929  -11.246 0.2857142985
72996  -31.587  -4.703  -11.554 0.4285714328
72981  -32.735  -4.860  -10.575 0.2857142985
69434  -31.878  -6.939  -11.139 0.2857142985
61848  -31.270  -12.775  -8.249 0.1428571492
63160  -30.737  -11.951  -8.638 0.1428571492
68313  -32.819  -8.333  -10.037 0.2857142985
64443  -31.370  -11.620  -8.630 0.1428571492
67087  -32.570  -9.366  -9.474 0.2857142985
57028  -27.827  -17.734  -5.723 0.1428571492
57051  -29.325  -17.243  -6.250 0.1428571492
92785  -26.073  13.784  -18.147 0.1428571492
85579  -25.911  6.281  -18.566 0.5714285970
83301  -25.937  4.563  -18.580 0.4285714328
84469  -25.489  5.343  -18.607 0.4285714328
84470  -26.292  5.333  -18.537 0.5714285970
80962  -25.933  2.762  -18.589 0.4285714328
82128  -25.876  3.451  -18.563 0.4285714328
82129  -26.175  3.859  -18.525 0.5714285970
72983  -34.024  -4.068  -9.672 0.1428571492
74098  -33.487  -3.745  -10.130 0.1428571492
72970  -36.301  -4.345  -8.962 0.1428571492
72968  -34.303  -4.852  -9.446 0.1428571492
74087  -35.725  -3.639  -9.328 0.1428571492
74086  -34.808  -3.869  -9.430 0.1428571492
74100  -36.128  -3.114  -9.478 0.1428571492
70596  -34.396  -6.463  -9.046 0.1428571492
71786  -34.856  -5.520  -8.994 0.1428571492
72969  -35.312  -4.565  -9.091 0.1428571492
72971  -36.983  -4.157  -9.278 0.1428571492
73011  -37.597  -4.569  -11.936 0.1428571492
72998  -37.816  -4.338  -10.803 0.1428571492
74114  -37.557  -3.508  -11.547 0.1428571492
61863  -26.190  -13.581  -10.231 0.2857142985
68260  -33.791  -8.545  -8.980 0.1428571492
68293  -33.909  -8.241  -9.099 0.1428571492
69403  -34.099  -7.568  -9.160 0.1428571492
68292  -33.317  -8.451  -9.483 0.1428571492
70595  -33.530  -6.699  -9.681 0.1428571492
70598  -36.368  -6.299  -8.532 0.1428571492
70573  -34.776  -6.998  -8.678 0.1428571492
71788  -37.233  -5.198  -8.876 0.1428571492
70597  -35.295  -6.274  -8.644 0.1428571492
71806  -38.038  -5.303  -9.997 0.1428571492
71822  -37.975  -5.529  -11.272 0.1428571492
60699  -26.108  -14.132  -9.605 0.2857142985
67057  -32.985  -9.607  -8.938 0.1428571492
67058  -33.653  -9.204  -8.732 0.1428571492
69375  -34.793  -7.596  -8.629 0.1428571492
71789  -37.948  -6.013  -9.270 0.1428571492
71807  -38.262  -6.187  -9.849 0.1428571492
73026  -37.466  -4.716  -13.064 0.1428571492
65806  -33.241  -10.229  -8.567 0.1428571492
68262  -35.373  -8.591  -8.209 0.1428571492
67059  -34.643  -9.323  -8.167 0.1428571492
69379  -37.491  -8.109  -8.425 0.1428571492
68261  -34.418  -8.366  -8.663 0.1428571492
69404  -37.428  -7.556  -8.527 0.1428571492
69377  -35.993  -7.871  -8.226 0.1428571492
70599  -37.451  -6.742  -8.676 0.1428571492
70638  -37.862  -6.275  -11.913 0.1428571492
71823  -38.330  -6.061  -10.528 0.1428571492
71835  -37.613  -5.613  -12.411 0.1428571492
64446  -33.615  -11.121  -8.022 0.1428571492
67041  -36.190  -10.008  -7.605 0.1428571492
65809  -35.652  -10.254  -7.560 0.1428571492
65807  -34.031  -10.142  -8.158 0.1428571492
68263  -36.281  -8.623  -7.948 0.1428571492
67060  -35.644  -9.466  -7.762 0.1428571492
68294  -38.271  -8.577  -9.281 0.1428571492
68265  -37.799  -8.711  -8.557 0.1428571492
69427  -38.476  -7.675  -9.724 0.1428571492
70623  -38.487  -6.816  -10.235 0.1428571492
69405  -38.029  -7.715  -8.804 0.1428571492
70600  -38.241  -6.826  -9.341 0.1428571492
65792  -37.025  -10.926  -7.688 0.1428571492
65790  -35.396  -10.834  -7.493 0.1428571492
65808  -34.857  -10.265  -7.687 0.1428571492
67062  -37.478  -9.742  -8.138 0.1428571492
67043  -37.280  -10.402  -7.840 0.1428571492
67063  -37.984  -9.459  -8.981 0.1428571492
70639  -38.295  -6.650  -11.282 0.1428571492
68314  -38.407  -8.537  -10.235 0.1428571492
67061  -36.616  -9.431  -7.765 0.1428571492
68264  -37.146  -8.720  -8.075 0.1428571492
70575  -36.585  -7.221  -8.476 0.1428571492
73044  -37.144  -4.768  -14.106 0.1428571492
72982  -33.357  -4.914  -10.042 0.1428571492
74099  -34.250  -3.126  -9.536 0.1428571492
74139  -37.192  -3.863  -13.590 0.1428571492
74125  -37.483  -3.716  -12.602 0.1428571492
74102  -37.334  -3.182  -10.422 0.1428571492
76287  -32.623  -2.361  -10.632 0.1428571492
86650  -26.015  7.808  -18.815 0.4285714328
127087  -31.847  13.479  -19.643 0.1428571492
93835  -30.438  14.232  -19.671 0.1428571492
67088  -33.138  -9.164  -9.190 0.1428571492
64445  -32.651  -11.000  -8.518 0.1428571492
72967  -33.784  -5.319  -9.638 0.1428571492
74088  -36.504  -3.621  -9.398 0.1428571492
75185  -35.192  -3.011  -9.483 0.1428571492
75196  -35.882  -2.398  -9.615 0.1428571492
74089  -37.094  -3.574  -9.638 0.1428571492
71785  -34.056  -5.769  -9.422 0.1428571492
71787  -35.890  -5.307  -8.644 0.1428571492
72984  -37.547  -4.229  -9.759 0.1428571492
70574  -35.586  -7.165  -8.510 0.1428571492
69376  -35.240  -7.921  -8.465 0.1428571492
70576  -37.114  -7.351  -8.497 0.1428571492
64447  -34.259  -10.713  -7.821 0.1428571492
69378  -36.883  -7.910  -8.297 0.1428571492
67042  -36.819  -10.200  -7.699 0.1428571492
69435  -38.453  -7.632  -10.795 0.1428571492
57025  -24.794  -17.961  -5.961 0.1428571492
57046  -24.274  -17.422  -6.574 0.1428571492
57047  -25.304  -17.353  -6.448 0.1428571492
58247  -24.769  -16.844  -7.059 0.1428571492
58273  -25.217  -16.303  -7.535 0.1428571492
59509  -25.603  -15.825  -8.056 0.1428571492
59534  -25.895  -15.350  -8.590 0.1428571492
59508  -24.633  -15.852  -8.152 0.1428571492
59533  -25.000  -15.492  -8.682 0.1428571492
60681  -25.184  -15.057  -9.145 0.1428571492
60682  -26.069  -14.776  -9.099 0.1428571492
60698  -25.208  -14.452  -9.615 0.1428571492
61861  -24.331  -13.952  -10.008 0.1428571492
61873  -25.414  -13.541  -10.921 0.1428571492
61862  -25.278  -13.899  -10.211 0.1428571492
61874  -26.330  -13.059  -10.984 0.1428571492
63192  -26.841  -12.633  -11.038 0.1428571492
61886  -25.447  -13.113  -11.498 0.2857142985
67142  -27.047  -9.534  -13.914 0.4285714328
78638  -26.324  0.604  -18.389 0.2857142985
79806  -26.168  1.671  -18.519 0.2857142985
83299  -24.011  4.455  -18.443 0.2857142985
85578  -25.031  6.289  -18.571 0.4285714328
61885  -24.777  -13.258  -11.358 0.1428571492
61887  -25.970  -12.908  -11.554 0.2857142985
60697  -24.200  -14.720  -9.466 0.1428571492
61872  -24.398  -13.511  -10.804 0.1428571492
63207  -25.543  -12.655  -11.890 0.2857142985
63208  -26.515  -12.541  -11.691 0.2857142985
63222  -25.682  -12.123  -12.333 0.2857142985
63223  -26.506  -11.906  -12.406 0.2857142985
63224  -27.021  -11.650  -12.432 0.2857142985
65885  -26.878  -10.361  -13.493 0.4285714328
67141  -26.299  -9.833  -13.795 0.2857142985
76408  -26.067  -0.683  -18.208 0.2857142985
77435  -25.094  0.224  -18.419 0.2857142985
78637  -25.531  0.802  -18.459 0.2857142985
78636  -24.611  0.789  -18.338 0.2857142985
79805  -25.302  1.782  -18.562 0.2857142985
82119  -26.082  3.217  -18.565 0.2857142985
82118  -24.501  3.576  -18.503 0.2857142985
82117  -23.578  3.631  -18.232 0.2857142985
83300  -25.175  4.332  -18.587 0.2857142985
77436  -25.641  -0.245  -18.331 0.2857142985
77421  -24.662  -0.324  -18.077 0.2857142985
79804  -24.429  1.818  -18.409 0.2857142985
80960  -23.813  2.643  -18.334 0.2857142985
80961  -25.085  2.819  -18.585 0.2857142985
83310  -25.601  3.845  -18.547 0.2857142985
78635  -24.086  1.216  -18.290 0.2857142985
79803  -23.718  1.639  -18.214 0.2857142985
82127  -25.336  3.555  -18.559 0.2857142985
60680  -24.605  -15.227  -9.104 0.1428571492
64522  -27.070  -11.024  -13.147 0.4285714328
80950  -23.386  2.067  -18.044 0.2857142985
68364  -26.660  -8.453  -14.992 0.2857142985
67160  -27.225  -8.885  -14.523 0.2857142985
69492  -26.930  -7.421  -15.806 0.2857142985
95739  -29.233  16.804  -21.502 0.1428571492
95726  -30.183  16.455  -21.217 0.1428571492
94847  -29.257  16.031  -20.982 0.1428571492
93845  -29.632  14.779  -20.121 0.1428571492
96642  -29.561  17.631  -22.474 0.1428571492
94832  -28.975  15.307  -20.728 0.1428571492
94860  -26.068  16.096  -22.788 0.1428571492
68379  -27.249  -7.946  -15.482 0.2857142985
69491  -25.999  -7.281  -15.683 0.2857142985
93836  -31.132  14.564  -19.931 0.1428571492
94834  -30.974  15.965  -20.804 0.1428571492
93834  -29.413  13.775  -19.657 0.1428571492
94833  -29.910  15.792  -20.573 0.1428571492
93846  -30.639  15.087  -20.201 0.1428571492
95738  -28.005  16.699  -21.841 0.1428571492
94861  -26.700  16.033  -22.613 0.1428571492
94845  -27.347  15.568  -21.922 0.1428571492
94843  -25.563  15.687  -22.299 0.1428571492
93855  -26.659  14.766  -21.985 0.1428571492
96641  -28.573  17.449  -22.384 0.1428571492
95725  -29.667  16.272  -21.040 0.1428571492
94831  -28.049  15.089  -21.064 0.1428571492
94846  -28.457  15.931  -21.281 0.1428571492
96653  -28.970  18.154  -23.277 0.1428571492
77420  -23.959  -0.169  -17.796 0.1428571492
82104  -22.562  3.037  -16.475 0.1428571492
82110  -22.519  3.352  -17.120 0.1428571492
77422  -25.233  -0.781  -18.041 0.1428571492
80959  -23.301  3.092  -18.017 0.1428571492
83291  -22.547  4.405  -17.277 0.1428571492
84466  -22.901  4.941  -17.706 0.1428571492
84458  -22.721  5.492  -17.311 0.2857142985
71905  -25.738  -5.474  -16.305 0.1428571492
74213  -24.046  -2.549  -17.147 0.1428571492
76388  -23.864  -1.124  -17.480 0.1428571492
82097  -31.289  3.823  -14.878 0.1428571492
78623  -23.686  0.651  -18.030 0.1428571492
84467  -23.389  5.421  -18.139 0.1428571492
84459  -23.154  5.900  -17.691 0.2857142985
86633  -24.640  7.194  -18.534 0.2857142985
88673  -24.336  9.360  -17.953 0.2857142985
88672  -23.355  9.167  -17.218 0.2857142985
91734  -24.773  11.942  -16.189 0.1428571492
85576  -23.430  6.390  -17.981 0.2857142985
87663  -24.317  7.743  -18.483 0.2857142985
87648  -23.824  8.255  -18.168 0.2857142985
88703  -25.312  9.052  -19.189 0.2857142985
87649  -24.513  8.881  -18.514 0.2857142985
88687  -25.064  9.528  -18.828 0.2857142985
90721  -24.696  10.855  -17.599 0.1428571492
89712  -23.616  9.694  -16.819 0.2857142985
92777  -26.182  13.361  -17.013 0.1428571492
88671  -22.859  8.629  -16.808 0.1428571492
87634  -22.753  8.112  -16.347 0.1428571492
88659  -23.316  9.536  -16.669 0.2857142985
89713  -24.182  10.159  -17.173 0.2857142985
90713  -24.604  11.395  -17.018 0.1428571492
89703  -24.255  10.605  -16.595 0.1428571492
84449  -21.959  5.104  -16.366 0.2857142985
89702  -23.733  9.913  -16.242 0.1428571492
91730  -24.810  11.868  -15.483 0.1428571492
90709  -24.161  10.297  -15.871 0.1428571492
84414  -21.058  4.836  -14.900 0.1428571492
80904  -31.763  2.358  -13.434 0.1428571492
74214  -24.607  -2.741  -17.195 0.1428571492
78622  -23.037  0.609  -17.302 0.1428571492
79791  -23.215  1.485  -17.772 0.1428571492
80941  -22.540  2.333  -16.862 0.1428571492
82116  -23.042  3.582  -17.669 0.1428571492
83281  -21.981  4.402  -16.465 0.1428571492
83298  -23.184  4.411  -17.957 0.1428571492
83282  -22.282  5.003  -16.764 0.2857142985
86616  -23.346  7.165  -17.687 0.1428571492
87647  -23.039  7.900  -17.134 0.1428571492
89697  -23.885  9.985  -15.599 0.1428571492
89701  -22.992  9.677  -15.953 0.2857142985
90710  -24.387  10.986  -16.028 0.1428571492
82081  -30.939  3.195  -14.626 0.1428571492
82082  -31.792  3.441  -14.328 0.1428571492
87682  -25.529  8.852  -19.215 0.2857142985
86634  -25.522  7.293  -18.698 0.2857142985
74195  -24.941  -3.529  -16.747 0.1428571492
87665  -25.647  7.996  -18.879 0.2857142985
79737  -31.403  1.549  -13.146 0.1428571492
84468  -24.512  5.354  -18.560 0.1428571492
77419  -23.402  -0.228  -17.397 0.1428571492
80949  -23.067  2.510  -17.610 0.1428571492
83290  -22.275  3.966  -16.906 0.1428571492
76389  -24.847  -1.265  -17.738 0.1428571492
75311  -24.337  -2.015  -17.415 0.1428571492
85577  -24.095  6.310  -18.440 0.2857142985
85566  -23.098  6.330  -17.390 0.2857142985
86632  -23.881  7.184  -18.282 0.2857142985
91731  -25.173  12.653  -15.701 0.1428571492
87664  -24.998  8.320  -18.880 0.2857142985
63205  -23.960  -12.307  -11.322 0.1428571492
64506  -24.794  -11.504  -12.399 0.1428571492
65853  -23.424  -10.793  -11.762 0.1428571492
65866  -23.674  -10.422  -12.238 0.1428571492
67126  -24.159  -9.918  -12.733 0.1428571492
65868  -25.060  -10.970  -12.765 0.1428571492
67139  -24.400  -9.504  -13.422 0.1428571492
64507  -25.749  -11.335  -12.873 0.1428571492
67140  -25.474  -9.747  -13.766 0.1428571492
65884  -25.985  -10.417  -13.546 0.1428571492
67138  -23.742  -9.046  -13.352 0.1428571492
67157  -24.309  -9.016  -13.953 0.1428571492
67159  -26.148  -9.145  -14.334 0.1428571492
68363  -25.450  -8.238  -14.798 0.1428571492
70698  -26.053  -6.699  -15.945 0.1428571492
84450  -22.219  5.602  -16.453 0.1428571492
64508  -26.726  -11.417  -12.818 0.1428571492
64492  -23.877  -11.492  -11.728 0.1428571492
64505  -24.187  -11.013  -12.269 0.1428571492
70717  -26.522  -6.293  -16.191 0.1428571492
64493  -24.587  -11.934  -11.961 0.1428571492
63206  -24.644  -12.529  -11.691 0.1428571492
64521  -26.370  -10.978  -13.282 0.1428571492
65865  -23.076  -9.888  -12.276 0.1428571492
65867  -24.521  -10.599  -12.628 0.1428571492
65882  -24.584  -10.066  -12.957 0.1428571492
65883  -25.179  -10.449  -13.182 0.1428571492
64520  -25.805  -10.839  -13.272 0.1428571492
68345  -23.951  -8.884  -13.696 0.1428571492
67158  -24.931  -9.105  -14.221 0.1428571492
68332  -22.921  -8.823  -12.718 0.1428571492
64479  -23.542  -11.971  -11.212 0.1428571492
63221  -25.029  -12.194  -12.095 0.2857142985
64469  -32.396  -10.648  -8.721 0.1428571492
68366  -28.216  -7.847  -14.904 0.4285714328
71885  -29.034  -5.446  -15.496 0.7142857313
73042  -28.811  -4.083  -15.142 0.7142857313
75295  -27.572  -2.773  -16.832 0.5714285970
77423  -26.754  -0.666  -17.972 0.4285714328
77437  -26.438  -0.285  -18.208 0.2857142985
78624  -24.207  0.217  -18.091 0.1428571492
80970  -25.535  3.246  -18.565 0.2857142985
80971  -25.677  3.055  -18.576 0.2857142985
83311  -25.848  4.028  -18.551 0.2857142985
83312  -26.145  4.168  -18.531 0.5714285970
89746  -28.975  10.661  -18.833 0.2857142985
91738  -29.776  11.702  -18.868 0.2857142985
92802  -31.752  14.022  -19.818 0.1428571492
