#!ascii label  , from subject 3002 vox2ras=TkReg
270
67100  -30.034  -9.517  -11.282 0.0000000000
69493  -28.099  -7.235  -15.700 0.0000000000
83301  -25.937  4.563  -18.580 0.0000000000
79792  -27.628  1.373  -17.745 0.0000000000
75277  -28.849  -2.032  -15.363 0.0000000000
73010  -31.053  -4.587  -12.106 0.0000000000
85578  -25.031  6.289  -18.571 0.0000000000
77409  -28.185  -0.631  -16.712 0.0000000000
74198  -27.462  -3.483  -16.737 0.0000000000
67144  -28.835  -8.755  -13.583 0.0000000000
70669  -30.053  -6.001  -13.371 0.0000000000
69446  -30.606  -7.383  -12.179 0.0000000000
61864  -27.153  -12.984  -10.042 0.0000000000
65869  -27.578  -10.613  -13.097 0.0000000000
90747  -25.826  11.558  -20.141 0.0000000000
89743  -26.502  10.262  -19.809 0.0000000000
87684  -26.804  8.619  -19.038 0.0000000000
86637  -28.111  7.387  -18.499 0.0000000000
84473  -28.600  5.348  -18.058 0.0000000000
80963  -26.691  2.567  -18.438 0.0000000000
83292  -28.723  4.051  -17.611 0.0000000000
80943  -29.267  2.664  -16.477 0.0000000000
79761  -29.584  0.853  -14.586 0.0000000000
78567  -30.580  0.045  -12.989 0.0000000000
73062  -28.677  -4.352  -15.504 0.0000000000
74138  -30.178  -3.344  -13.295 0.0000000000
75314  -27.141  -2.526  -17.294 0.0000000000
74196  -25.896  -3.734  -16.911 0.0000000000
67128  -29.286  -9.158  -12.703 0.0000000000
68334  -29.946  -8.142  -12.651 0.0000000000
68320  -30.612  -8.116  -11.780 0.0000000000
58276  -28.285  -16.145  -7.292 0.0000000000
60655  -28.290  -15.042  -8.082 0.0000000000
60684  -28.225  -14.313  -8.472 0.0000000000
65886  -27.749  -9.915  -13.422 0.0000000000
64522  -27.070  -11.024  -13.147 0.0000000000
88705  -26.649  9.410  -19.415 0.0000000000
84469  -25.489  5.343  -18.607 0.0000000000
85580  -26.732  6.307  -18.608 0.0000000000
84471  -27.084  5.328  -18.419 0.0000000000
85582  -28.564  6.333  -18.209 0.0000000000
79807  -27.092  1.472  -18.190 0.0000000000
82122  -27.988  3.459  -17.952 0.0000000000
80952  -28.415  2.626  -17.435 0.0000000000
82112  -29.186  3.427  -17.043 0.0000000000
80942  -28.738  2.096  -16.744 0.0000000000
77393  -28.754  -0.642  -15.926 0.0000000000
78604  -28.826  0.524  -15.856 0.0000000000
77379  -29.574  -0.573  -14.721 0.0000000000
78591  -29.962  0.259  -14.070 0.0000000000
77363  -29.891  -1.095  -14.087 0.0000000000
69507  -27.225  -6.829  -16.066 0.0000000000
71907  -27.638  -5.380  -16.371 0.0000000000
70699  -28.631  -6.315  -15.831 0.0000000000
71833  -30.445  -5.254  -12.778 0.0000000000
73025  -30.039  -4.411  -13.351 0.0000000000
73009  -30.527  -4.492  -12.697 0.0000000000
75223  -31.183  -2.870  -12.442 0.0000000000
74124  -31.350  -3.567  -12.186 0.0000000000
61865  -28.074  -12.778  -9.288 0.0000000000
61875  -26.967  -12.717  -10.705 0.0000000000
63179  -28.717  -11.930  -9.645 0.0000000000
64480  -28.295  -11.456  -10.900 0.0000000000
77438  -26.865  -0.291  -18.012 0.0000000000
78626  -27.885  0.081  -17.168 0.0000000000
77425  -27.785  -0.720  -17.145 0.0000000000
76375  -27.742  -2.266  -16.901 0.0000000000
75296  -27.985  -2.848  -16.419 0.0000000000
68367  -28.688  -7.827  -14.445 0.0000000000
69494  -28.923  -6.668  -15.446 0.0000000000
69460  -29.416  -7.238  -14.010 0.0000000000
70650  -30.617  -6.346  -12.526 0.0000000000
70651  -31.161  -6.156  -11.951 0.0000000000
61845  -28.583  -13.418  -8.689 0.0000000000
68365  -27.524  -8.298  -15.023 0.0000000000
67143  -27.998  -9.120  -14.002 0.0000000000
67127  -28.479  -9.466  -13.287 0.0000000000
65871  -29.231  -9.908  -12.135 0.0000000000
91760  -25.908  12.467  -20.589 0.0000000000
89727  -25.465  10.589  -18.845 0.0000000000
89742  -25.828  10.660  -19.778 0.0000000000
89744  -27.329  10.306  -19.615 0.0000000000
89745  -28.286  10.279  -18.995 0.0000000000
88707  -28.166  9.343  -18.738 0.0000000000
86635  -26.321  7.188  -18.672 0.0000000000
87666  -27.781  8.116  -18.659 0.0000000000
87667  -28.559  8.607  -18.360 0.0000000000
86638  -28.957  7.522  -18.071 0.0000000000
85567  -29.272  6.777  -17.664 0.0000000000
85568  -29.991  6.668  -16.988 0.0000000000
82120  -26.358  3.380  -18.517 0.0000000000
83303  -27.461  4.400  -18.225 0.0000000000
83305  -28.916  4.841  -17.813 0.0000000000
84461  -29.909  5.596  -16.966 0.0000000000
83294  -30.226  5.027  -16.655 0.0000000000
82096  -30.378  3.250  -15.265 0.0000000000
79783  -28.753  1.211  -16.241 0.0000000000
79778  -29.879  2.046  -15.111 0.0000000000
73083  -27.214  -4.564  -16.675 0.0000000000
74199  -27.965  -3.603  -16.337 0.0000000000
74155  -28.760  -3.487  -15.199 0.0000000000
71866  -29.261  -5.390  -15.075 0.0000000000
73043  -29.118  -4.346  -14.786 0.0000000000
75240  -29.659  -2.237  -14.041 0.0000000000
76330  -30.212  -1.667  -13.472 0.0000000000
77343  -31.476  -0.956  -12.410 0.0000000000
64509  -27.562  -11.202  -12.477 0.0000000000
65841  -29.096  -10.416  -11.086 0.0000000000
65842  -29.923  -10.125  -10.687 0.0000000000
67113  -29.738  -9.383  -11.870 0.0000000000
67129  -29.984  -8.746  -12.095 0.0000000000
67114  -30.332  -8.923  -11.536 0.0000000000
68310  -30.839  -8.531  -11.305 0.0000000000
67101  -30.726  -9.218  -10.921 0.0000000000
59511  -27.675  -15.529  -7.898 0.0000000000
59512  -28.743  -15.532  -7.636 0.0000000000
84470  -26.292  5.333  -18.537 0.0000000000
83302  -26.565  4.295  -18.455 0.0000000000
78639  -26.942  0.278  -18.083 0.0000000000
80951  -27.726  2.028  -17.742 0.0000000000
79793  -28.118  1.308  -17.172 0.0000000000
76355  -28.690  -1.651  -15.727 0.0000000000
77394  -29.180  -0.645  -15.328 0.0000000000
76356  -29.131  -1.382  -15.235 0.0000000000
76343  -29.541  -1.574  -14.509 0.0000000000
69508  -27.736  -6.641  -16.147 0.0000000000
71834  -30.903  -5.583  -12.134 0.0000000000
74112  -31.760  -3.890  -11.555 0.0000000000
72996  -31.587  -4.703  -11.554 0.0000000000
63178  -27.836  -12.419  -9.891 0.0000000000
76409  -26.371  -0.866  -18.062 0.0000000000
77424  -27.274  -0.442  -17.658 0.0000000000
76391  -26.769  -1.382  -17.797 0.0000000000
68346  -28.474  -8.337  -14.243 0.0000000000
68347  -29.189  -7.887  -13.873 0.0000000000
69461  -29.864  -7.180  -13.228 0.0000000000
69447  -31.104  -6.791  -11.962 0.0000000000
70636  -31.646  -6.493  -11.560 0.0000000000
58275  -27.246  -16.189  -7.384 0.0000000000
58249  -26.794  -16.685  -6.812 0.0000000000
67161  -27.900  -8.524  -14.577 0.0000000000
65870  -28.433  -10.262  -12.652 0.0000000000
90734  -25.623  11.498  -19.310 0.0000000000
91759  -25.658  12.153  -19.831 0.0000000000
88704  -25.800  9.534  -19.403 0.0000000000
88688  -25.618  10.069  -19.193 0.0000000000
89758  -26.463  10.962  -20.207 0.0000000000
89759  -26.967  10.756  -20.111 0.0000000000
90735  -27.421  11.017  -20.021 0.0000000000
88706  -27.472  9.294  -19.085 0.0000000000
86636  -27.154  7.477  -18.677 0.0000000000
84460  -29.283  5.728  -17.633 0.0000000000
80962  -25.933  2.762  -18.589 0.0000000000
82121  -27.081  3.449  -18.325 0.0000000000
82111  -28.597  3.375  -17.569 0.0000000000
83293  -29.510  4.665  -17.252 0.0000000000
82105  -29.867  3.276  -16.110 0.0000000000
82106  -30.436  3.910  -15.890 0.0000000000
82095  -29.959  3.039  -15.680 0.0000000000
78612  -28.426  0.305  -16.534 0.0000000000
79777  -29.241  1.238  -15.334 0.0000000000
79762  -30.075  1.453  -14.418 0.0000000000
78540  -31.142  -0.400  -12.795 0.0000000000
73082  -26.311  -4.593  -16.670 0.0000000000
71908  -28.111  -5.368  -16.148 0.0000000000
73084  -28.022  -4.482  -16.204 0.0000000000
74176  -28.341  -3.570  -15.905 0.0000000000
70668  -29.583  -6.560  -14.097 0.0000000000
70682  -29.323  -6.224  -14.892 0.0000000000
71850  -29.638  -5.336  -14.139 0.0000000000
73024  -29.536  -4.398  -14.042 0.0000000000
74137  -29.549  -3.429  -14.041 0.0000000000
75241  -30.031  -2.641  -13.539 0.0000000000
76313  -31.379  -1.832  -12.445 0.0000000000
64481  -29.000  -11.003  -10.434 0.0000000000
64495  -28.556  -10.929  -11.277 0.0000000000
64482  -29.797  -10.647  -10.010 0.0000000000
75313  -26.157  -2.265  -17.672 0.0000000000
74216  -26.420  -3.087  -17.222 0.0000000000
74217  -26.973  -3.243  -17.115 0.0000000000
68333  -29.404  -8.389  -13.227 0.0000000000
69432  -30.849  -7.661  -11.795 0.0000000000
69433  -31.311  -7.529  -11.493 0.0000000000
68321  -31.068  -8.119  -11.389 0.0000000000
68311  -31.428  -8.304  -10.969 0.0000000000
59536  -27.639  -14.905  -8.414 0.0000000000
60656  -29.077  -14.838  -7.914 0.0000000000
67142  -27.047  -9.534  -13.914 0.0000000000
67141  -26.299  -9.833  -13.795 0.0000000000
65885  -26.878  -10.361  -13.493 0.0000000000
87683  -26.000  8.534  -19.164 0.0000000000
85579  -25.911  6.281  -18.566 0.0000000000
85581  -27.609  6.340  -18.588 0.0000000000
84472  -27.926  5.366  -18.305 0.0000000000
80964  -27.418  2.611  -18.134 0.0000000000
80965  -27.882  2.683  -17.847 0.0000000000
80953  -28.910  2.702  -16.966 0.0000000000
78605  -29.126  0.036  -15.309 0.0000000000
78590  -29.458  0.358  -14.791 0.0000000000
77380  -29.908  -0.512  -14.124 0.0000000000
77364  -30.259  -0.642  -13.616 0.0000000000
71906  -26.816  -5.443  -16.473 0.0000000000
70718  -27.365  -6.153  -16.281 0.0000000000
70719  -28.104  -6.117  -16.181 0.0000000000
71884  -28.607  -5.397  -15.814 0.0000000000
71851  -30.033  -5.263  -13.399 0.0000000000
74123  -30.674  -3.685  -12.674 0.0000000000
75222  -30.590  -2.530  -12.912 0.0000000000
75208  -31.757  -2.732  -11.836 0.0000000000
75209  -32.156  -3.059  -11.171 0.0000000000
63193  -27.587  -12.182  -10.783 0.0000000000
63194  -28.382  -11.633  -10.426 0.0000000000
64465  -29.528  -11.187  -9.714 0.0000000000
78625  -27.508  0.675  -17.707 0.0000000000
76392  -27.601  -1.460  -17.229 0.0000000000
76393  -27.958  -1.122  -16.907 0.0000000000
76376  -28.209  -1.655  -16.464 0.0000000000
69477  -28.423  -7.464  -15.144 0.0000000000
69478  -28.950  -7.277  -14.788 0.0000000000
68348  -29.640  -7.918  -13.265 0.0000000000
71820  -31.519  -5.485  -11.645 0.0000000000
69425  -31.965  -7.594  -10.825 0.0000000000
60700  -26.827  -13.730  -9.585 0.0000000000
61844  -27.618  -13.566  -9.110 0.0000000000
63158  -28.863  -12.677  -8.856 0.0000000000
68380  -27.775  -7.844  -15.297 0.0000000000
89726  -24.792  10.345  -18.107 0.0000000000
89757  -26.094  11.173  -20.236 0.0000000000
90749  -27.074  11.413  -20.436 0.0000000000
90736  -28.011  11.180  -19.588 0.0000000000
89728  -28.875  10.294  -18.718 0.0000000000
88689  -28.804  9.765  -18.519 0.0000000000
86650  -26.015  7.808  -18.815 0.0000000000
86651  -26.530  7.977  -18.804 0.0000000000
86652  -26.927  8.133  -18.784 0.0000000000
87685  -27.303  8.401  -18.818 0.0000000000
87686  -27.832  8.750  -18.741 0.0000000000
88690  -29.657  9.521  -17.977 0.0000000000
87668  -29.406  8.429  -17.856 0.0000000000
82128  -25.876  3.451  -18.563 0.0000000000
82129  -26.175  3.859  -18.525 0.0000000000
83304  -28.250  4.570  -17.996 0.0000000000
83283  -30.008  4.186  -16.497 0.0000000000
83273  -30.901  4.107  -15.423 0.0000000000
79784  -29.139  1.956  -16.115 0.0000000000
79776  -28.882  1.002  -15.804 0.0000000000
80935  -29.684  2.550  -15.640 0.0000000000
80936  -30.058  2.660  -15.117 0.0000000000
79736  -30.592  1.056  -13.489 0.0000000000
74197  -26.739  -3.805  -16.955 0.0000000000
75276  -28.580  -2.583  -15.653 0.0000000000
75260  -28.779  -2.873  -15.231 0.0000000000
70700  -29.034  -5.933  -15.492 0.0000000000
73063  -29.023  -4.986  -15.402 0.0000000000
74156  -29.062  -3.462  -14.679 0.0000000000
75261  -29.073  -2.555  -14.867 0.0000000000
76329  -29.787  -1.624  -14.005 0.0000000000
77342  -30.906  -0.938  -12.867 0.0000000000
76312  -30.753  -1.726  -12.894 0.0000000000
64494  -27.941  -11.465  -11.570 0.0000000000
64510  -28.311  -10.912  -11.975 0.0000000000
65854  -28.905  -10.462  -11.792 0.0000000000
65855  -29.458  -9.943  -11.454 0.0000000000
68366  -28.216  -7.847  -14.904 0.0000000000
68379  -27.249  -7.946  -15.482 0.0000000000
71885  -29.034  -5.446  -15.496 0.0000000000
73042  -28.811  -4.083  -15.142 0.0000000000
75295  -27.572  -2.773  -16.832 0.0000000000
77423  -26.754  -0.666  -17.972 0.0000000000
83312  -26.145  4.168  -18.531 0.0000000000
