#!ascii label  , from subject 3002 vox2ras=TkReg
794
96357  35.884  18.103  34.473 0.0000000000
97269  45.775  19.243  25.335 0.0000000000
100769  49.468  23.232  28.428 0.0000000000
96525  44.135  18.488  15.715 0.0000000000
94598  39.379  16.029  26.987 0.0000000000
98949  48.555  21.919  35.202 0.0000000000
97367  48.745  20.455  19.642 0.0000000000
99103  40.226  21.237  25.373 0.0000000000
98110  44.757  20.763  31.866 0.0000000000
97248  41.882  18.872  29.570 0.0000000000
94635  43.320  16.422  22.888 0.0000000000
99876  43.756  22.628  29.538 0.0000000000
99137  44.713  20.861  23.698 0.0000000000
99074  49.403  21.400  26.489 0.0000000000
99150  48.478  21.737  21.104 0.0000000000
99899  40.546  22.260  28.320 0.0000000000
98097  39.722  19.916  33.451 0.0000000000
97238  38.410  19.233  32.122 0.0000000000
94614  41.364  16.015  25.205 0.0000000000
100709  47.556  23.489  32.701 0.0000000000
100712  44.644  23.288  32.625 0.0000000000
99893  46.745  23.153  29.088 0.0000000000
99939  44.399  22.460  26.511 0.0000000000
99953  46.739  22.513  25.505 0.0000000000
98137  45.196  20.339  28.552 0.0000000000
98124  47.684  20.901  30.157 0.0000000000
98177  47.485  20.290  25.589 0.0000000000
98313  47.343  20.862  16.131 0.0000000000
98255  49.204  21.419  20.057 0.0000000000
98301  45.856  20.593  17.298 0.0000000000
98273  45.111  20.038  19.549 0.0000000000
97407  42.726  19.300  16.609 0.0000000000
93695  41.473  15.701  18.439 0.0000000000
96379  34.669  18.016  31.880 0.0000000000
96385  37.020  18.262  30.503 0.0000000000
99846  49.691  22.468  31.574 0.0000000000
96466  46.137  18.291  21.915 0.0000000000
97316  47.587  19.457  22.376 0.0000000000
97369  47.703  19.448  18.982 0.0000000000
98311  49.009  20.654  15.799 0.0000000000
98955  43.232  21.316  36.180 0.0000000000
98078  41.598  20.687  34.878 0.0000000000
98120  43.308  19.815  30.353 0.0000000000
97257  43.763  18.789  27.683 0.0000000000
95504  40.377  17.469  28.316 0.0000000000
95519  42.449  17.434  26.235 0.0000000000
96422  44.266  18.178  24.382 0.0000000000
95586  45.185  17.186  20.915 0.0000000000
94549  32.304  16.502  33.961 0.0000000000
100698  42.148  23.752  33.116 0.0000000000
99852  41.084  22.736  31.088 0.0000000000
99919  42.406  22.431  27.431 0.0000000000
98200  42.721  20.648  24.265 0.0000000000
97321  41.569  19.612  22.195 0.0000000000
98995  46.436  21.559  34.033 0.0000000000
99014  49.242  21.580  31.651 0.0000000000
99889  50.836  22.187  27.311 0.0000000000
98218  49.181  20.661  23.275 0.0000000000
99141  51.047  22.592  22.944 0.0000000000
100814  50.018  23.351  24.593 0.0000000000
99146  46.788  21.080  22.409 0.0000000000
97354  42.834  19.791  20.624 0.0000000000
99900  39.483  22.028  28.138 0.0000000000
99880  39.674  22.314  29.267 0.0000000000
97222  38.463  19.539  33.520 0.0000000000
97231  37.218  19.254  33.155 0.0000000000
100746  48.341  23.337  30.784 0.0000000000
100761  46.694  23.314  30.367 0.0000000000
100771  47.657  23.315  29.204 0.0000000000
99937  46.989  23.033  26.877 0.0000000000
100797  47.952  23.465  27.239 0.0000000000
98162  45.946  19.827  26.794 0.0000000000
98161  46.929  20.388  26.800 0.0000000000
97268  46.639  19.713  25.429 0.0000000000
97405  44.940  19.856  15.658 0.0000000000
98300  47.148  20.793  17.098 0.0000000000
98315  44.818  20.388  16.592 0.0000000000
98316  44.010  20.329  16.906 0.0000000000
96515  43.438  18.670  16.168 0.0000000000
95621  42.675  17.211  16.839 0.0000000000
94715  43.662  16.668  16.442 0.0000000000
95490  35.379  17.502  30.442 0.0000000000
100691  48.918  23.258  33.681 0.0000000000
99826  49.410  22.372  33.551 0.0000000000
95598  46.217  17.847  20.122 0.0000000000
96478  46.843  18.596  20.442 0.0000000000
96500  47.133  18.691  18.248 0.0000000000
97422  48.640  19.883  15.100 0.0000000000
97424  47.659  19.437  13.963 0.0000000000
97425  46.640  19.707  14.253 0.0000000000
97235  40.658  19.484  31.333 0.0000000000
98103  41.213  20.017  32.411 0.0000000000
97233  42.036  19.545  30.712 0.0000000000
98128  43.618  19.683  29.242 0.0000000000
97252  42.944  18.777  28.672 0.0000000000
95507  37.924  16.976  28.903 0.0000000000
95495  38.978  17.445  29.107 0.0000000000
94587  39.932  16.736  27.431 0.0000000000
94621  42.147  16.085  24.222 0.0000000000
95528  41.985  16.940  25.898 0.0000000000
95535  42.699  16.954  24.880 0.0000000000
96417  43.603  18.111  25.400 0.0000000000
95545  43.566  17.134  23.453 0.0000000000
95560  44.402  17.465  22.712 0.0000000000
94646  43.976  16.425  22.039 0.0000000000
93676  45.722  15.213  19.470 0.0000000000
99859  44.770  22.851  30.739 0.0000000000
100713  43.737  23.129  32.382 0.0000000000
99850  42.960  22.688  31.485 0.0000000000
100733  42.080  23.137  31.860 0.0000000000
99861  42.863  22.564  30.411 0.0000000000
99878  41.729  22.468  29.343 0.0000000000
99896  43.638  22.595  28.509 0.0000000000
99099  44.716  21.724  24.969 0.0000000000
99100  43.618  21.703  25.184 0.0000000000
98199  43.551  20.756  24.118 0.0000000000
97302  42.011  19.562  23.097 0.0000000000
97300  43.761  19.972  23.127 0.0000000000
98093  43.941  21.157  34.227 0.0000000000
98975  45.267  21.478  35.046 0.0000000000
98100  45.038  21.235  33.169 0.0000000000
98145  48.338  20.989  28.285 0.0000000000
98123  48.530  21.274  30.371 0.0000000000
99037  49.901  21.464  28.339 0.0000000000
99020  50.240  21.892  29.860 0.0000000000
98133  50.584  21.748  27.128 0.0000000000
97335  48.104  19.587  21.202 0.0000000000
97315  48.508  20.135  22.802 0.0000000000
98244  49.419  20.810  21.176 0.0000000000
99155  48.774  21.760  20.390 0.0000000000
98233  50.281  21.900  22.432 0.0000000000
99986  50.355  22.596  22.836 0.0000000000
101626  51.910  23.985  23.546 0.0000000000
99988  48.525  22.002  22.136 0.0000000000
99978  47.536  21.868  23.115 0.0000000000
99145  47.648  21.411  22.069 0.0000000000
98289  43.194  20.437  18.373 0.0000000000
97370  44.202  19.899  19.933 0.0000000000
98291  41.287  20.244  18.474 0.0000000000
98261  41.531  20.315  19.781 0.0000000000
99784  46.350  22.249  37.145 0.0000000000
99054  39.273  21.988  27.374 0.0000000000
99943  40.236  22.203  26.752 0.0000000000
98063  39.670  20.193  35.328 0.0000000000
97194  39.034  19.804  34.908 0.0000000000
97221  39.222  19.700  33.167 0.0000000000
97244  40.306  19.189  30.940 0.0000000000
94605  40.498  15.949  26.149 0.0000000000
100729  46.128  23.326  31.922 0.0000000000
99858  45.384  23.047  31.071 0.0000000000
99875  44.770  22.789  29.726 0.0000000000
99917  44.589  22.686  27.574 0.0000000000
99916  45.735  22.771  27.771 0.0000000000
99938  45.637  22.630  26.574 0.0000000000
99968  45.831  21.844  24.637 0.0000000000
98119  44.494  20.420  30.623 0.0000000000
98118  45.720  20.712  30.860 0.0000000000
98136  46.336  20.599  28.804 0.0000000000
98146  47.263  20.636  27.910 0.0000000000
98160  48.306  20.872  26.723 0.0000000000
98284  48.898  20.859  17.758 0.0000000000
98256  49.321  20.920  20.149 0.0000000000
98285  48.123  20.895  18.003 0.0000000000
98271  47.948  20.750  19.155 0.0000000000
98257  47.343  20.990  20.033 0.0000000000
98258  46.278  20.450  20.355 0.0000000000
98287  45.591  20.355  18.333 0.0000000000
98303  43.554  20.370  17.481 0.0000000000
97397  41.781  19.499  17.219 0.0000000000
93713  42.505  16.068  17.734 0.0000000000
95471  35.195  18.020  33.443 0.0000000000
96370  36.604  18.942  32.836 0.0000000000
96386  35.937  17.995  30.852 0.0000000000
95498  36.518  17.267  29.534 0.0000000000
94589  37.818  16.045  28.058 0.0000000000
100692  48.004  23.545  33.636 0.0000000000
100708  48.578  23.300  32.683 0.0000000000
99872  49.650  22.935  30.080 0.0000000000
96420  46.075  18.876  23.768 0.0000000000
97281  46.689  19.459  24.423 0.0000000000
96450  46.685  18.735  22.222 0.0000000000
96464  47.450  19.169  20.783 0.0000000000
97368  48.219  19.776  19.261 0.0000000000
96499  47.855  19.146  17.469 0.0000000000
97402  49.164  20.232  16.466 0.0000000000
98298  49.014  20.807  16.709 0.0000000000
98312  48.383  20.998  15.960 0.0000000000
97415  45.771  19.853  14.926 0.0000000000
96524  44.684  18.820  15.245 0.0000000000
94714  44.327  16.599  15.839 0.0000000000
98060  42.373  21.156  36.398 0.0000000000
98094  42.648  20.796  33.909 0.0000000000
98079  40.551  20.434  34.567 0.0000000000
98102  42.441  20.445  32.616 0.0000000000
98111  43.467  20.428  31.591 0.0000000000
98127  44.327  20.195  29.445 0.0000000000
98149  44.416  19.530  27.774 0.0000000000
97264  44.603  18.980  26.550 0.0000000000
96384  38.291  18.578  30.619 0.0000000000
96383  39.550  18.826  30.728 0.0000000000
96397  41.205  18.286  28.800 0.0000000000
94596  41.031  16.676  26.483 0.0000000000
95511  41.510  17.421  27.293 0.0000000000
96396  42.396  18.360  28.155 0.0000000000
96403  43.121  18.211  27.371 0.0000000000
96409  44.066  18.530  26.012 0.0000000000
96415  45.040  18.699  24.880 0.0000000000
96452  45.075  18.141  22.865 0.0000000000
95573  45.430  17.822  21.862 0.0000000000
95599  45.597  17.030  19.798 0.0000000000
94658  45.010  16.206  20.350 0.0000000000
94673  45.504  16.094  19.577 0.0000000000
95465  34.554  17.426  34.361 0.0000000000
95478  33.639  17.394  32.787 0.0000000000
94550  31.561  16.208  33.515 0.0000000000
101524  42.675  24.905  34.186 0.0000000000
101541  41.520  24.430  33.122 0.0000000000
99879  40.700  22.409  29.325 0.0000000000
99920  41.369  22.388  27.414 0.0000000000
99076  41.647  22.011  25.997 0.0000000000
99940  43.254  22.371  26.543 0.0000000000
99101  42.416  21.803  25.581 0.0000000000
99125  41.176  20.920  24.885 0.0000000000
98973  47.159  21.563  34.771 0.0000000000
98108  47.298  21.214  31.756 0.0000000000
99016  47.787  21.431  32.256 0.0000000000
98992  48.987  21.813  33.359 0.0000000000
99834  49.862  22.075  31.927 0.0000000000
99856  50.087  22.223  30.394 0.0000000000
100768  50.075  23.050  27.997 0.0000000000
97280  47.678  20.063  24.499 0.0000000000
98197  48.848  20.790  24.363 0.0000000000
99118  49.458  21.373  24.701 0.0000000000
98234  49.737  21.546  21.982 0.0000000000
98195  50.273  21.544  23.349 0.0000000000
99095  50.492  21.617  25.379 0.0000000000
99093  51.106  21.884  25.580 0.0000000000
99933  50.967  23.041  26.322 0.0000000000
100795  49.641  23.403  26.563 0.0000000000
99952  48.095  23.083  25.661 0.0000000000
99979  46.865  21.694  23.554 0.0000000000
98219  45.675  20.772  23.099 0.0000000000
98246  46.167  20.517  21.403 0.0000000000
98247  45.388  20.279  21.847 0.0000000000
97336  44.114  19.743  21.867 0.0000000000
97338  42.175  19.677  21.363 0.0000000000
93677  40.939  15.530  18.797 0.0000000000
99865  38.838  22.588  30.157 0.0000000000
99864  39.776  22.634  30.376 0.0000000000
96356  36.545  18.378  35.035 0.0000000000
96364  37.105  18.849  34.735 0.0000000000
96365  36.582  18.772  34.028 0.0000000000
100759  48.517  23.374  29.803 0.0000000000
100770  48.622  23.338  28.830 0.0000000000
100781  47.748  23.297  28.248 0.0000000000
100780  48.726  23.404  27.865 0.0000000000
97262  46.042  19.671  25.992 0.0000000000
96514  44.155  19.146  15.815 0.0000000000
97406  43.749  19.793  16.378 0.0000000000
95632  44.042  17.629  15.845 0.0000000000
98930  48.355  21.951  36.070 0.0000000000
99799  48.620  22.349  35.650 0.0000000000
100668  49.258  22.601  34.187 0.0000000000
99816  49.210  22.331  34.129 0.0000000000
95608  46.338  17.758  19.064 0.0000000000
96490  47.059  18.818  19.360 0.0000000000
97433  47.944  18.899  13.615 0.0000000000
95651  46.904  17.780  13.602 0.0000000000
96532  46.667  18.733  13.822 0.0000000000
99126  40.590  20.754  24.811 0.0000000000
97243  40.930  19.213  30.775 0.0000000000
97234  41.409  19.594  31.111 0.0000000000
97242  41.578  19.136  30.399 0.0000000000
97247  42.667  19.030  29.317 0.0000000000
97253  42.202  18.764  28.857 0.0000000000
94588  39.056  16.447  27.655 0.0000000000
94580  38.847  16.806  28.369 0.0000000000
94620  42.722  16.496  23.942 0.0000000000
94612  42.720  16.834  24.578 0.0000000000
95534  43.350  17.495  24.586 0.0000000000
95561  43.744  17.010  22.887 0.0000000000
99860  43.849  22.663  30.583 0.0000000000
99849  43.967  22.830  31.634 0.0000000000
99877  42.742  22.519  29.412 0.0000000000
99122  44.352  21.193  24.284 0.0000000000
98221  44.197  20.506  23.535 0.0000000000
98222  43.270  20.293  23.654 0.0000000000
98092  44.767  21.328  33.990 0.0000000000
99053  49.215  21.278  27.675 0.0000000000
99038  49.185  21.353  28.838 0.0000000000
99052  49.911  21.457  27.275 0.0000000000
97350  48.850  20.280  20.631 0.0000000000
97334  48.659  20.189  21.700 0.0000000000
99998  49.055  22.096  20.765 0.0000000000
99993  49.200  22.163  21.340 0.0000000000
99987  49.578  22.341  22.353 0.0000000000
99144  48.428  21.794  21.612 0.0000000000
98305  41.701  20.277  17.792 0.0000000000
98290  42.198  20.492  18.422 0.0000000000
99922  39.801  22.159  27.162 0.0000000000
99944  39.867  22.142  26.806 0.0000000000
99921  40.420  22.274  27.402 0.0000000000
97181  38.419  19.627  36.404 0.0000000000
97195  38.379  19.510  35.456 0.0000000000
97229  38.784  19.472  32.663 0.0000000000
97236  39.847  19.379  31.513 0.0000000000
96374  39.300  19.190  31.371 0.0000000000
100693  46.990  23.639  33.553 0.0000000000
100710  46.548  23.541  32.685 0.0000000000
100728  47.022  23.481  31.870 0.0000000000
99873  46.567  23.224  29.782 0.0000000000
100762  46.049  23.183  30.796 0.0000000000
99874  45.832  23.052  30.042 0.0000000000
99894  45.762  22.807  28.892 0.0000000000
99954  45.414  22.058  25.275 0.0000000000
98126  45.436  20.516  29.690 0.0000000000
98299  48.248  20.812  16.909 0.0000000000
98286  46.911  20.758  18.172 0.0000000000
98272  46.571  20.490  19.252 0.0000000000
97396  42.904  19.992  16.951 0.0000000000
98304  42.493  20.372  17.596 0.0000000000
97408  42.231  19.017  16.742 0.0000000000
96517  42.034  18.561  16.820 0.0000000000
94701  42.685  16.668  17.193 0.0000000000
96372  34.895  18.145  32.410 0.0000000000
96371  35.645  18.433  32.489 0.0000000000
96378  35.261  18.101  31.549 0.0000000000
94572  36.787  16.897  29.220 0.0000000000
94582  37.062  16.386  28.683 0.0000000000
100707  49.327  22.837  32.648 0.0000000000
100726  49.104  23.109  31.532 0.0000000000
99857  49.680  22.718  30.640 0.0000000000
96451  45.763  18.303  22.516 0.0000000000
96435  46.326  18.710  22.989 0.0000000000
96489  47.649  19.345  19.387 0.0000000000
96477  47.603  19.240  19.912 0.0000000000
97351  48.294  19.688  20.215 0.0000000000
96506  47.994  19.030  16.671 0.0000000000
98321  48.667  20.267  15.201 0.0000000000
97413  49.020  20.033  15.627 0.0000000000
97393  48.969  20.318  17.443 0.0000000000
98322  48.309  20.607  15.195 0.0000000000
96533  45.752  18.862  14.417 0.0000000000
98332  46.754  20.359  14.792 0.0000000000
96523  45.276  19.106  14.909 0.0000000000
96534  45.148  18.528  14.794 0.0000000000
95643  44.886  17.670  14.984 0.0000000000
98061  41.620  20.803  36.084 0.0000000000
98046  41.676  21.160  36.876 0.0000000000
98077  42.836  20.979  35.291 0.0000000000
98080  39.736  20.082  34.296 0.0000000000
98096  40.451  20.212  33.508 0.0000000000
98112  42.217  19.965  31.359 0.0000000000
98095  41.458  20.519  33.627 0.0000000000
97251  43.605  19.127  28.359 0.0000000000
98138  44.154  19.814  28.371 0.0000000000
97250  44.066  19.296  27.898 0.0000000000
97255  44.970  19.359  26.946 0.0000000000
97256  44.416  19.168  27.340 0.0000000000
96376  37.553  18.948  31.802 0.0000000000
96392  37.884  17.963  29.848 0.0000000000
96399  39.371  17.604  29.113 0.0000000000
96391  39.073  18.056  29.656 0.0000000000
96398  39.965  17.814  29.056 0.0000000000
96390  40.254  18.413  29.777 0.0000000000
95503  41.124  17.564  28.014 0.0000000000
93607  41.004  15.698  25.369 0.0000000000
94597  40.213  16.356  26.753 0.0000000000
94604  41.217  16.343  25.834 0.0000000000
95520  41.606  17.087  26.466 0.0000000000
95510  42.131  17.501  26.858 0.0000000000
96405  41.754  17.836  27.978 0.0000000000
96404  42.310  17.802  27.444 0.0000000000
96411  42.688  17.752  26.854 0.0000000000
96423  43.836  18.119  24.878 0.0000000000
96416  44.267  18.452  25.211 0.0000000000
96421  45.245  18.540  24.061 0.0000000000
96437  44.720  18.152  23.496 0.0000000000
95574  44.695  17.150  21.791 0.0000000000
93662  45.198  15.232  20.125 0.0000000000
94684  46.002  15.984  18.965 0.0000000000
95451  33.931  16.833  35.828 0.0000000000
94548  33.092  16.752  34.408 0.0000000000
94555  32.983  16.879  33.350 0.0000000000
100697  42.968  23.578  33.232 0.0000000000
101539  43.173  23.972  33.791 0.0000000000
101540  42.430  24.434  33.719 0.0000000000
102346  42.183  25.358  33.913 0.0000000000
102347  41.643  25.275  33.403 0.0000000000
99851  42.010  22.751  31.176 0.0000000000
99863  40.894  22.566  30.253 0.0000000000
99897  42.591  22.482  28.425 0.0000000000
99898  41.560  22.393  28.374 0.0000000000
99942  41.090  22.297  26.637 0.0000000000
99941  42.201  22.219  26.357 0.0000000000
99918  43.473  22.544  27.493 0.0000000000
99123  43.122  21.259  24.679 0.0000000000
99956  43.008  22.138  25.836 0.0000000000
99124  42.107  21.122  24.867 0.0000000000
98202  40.923  20.384  24.396 0.0000000000
98201  41.807  20.466  24.377 0.0000000000
98935  43.753  21.726  36.786 0.0000000000
98953  45.001  21.597  35.857 0.0000000000
98974  46.201  21.537  34.900 0.0000000000
98951  46.924  21.646  35.638 0.0000000000
98994  47.374  21.536  33.872 0.0000000000
98125  46.594  20.701  29.925 0.0000000000
98109  46.145  21.154  32.108 0.0000000000
98117  46.916  20.906  30.989 0.0000000000
99022  49.182  21.463  30.817 0.0000000000
98107  47.883  21.384  31.728 0.0000000000
99015  48.477  21.496  31.891 0.0000000000
99007  48.413  21.573  32.793 0.0000000000
99006  49.134  21.693  32.495 0.0000000000
99005  49.725  21.898  32.106 0.0000000000
99013  49.724  21.754  31.252 0.0000000000
99025  50.705  21.991  28.494 0.0000000000
99855  50.350  22.099  29.663 0.0000000000
99870  50.443  22.363  29.127 0.0000000000
100756  50.347  22.674  28.398 0.0000000000
99890  50.569  22.481  27.875 0.0000000000
97298  46.846  19.229  23.294 0.0000000000
97297  47.625  19.754  23.528 0.0000000000
97296  48.391  20.252  23.798 0.0000000000
99119  48.900  21.225  24.967 0.0000000000
98196  49.718  21.198  23.768 0.0000000000
98270  48.940  21.091  19.142 0.0000000000
98243  49.466  21.429  20.841 0.0000000000
99142  50.601  22.260  22.954 0.0000000000
98216  50.327  21.738  22.746 0.0000000000
99133  50.752  21.958  23.367 0.0000000000
99117  50.409  21.630  24.304 0.0000000000
99132  51.102  22.004  24.092 0.0000000000
99094  50.933  21.798  25.638 0.0000000000
99131  51.556  22.066  24.036 0.0000000000
100813  50.828  23.221  24.037 0.0000000000
101612  51.023  23.384  25.137 0.0000000000
100804  50.505  23.382  25.073 0.0000000000
100794  50.322  23.411  26.188 0.0000000000
100805  49.811  23.419  25.530 0.0000000000
100806  49.022  23.318  26.078 0.0000000000
99951  49.246  23.173  25.190 0.0000000000
99134  47.262  21.520  22.831 0.0000000000
99135  46.520  21.358  23.268 0.0000000000
98237  46.139  20.666  22.403 0.0000000000
97371  43.352  19.920  19.905 0.0000000000
97353  44.053  19.801  20.801 0.0000000000
98248  44.735  20.088  22.244 0.0000000000
97337  43.227  19.611  21.554 0.0000000000
98278  40.409  19.975  19.490 0.0000000000
98262  41.005  20.189  20.048 0.0000000000
94685  41.401  16.452  17.948 0.0000000000
99881  38.656  22.196  29.225 0.0000000000
97212  37.695  19.194  35.055 0.0000000000
97223  37.498  19.279  33.938 0.0000000000
97230  37.878  19.333  32.830 0.0000000000
100727  48.011  23.249  31.775 0.0000000000
100747  47.366  23.381  31.015 0.0000000000
100760  47.604  23.366  30.136 0.0000000000
100772  47.038  23.334  29.696 0.0000000000
99915  46.723  22.948  28.112 0.0000000000
100782  47.240  23.118  28.108 0.0000000000
100798  47.328  23.173  27.701 0.0000000000
99936  47.817  23.353  26.546 0.0000000000
98148  45.072  19.746  27.551 0.0000000000
98147  46.123  20.275  27.733 0.0000000000
98178  46.581  20.030  26.108 0.0000000000
97404  45.760  20.266  15.509 0.0000000000
98314  46.024  20.557  16.210 0.0000000000
98302  44.671  20.416  17.484 0.0000000000
96516  42.588  18.567  16.547 0.0000000000
95634  42.378  18.103  16.655 0.0000000000
95633  42.949  17.663  16.483 0.0000000000
94716  43.042  16.918  16.784 0.0000000000
94700  43.313  16.396  16.986 0.0000000000
95477  34.256  17.808  32.247 0.0000000000
95482  34.985  17.670  30.987 0.0000000000
95491  34.460  17.212  30.630 0.0000000000
100670  48.260  23.535  34.562 0.0000000000
100669  48.954  23.057  34.672 0.0000000000
100690  49.388  22.730  33.602 0.0000000000
99835  49.646  22.298  32.520 0.0000000000
95585  46.096  17.983  21.062 0.0000000000
96465  46.656  18.566  21.373 0.0000000000
97385  47.517  19.193  18.696 0.0000000000
97414  48.466  19.432  15.360 0.0000000000
97423  48.248  19.431  14.582 0.0000000000
98329  48.529  19.983  14.815 0.0000000000
98330  48.261  20.121  14.584 0.0000000000
98331  47.544  20.323  14.538 0.0000000000
98062  40.554  20.530  35.776 0.0000000000
98104  40.183  19.877  32.796 0.0000000000
97226  41.043  19.694  31.710 0.0000000000
98113  41.469  19.819  31.644 0.0000000000
98121  42.516  19.645  30.639 0.0000000000
97240  43.107  19.360  29.629 0.0000000000
97246  43.295  19.217  29.007 0.0000000000
95496  38.313  17.476  29.274 0.0000000000
95505  39.399  17.194  28.546 0.0000000000
95513  39.872  16.996  27.881 0.0000000000
93614  41.776  15.799  24.351 0.0000000000
94603  41.975  16.705  25.512 0.0000000000
94613  42.034  16.416  24.865 0.0000000000
95527  42.572  17.149  25.424 0.0000000000
95526  43.115  17.683  25.510 0.0000000000
95544  44.023  17.721  23.810 0.0000000000
95587  44.584  16.754  21.475 0.0000000000
93692  46.163  15.146  18.788 0.0000000000
100731  44.406  23.025  31.979 0.0000000000
100732  44.034  22.966  32.003 0.0000000000
99837  43.400  22.887  32.009 0.0000000000
100714  42.668  23.218  32.398 0.0000000000
99862  41.883  22.547  30.285 0.0000000000
99955  44.066  22.118  25.703 0.0000000000
98223  42.387  20.057  23.761 0.0000000000
97301  42.955  19.740  23.122 0.0000000000
97320  42.587  19.566  22.301 0.0000000000
98977  43.602  21.290  35.529 0.0000000000
98954  44.084  21.538  36.014 0.0000000000
98976  44.307  21.393  35.160 0.0000000000
98997  44.729  21.371  34.499 0.0000000000
99010  45.866  21.448  33.453 0.0000000000
98134  48.413  21.141  29.433 0.0000000000
99028  49.191  21.465  29.871 0.0000000000
99021  49.769  21.713  30.358 0.0000000000
99027  49.848  21.589  29.383 0.0000000000
99026  50.358  21.739  28.890 0.0000000000
98132  50.666  21.744  27.368 0.0000000000
98235  49.314  20.735  22.244 0.0000000000
99159  49.102  21.623  20.053 0.0000000000
99149  49.568  21.887  21.518 0.0000000000
99143  50.116  22.082  22.302 0.0000000000
99984  52.134  22.899  23.219 0.0000000000
99975  50.976  23.046  23.463 0.0000000000
99976  49.924  22.908  23.513 0.0000000000
99965  48.965  22.791  24.428 0.0000000000
99977  48.759  22.388  23.294 0.0000000000
99989  47.937  21.771  22.427 0.0000000000
98236  46.789  20.891  21.879 0.0000000000
98274  43.824  20.108  19.203 0.0000000000
98275  42.817  20.313  19.177 0.0000000000
97372  42.445  20.208  19.889 0.0000000000
97373  41.918  20.370  19.865 0.0000000000
98276  41.889  20.416  19.267 0.0000000000
98292  40.706  19.998  18.832 0.0000000000
98931  47.576  21.816  36.332 0.0000000000
99039  38.832  21.857  27.827 0.0000000000
99078  39.565  21.921  26.518 0.0000000000
99077  40.687  21.929  26.089 0.0000000000
97180  38.951  19.886  35.759 0.0000000000
97211  38.352  19.527  34.496 0.0000000000
97210  39.085  19.767  33.983 0.0000000000
98105  39.681  19.796  32.956 0.0000000000
97227  40.432  19.659  32.035 0.0000000000
96381  41.068  18.932  30.425 0.0000000000
93600  40.081  15.658  26.280 0.0000000000
93608  40.414  15.421  25.746 0.0000000000
93615  41.263  15.489  24.810 0.0000000000
93623  41.548  15.247  24.243 0.0000000000
93622  42.091  15.522  23.786 0.0000000000
93621  42.695  15.829  23.289 0.0000000000
94647  43.399  15.923  22.417 0.0000000000
100694  46.001  23.556  33.484 0.0000000000
100711  45.590  23.407  32.653 0.0000000000
100748  46.509  23.335  31.207 0.0000000000
100749  45.857  23.201  31.348 0.0000000000
100730  45.244  23.140  31.799 0.0000000000
99847  45.141  23.055  31.420 0.0000000000
99895  44.707  22.677  28.657 0.0000000000
99098  45.236  21.793  24.879 0.0000000000
99121  45.560  21.633  24.352 0.0000000000
98135  47.451  20.806  29.085 0.0000000000
99161  48.586  21.208  19.447 0.0000000000
99156  48.304  21.317  19.864 0.0000000000
99151  47.970  21.391  20.725 0.0000000000
98288  44.314  20.274  18.391 0.0000000000
96508  41.504  18.460  17.232 0.0000000000
94702  41.837  16.769  17.521 0.0000000000
95622  42.127  17.623  16.972 0.0000000000
93714  41.919  16.133  17.994 0.0000000000
96366  35.732  18.371  33.489 0.0000000000
96377  36.313  18.525  31.639 0.0000000000
96387  35.392  17.833  30.943 0.0000000000
95489  36.256  17.625  30.151 0.0000000000
95488  36.882  17.692  29.859 0.0000000000
95497  37.336  17.328  29.380 0.0000000000
94581  38.234  16.608  28.418 0.0000000000
93590  38.928  15.724  27.121 0.0000000000
100671  47.294  23.662  34.512 0.0000000000
100745  49.222  23.218  30.403 0.0000000000
100758  49.443  23.163  29.465 0.0000000000
97282  45.777  18.941  24.508 0.0000000000
96449  47.290  19.112  21.586 0.0000000000
97383  48.803  20.406  18.547 0.0000000000
96507  47.202  18.403  17.158 0.0000000000
97403  48.717  19.517  16.166 0.0000000000
97394  48.600  19.710  17.072 0.0000000000
97384  48.206  19.626  18.210 0.0000000000
98323  47.507  20.715  15.300 0.0000000000
98324  46.500  20.524  15.433 0.0000000000
97416  45.142  19.428  15.173 0.0000000000
95644  44.414  18.148  15.443 0.0000000000
95631  44.487  17.126  15.479 0.0000000000
98101  43.708  20.793  32.885 0.0000000000
98048  39.319  20.261  36.591 0.0000000000
97263  45.357  19.378  26.325 0.0000000000
96375  38.701  19.051  31.410 0.0000000000
96382  40.560  18.821  30.474 0.0000000000
96389  41.123  18.681  29.940 0.0000000000
95512  40.571  17.104  27.485 0.0000000000
95521  40.996  16.942  26.881 0.0000000000
96395  43.206  18.610  28.075 0.0000000000
96402  43.906  18.570  26.894 0.0000000000
96410  43.212  18.018  26.266 0.0000000000
97270  44.863  18.870  25.731 0.0000000000
96436  45.529  18.468  23.280 0.0000000000
95559  45.151  17.964  22.472 0.0000000000
95572  46.091  18.144  21.561 0.0000000000
94659  44.496  16.229  21.145 0.0000000000
95609  45.897  16.803  18.948 0.0000000000
95464  35.227  17.828  33.977 0.0000000000
95472  34.576  17.787  33.276 0.0000000000
95466  33.867  16.982  34.860 0.0000000000
95473  33.795  17.188  33.843 0.0000000000
94556  32.181  16.535  32.866 0.0000000000
94563  31.989  16.273  31.700 0.0000000000
102362  40.988  25.296  32.824 0.0000000000
100715  41.518  23.612  32.545 0.0000000000
101555  40.752  24.446  32.622 0.0000000000
99075  42.093  22.055  25.962 0.0000000000
99102  41.381  21.519  25.461 0.0000000000
98224  41.449  19.860  23.838 0.0000000000
98932  46.655  21.859  36.432 0.0000000000
98950  47.838  21.619  35.492 0.0000000000
98099  45.895  21.345  32.932 0.0000000000
99009  46.617  21.430  33.105 0.0000000000
98116  48.014  21.262  31.110 0.0000000000
99008  47.602  21.452  33.023 0.0000000000
98993  48.275  21.595  33.675 0.0000000000
98971  48.861  21.941  34.261 0.0000000000
98970  49.283  22.114  33.703 0.0000000000
99845  49.942  22.104  31.516 0.0000000000
99012  50.052  21.950  30.867 0.0000000000
99871  49.926  22.638  29.769 0.0000000000
100757  50.026  22.847  28.876 0.0000000000
97267  47.172  19.787  25.017 0.0000000000
97279  48.287  20.367  24.364 0.0000000000
98176  48.488  20.818  25.350 0.0000000000
99097  49.013  21.387  25.605 0.0000000000
99096  49.804  21.477  25.420 0.0000000000
98217  49.814  21.241  22.837 0.0000000000
99073  49.764  21.340  26.051 0.0000000000
99072  50.514  21.564  26.095 0.0000000000
98158  51.044  21.908  26.332 0.0000000000
99049  51.094  22.082  26.676 0.0000000000
100802  52.184  22.908  24.325 0.0000000000
99932  51.277  22.666  25.989 0.0000000000
99911  50.756  22.539  26.863 0.0000000000
99913  50.223  23.054  27.203 0.0000000000
100778  50.057  23.218  27.048 0.0000000000
100779  49.528  23.344  27.489 0.0000000000
100796  48.889  23.498  26.955 0.0000000000
100807  48.350  23.424  26.484 0.0000000000
99966  47.757  22.479  24.350 0.0000000000
99967  46.496  21.894  24.233 0.0000000000
99120  46.188  21.644  23.950 0.0000000000
98220  44.979  20.633  23.282 0.0000000000
98245  47.060  20.927  21.073 0.0000000000
97352  44.653  19.920  20.274 0.0000000000
98259  45.199  20.146  20.822 0.0000000000
98238  45.271  20.429  22.648 0.0000000000
98239  44.625  20.255  22.927 0.0000000000
97319  43.502  19.671  22.450 0.0000000000
97355  41.775  20.107  20.425 0.0000000000
97356  41.161  20.117  20.567 0.0000000000
93728  43.729  15.963  16.870 0.0000000000
93616  40.727  15.189  25.232 0.0000000000
93694  42.384  15.578  18.183 0.0000000000
94573  36.167  16.701  29.172 0.0000000000
94590  37.250  15.903  28.252 0.0000000000
94634  43.830  16.864  22.603 0.0000000000
95483  34.429  17.644  31.423 0.0000000000
95506  38.633  17.061  28.790 0.0000000000
95518  42.833  17.592  25.856 0.0000000000
95533  43.866  17.822  24.253 0.0000000000
96367  35.191  18.188  33.034 0.0000000000
96369  37.292  19.195  32.641 0.0000000000
96393  37.283  17.834  29.876 0.0000000000
97224  36.939  19.136  33.506 0.0000000000
97228  39.611  19.611  32.432 0.0000000000
97237  39.111  19.346  31.909 0.0000000000
97241  42.473  19.281  30.122 0.0000000000
97299  44.221  20.134  23.081 0.0000000000
97317  46.883  18.994  22.731 0.0000000000
97318  44.194  19.923  22.635 0.0000000000
97374  40.459  19.632  18.996 0.0000000000
97386  41.294  19.915  17.860 0.0000000000
97395  43.500  20.192  16.874 0.0000000000
98076  43.649  21.220  35.040 0.0000000000
98115  48.629  21.340  30.885 0.0000000000
98130  51.149  22.079  27.204 0.0000000000
98131  51.007  22.123  27.272 0.0000000000
98139  43.649  19.487  28.731 0.0000000000
98141  51.224  22.027  26.954 0.0000000000
98142  51.033  22.032  26.884 0.0000000000
98143  51.071  21.940  26.874 0.0000000000
98144  50.653  21.771  27.032 0.0000000000
98157  51.183  22.022  26.325 0.0000000000
98159  50.928  21.592  25.961 0.0000000000
98163  45.360  19.542  26.925 0.0000000000
98173  51.238  22.005  26.116 0.0000000000
98174  51.114  21.892  25.957 0.0000000000
98175  50.938  21.738  25.966 0.0000000000
98198  48.174  20.440  24.833 0.0000000000
98260  44.712  19.999  21.514 0.0000000000
98269  49.122  21.395  19.760 0.0000000000
98277  41.108  20.249  19.295 0.0000000000
98972  48.077  21.588  34.585 0.0000000000
98991  49.466  22.039  33.001 0.0000000000
98996  45.452  21.461  34.141 0.0000000000
99004  49.878  21.903  31.593 0.0000000000
99017  47.082  21.324  32.434 0.0000000000
99019  50.537  21.989  29.250 0.0000000000
99023  48.734  21.409  31.267 0.0000000000
99033  51.044  22.082  27.017 0.0000000000
99034  50.992  22.177  27.506 0.0000000000
99035  50.832  22.009  27.701 0.0000000000
99036  50.434  21.696  27.809 0.0000000000
99050  50.592  21.690  26.816 0.0000000000
99051  50.238  21.545  27.104 0.0000000000
99070  51.148  22.266  26.301 0.0000000000
99071  50.820  21.707  26.201 0.0000000000
99092  51.243  22.290  25.711 0.0000000000
99114  51.125  22.270  24.926 0.0000000000
99115  51.150  22.022  24.935 0.0000000000
99116  50.999  21.960  24.688 0.0000000000
99130  51.456  22.255  24.146 0.0000000000
99136  45.295  21.101  23.655 0.0000000000
99140  51.717  22.485  23.449 0.0000000000
99154  49.241  21.808  20.632 0.0000000000
99160  48.885  21.460  19.727 0.0000000000
99782  47.979  22.445  36.705 0.0000000000
99817  48.916  22.458  34.857 0.0000000000
99836  43.701  22.918  32.016 0.0000000000
99848  44.817  22.967  31.432 0.0000000000
99888  50.970  22.050  27.142 0.0000000000
99891  50.136  22.995  27.737 0.0000000000
99892  47.318  23.235  28.722 0.0000000000
99910  50.965  22.261  26.790 0.0000000000
99912  50.241  23.054  26.943 0.0000000000
99914  47.153  23.140  28.436 0.0000000000
99934  50.549  23.180  26.529 0.0000000000
99935  50.327  23.186  26.766 0.0000000000
99949  51.441  22.718  24.995 0.0000000000
99950  49.723  23.321  24.943 0.0000000000
99957  42.531  22.105  25.898 0.0000000000
99961  51.777  22.901  24.081 0.0000000000
99962  51.435  23.983  23.150 0.0000000000
99963  51.140  23.653  23.182 0.0000000000
99964  49.684  23.189  24.413 0.0000000000
99972  52.249  22.825  23.770 0.0000000000
99973  52.129  22.778  23.595 0.0000000000
99974  51.553  23.684  22.834 0.0000000000
99983  52.679  22.732  23.336 0.0000000000
99985  51.320  23.095  23.056 0.0000000000
99994  48.785  22.042  21.230 0.0000000000
99999  48.813  21.982  20.803 0.0000000000
100767  50.334  22.783  28.027 0.0000000000
100791  51.773  22.967  25.158 0.0000000000
100792  51.283  23.113  25.541 0.0000000000
100793  50.914  23.343  25.567 0.0000000000
100803  50.810  23.376  24.601 0.0000000000
100811  52.403  23.079  23.779 0.0000000000
100812  51.455  23.672  23.610 0.0000000000
100818  53.014  22.970  23.509 0.0000000000
100819  51.734  24.092  23.068 0.0000000000
100820  50.521  23.131  23.711 0.0000000000
100821  50.149  23.205  23.903 0.0000000000
100824  52.952  23.025  22.826 0.0000000000
100825  52.274  23.395  22.901 0.0000000000
100826  51.854  23.704  22.854 0.0000000000
101603  51.942  23.191  24.859 0.0000000000
101604  51.306  23.182  25.197 0.0000000000
101605  51.194  23.244  25.253 0.0000000000
101610  52.007  23.161  24.009 0.0000000000
101611  51.233  23.272  24.363 0.0000000000
101617  52.277  23.298  23.899 0.0000000000
101618  52.094  23.506  24.062 0.0000000000
101619  51.065  23.733  24.045 0.0000000000
101624  52.985  23.476  23.685 0.0000000000
101625  52.467  23.808  23.571 0.0000000000
101630  53.056  23.274  23.228 0.0000000000
101631  52.766  23.587  23.094 0.0000000000
101632  52.276  23.995  22.984 0.0000000000
