#!ascii label  , from subject 3002 vox2ras=TkReg
1518
43992  4.086  -27.972  69.021 0.0000000000
72738  39.846  -4.171  41.843 0.0000000000
54442  22.704  -19.970  57.604 0.0000000000
59601  30.666  -15.434  61.277 0.0000000000
50814  13.653  -22.114  58.323 0.0000000000
49390  10.047  -23.345  67.950 0.0000000000
79476  50.269  2.014  33.120 0.0000000000
80577  47.146  2.857  42.686 0.0000000000
66670  31.913  -8.378  51.442 0.0000000000
81974  52.577  4.542  23.005 0.0000000000
51995  21.368  -21.406  61.849 0.0000000000
48174  6.395  -24.367  68.849 0.0000000000
82943  47.752  3.591  37.196 0.0000000000
79432  43.564  1.469  37.744 0.0000000000
70149  39.616  -6.162  47.137 0.0000000000
74976  42.289  -2.360  47.418 0.0000000000
66710  36.193  -8.997  47.946 0.0000000000
58477  29.228  -16.278  54.550 0.0000000000
54416  27.629  -19.062  58.005 0.0000000000
50751  17.136  -21.944  62.415 0.0000000000
50669  15.504  -22.504  66.924 0.0000000000
50739  12.401  -23.269  63.285 0.0000000000
48275  8.121  -24.875  63.877 0.0000000000
53257  18.178  -21.421  57.264 0.0000000000
82981  53.022  4.699  32.168 0.0000000000
84992  51.887  5.062  36.855 0.0000000000
76104  43.751  -0.715  41.880 0.0000000000
71325  34.063  -5.567  53.135 0.0000000000
61975  32.871  -12.456  56.476 0.0000000000
78455  51.837  0.897  27.838 0.0000000000
83020  56.240  3.859  28.589 0.0000000000
83030  57.562  3.018  26.356 0.0000000000
51951  20.848  -22.117  65.018 0.0000000000
46091  4.983  -26.015  68.630 0.0000000000
48144  6.000  -24.351  71.406 0.0000000000
47084  4.359  -25.544  72.225 0.0000000000
78368  44.740  0.588  36.236 0.0000000000
70109  40.172  -6.944  50.759 0.0000000000
71349  42.173  -5.431  50.164 0.0000000000
39699  -0.343  -31.536  72.072 0.0000000000
67940  36.257  -8.653  44.113 0.0000000000
54500  23.087  -20.000  54.549 0.0000000000
54477  26.073  -18.693  55.272 0.0000000000
54440  24.645  -19.562  57.538 0.0000000000
50781  15.159  -21.952  60.186 0.0000000000
50736  14.935  -22.196  63.264 0.0000000000
50769  12.984  -22.294  61.460 0.0000000000
50812  15.718  -21.854  58.049 0.0000000000
50779  17.602  -21.592  60.085 0.0000000000
50651  12.859  -23.042  67.355 0.0000000000
80671  51.608  3.524  32.530 0.0000000000
83998  52.898  5.718  34.523 0.0000000000
82962  50.783  4.015  34.757 0.0000000000
82903  47.327  3.475  39.258 0.0000000000
83955  48.929  4.101  39.624 0.0000000000
75075  39.942  -2.165  38.767 0.0000000000
76135  41.641  -0.633  39.351 0.0000000000
73931  41.590  -2.598  41.967 0.0000000000
68982  30.903  -7.898  49.089 0.0000000000
68999  32.437  -7.558  49.183 0.0000000000
70082  32.824  -6.990  52.313 0.0000000000
59640  30.020  -15.417  57.607 0.0000000000
60855  31.238  -14.508  54.650 0.0000000000
61951  31.593  -13.837  58.683 0.0000000000
77344  49.242  0.337  31.260 0.0000000000
78447  49.071  1.453  28.253 0.0000000000
78422  50.827  0.900  30.718 0.0000000000
80695  53.205  2.842  30.105 0.0000000000
83061  56.765  3.517  23.816 0.0000000000
81946  55.748  3.175  24.370 0.0000000000
83032  56.969  3.191  26.744 0.0000000000
80744  54.793  2.821  24.908 0.0000000000
53209  21.943  -21.225  59.897 0.0000000000
53217  24.538  -20.127  59.978 0.0000000000
53164  23.904  -21.354  62.518 0.0000000000
49409  7.895  -23.593  68.041 0.0000000000
49361  9.371  -23.653  69.674 0.0000000000
49348  7.690  -23.733  70.482 0.0000000000
77315  47.757  -0.272  33.305 0.0000000000
80653  48.887  2.886  35.289 0.0000000000
79459  46.865  1.278  35.774 0.0000000000
81816  46.226  2.749  37.578 0.0000000000
80596  45.486  2.326  39.826 0.0000000000
71450  39.404  -5.028  43.837 0.0000000000
73889  40.966  -3.199  44.423 0.0000000000
72674  41.207  -4.122  47.334 0.0000000000
64354  31.694  -10.569  50.272 0.0000000000
61897  32.312  -13.068  62.176 0.0000000000
41991  2.249  -29.753  68.951 0.0000000000
43962  3.427  -27.752  72.400 0.0000000000
43000  1.351  -29.540  72.741 0.0000000000
71500  38.170  -5.536  41.374 0.0000000000
70203  38.151  -6.564  44.524 0.0000000000
67879  38.465  -8.056  47.118 0.0000000000
68960  37.863  -7.601  50.673 0.0000000000
57088  26.705  -18.024  52.765 0.0000000000
57033  28.386  -17.563  55.961 0.0000000000
56996  29.600  -17.537  59.341 0.0000000000
53203  26.579  -19.916  60.818 0.0000000000
54382  29.198  -19.159  61.773 0.0000000000
51972  18.245  -22.397  65.372 0.0000000000
50667  17.227  -22.477  67.030 0.0000000000
50704  16.648  -22.252  65.571 0.0000000000
50707  13.447  -22.776  65.018 0.0000000000
50695  11.169  -23.343  65.353 0.0000000000
49481  11.331  -23.366  61.287 0.0000000000
49473  10.045  -23.733  63.175 0.0000000000
49453  9.080  -23.547  65.173 0.0000000000
48224  6.924  -24.594  66.234 0.0000000000
46112  5.775  -26.372  66.240 0.0000000000
45030  4.131  -27.634  66.270 0.0000000000
53306  20.234  -20.311  54.746 0.0000000000
53308  18.155  -20.335  54.171 0.0000000000
53254  20.071  -20.811  57.268 0.0000000000
53212  19.680  -21.309  59.382 0.0000000000
51997  18.907  -21.518  61.883 0.0000000000
84989  53.530  6.251  36.805 0.0000000000
83984  49.376  4.411  37.137 0.0000000000
78345  41.528  0.319  37.814 0.0000000000
78325  43.484  0.869  39.544 0.0000000000
78295  45.063  1.014  42.496 0.0000000000
76063  42.794  -0.998  44.764 0.0000000000
77161  44.591  0.655  44.464 0.0000000000
66731  33.113  -8.782  47.747 0.0000000000
67841  34.817  -8.024  49.737 0.0000000000
70077  36.485  -6.188  52.685 0.0000000000
62000  31.847  -12.671  52.644 0.0000000000
64328  33.690  -10.432  53.597 0.0000000000
63129  33.384  -11.617  60.160 0.0000000000
65521  34.629  -9.632  57.153 0.0000000000
66620  33.547  -8.073  54.946 0.0000000000
70023  33.820  -5.840  55.894 0.0000000000
72537  35.364  -4.539  55.858 0.0000000000
79553  52.587  2.353  25.386 0.0000000000
78452  54.315  1.385  27.409 0.0000000000
83012  54.631  4.221  29.927 0.0000000000
51931  21.936  -22.251  65.524 0.0000000000
45013  4.591  -27.124  68.607 0.0000000000
46075  4.485  -25.867  70.390 0.0000000000
44997  3.966  -26.820  70.739 0.0000000000
70074  39.458  -6.173  52.018 0.0000000000
71340  40.935  -5.962  51.818 0.0000000000
39713  -2.649  -31.539  70.622 0.0000000000
54480  23.043  -20.086  55.848 0.0000000000
54479  24.097  -19.513  55.474 0.0000000000
54441  23.441  -19.904  57.892 0.0000000000
50795  14.448  -22.129  59.280 0.0000000000
50782  14.177  -22.246  60.339 0.0000000000
50796  13.461  -22.339  59.385 0.0000000000
50831  14.833  -21.834  57.185 0.0000000000
50813  14.666  -21.924  58.233 0.0000000000
50794  15.526  -22.010  59.138 0.0000000000
50652  12.005  -23.254  67.307 0.0000000000
50626  11.144  -23.366  68.596 0.0000000000
80672  51.115  3.019  33.037 0.0000000000
81851  51.499  3.863  33.433 0.0000000000
80662  50.853  3.316  33.819 0.0000000000
81764  47.218  3.082  41.081 0.0000000000
81763  47.793  3.703  41.261 0.0000000000
73954  40.273  -3.106  39.966 0.0000000000
73953  40.932  -2.897  40.471 0.0000000000
73917  40.592  -3.472  41.713 0.0000000000
66687  30.855  -8.753  49.446 0.0000000000
68950  31.496  -7.898  50.094 0.0000000000
68966  31.894  -7.894  50.281 0.0000000000
68924  32.344  -7.669  52.159 0.0000000000
59620  30.368  -15.407  59.557 0.0000000000
59629  30.553  -14.903  57.980 0.0000000000
60797  31.523  -14.278  60.161 0.0000000000
77327  49.712  0.598  32.074 0.0000000000
77354  50.248  0.632  30.805 0.0000000000
78410  50.714  1.426  31.783 0.0000000000
79484  51.278  2.122  31.625 0.0000000000
83064  54.827  4.150  23.312 0.0000000000
81947  54.682  3.478  24.003 0.0000000000
81931  55.186  2.953  24.783 0.0000000000
81948  53.472  3.519  24.021 0.0000000000
53182  21.711  -21.377  61.203 0.0000000000
53194  22.837  -21.276  60.927 0.0000000000
53166  22.523  -21.416  62.090 0.0000000000
48190  7.004  -24.187  68.166 0.0000000000
49363  7.692  -23.717  69.720 0.0000000000
48162  6.735  -23.880  69.604 0.0000000000
48122  5.990  -24.550  73.253 0.0000000000
48133  6.717  -24.384  72.587 0.0000000000
77316  46.571  -0.388  33.418 0.0000000000
78377  47.695  0.623  34.793 0.0000000000
77300  46.313  -0.261  34.594 0.0000000000
79450  44.153  1.084  36.955 0.0000000000
80646  45.184  1.818  36.952 0.0000000000
80636  44.805  2.062  37.564 0.0000000000
81798  45.631  2.608  38.579 0.0000000000
80618  44.274  2.142  38.422 0.0000000000
70163  39.382  -5.982  45.890 0.0000000000
72689  40.120  -4.630  46.154 0.0000000000
71396  40.323  -4.927  47.149 0.0000000000
77330  46.874  -0.094  32.249 0.0000000000
43016  2.096  -29.708  70.691 0.0000000000
41974  1.005  -30.584  71.003 0.0000000000
70269  37.127  -6.176  41.293 0.0000000000
70249  37.984  -6.024  42.659 0.0000000000
69117  37.139  -6.930  42.524 0.0000000000
66773  36.052  -9.222  45.163 0.0000000000
67904  37.108  -8.548  45.830 0.0000000000
66709  37.119  -8.934  47.524 0.0000000000
67838  37.980  -8.443  49.201 0.0000000000
67839  36.746  -8.669  49.535 0.0000000000
55704  25.185  -18.627  52.061 0.0000000000
54438  26.993  -19.166  57.113 0.0000000000
55636  27.220  -18.483  55.647 0.0000000000
54436  28.597  -18.379  57.297 0.0000000000
57019  29.147  -17.148  57.300 0.0000000000
55587  28.999  -18.371  58.790 0.0000000000
53191  25.204  -20.459  61.360 0.0000000000
53204  25.801  -19.956  60.631 0.0000000000
53176  26.600  -20.419  62.155 0.0000000000
53159  29.019  -19.931  62.237 0.0000000000
55549  29.642  -18.248  61.762 0.0000000000
50734  17.494  -21.969  63.624 0.0000000000
50703  17.528  -22.392  65.685 0.0000000000
50718  16.497  -22.063  64.525 0.0000000000
50738  13.060  -22.996  63.155 0.0000000000
50720  14.169  -22.449  64.187 0.0000000000
50721  13.163  -23.072  64.033 0.0000000000
50693  12.759  -23.069  65.766 0.0000000000
50709  11.843  -23.266  64.789 0.0000000000
49498  11.145  -23.192  60.021 0.0000000000
48295  8.777  -24.596  62.267 0.0000000000
48294  9.653  -24.099  62.489 0.0000000000
48273  9.561  -23.902  63.286 0.0000000000
49452  9.775  -23.422  64.750 0.0000000000
48255  8.571  -23.946  64.834 0.0000000000
48241  7.897  -23.917  65.691 0.0000000000
48256  7.873  -24.650  64.589 0.0000000000
45029  5.071  -27.096  66.830 0.0000000000
54524  20.164  -19.855  52.938 0.0000000000
54503  19.690  -20.193  53.798 0.0000000000
52062  17.396  -21.446  56.134 0.0000000000
53273  18.822  -21.098  56.320 0.0000000000
53272  19.590  -20.779  56.370 0.0000000000
53255  19.369  -21.156  57.206 0.0000000000
53223  20.050  -21.254  58.759 0.0000000000
53224  19.284  -21.188  58.834 0.0000000000
50765  16.768  -21.864  61.187 0.0000000000
50764  18.087  -21.653  61.422 0.0000000000
50750  18.489  -21.687  62.697 0.0000000000
50733  18.750  -21.778  63.842 0.0000000000
50668  16.372  -22.463  67.004 0.0000000000
43950  2.357  -28.068  73.820 0.0000000000
46045  3.353  -26.815  73.523 0.0000000000
84019  53.843  5.568  33.078 0.0000000000
85010  52.652  5.572  35.438 0.0000000000
85009  53.182  6.406  35.547 0.0000000000
84991  52.659  5.260  36.505 0.0000000000
84979  51.796  4.957  37.266 0.0000000000
81834  48.258  3.414  36.020 0.0000000000
82952  49.159  3.868  35.908 0.0000000000
82932  48.615  4.128  37.345 0.0000000000
83944  49.352  4.315  40.091 0.0000000000
76123  43.244  -0.766  40.484 0.0000000000
77222  42.245  -0.030  39.320 0.0000000000
77220  44.064  0.055  40.306 0.0000000000
78323  44.881  1.116  40.453 0.0000000000
77189  44.749  0.303  41.984 0.0000000000
73881  41.865  -2.773  45.889 0.0000000000
75001  41.939  -2.065  44.323 0.0000000000
76047  42.603  -1.421  46.222 0.0000000000
67906  31.553  -8.398  47.306 0.0000000000
70113  33.093  -7.057  51.005 0.0000000000
68978  33.683  -7.665  49.865 0.0000000000
70097  34.676  -6.645  51.750 0.0000000000
70096  35.864  -6.593  51.936 0.0000000000
71324  35.001  -5.376  53.153 0.0000000000
58523  28.162  -16.444  52.881 0.0000000000
59688  29.471  -15.435  53.466 0.0000000000
60843  31.747  -13.733  55.565 0.0000000000
61993  31.428  -13.646  53.872 0.0000000000
63181  32.683  -12.155  54.232 0.0000000000
63194  32.534  -12.084  53.180 0.0000000000
63180  33.405  -11.500  54.721 0.0000000000
63111  32.854  -12.292  61.206 0.0000000000
66586  34.537  -8.711  57.673 0.0000000000
66619  34.031  -8.837  55.531 0.0000000000
67740  33.884  -7.566  56.346 0.0000000000
68880  33.539  -6.615  55.588 0.0000000000
70005  34.025  -6.006  56.520 0.0000000000
78456  50.760  1.177  27.593 0.0000000000
79535  52.138  1.826  26.089 0.0000000000
78465  53.714  1.496  26.407 0.0000000000
78443  53.525  1.297  28.302 0.0000000000
81867  52.889  4.147  31.415 0.0000000000
81883  53.760  3.241  29.789 0.0000000000
83000  53.810  4.529  30.865 0.0000000000
84050  54.546  4.627  30.744 0.0000000000
83046  57.230  2.854  25.337 0.0000000000
81889  56.696  3.526  27.571 0.0000000000
83008  57.135  4.845  28.446 0.0000000000
83010  55.925  4.115  29.245 0.0000000000
51984  21.065  -21.717  62.941 0.0000000000
51968  22.298  -21.673  63.427 0.0000000000
51950  22.048  -22.001  64.557 0.0000000000
47104  5.307  -25.101  69.281 0.0000000000
48163  6.146  -24.253  69.783 0.0000000000
47096  4.839  -25.052  70.290 0.0000000000
47083  4.827  -24.990  72.092 0.0000000000
48124  4.646  -24.739  73.406 0.0000000000
77288  43.072  -0.058  35.496 0.0000000000
78359  42.850  0.681  37.131 0.0000000000
68995  40.482  -6.779  48.866 0.0000000000
70121  41.034  -6.408  49.120 0.0000000000
70108  40.961  -6.685  50.188 0.0000000000
71339  42.161  -5.631  51.493 0.0000000000
39710  0.111  -31.421  70.884 0.0000000000
39712  -1.519  -31.899  71.041 0.0000000000
39701  -1.624  -32.031  72.475 0.0000000000
67952  35.888  -8.308  42.937 0.0000000000
66774  34.851  -9.724  45.389 0.0000000000
54520  24.592  -19.136  53.407 0.0000000000
54499  24.241  -19.214  54.350 0.0000000000
54461  24.953  -19.185  56.368 0.0000000000
54417  26.576  -19.399  58.237 0.0000000000
50752  15.716  -21.965  62.119 0.0000000000
50735  16.186  -22.152  63.392 0.0000000000
50753  14.418  -22.072  62.271 0.0000000000
50754  13.444  -22.307  62.328 0.0000000000
50755  12.759  -22.699  62.352 0.0000000000
47184  7.103  -25.572  64.278 0.0000000000
47222  5.998  -24.908  62.137 0.0000000000
50843  15.614  -21.674  56.030 0.0000000000
52037  17.101  -21.588  57.465 0.0000000000
52022  17.743  -21.381  58.691 0.0000000000
50793  16.786  -21.717  58.924 0.0000000000
50780  16.261  -21.784  60.094 0.0000000000
50650  13.710  -22.796  67.384 0.0000000000
81859  52.299  4.126  32.142 0.0000000000
84021  52.761  5.130  33.426 0.0000000000
82971  52.225  4.531  33.208 0.0000000000
84011  51.979  4.756  34.384 0.0000000000
83991  51.269  4.952  35.715 0.0000000000
82926  47.398  3.452  38.126 0.0000000000
82924  48.436  3.825  38.192 0.0000000000
82902  48.103  3.629  39.554 0.0000000000
82880  48.615  4.327  41.406 0.0000000000
77230  40.520  -0.809  38.257 0.0000000000
75074  40.517  -1.642  38.999 0.0000000000
75060  41.702  -1.588  40.064 0.0000000000
75024  42.590  -1.482  41.949 0.0000000000
74974  43.365  -1.221  47.302 0.0000000000
69036  30.188  -7.160  47.584 0.0000000000
67883  31.385  -7.712  47.951 0.0000000000
68981  31.930  -7.729  49.797 0.0000000000
70114  32.898  -7.125  50.846 0.0000000000
70081  33.209  -6.564  52.312 0.0000000000
58457  29.805  -15.837  55.944 0.0000000000
59662  29.907  -15.134  55.332 0.0000000000
59649  30.704  -15.105  56.306 0.0000000000
60831  31.826  -13.790  56.675 0.0000000000
61964  32.437  -12.878  57.348 0.0000000000
78425  47.863  0.989  29.824 0.0000000000
78448  48.226  1.982  28.409 0.0000000000
78435  49.467  0.603  29.446 0.0000000000
78434  50.667  0.635  29.644 0.0000000000
78445  51.436  0.729  28.881 0.0000000000
78444  52.662  1.114  29.045 0.0000000000
79499  52.220  2.222  30.468 0.0000000000
80690  52.287  2.873  30.939 0.0000000000
83081  54.948  4.706  22.852 0.0000000000
83062  56.194  3.398  23.966 0.0000000000
83048  56.763  2.823  25.389 0.0000000000
83031  57.320  3.119  26.504 0.0000000000
81929  56.400  2.705  25.544 0.0000000000
80728  56.357  2.607  26.140 0.0000000000
80729  56.110  2.460  26.460 0.0000000000
53233  22.136  -20.440  58.470 0.0000000000
54420  23.604  -19.990  58.958 0.0000000000
53219  23.235  -20.531  59.489 0.0000000000
53193  23.505  -20.959  61.121 0.0000000000
53163  24.870  -21.232  62.786 0.0000000000
49407  9.322  -23.248  67.383 0.0000000000
49373  10.256  -23.412  68.815 0.0000000000
49374  9.264  -23.456  68.964 0.0000000000
49347  8.420  -23.881  70.458 0.0000000000
49338  6.472  -23.922  70.967 0.0000000000
49324  7.510  -24.130  71.958 0.0000000000
78387  49.317  1.132  33.451 0.0000000000
79456  49.387  2.458  34.609 0.0000000000
79468  48.421  1.503  34.683 0.0000000000
80654  47.976  2.566  35.504 0.0000000000
81835  47.468  2.864  36.077 0.0000000000
78367  45.373  0.516  36.113 0.0000000000
80645  45.982  2.167  36.633 0.0000000000
81815  46.888  3.258  37.764 0.0000000000
81807  46.751  3.231  38.338 0.0000000000
81775  46.265  2.798  39.745 0.0000000000
80584  46.432  2.446  41.307 0.0000000000
72723  39.797  -4.365  43.194 0.0000000000
72722  40.328  -3.634  42.799 0.0000000000
72701  40.526  -3.945  44.987 0.0000000000
73882  41.149  -3.358  45.487 0.0000000000
73865  41.634  -3.437  47.179 0.0000000000
71377  41.502  -4.951  48.276 0.0000000000
72633  42.494  -4.104  48.948 0.0000000000
73851  42.922  -2.922  48.765 0.0000000000
65593  31.818  -9.412  50.866 0.0000000000
60779  31.666  -14.438  61.954 0.0000000000
78426  46.836  1.498  29.807 0.0000000000
77357  47.867  0.587  30.552 0.0000000000
77328  48.953  0.200  32.084 0.0000000000
84118  52.644  5.975  22.161 0.0000000000
83098  51.571  4.973  22.681 0.0000000000
43987  3.391  -28.685  69.381 0.0000000000
43979  3.733  -27.653  71.140 0.0000000000
43015  2.719  -29.063  71.108 0.0000000000
42998  2.460  -28.689  72.516 0.0000000000
42993  1.663  -28.821  73.536 0.0000000000
40856  0.429  -30.887  72.218 0.0000000000
72773  39.063  -4.134  40.009 0.0000000000
71527  38.017  -4.627  39.470 0.0000000000
72739  39.179  -4.738  41.482 0.0000000000
71467  38.952  -5.350  43.261 0.0000000000
71437  38.935  -5.853  44.676 0.0000000000
70164  39.036  -6.589  46.302 0.0000000000
69069  37.258  -7.554  44.383 0.0000000000
69035  38.271  -7.497  46.156 0.0000000000
69019  39.195  -7.237  47.424 0.0000000000
67836  39.506  -7.538  49.252 0.0000000000
68959  38.866  -7.526  50.337 0.0000000000
70075  38.673  -6.083  52.308 0.0000000000
57086  28.014  -17.252  53.554 0.0000000000
55672  26.127  -18.511  53.861 0.0000000000
57069  27.778  -17.878  54.293 0.0000000000
58478  28.982  -16.986  54.840 0.0000000000
58435  29.310  -16.524  56.707 0.0000000000
58393  29.754  -16.068  58.127 0.0000000000
58352  30.145  -15.992  60.111 0.0000000000
54419  24.391  -19.836  58.581 0.0000000000
54404  26.157  -19.685  59.551 0.0000000000
54403  27.373  -19.281  59.079 0.0000000000
53175  27.592  -20.237  62.002 0.0000000000
54388  27.772  -19.750  60.985 0.0000000000
54394  28.347  -19.079  59.619 0.0000000000
55562  29.598  -18.266  61.191 0.0000000000
56968  30.183  -17.099  61.182 0.0000000000
58321  30.533  -16.057  61.642 0.0000000000
51933  19.380  -22.354  65.978 0.0000000000
51954  18.039  -22.512  65.939 0.0000000000
49422  16.984  -22.360  66.070 0.0000000000
50690  15.548  -22.425  66.187 0.0000000000
50719  15.276  -22.170  64.331 0.0000000000
50706  14.420  -22.414  65.163 0.0000000000
50691  14.552  -22.445  66.056 0.0000000000
50671  13.686  -22.677  66.732 0.0000000000
50673  12.004  -23.318  66.459 0.0000000000
50674  11.156  -23.430  66.210 0.0000000000
50798  11.813  -22.763  59.696 0.0000000000
50785  11.933  -22.927  60.794 0.0000000000
50757  11.775  -23.263  62.148 0.0000000000
48330  9.809  -23.805  60.839 0.0000000000
49472  10.519  -23.668  62.629 0.0000000000
50741  11.230  -23.423  63.434 0.0000000000
49451  10.538  -23.373  64.320 0.0000000000
49438  10.458  -23.304  65.089 0.0000000000
49425  9.493  -23.238  66.429 0.0000000000
49426  8.666  -23.212  66.899 0.0000000000
48223  7.504  -23.853  66.773 0.0000000000
48207  6.540  -24.768  66.894 0.0000000000
47165  6.689  -25.726  65.250 0.0000000000
47146  6.381  -25.433  66.250 0.0000000000
47128  6.231  -25.159  67.407 0.0000000000
46100  5.456  -26.262  67.504 0.0000000000
45021  4.951  -26.776  67.937 0.0000000000
43999  4.086  -28.122  67.902 0.0000000000
43993  3.488  -28.764  68.232 0.0000000000
43028  1.970  -29.510  67.749 0.0000000000
54522  22.503  -19.805  53.244 0.0000000000
54501  21.846  -20.349  54.034 0.0000000000
53286  21.598  -20.189  55.686 0.0000000000
53307  19.285  -20.405  54.571 0.0000000000
53271  20.383  -20.422  56.472 0.0000000000
53253  20.879  -20.451  57.359 0.0000000000
53234  21.304  -20.656  58.221 0.0000000000
53210  21.172  -21.345  59.648 0.0000000000
52005  20.549  -21.403  61.043 0.0000000000
52014  18.834  -21.348  59.784 0.0000000000
52006  19.230  -21.455  61.030 0.0000000000
51996  19.834  -21.524  62.310 0.0000000000
51985  19.785  -21.771  63.637 0.0000000000
51970  19.918  -22.003  64.587 0.0000000000
44981  3.661  -27.041  72.532 0.0000000000
47063  3.897  -25.793  73.657 0.0000000000
85029  53.437  6.535  34.150 0.0000000000
81832  49.976  3.600  35.066 0.0000000000
83992  50.373  4.517  36.020 0.0000000000
83982  50.862  4.773  36.578 0.0000000000
83976  49.104  4.311  37.944 0.0000000000
83964  50.271  4.497  38.175 0.0000000000
84968  51.068  4.533  38.390 0.0000000000
78360  41.769  0.165  36.870 0.0000000000
79434  42.698  1.188  37.905 0.0000000000
77229  41.423  -0.067  38.650 0.0000000000
79413  42.572  1.032  38.421 0.0000000000
79412  43.259  1.422  38.660 0.0000000000
79402  44.746  1.745  39.893 0.0000000000
79391  45.440  1.662  40.512 0.0000000000
79378  45.970  2.005  42.230 0.0000000000
73915  41.448  -2.565  42.884 0.0000000000
75008  42.573  -1.613  43.003 0.0000000000
76074  42.887  -1.130  43.834 0.0000000000
76046  43.011  -1.045  46.383 0.0000000000
77154  43.547  -0.341  44.910 0.0000000000
77175  43.816  -0.164  43.255 0.0000000000
78282  45.027  1.123  43.482 0.0000000000
78281  45.579  1.508  43.592 0.0000000000
65667  33.394  -9.772  45.048 0.0000000000
66730  34.286  -9.021  47.499 0.0000000000
67881  33.017  -8.275  48.330 0.0000000000
66712  33.974  -8.614  48.358 0.0000000000
66696  35.478  -8.681  49.054 0.0000000000
67826  36.294  -8.167  50.266 0.0000000000
70095  36.945  -6.764  52.101 0.0000000000
71301  37.797  -5.010  53.733 0.0000000000
60868  30.483  -14.753  53.794 0.0000000000
63215  32.187  -11.539  51.288 0.0000000000
64346  32.690  -10.492  51.660 0.0000000000
65585  32.706  -9.489  52.169 0.0000000000
61923  32.098  -13.571  60.333 0.0000000000
61936  32.278  -12.890  59.609 0.0000000000
63147  33.072  -11.909  57.836 0.0000000000
64281  34.045  -10.633  58.759 0.0000000000
63167  33.905  -11.289  56.273 0.0000000000
64301  34.165  -10.534  55.735 0.0000000000
65563  33.661  -9.320  53.987 0.0000000000
66644  32.703  -8.039  53.382 0.0000000000
68914  32.623  -6.938  53.592 0.0000000000
70050  32.894  -6.137  54.098 0.0000000000
71305  33.788  -5.519  53.846 0.0000000000
71245  34.907  -5.223  57.219 0.0000000000
71274  34.252  -4.947  55.759 0.0000000000
71304  34.651  -5.065  54.071 0.0000000000
72580  36.253  -4.698  54.579 0.0000000000
81963  51.354  4.222  23.265 0.0000000000
80762  52.348  3.241  24.410 0.0000000000
79566  53.637  2.676  24.841 0.0000000000
79532  55.341  1.913  26.785 0.0000000000
80712  55.552  2.668  28.052 0.0000000000
79507  53.584  1.932  29.048 0.0000000000
80702  54.921  2.886  28.737 0.0000000000
83011  55.226  3.985  29.461 0.0000000000
82997  55.400  4.379  29.805 0.0000000000
51916  19.755  -22.498  66.411 0.0000000000
51932  20.519  -22.278  65.904 0.0000000000
45004  4.154  -26.916  69.671 0.0000000000
43986  3.823  -27.764  70.094 0.0000000000
71320  39.729  -5.386  52.582 0.0000000000
53269  22.154  -20.090  56.355 0.0000000000
54463  22.855  -19.981  56.971 0.0000000000
50653  11.109  -23.344  67.157 0.0000000000
50636  11.093  -23.273  68.005 0.0000000000
79465  50.498  2.575  33.428 0.0000000000
80583  47.052  2.770  41.919 0.0000000000
81758  47.488  3.416  42.131 0.0000000000
72753  39.786  -3.882  40.520 0.0000000000
73933  40.532  -3.516  40.938 0.0000000000
66686  31.296  -8.824  50.125 0.0000000000
67829  31.328  -8.357  49.996 0.0000000000
67816  31.645  -8.200  50.512 0.0000000000
68949  31.894  -7.984  50.745 0.0000000000
67808  32.113  -8.063  51.916 0.0000000000
59608  30.522  -15.408  60.483 0.0000000000
59607  30.900  -14.875  59.890 0.0000000000
59600  31.122  -14.912  60.787 0.0000000000
78397  50.043  1.387  32.725 0.0000000000
78411  50.184  0.957  32.029 0.0000000000
78396  50.485  1.642  32.376 0.0000000000
79475  50.673  2.118  32.601 0.0000000000
81961  53.481  4.153  23.444 0.0000000000
53181  22.243  -21.374  61.519 0.0000000000
51994  22.071  -21.387  61.988 0.0000000000
48173  7.012  -23.879  68.868 0.0000000000
77317  45.269  -0.397  33.587 0.0000000000
79440  43.699  1.118  37.291 0.0000000000
79439  44.453  1.508  37.223 0.0000000000
80628  44.086  1.942  37.980 0.0000000000
80627  44.797  2.360  38.086 0.0000000000
71397  39.892  -5.414  47.035 0.0000000000
70148  40.022  -5.555  47.402 0.0000000000
40890  1.208  -30.619  69.603 0.0000000000
70270  36.634  -6.562  40.842 0.0000000000
69140  36.746  -6.786  41.568 0.0000000000
66728  36.431  -9.255  46.944 0.0000000000
66727  37.190  -8.857  46.612 0.0000000000
66694  37.034  -8.882  48.546 0.0000000000
54459  27.441  -18.694  56.346 0.0000000000
54415  28.518  -18.706  57.890 0.0000000000
53177  25.585  -20.781  62.119 0.0000000000
53162  26.049  -20.995  63.093 0.0000000000
49460  12.636  -23.267  63.526 0.0000000000
49459  12.853  -23.207  63.644 0.0000000000
49450  12.433  -23.331  63.709 0.0000000000
50722  12.383  -23.294  64.125 0.0000000000
50723  11.820  -23.348  64.023 0.0000000000
47203  8.505  -24.956  62.817 0.0000000000
48274  8.798  -24.340  63.582 0.0000000000
52051  17.597  -21.507  56.991 0.0000000000
53274  18.162  -21.397  56.517 0.0000000000
53256  18.710  -21.335  57.191 0.0000000000
53237  18.945  -21.325  58.057 0.0000000000
52035  18.300  -21.291  58.268 0.0000000000
44962  2.310  -28.145  74.210 0.0000000000
44961  2.795  -27.626  74.271 0.0000000000
82980  53.620  4.893  31.845 0.0000000000
84031  53.525  5.139  32.412 0.0000000000
85001  52.356  5.364  36.117 0.0000000000
85000  53.272  5.792  35.895 0.0000000000
81823  47.898  3.488  36.546 0.0000000000
82953  48.618  3.802  36.290 0.0000000000
82933  48.063  3.689  37.530 0.0000000000
76105  43.108  -0.987  41.441 0.0000000000
76122  43.906  -0.860  41.012 0.0000000000
77204  44.426  -0.374  41.401 0.0000000000
73873  41.868  -2.810  46.858 0.0000000000
74987  42.217  -1.871  46.410 0.0000000000
66757  30.995  -8.888  46.594 0.0000000000
70098  33.695  -6.503  51.757 0.0000000000
70079  34.345  -5.941  52.431 0.0000000000
58500  29.077  -16.068  53.620 0.0000000000
58522  28.940  -15.720  52.766 0.0000000000
61976  32.251  -13.024  56.137 0.0000000000
61985  32.090  -12.880  55.013 0.0000000000
61984  32.718  -12.540  55.689 0.0000000000
63168  33.303  -11.897  55.778 0.0000000000
67711  34.704  -8.146  59.090 0.0000000000
67729  34.216  -7.714  57.242 0.0000000000
68860  33.969  -6.719  56.648 0.0000000000
68846  34.618  -6.885  57.778 0.0000000000
78468  51.355  1.307  27.172 0.0000000000
78467  51.966  1.384  26.970 0.0000000000
78466  52.859  1.447  26.755 0.0000000000
78454  52.755  1.073  27.698 0.0000000000
82990  53.502  4.563  31.327 0.0000000000
82989  53.890  4.777  31.303 0.0000000000
81927  57.572  2.810  25.452 0.0000000000
81907  57.759  2.928  26.402 0.0000000000
81890  56.473  3.360  27.802 0.0000000000
83019  56.815  3.834  27.861 0.0000000000
83009  56.463  4.375  28.789 0.0000000000
51969  20.994  -22.007  64.023 0.0000000000
46083  4.774  -25.595  69.667 0.0000000000
47090  4.645  -25.475  71.399 0.0000000000
47097  4.732  -25.314  70.835 0.0000000000
48135  4.953  -24.412  72.697 0.0000000000
47072  4.401  -24.942  72.830 0.0000000000
77289  42.173  -0.297  35.411 0.0000000000
78370  42.776  0.176  36.193 0.0000000000
68957  40.300  -7.081  50.049 0.0000000000
68974  40.579  -6.895  49.526 0.0000000000
39722  -0.882  -31.603  70.212 0.0000000000
38552  -1.680  -32.075  71.798 0.0000000000
38541  -1.992  -32.316  72.189 0.0000000000
54521  23.604  -19.492  53.444 0.0000000000
54439  25.806  -19.292  57.286 0.0000000000
50766  15.745  -21.849  60.974 0.0000000000
50767  14.832  -21.984  61.221 0.0000000000
50783  13.247  -22.391  60.467 0.0000000000
50768  13.840  -22.197  61.363 0.0000000000
50844  14.951  -21.786  56.257 0.0000000000
50830  15.901  -21.681  56.954 0.0000000000
50829  16.586  -21.639  57.244 0.0000000000
50811  16.562  -21.728  57.807 0.0000000000
50634  12.810  -23.129  67.908 0.0000000000
81850  51.898  4.041  32.818 0.0000000000
81842  51.105  3.756  34.055 0.0000000000
82961  51.373  4.194  34.295 0.0000000000
84000  51.524  4.762  34.923 0.0000000000
82950  50.969  4.266  34.909 0.0000000000
82913  47.890  3.530  38.654 0.0000000000
82893  47.685  3.567  39.954 0.0000000000
82881  48.212  4.117  41.340 0.0000000000
76138  39.607  -1.627  38.219 0.0000000000
76137  40.214  -1.373  38.453 0.0000000000
75041  41.328  -2.515  40.591 0.0000000000
75040  41.973  -1.966  40.967 0.0000000000
75039  42.601  -1.438  41.290 0.0000000000
75025  41.952  -1.977  42.365 0.0000000000
69022  29.757  -6.949  47.937 0.0000000000
69002  30.160  -7.256  48.520 0.0000000000
69020  30.982  -7.399  48.342 0.0000000000
69001  30.962  -7.610  48.728 0.0000000000
70101  32.520  -7.567  51.377 0.0000000000
70115  32.209  -7.693  51.020 0.0000000000
70100  32.934  -7.030  51.548 0.0000000000
71327  33.113  -6.466  52.948 0.0000000000
58434  29.718  -16.150  56.385 0.0000000000
59650  30.164  -15.605  56.558 0.0000000000
60819  31.203  -14.420  58.318 0.0000000000
60832  31.148  -14.558  57.187 0.0000000000
60818  31.723  -13.770  57.802 0.0000000000
61950  32.040  -13.048  58.550 0.0000000000
77356  48.652  0.501  30.325 0.0000000000
77365  48.813  0.682  29.724 0.0000000000
77364  49.124  0.542  29.999 0.0000000000
78423  50.174  0.549  30.219 0.0000000000
78433  51.737  1.354  30.054 0.0000000000
80681  51.216  2.697  32.230 0.0000000000
80680  51.809  3.060  31.655 0.0000000000
81868  52.401  3.553  31.356 0.0000000000
83063  55.329  3.858  23.498 0.0000000000
81945  56.288  2.938  24.747 0.0000000000
80742  56.005  2.637  25.477 0.0000000000
80743  55.626  2.553  25.487 0.0000000000
79550  55.685  2.286  26.031 0.0000000000
53220  22.458  -20.794  59.258 0.0000000000
53208  22.715  -21.144  60.078 0.0000000000
53180  22.966  -21.354  61.637 0.0000000000
53179  23.705  -21.226  61.787 0.0000000000
53178  24.600  -21.087  61.932 0.0000000000
49408  8.509  -23.373  67.750 0.0000000000
49391  8.970  -23.384  68.293 0.0000000000
49392  8.233  -23.519  68.484 0.0000000000
49362  8.482  -23.707  69.756 0.0000000000
49335  8.289  -24.068  71.197 0.0000000000
48153  6.076  -24.235  70.563 0.0000000000
77314  48.730  0.231  33.046 0.0000000000
79467  49.007  1.635  34.317 0.0000000000
78388  48.330  0.724  34.212 0.0000000000
79458  47.780  1.464  35.151 0.0000000000
80655  47.220  2.151  35.851 0.0000000000
77286  45.013  -0.026  35.690 0.0000000000
80635  45.668  2.352  37.242 0.0000000000
81825  46.385  2.666  36.926 0.0000000000
81808  46.225  2.822  38.194 0.0000000000
80605  45.189  2.507  39.022 0.0000000000
81786  45.778  2.645  38.866 0.0000000000
81776  45.771  2.603  39.250 0.0000000000
80595  46.149  2.517  40.375 0.0000000000
72710  39.896  -4.493  44.418 0.0000000000
72688  40.614  -4.205  46.207 0.0000000000
73874  41.386  -3.440  46.498 0.0000000000
72673  41.726  -3.721  47.539 0.0000000000
70107  41.570  -5.915  49.659 0.0000000000
70120  41.362  -5.643  48.692 0.0000000000
71360  41.986  -5.001  49.048 0.0000000000
73852  42.474  -3.247  48.388 0.0000000000
73830  43.231  -3.073  49.266 0.0000000000
64362  31.209  -10.560  49.533 0.0000000000
65602  31.464  -9.619  50.155 0.0000000000
65601  31.877  -9.939  50.684 0.0000000000
78412  46.908  0.954  30.431 0.0000000000
77358  47.327  0.877  30.333 0.0000000000
77346  47.196  0.439  31.074 0.0000000000
77329  48.015  -0.152  32.119 0.0000000000
84119  51.697  6.156  22.350 0.0000000000
43027  2.676  -29.371  68.530 0.0000000000
43021  2.565  -29.462  69.790 0.0000000000
41973  1.589  -29.966  71.333 0.0000000000
43009  2.142  -29.392  71.674 0.0000000000
41959  1.711  -29.650  72.027 0.0000000000
42999  1.903  -29.001  72.656 0.0000000000
39711  -0.387  -31.634  71.305 0.0000000000
40866  0.455  -31.095  71.439 0.0000000000
40857  0.007  -31.222  72.673 0.0000000000
72782  38.539  -3.731  39.229 0.0000000000
70286  37.577  -5.816  41.031 0.0000000000
71517  37.832  -5.418  40.290 0.0000000000
71499  38.637  -4.990  41.073 0.0000000000
71483  38.886  -5.213  42.204 0.0000000000
71484  38.209  -5.690  41.986 0.0000000000
70227  38.017  -6.272  43.742 0.0000000000
70226  38.529  -5.819  43.494 0.0000000000
70202  38.558  -6.053  44.305 0.0000000000
70181  38.812  -6.394  45.234 0.0000000000
70182  38.174  -6.803  45.017 0.0000000000
67951  36.703  -7.966  43.235 0.0000000000
67939  36.709  -8.063  43.863 0.0000000000
67903  37.684  -8.169  46.150 0.0000000000
67920  37.534  -7.875  45.441 0.0000000000
67902  38.309  -7.767  46.512 0.0000000000
69034  38.712  -7.273  46.636 0.0000000000
68997  39.546  -7.363  48.142 0.0000000000
67855  38.925  -7.989  48.307 0.0000000000
67824  38.333  -7.919  50.005 0.0000000000
67823  38.762  -7.750  49.960 0.0000000000
68944  38.369  -7.011  51.111 0.0000000000
57105  26.906  -17.202  52.472 0.0000000000
57104  27.512  -17.032  52.966 0.0000000000
57087  27.242  -17.723  53.315 0.0000000000
54498  25.032  -18.887  54.053 0.0000000000
55673  25.527  -18.775  53.632 0.0000000000
55655  26.221  -18.548  54.675 0.0000000000
55653  27.801  -18.169  55.349 0.0000000000
55654  27.176  -18.311  54.881 0.0000000000
57051  27.884  -18.073  54.919 0.0000000000
57068  28.440  -17.374  54.363 0.0000000000
57050  28.425  -17.556  55.315 0.0000000000
57049  28.894  -17.052  55.653 0.0000000000
57032  28.773  -17.180  56.200 0.0000000000
57008  29.478  -17.466  58.288 0.0000000000
58394  29.626  -16.776  57.965 0.0000000000
58374  29.727  -16.729  58.787 0.0000000000
58373  29.917  -15.984  59.183 0.0000000000
58353  29.879  -16.694  59.736 0.0000000000
54407  23.709  -20.250  59.398 0.0000000000
54406  24.182  -20.070  59.348 0.0000000000
54396  26.470  -19.801  60.335 0.0000000000
54395  27.330  -19.670  60.314 0.0000000000
53174  28.473  -19.927  61.800 0.0000000000
54387  28.623  -19.443  60.854 0.0000000000
55574  29.243  -18.410  60.037 0.0000000000
56942  30.133  -17.782  61.728 0.0000000000
56967  30.399  -16.511  61.459 0.0000000000
51953  18.814  -22.398  65.609 0.0000000000
51934  18.537  -22.481  66.215 0.0000000000
49437  16.743  -22.306  65.714 0.0000000000
50689  16.471  -22.396  66.316 0.0000000000
50705  15.488  -22.205  65.332 0.0000000000
50692  13.599  -22.635  65.922 0.0000000000
50694  11.931  -23.300  65.576 0.0000000000
50771  12.035  -23.067  61.613 0.0000000000
48331  9.399  -23.852  60.736 0.0000000000
48312  9.080  -24.168  61.428 0.0000000000
48293  10.200  -23.898  62.052 0.0000000000
49461  11.108  -23.464  63.035 0.0000000000
49462  10.664  -23.488  63.512 0.0000000000
50724  11.240  -23.400  63.894 0.0000000000
49439  9.646  -23.334  65.552 0.0000000000
49424  10.365  -23.368  65.904 0.0000000000
49440  8.745  -23.358  65.944 0.0000000000
48206  6.974  -24.285  67.260 0.0000000000
46138  6.438  -25.843  63.470 0.0000000000
46111  6.212  -26.060  65.994 0.0000000000
47147  6.030  -25.829  66.520 0.0000000000
47129  5.876  -25.703  67.006 0.0000000000
47113  5.810  -25.537  68.198 0.0000000000
45022  4.587  -27.619  67.408 0.0000000000
44000  3.349  -28.565  67.322 0.0000000000
43035  2.497  -28.972  67.364 0.0000000000
54502  20.719  -20.322  53.878 0.0000000000
53305  21.176  -20.314  54.867 0.0000000000
54504  18.879  -20.145  53.774 0.0000000000
53288  19.869  -20.484  55.540 0.0000000000
53235  20.485  -20.974  58.067 0.0000000000
53211  20.385  -21.373  59.465 0.0000000000
53197  20.697  -21.433  60.167 0.0000000000
52013  19.904  -21.442  60.130 0.0000000000
50792  17.548  -21.485  59.277 0.0000000000
52015  18.027  -21.287  59.364 0.0000000000
50749  19.225  -21.681  63.238 0.0000000000
50716  18.702  -22.070  64.476 0.0000000000
51986  19.221  -21.938  64.336 0.0000000000
51971  18.947  -22.281  64.915 0.0000000000
51952  19.733  -22.217  65.344 0.0000000000
51918  18.208  -22.544  66.730 0.0000000000
49360  10.574  -23.628  69.526 0.0000000000
43973  3.268  -28.272  71.737 0.0000000000
46030  3.419  -26.716  74.225 0.0000000000
46035  3.561  -26.442  73.811 0.0000000000
47055  3.759  -25.957  73.877 0.0000000000
47054  4.349  -25.479  74.059 0.0000000000
46025  4.085  -25.868  74.335 0.0000000000
84009  53.183  5.692  34.045 0.0000000000
85019  53.103  6.547  34.767 0.0000000000
84999  53.282  6.671  36.336 0.0000000000
80652  49.734  3.192  34.894 0.0000000000
83993  49.701  4.389  36.497 0.0000000000
82940  49.659  4.225  36.012 0.0000000000
83983  50.127  4.538  36.882 0.0000000000
82912  48.509  3.795  39.131 0.0000000000
83966  48.958  4.219  38.782 0.0000000000
83953  50.084  4.478  38.888 0.0000000000
84962  50.382  4.482  39.061 0.0000000000
84981  50.871  4.594  37.902 0.0000000000
84961  50.701  4.477  39.038 0.0000000000
78353  41.333  0.010  37.273 0.0000000000
78361  41.029  -0.241  36.609 0.0000000000
78352  42.250  0.741  37.666 0.0000000000
76136  40.881  -1.028  39.095 0.0000000000
78326  42.813  0.563  39.307 0.0000000000
78333  42.453  0.713  38.795 0.0000000000
78332  43.001  1.087  39.120 0.0000000000
79404  43.392  1.341  39.152 0.0000000000
79411  43.903  1.851  38.916 0.0000000000
79403  43.965  1.675  39.283 0.0000000000
78309  45.318  1.040  41.379 0.0000000000
78308  45.636  1.415  42.072 0.0000000000
79390  45.890  1.742  41.334 0.0000000000
73901  40.848  -3.071  43.371 0.0000000000
73900  41.483  -2.623  43.877 0.0000000000
76064  42.426  -1.530  44.618 0.0000000000
76075  42.395  -1.725  43.842 0.0000000000
77153  43.902  0.065  45.264 0.0000000000
76055  43.589  -0.400  45.362 0.0000000000
77162  43.787  -0.014  44.148 0.0000000000
77174  44.455  0.345  43.191 0.0000000000
66756  32.261  -8.942  46.814 0.0000000000
66755  33.487  -9.301  46.724 0.0000000000
66775  33.889  -9.665  45.785 0.0000000000
67861  32.102  -7.709  48.522 0.0000000000
67860  32.739  -7.882  48.692 0.0000000000
68977  34.282  -7.812  49.975 0.0000000000
67842  34.155  -7.961  49.507 0.0000000000
67857  35.095  -8.495  49.198 0.0000000000
67840  35.675  -8.508  49.628 0.0000000000
67827  35.417  -7.973  50.254 0.0000000000
68946  36.339  -7.279  51.537 0.0000000000
70076  37.608  -6.208  52.617 0.0000000000
71322  37.163  -5.683  53.292 0.0000000000
60856  30.321  -14.862  54.501 0.0000000000
59673  29.837  -15.016  54.147 0.0000000000
62001  31.230  -13.278  53.097 0.0000000000
62014  31.114  -13.159  51.994 0.0000000000
62013  31.764  -12.447  51.616 0.0000000000
63193  33.281  -11.340  53.593 0.0000000000
63204  32.930  -11.352  52.654 0.0000000000
64338  33.302  -10.501  52.856 0.0000000000
64339  32.962  -10.203  52.316 0.0000000000
65584  33.120  -9.776  52.662 0.0000000000
60778  32.030  -13.677  61.841 0.0000000000
60787  31.980  -14.264  61.173 0.0000000000
60786  32.237  -13.601  61.480 0.0000000000
63122  32.939  -12.082  60.559 0.0000000000
61922  32.549  -12.791  60.597 0.0000000000
63130  32.873  -12.193  59.812 0.0000000000
63139  32.685  -12.315  58.842 0.0000000000
63138  33.497  -11.454  59.068 0.0000000000
65505  34.524  -9.699  58.206 0.0000000000
64287  34.393  -10.582  57.741 0.0000000000
63156  33.946  -11.334  57.267 0.0000000000
64294  34.460  -10.583  56.686 0.0000000000
65535  34.456  -9.646  56.097 0.0000000000
66642  33.794  -9.017  54.628 0.0000000000
66643  33.139  -8.517  53.842 0.0000000000
67795  32.515  -7.683  52.998 0.0000000000
67763  32.787  -7.241  54.378 0.0000000000
70037  33.367  -6.032  54.972 0.0000000000
68900  32.868  -6.675  54.477 0.0000000000
71289  33.511  -5.687  54.444 0.0000000000
71229  34.970  -5.492  58.132 0.0000000000
71244  35.200  -5.067  57.974 0.0000000000
72507  35.066  -4.840  56.819 0.0000000000
72538  34.636  -4.758  55.497 0.0000000000
72561  34.548  -4.794  55.150 0.0000000000
72560  34.882  -4.681  55.042 0.0000000000
72581  35.322  -4.750  54.561 0.0000000000
72559  35.825  -4.488  55.266 0.0000000000
83082  51.001  4.765  22.899 0.0000000000
79509  48.574  2.278  27.788 0.0000000000
79568  51.680  2.961  24.755 0.0000000000
80746  52.516  2.739  24.869 0.0000000000
80745  53.002  2.709  24.902 0.0000000000
78482  54.118  1.662  26.038 0.0000000000
79516  55.088  1.981  27.700 0.0000000000
79515  55.641  2.289  27.375 0.0000000000
79508  53.128  2.100  29.524 0.0000000000
80704  53.554  2.616  29.529 0.0000000000
81874  53.877  3.862  30.234 0.0000000000
80703  54.113  2.735  29.244 0.0000000000
81882  54.386  3.724  29.718 0.0000000000
81881  55.102  3.524  29.177 0.0000000000
82998  54.810  4.458  30.140 0.0000000000
84039  54.546  4.731  31.187 0.0000000000
83079  56.267  4.458  22.842 0.0000000000
46084  4.613  -26.311  69.302 0.0000000000
46066  4.241  -26.134  71.485 0.0000000000
70092  39.785  -6.575  51.454 0.0000000000
70091  40.600  -6.413  51.170 0.0000000000
71341  40.122  -6.139  51.868 0.0000000000
53303  22.651  -20.238  55.264 0.0000000000
54462  23.845  -19.698  56.677 0.0000000000
50635  11.959  -23.208  67.988 0.0000000000
50625  11.825  -23.338  68.568 0.0000000000
81843  50.522  3.658  34.548 0.0000000000
81774  47.001  3.328  40.064 0.0000000000
81773  47.602  3.524  40.554 0.0000000000
81757  47.924  3.963  41.987 0.0000000000
73965  39.647  -2.907  39.251 0.0000000000
75062  40.233  -2.572  39.418 0.0000000000
73932  41.171  -2.913  41.278 0.0000000000
67843  30.806  -8.307  49.275 0.0000000000
68937  32.294  -7.814  51.902 0.0000000000
68936  32.602  -7.304  52.071 0.0000000000
59630  29.993  -15.261  58.615 0.0000000000
59619  30.732  -14.898  58.944 0.0000000000
60808  31.302  -14.344  59.252 0.0000000000
77355  49.577  0.472  30.490 0.0000000000
77343  50.077  0.652  31.399 0.0000000000
77342  50.508  0.841  31.194 0.0000000000
78409  51.085  1.726  31.509 0.0000000000
78421  51.276  1.596  31.134 0.0000000000
81930  55.619  2.859  24.869 0.0000000000
80760  54.017  2.968  24.450 0.0000000000
53195  22.152  -21.339  60.733 0.0000000000
53165  23.127  -21.397  62.285 0.0000000000
48189  7.436  -23.824  68.382 0.0000000000
49393  7.769  -23.655  68.581 0.0000000000
48172  7.460  -23.727  68.859 0.0000000000
49364  7.157  -23.715  69.777 0.0000000000
49349  6.938  -23.707  70.334 0.0000000000
48134  5.949  -24.383  72.377 0.0000000000
77299  47.392  -0.055  34.372 0.0000000000
78378  47.071  0.520  35.164 0.0000000000
79449  44.629  1.208  36.702 0.0000000000
81817  45.403  2.440  37.757 0.0000000000
81809  45.536  2.567  38.170 0.0000000000
80617  44.931  2.453  38.547 0.0000000000
71436  39.410  -5.456  45.040 0.0000000000
72702  39.981  -4.577  45.544 0.0000000000
71417  39.823  -5.196  46.322 0.0000000000
71416  40.194  -4.705  46.476 0.0000000000
71378  40.998  -4.950  47.843 0.0000000000
41992  1.640  -30.245  69.113 0.0000000000
43022  1.956  -29.948  69.958 0.0000000000
41983  1.501  -30.400  70.255 0.0000000000
70287  37.013  -5.982  40.482 0.0000000000
70268  37.712  -5.902  41.729 0.0000000000
70250  37.293  -6.301  41.982 0.0000000000
69116  37.607  -6.722  43.283 0.0000000000
67922  36.354  -8.931  44.658 0.0000000000
67921  36.958  -8.477  45.051 0.0000000000
66752  36.668  -8.962  45.922 0.0000000000
67880  37.789  -8.692  47.047 0.0000000000
67856  37.961  -8.636  47.971 0.0000000000
67825  37.355  -8.148  50.145 0.0000000000
55703  25.680  -18.623  52.467 0.0000000000
54460  26.274  -18.848  56.054 0.0000000000
55637  26.581  -18.582  55.299 0.0000000000
54458  27.927  -18.435  56.478 0.0000000000
55614  28.543  -17.914  56.769 0.0000000000
55634  28.428  -17.652  56.230 0.0000000000
55599  29.005  -18.043  57.680 0.0000000000
53205  24.837  -20.167  60.685 0.0000000000
53190  26.143  -20.209  61.428 0.0000000000
53145  29.321  -19.954  62.575 0.0000000000
50717  17.863  -22.177  64.760 0.0000000000
50737  13.854  -22.466  63.213 0.0000000000
50708  12.572  -23.127  64.901 0.0000000000
49499  10.107  -23.639  60.400 0.0000000000
48313  8.102  -24.373  61.262 0.0000000000
49463  9.770  -23.599  63.863 0.0000000000
49464  9.189  -23.718  64.448 0.0000000000
48240  8.572  -23.663  65.425 0.0000000000
48242  7.389  -24.634  65.406 0.0000000000
45038  4.605  -27.119  65.564 0.0000000000
53290  17.853  -21.041  55.361 0.0000000000
53289  18.942  -20.710  55.380 0.0000000000
53236  19.729  -21.214  58.040 0.0000000000
50778  18.447  -21.527  60.583 0.0000000000
43963  2.799  -28.216  72.716 0.0000000000
44982  3.316  -27.501  72.876 0.0000000000
44973  3.014  -27.403  73.385 0.0000000000
46031  2.903  -27.122  74.150 0.0000000000
85020  53.064  5.903  35.007 0.0000000000
84990  53.420  6.118  36.109 0.0000000000
84978  52.691  4.972  36.899 0.0000000000
84966  52.089  4.600  37.632 0.0000000000
81833  49.371  3.504  35.436 0.0000000000
82941  48.990  4.162  36.524 0.0000000000
83945  48.821  4.131  40.414 0.0000000000
77245  40.831  -0.408  37.647 0.0000000000
76124  42.333  -1.033  39.935 0.0000000000
77221  43.043  -0.057  39.767 0.0000000000
78324  44.254  1.079  39.968 0.0000000000
77219  44.544  0.668  40.355 0.0000000000
77203  44.886  0.350  40.877 0.0000000000
73888  41.668  -2.729  44.870 0.0000000000
74995  41.973  -1.953  45.302 0.0000000000
76057  42.524  -1.290  45.592 0.0000000000
78264  45.180  1.132  45.213 0.0000000000
70122  33.133  -6.955  50.146 0.0000000000
68979  32.908  -7.320  49.958 0.0000000000
68964  33.459  -7.290  50.569 0.0000000000
70112  33.922  -6.989  51.202 0.0000000000
68948  34.708  -7.135  51.327 0.0000000000
68947  35.289  -7.205  51.435 0.0000000000
70078  35.392  -5.982  52.508 0.0000000000
71323  36.034  -5.623  53.307 0.0000000000
60854  31.700  -13.653  54.917 0.0000000000
61992  31.876  -12.848  53.802 0.0000000000
64313  33.730  -10.888  54.152 0.0000000000
61907  32.377  -13.004  61.501 0.0000000000
63102  32.774  -12.432  61.884 0.0000000000
63110  33.276  -11.782  61.633 0.0000000000
63121  33.318  -11.678  60.936 0.0000000000
66598  34.267  -8.575  56.549 0.0000000000
66599  33.874  -8.067  55.801 0.0000000000
67741  33.622  -7.394  55.612 0.0000000000
67762  33.118  -7.273  54.952 0.0000000000
68879  33.711  -7.038  56.070 0.0000000000
68861  33.818  -6.262  56.167 0.0000000000
78446  50.170  0.889  28.539 0.0000000000
78457  49.805  1.494  27.688 0.0000000000
79534  53.075  1.865  26.046 0.0000000000
78453  53.545  1.210  27.405 0.0000000000
78442  53.995  1.290  27.931 0.0000000000
80689  52.827  3.377  30.770 0.0000000000
81875  53.606  3.945  30.485 0.0000000000
82999  54.194  4.410  30.508 0.0000000000
81928  57.190  3.131  24.613 0.0000000000
81942  57.976  2.714  25.215 0.0000000000
83018  57.373  3.982  27.491 0.0000000000
51983  22.022  -21.511  62.475 0.0000000000
47103  6.028  -25.033  68.919 0.0000000000
48175  5.881  -24.680  69.419 0.0000000000
48164  5.517  -24.535  70.023 0.0000000000
48154  5.424  -24.577  70.908 0.0000000000
46074  4.694  -25.482  70.123 0.0000000000
47089  4.916  -24.926  71.242 0.0000000000
48145  5.378  -24.642  71.842 0.0000000000
48123  5.226  -24.511  73.463 0.0000000000
77287  44.072  -0.009  35.629 0.0000000000
78369  43.722  0.612  36.565 0.0000000000
78358  43.431  0.802  37.045 0.0000000000
79441  43.235  1.149  37.537 0.0000000000
70136  39.863  -6.400  47.926 0.0000000000
70135  40.444  -5.871  48.123 0.0000000000
70090  41.528  -6.148  50.788 0.0000000000
40879  0.380  -31.134  70.285 0.0000000000
40880  -0.309  -31.381  70.061 0.0000000000
39700  -1.146  -31.803  72.281 0.0000000000
39689  -1.630  -31.986  72.879 0.0000000000
66753  35.719  -9.535  46.225 0.0000000000
54478  25.271  -18.857  55.076 0.0000000000
50756  12.272  -23.088  62.329 0.0000000000
47220  8.025  -24.961  62.171 0.0000000000
47204  7.906  -25.294  63.241 0.0000000000
47205  6.786  -25.565  62.965 0.0000000000
52053  16.190  -21.577  56.248 0.0000000000
52052  16.781  -21.556  56.710 0.0000000000
52036  17.805  -21.416  57.817 0.0000000000
52023  17.216  -21.589  58.158 0.0000000000
84020  53.222  5.296  33.090 0.0000000000
82970  52.772  4.868  32.901 0.0000000000
84010  52.479  5.119  34.016 0.0000000000
82972  51.804  4.259  33.726 0.0000000000
82960  52.029  4.521  33.941 0.0000000000
83999  52.326  5.344  34.756 0.0000000000
83990  51.925  5.233  35.274 0.0000000000
85002  51.578  5.127  36.359 0.0000000000
82934  47.557  3.504  37.585 0.0000000000
82925  47.886  3.557  38.001 0.0000000000
82901  48.553  3.872  40.019 0.0000000000
82892  48.140  3.808  40.489 0.0000000000
82891  48.503  4.115  40.780 0.0000000000
77231  40.080  -1.104  38.061 0.0000000000
75061  40.974  -2.094  39.756 0.0000000000
76125  41.490  -1.248  39.652 0.0000000000
76106  42.689  -1.279  40.804 0.0000000000
74965  42.916  -2.377  48.203 0.0000000000
74975  42.950  -1.663  47.127 0.0000000000
67907  30.448  -7.860  46.919 0.0000000000
67884  30.652  -7.405  47.816 0.0000000000
69000  31.693  -7.480  48.898 0.0000000000
68980  32.301  -7.516  49.655 0.0000000000
70124  32.544  -7.505  50.519 0.0000000000
70123  32.652  -7.332  50.345 0.0000000000
70099  33.171  -6.652  51.650 0.0000000000
70080  33.571  -6.164  52.407 0.0000000000
59663  29.503  -15.857  54.957 0.0000000000
59674  29.525  -15.615  54.342 0.0000000000
59661  30.954  -15.152  55.511 0.0000000000
59639  30.452  -15.061  57.146 0.0000000000
60844  31.367  -14.548  55.982 0.0000000000
78436  48.459  1.128  29.158 0.0000000000
77369  52.319  1.184  29.339 0.0000000000
79498  52.550  1.965  29.874 0.0000000000
80696  52.620  2.683  30.425 0.0000000000
79492  51.813  2.197  31.001 0.0000000000
81858  52.718  4.367  31.885 0.0000000000
84098  55.313  4.926  22.595 0.0000000000
83080  55.601  4.380  22.978 0.0000000000
83047  56.798  2.903  24.995 0.0000000000
81908  56.748  3.127  27.005 0.0000000000
81909  56.496  2.817  27.035 0.0000000000
80711  56.085  2.709  27.507 0.0000000000
53252  21.966  -20.160  57.458 0.0000000000
53232  22.870  -20.155  58.735 0.0000000000
53218  23.892  -20.503  59.797 0.0000000000
53207  23.401  -20.906  60.320 0.0000000000
53206  24.071  -20.533  60.550 0.0000000000
53192  24.289  -20.675  61.282 0.0000000000
53151  22.643  -21.453  62.645 0.0000000000
53150  23.214  -21.396  63.046 0.0000000000
53138  23.537  -21.440  63.625 0.0000000000
53149  24.094  -21.363  63.291 0.0000000000
50815  12.630  -22.326  58.321 0.0000000000
49375  8.418  -23.561  69.073 0.0000000000
49346  9.202  -23.801  70.478 0.0000000000
48152  6.446  -23.949  70.186 0.0000000000
49350  6.469  -23.912  70.543 0.0000000000
49337  6.991  -23.667  71.142 0.0000000000
49325  6.872  -23.963  71.870 0.0000000000
49336  7.631  -23.801  71.231 0.0000000000
78386  49.731  1.491  33.294 0.0000000000
79466  49.833  1.943  33.680 0.0000000000
79457  48.563  2.121  34.946 0.0000000000
81824  47.292  3.285  36.852 0.0000000000
77301  45.224  -0.282  34.721 0.0000000000
78379  46.069  0.362  35.760 0.0000000000
79460  46.300  1.192  36.130 0.0000000000
79448  45.601  1.246  36.378 0.0000000000
79447  46.471  1.817  36.216 0.0000000000
80644  46.801  2.539  36.412 0.0000000000
81796  46.681  3.250  38.850 0.0000000000
81797  46.206  2.840  38.632 0.0000000000
81785  46.204  2.865  39.079 0.0000000000
81784  46.648  3.207  39.379 0.0000000000
81765  46.603  2.849  40.502 0.0000000000
72737  40.424  -3.595  42.172 0.0000000000
72709  40.431  -3.804  43.860 0.0000000000
72656  41.419  -4.535  47.884 0.0000000000
72655  41.949  -4.143  48.071 0.0000000000
73864  41.995  -3.167  47.660 0.0000000000
74966  42.377  -2.750  47.942 0.0000000000
74948  43.131  -2.560  48.890 0.0000000000
65603  31.037  -9.232  49.578 0.0000000000
66678  31.949  -9.122  51.220 0.0000000000
59595  30.845  -15.559  61.860 0.0000000000
59594  31.263  -15.012  61.556 0.0000000000
77345  48.322  0.235  31.218 0.0000000000
78398  49.406  0.643  32.714 0.0000000000
83097  52.526  5.304  22.510 0.0000000000
43980  3.314  -28.516  70.554 0.0000000000
43008  2.596  -28.804  72.097 0.0000000000
43964  2.356  -28.410  73.080 0.0000000000
43956  2.126  -28.441  73.443 0.0000000000
41960  1.008  -30.069  72.310 0.0000000000
41949  0.781  -29.878  72.896 0.0000000000
42994  1.075  -29.503  73.163 0.0000000000
42989  1.356  -28.952  73.924 0.0000000000
72772  39.419  -3.507  39.688 0.0000000000
72754  39.237  -4.488  40.836 0.0000000000
71516  38.612  -4.714  40.200 0.0000000000
71482  39.523  -4.713  42.556 0.0000000000
71466  39.346  -4.954  43.007 0.0000000000
70248  38.623  -5.630  42.897 0.0000000000
71451  38.958  -5.572  44.107 0.0000000000
70180  39.207  -5.933  45.390 0.0000000000
69091  36.759  -7.736  42.764 0.0000000000
69090  37.152  -7.421  43.445 0.0000000000
69089  37.554  -6.836  44.062 0.0000000000
69052  37.492  -7.628  45.038 0.0000000000
69068  37.696  -7.023  44.805 0.0000000000
69050  38.576  -6.998  45.970 0.0000000000
70150  39.102  -6.785  46.904 0.0000000000
69018  39.674  -6.828  47.810 0.0000000000
68975  39.868  -7.285  49.408 0.0000000000
67837  39.044  -7.751  49.484 0.0000000000
68976  39.389  -7.492  49.892 0.0000000000
68958  39.686  -7.289  50.270 0.0000000000
70110  39.319  -7.037  50.982 0.0000000000
70093  38.945  -6.628  51.680 0.0000000000
58545  27.295  -16.372  51.899 0.0000000000
58501  28.756  -16.813  53.897 0.0000000000
55687  25.284  -18.878  52.971 0.0000000000
55686  26.087  -18.619  52.991 0.0000000000
55685  26.631  -18.259  53.410 0.0000000000
55671  26.847  -18.214  54.073 0.0000000000
58458  29.281  -16.370  55.610 0.0000000000
58412  29.956  -16.180  57.150 0.0000000000
58413  29.585  -16.534  57.443 0.0000000000
54418  25.427  -19.577  58.426 0.0000000000
53216  25.240  -19.805  60.075 0.0000000000
54405  24.988  -19.817  59.336 0.0000000000
53189  27.135  -19.961  61.332 0.0000000000
53188  27.941  -19.889  61.405 0.0000000000
54402  28.196  -18.914  58.685 0.0000000000
56984  29.816  -17.446  60.356 0.0000000000
58336  30.077  -16.633  60.509 0.0000000000
58335  30.350  -16.103  60.998 0.0000000000
51935  17.832  -22.513  66.548 0.0000000000
50702  17.812  -22.530  65.845 0.0000000000
50688  17.303  -22.432  66.325 0.0000000000
50670  14.595  -22.546  66.826 0.0000000000
50672  12.848  -23.017  66.623 0.0000000000
50797  12.548  -22.529  59.482 0.0000000000
50784  12.500  -22.554  60.594 0.0000000000
50770  12.423  -22.677  61.534 0.0000000000
48311  9.862  -23.907  61.376 0.0000000000
49482  10.596  -23.707  61.687 0.0000000000
49471  11.201  -23.412  62.337 0.0000000000
50740  11.690  -23.358  63.098 0.0000000000
50710  11.201  -23.318  64.615 0.0000000000
49406  10.252  -23.338  66.850 0.0000000000
49441  8.128  -23.487  66.522 0.0000000000
49427  7.990  -23.473  67.289 0.0000000000
48205  7.466  -23.865  67.663 0.0000000000
48191  6.604  -24.653  67.823 0.0000000000
47183  7.766  -25.108  64.010 0.0000000000
48257  7.376  -25.023  64.979 0.0000000000
47164  6.985  -25.168  65.528 0.0000000000
47145  6.728  -25.032  66.010 0.0000000000
47112  6.305  -25.008  68.279 0.0000000000
45012  4.846  -26.593  68.511 0.0000000000
44009  3.739  -28.147  66.851 0.0000000000
42001  1.978  -29.797  68.415 0.0000000000
41993  0.710  -30.321  68.396 0.0000000000
54523  21.320  -19.917  53.035 0.0000000000
53304  22.107  -20.389  55.017 0.0000000000
53285  22.297  -20.228  55.650 0.0000000000
53287  20.736  -20.220  55.656 0.0000000000
53270  21.256  -20.120  56.516 0.0000000000
53221  21.667  -21.016  59.025 0.0000000000
53222  20.841  -21.161  58.840 0.0000000000
53196  21.381  -21.379  60.574 0.0000000000
52004  21.282  -21.375  61.187 0.0000000000
52021  18.512  -21.179  58.859 0.0000000000
50732  19.255  -21.687  63.602 0.0000000000
44990  3.887  -26.891  71.708 0.0000000000
46057  3.922  -26.220  72.351 0.0000000000
44972  3.424  -27.019  73.128 0.0000000000
46044  3.670  -26.381  73.163 0.0000000000
47073  3.931  -25.559  72.955 0.0000000000
47062  4.262  -25.185  73.491 0.0000000000
48115  4.726  -24.886  73.834 0.0000000000
84008  53.747  5.791  33.871 0.0000000000
80663  50.158  2.890  34.195 0.0000000000
82951  50.181  4.026  35.308 0.0000000000
84001  50.880  4.485  35.355 0.0000000000
84993  51.218  4.806  37.126 0.0000000000
83954  49.487  4.396  39.262 0.0000000000
83965  49.619  4.423  38.473 0.0000000000
83975  49.847  4.471  37.680 0.0000000000
83974  50.552  4.597  37.398 0.0000000000
84980  51.449  4.689  37.627 0.0000000000
77270  42.043  -0.113  36.226 0.0000000000
78351  42.662  0.906  37.582 0.0000000000
79433  42.926  1.206  37.746 0.0000000000
77244  41.412  0.193  38.112 0.0000000000
78344  42.015  0.643  38.230 0.0000000000
79425  42.610  1.152  38.152 0.0000000000
79424  43.077  1.421  38.134 0.0000000000
80619  43.698  1.720  38.312 0.0000000000
80607  43.916  1.884  38.641 0.0000000000
80606  44.349  2.208  38.884 0.0000000000
80597  44.700  2.174  39.361 0.0000000000
80585  45.910  2.155  40.638 0.0000000000
80578  46.596  2.401  42.429 0.0000000000
73916  40.869  -3.068  42.313 0.0000000000
75009  41.923  -2.047  43.388 0.0000000000
76091  43.292  -0.877  42.604 0.0000000000
74986  42.716  -1.520  46.516 0.0000000000
76056  43.186  -0.732  45.344 0.0000000000
76045  43.627  -0.496  45.947 0.0000000000
77163  43.272  -0.625  44.427 0.0000000000
77176  43.472  -0.568  43.548 0.0000000000
77190  43.941  -0.293  42.444 0.0000000000
78271  45.316  1.294  44.263 0.0000000000
78294  45.575  1.507  42.868 0.0000000000
79363  46.092  2.053  43.294 0.0000000000
80568  46.810  2.436  43.143 0.0000000000
66754  34.599  -9.573  46.534 0.0000000000
66729  35.395  -9.304  47.302 0.0000000000
67905  32.105  -8.608  47.425 0.0000000000
68998  33.046  -7.678  49.328 0.0000000000
66713  33.401  -8.461  48.363 0.0000000000
66711  35.110  -8.807  48.426 0.0000000000
66695  36.039  -8.829  48.887 0.0000000000
68961  36.835  -7.721  50.867 0.0000000000
68945  37.397  -7.210  51.413 0.0000000000
70094  37.995  -6.672  51.908 0.0000000000
71321  38.318  -5.543  53.014 0.0000000000
59687  29.930  -14.958  53.235 0.0000000000
60867  30.992  -14.127  53.434 0.0000000000
60879  30.388  -14.418  52.924 0.0000000000
63224  31.821  -11.227  50.613 0.0000000000
63205  32.402  -11.947  52.197 0.0000000000
64353  32.120  -10.562  50.938 0.0000000000
65592  32.227  -9.637  51.286 0.0000000000
66669  32.138  -8.720  51.777 0.0000000000
61937  31.763  -13.634  59.446 0.0000000000
63148  32.575  -12.554  58.150 0.0000000000
61963  32.926  -12.277  57.109 0.0000000000
64276  33.741  -10.980  59.862 0.0000000000
65472  34.152  -9.679  60.008 0.0000000000
64275  33.962  -10.358  59.577 0.0000000000
63146  33.864  -11.230  58.244 0.0000000000
63157  33.364  -11.887  56.789 0.0000000000
63179  33.782  -11.195  55.453 0.0000000000
64312  33.895  -10.590  54.822 0.0000000000
64327  33.839  -10.327  54.162 0.0000000000
65551  34.117  -9.739  55.183 0.0000000000
65562  33.905  -9.805  54.425 0.0000000000
65573  33.781  -9.870  53.863 0.0000000000
65575  32.996  -9.239  52.822 0.0000000000
66661  32.713  -8.524  52.791 0.0000000000
67807  32.295  -8.072  52.378 0.0000000000
67796  32.362  -7.725  52.402 0.0000000000
68923  32.580  -7.321  52.562 0.0000000000
70063  32.858  -6.711  53.120 0.0000000000
68913  32.730  -6.516  53.993 0.0000000000
71328  32.983  -6.675  52.912 0.0000000000
71306  33.146  -5.999  53.577 0.0000000000
71326  33.456  -6.034  53.062 0.0000000000
70004  34.602  -5.974  57.277 0.0000000000
70022  34.280  -5.497  56.540 0.0000000000
71261  34.485  -5.025  56.428 0.0000000000
71262  34.024  -5.252  56.034 0.0000000000
71288  34.287  -5.088  54.879 0.0000000000
71303  35.637  -5.091  53.940 0.0000000000
71302  36.693  -5.137  53.931 0.0000000000
81975  52.008  4.351  23.113 0.0000000000
80776  51.830  3.638  23.897 0.0000000000
81962  52.482  3.880  23.723 0.0000000000
81949  52.893  3.496  24.188 0.0000000000
79565  54.237  2.518  25.046 0.0000000000
79552  53.711  2.051  25.565 0.0000000000
78481  54.378  1.812  25.904 0.0000000000
79551  54.961  2.117  25.774 0.0000000000
79531  55.752  2.216  26.641 0.0000000000
81891  55.729  3.381  28.607 0.0000000000
79506  54.301  1.869  28.420 0.0000000000
83021  55.821  3.834  29.020 0.0000000000
84049  54.952  4.771  30.502 0.0000000000
38540  -1.624  -32.076  72.100 0.0000000000
38553  -2.108  -32.097  71.371 0.0000000000
39721  -0.202  -31.474  70.537 0.0000000000
40867  0.089  -31.349  71.963 0.0000000000
40878  0.962  -30.794  69.929 0.0000000000
41961  0.467  -30.602  72.621 0.0000000000
41984  0.980  -30.746  70.365 0.0000000000
42982  1.471  -29.146  74.279 0.0000000000
42988  1.648  -28.721  73.857 0.0000000000
43955  2.580  -28.017  73.433 0.0000000000
43972  3.694  -27.551  71.932 0.0000000000
44965  2.701  -27.546  73.909 0.0000000000
44966  2.427  -27.964  74.109 0.0000000000
46024  4.581  -26.048  74.467 0.0000000000
46036  3.032  -26.893  73.874 0.0000000000
46092  4.774  -26.501  68.791 0.0000000000
47050  3.910  -25.969  74.188 0.0000000000
47185  6.535  -26.044  64.693 0.0000000000
48116  4.521  -25.039  73.737 0.0000000000
48161  7.301  -23.723  69.334 0.0000000000
48225  6.583  -24.898  66.460 0.0000000000
49326  6.478  -24.053  71.587 0.0000000000
49376  7.817  -23.652  69.034 0.0000000000
49421  17.176  -22.418  66.040 0.0000000000
49423  16.767  -22.337  65.933 0.0000000000
49435  17.552  -22.473  65.936 0.0000000000
49436  17.333  -22.407  65.841 0.0000000000
49449  12.641  -23.280  63.836 0.0000000000
50687  17.357  -22.378  65.871 0.0000000000
51919  17.600  -22.489  67.094 0.0000000000
53238  18.423  -21.351  57.745 0.0000000000
53251  22.592  -20.007  58.061 0.0000000000
54437  28.049  -18.702  56.999 0.0000000000
54519  25.101  -18.909  53.533 0.0000000000
55615  28.151  -18.272  56.568 0.0000000000
55635  28.049  -18.078  56.058 0.0000000000
55656  25.616  -18.701  54.264 0.0000000000
58313  30.660  -16.218  62.165 0.0000000000
58459  28.964  -17.033  55.378 0.0000000000
58524  27.492  -16.793  52.517 0.0000000000
61908  32.362  -13.474  61.049 0.0000000000
61986  31.662  -13.493  54.450 0.0000000000
63137  33.809  -11.114  58.694 0.0000000000
63169  32.806  -12.163  55.097 0.0000000000
63214  32.751  -11.269  51.955 0.0000000000
64269  33.685  -11.073  60.614 0.0000000000
64282  33.830  -10.867  59.326 0.0000000000
64345  32.961  -10.773  52.269 0.0000000000
65574  33.467  -9.524  53.281 0.0000000000
66660  33.098  -8.918  53.169 0.0000000000
66679  31.810  -9.030  51.102 0.0000000000
66732  32.418  -8.696  47.520 0.0000000000
66751  37.168  -8.641  46.137 0.0000000000
66772  36.599  -8.938  45.367 0.0000000000
67781  32.957  -7.743  54.436 0.0000000000
67782  32.663  -7.582  53.843 0.0000000000
67815  31.861  -8.191  51.131 0.0000000000
67828  31.544  -8.440  50.552 0.0000000000
67854  39.548  -7.542  48.840 0.0000000000
67858  34.447  -8.329  49.034 0.0000000000
67859  33.573  -8.040  48.901 0.0000000000
67882  32.316  -8.204  47.905 0.0000000000
68901  32.628  -7.066  54.094 0.0000000000
68962  35.765  -7.724  50.912 0.0000000000
68963  34.522  -7.596  50.737 0.0000000000
68965  33.030  -7.152  50.492 0.0000000000
68967  31.448  -8.126  49.922 0.0000000000
68996  39.961  -6.895  48.436 0.0000000000
69021  30.445  -7.100  48.188 0.0000000000
69051  38.010  -7.268  45.498 0.0000000000
70051  32.794  -6.488  53.664 0.0000000000
70062  32.936  -6.324  53.529 0.0000000000
70083  32.448  -7.390  51.893 0.0000000000
70111  34.427  -7.087  51.282 0.0000000000
70134  41.107  -5.369  48.216 0.0000000000
71275  33.921  -5.507  55.343 0.0000000000
71287  34.631  -4.857  54.627 0.0000000000
71307  33.027  -6.420  53.200 0.0000000000
71526  38.583  -4.319  39.709 0.0000000000
72521  34.861  -4.750  56.202 0.0000000000
72582  34.840  -4.786  54.557 0.0000000000
72781  39.097  -3.221  39.202 0.0000000000
76090  43.675  -0.642  42.317 0.0000000000
76154  39.741  -1.293  38.011 0.0000000000
77191  43.658  -0.499  42.974 0.0000000000
77362  52.104  1.181  29.467 0.0000000000
77363  52.026  1.293  29.649 0.0000000000
77370  52.053  1.067  29.414 0.0000000000
78270  45.817  1.668  44.029 0.0000000000
78424  48.444  0.807  29.752 0.0000000000
78432  52.245  1.353  29.557 0.0000000000
78464  54.628  1.633  26.527 0.0000000000
79485  50.962  2.107  32.049 0.0000000000
79533  53.485  1.794  25.990 0.0000000000
79567  52.134  2.708  24.905 0.0000000000
80629  43.425  1.569  37.985 0.0000000000
80637  44.131  1.638  37.623 0.0000000000
80761  53.229  3.126  24.459 0.0000000000
80775  52.240  3.586  24.010 0.0000000000
82914  47.221  3.431  38.602 0.0000000000
82942  48.159  3.727  36.777 0.0000000000
82982  52.578  4.588  32.601 0.0000000000
83099  50.869  5.139  22.817 0.0000000000
84960  51.153  4.461  38.864 0.0000000000
84969  50.573  4.498  38.598 0.0000000000
85011  51.940  5.324  35.752 0.0000000000
