#!ascii label  , from subject 3002 vox2ras=TkReg
1068
104977  42.844  28.680  22.589 0.0000000000
106678  47.519  29.969  19.488 0.0000000000
106548  47.251  30.984  32.839 0.0000000000
104942  37.499  28.756  24.424 0.0000000000
104893  40.596  28.192  28.612 0.0000000000
104180  44.750  27.428  15.513 0.0000000000
107458  41.135  31.513  19.415 0.0000000000
111037  44.354  35.727  17.600 0.0000000000
103925  45.274  28.316  37.940 0.0000000000
101507  45.547  24.643  35.615 0.0000000000
105022  47.790  28.333  20.592 0.0000000000
105787  46.944  29.642  27.934 0.0000000000
108893  47.938  31.490  25.675 0.0000000000
108070  44.086  32.489  30.815 0.0000000000
112373  50.058  37.989  19.195 0.0000000000
128850  47.094  29.580  14.175 0.0000000000
103977  42.462  27.270  33.363 0.0000000000
104957  40.174  28.774  23.613 0.0000000000
104916  39.276  28.368  26.447 0.0000000000
104927  41.066  28.705  25.910 0.0000000000
104092  43.332  27.907  19.875 0.0000000000
105029  40.685  28.135  20.770 0.0000000000
111028  40.637  35.486  18.568 0.0000000000
103098  43.552  25.967  38.267 0.0000000000
100624  46.474  23.813  37.724 0.0000000000
99766  45.011  22.614  37.936 0.0000000000
112426  47.888  38.056  15.765 0.0000000000
105041  49.547  28.766  19.278 0.0000000000
106643  49.253  30.003  22.674 0.0000000000
108167  48.340  31.272  22.103 0.0000000000
108875  41.449  33.698  26.561 0.0000000000
108848  43.532  33.703  27.626 0.0000000000
107346  41.692  32.034  30.025 0.0000000000
106566  42.345  30.608  32.905 0.0000000000
106711  43.882  30.386  16.776 0.0000000000
108248  45.445  31.726  15.083 0.0000000000
105075  46.778  28.820  16.616 0.0000000000
104163  48.582  27.834  16.661 0.0000000000
106575  46.970  30.260  30.429 0.0000000000
105765  44.475  29.272  30.590 0.0000000000
105718  44.596  29.035  33.427 0.0000000000
103200  38.411  27.209  29.017 0.0000000000
102381  38.850  25.965  31.003 0.0000000000
105996  45.545  29.755  12.621 0.0000000000
105972  42.622  29.130  14.278 0.0000000000
106682  43.856  30.338  19.269 0.0000000000
107416  45.415  31.281  21.599 0.0000000000
113771  44.141  40.860  23.600 0.0000000000
112341  45.950  38.221  22.025 0.0000000000
108994  42.370  33.537  17.127 0.0000000000
105681  46.386  29.943  36.247 0.0000000000
103943  45.267  27.575  35.759 0.0000000000
102303  46.175  26.538  37.109 0.0000000000
100651  48.099  23.540  35.522 0.0000000000
104998  45.357  28.569  21.591 0.0000000000
105851  44.969  29.443  24.853 0.0000000000
105848  47.427  29.686  24.678 0.0000000000
107388  48.301  30.520  27.073 0.0000000000
107344  47.640  31.704  29.757 0.0000000000
108143  46.132  32.234  24.916 0.0000000000
108823  46.400  33.114  28.812 0.0000000000
108045  46.536  32.311  32.670 0.0000000000
107294  44.850  31.006  34.706 0.0000000000
104810  43.015  28.788  35.813 0.0000000000
113832  47.713  38.714  17.223 0.0000000000
110385  48.529  36.043  16.756 0.0000000000
109007  47.027  33.738  15.682 0.0000000000
105128  47.321  31.459  13.865 0.0000000000
104200  47.047  27.887  14.308 0.0000000000
104133  45.841  27.426  18.124 0.0000000000
105805  43.647  29.269  27.901 0.0000000000
104879  41.792  28.150  30.691 0.0000000000
103161  40.748  25.885  32.367 0.0000000000
103136  43.549  26.309  34.965 0.0000000000
104956  41.332  28.722  23.709 0.0000000000
104939  40.710  28.746  24.732 0.0000000000
104955  42.463  28.868  23.620 0.0000000000
105027  42.761  28.198  20.760 0.0000000000
104093  42.276  27.952  19.844 0.0000000000
105002  41.215  28.409  21.683 0.0000000000
105003  40.169  28.349  21.654 0.0000000000
101477  42.775  24.895  38.699 0.0000000000
100614  44.207  23.538  39.165 0.0000000000
99753  43.670  22.854  38.755 0.0000000000
100737  38.437  23.945  31.249 0.0000000000
105916  48.880  29.624  19.243 0.0000000000
107453  49.336  30.274  20.576 0.0000000000
106657  47.974  30.501  20.270 0.0000000000
108830  40.015  33.549  28.178 0.0000000000
108819  41.436  33.458  28.717 0.0000000000
105931  45.990  29.625  18.518 0.0000000000
105949  45.491  29.488  16.873 0.0000000000
105938  47.520  29.129  17.945 0.0000000000
105052  48.446  28.749  18.074 0.0000000000
106554  47.271  30.674  31.733 0.0000000000
105729  46.134  29.788  31.410 0.0000000000
105715  46.506  29.978  32.953 0.0000000000
104931  36.930  28.555  25.291 0.0000000000
104918  37.316  28.307  26.346 0.0000000000
104905  39.518  28.213  27.496 0.0000000000
104028  38.758  27.817  28.000 0.0000000000
104016  38.935  27.456  28.808 0.0000000000
103189  38.668  26.887  29.638 0.0000000000
104006  39.848  27.396  29.825 0.0000000000
105104  45.100  28.341  13.606 0.0000000000
105982  44.407  29.247  12.993 0.0000000000
104193  43.106  27.821  14.944 0.0000000000
104959  38.046  28.760  23.504 0.0000000000
105870  36.627  28.799  23.924 0.0000000000
107457  42.017  30.957  19.412 0.0000000000
107437  43.462  30.799  20.710 0.0000000000
107439  41.480  31.365  20.351 0.0000000000
108982  40.950  33.719  18.214 0.0000000000
109666  41.331  34.378  17.982 0.0000000000
107476  41.352  32.568  17.986 0.0000000000
106705  42.360  31.104  17.847 0.0000000000
104791  46.090  28.899  37.345 0.0000000000
103924  46.409  28.116  37.217 0.0000000000
103912  46.176  27.879  38.134 0.0000000000
99763  47.430  22.790  37.068 0.0000000000
100637  47.485  23.393  36.605 0.0000000000
100650  48.589  22.926  35.799 0.0000000000
104997  46.349  28.503  21.525 0.0000000000
104951  46.474  29.018  23.120 0.0000000000
104972  47.659  28.889  22.173 0.0000000000
108150  48.481  30.780  23.934 0.0000000000
106638  48.077  30.291  25.276 0.0000000000
108130  48.418  31.022  26.509 0.0000000000
128807  48.437  31.088  27.662 0.0000000000
108095  47.791  32.242  28.024 0.0000000000
108168  44.757  31.791  23.141 0.0000000000
107396  46.049  31.679  23.142 0.0000000000
108145  44.507  32.426  24.682 0.0000000000
108816  44.087  33.440  29.258 0.0000000000
108846  45.248  33.572  27.770 0.0000000000
108080  44.989  33.100  29.993 0.0000000000
108807  46.265  32.842  30.442 0.0000000000
108056  45.843  32.487  31.801 0.0000000000
108030  45.715  31.741  34.170 0.0000000000
107307  44.435  31.800  32.508 0.0000000000
105720  41.442  29.658  33.510 0.0000000000
105710  42.459  29.637  34.403 0.0000000000
113830  48.711  37.949  18.297 0.0000000000
112391  48.806  37.457  17.666 0.0000000000
111034  49.328  36.781  18.047 0.0000000000
111670  45.035  37.218  19.786 0.0000000000
111649  46.645  37.476  20.449 0.0000000000
111035  45.601  36.034  17.935 0.0000000000
107500  46.280  30.627  14.535 0.0000000000
109008  46.214  33.558  15.718 0.0000000000
128852  46.874  31.337  14.282 0.0000000000
109025  47.270  32.974  14.719 0.0000000000
128851  47.061  29.819  14.067 0.0000000000
105117  46.720  29.340  13.089 0.0000000000
105102  46.977  28.899  14.481 0.0000000000
104111  48.257  27.684  19.091 0.0000000000
104148  47.625  27.386  17.284 0.0000000000
104112  47.256  27.563  19.038 0.0000000000
104090  45.467  27.827  19.897 0.0000000000
105819  45.586  29.493  26.572 0.0000000000
105821  43.787  29.343  26.918 0.0000000000
105803  45.488  29.547  27.455 0.0000000000
104863  43.380  28.646  32.100 0.0000000000
104883  43.139  28.596  30.512 0.0000000000
104847  41.928  28.116  32.303 0.0000000000
103992  40.880  27.260  31.636 0.0000000000
103160  41.419  26.381  32.769 0.0000000000
103116  45.107  26.234  36.249 0.0000000000
103945  44.328  26.929  35.413 0.0000000000
101508  44.385  24.893  35.236 0.0000000000
104941  38.519  28.778  24.483 0.0000000000
104929  38.940  28.567  25.463 0.0000000000
104928  39.978  28.550  25.616 0.0000000000
104915  40.259  28.447  26.680 0.0000000000
104914  41.222  28.583  27.021 0.0000000000
104135  43.602  27.514  18.087 0.0000000000
104980  39.630  28.571  22.573 0.0000000000
103097  44.228  26.559  38.365 0.0000000000
102293  45.825  26.006  38.571 0.0000000000
102294  44.821  25.577  38.903 0.0000000000
100625  45.936  23.319  38.237 0.0000000000
105020  49.111  28.495  20.220 0.0000000000
104970  48.789  29.227  21.864 0.0000000000
105887  49.627  29.654  21.255 0.0000000000
107412  48.981  30.486  22.134 0.0000000000
108151  48.329  31.198  23.865 0.0000000000
108900  42.204  33.481  25.774 0.0000000000
108898  44.049  33.238  26.091 0.0000000000
108849  42.628  33.724  27.523 0.0000000000
108817  43.127  33.458  29.166 0.0000000000
108071  43.142  32.272  30.307 0.0000000000
107319  43.137  31.426  31.774 0.0000000000
107330  42.456  31.728  30.724 0.0000000000
106577  40.912  30.582  31.688 0.0000000000
106569  40.126  29.807  32.413 0.0000000000
113066  48.845  38.203  20.438 0.0000000000
108250  43.772  32.400  15.900 0.0000000000
109704  44.770  34.062  16.339 0.0000000000
107490  44.757  31.203  15.363 0.0000000000
105971  45.553  30.024  15.332 0.0000000000
105083  47.262  28.566  15.476 0.0000000000
105071  47.943  28.088  15.463 0.0000000000
105059  48.627  28.124  16.888 0.0000000000
104129  49.349  28.087  18.592 0.0000000000
105761  47.346  29.810  29.210 0.0000000000
105779  46.178  29.609  28.928 0.0000000000
105742  46.135  29.761  30.460 0.0000000000
105744  44.271  29.170  31.717 0.0000000000
104845  43.351  28.585  33.118 0.0000000000
100672  46.404  23.653  34.276 0.0000000000
100673  45.457  23.684  34.228 0.0000000000
103202  36.787  26.516  28.857 0.0000000000
104907  37.884  28.143  26.972 0.0000000000
104018  37.515  27.248  28.446 0.0000000000
103191  36.984  26.008  29.574 0.0000000000
103182  37.944  25.795  30.447 0.0000000000
102382  38.364  25.366  31.036 0.0000000000
101561  39.034  24.580  31.620 0.0000000000
106756  44.907  30.717  12.339 0.0000000000
107509  43.411  30.927  13.005 0.0000000000
106680  45.707  29.978  19.345 0.0000000000
107433  46.786  30.822  20.872 0.0000000000
107435  45.228  30.865  20.821 0.0000000000
107405  43.858  31.574  22.298 0.0000000000
108170  43.198  32.020  22.990 0.0000000000
108148  42.039  32.965  24.248 0.0000000000
108901  41.289  33.681  25.624 0.0000000000
113030  44.976  39.501  23.333 0.0000000000
111651  44.580  37.597  20.567 0.0000000000
111008  43.448  36.792  18.950 0.0000000000
109706  43.104  33.827  16.693 0.0000000000
107482  42.794  31.900  16.751 0.0000000000
106703  44.038  30.036  17.608 0.0000000000
105698  46.910  30.935  34.460 0.0000000000
128798  46.417  29.643  34.239 0.0000000000
128795  46.327  28.884  36.018 0.0000000000
103114  45.904  27.329  36.449 0.0000000000
101495  45.698  24.993  36.116 0.0000000000
101486  46.470  25.273  37.300 0.0000000000
101494  46.369  24.599  36.384 0.0000000000
101506  46.797  23.881  35.411 0.0000000000
104976  43.852  28.877  22.493 0.0000000000
104954  43.469  29.130  23.375 0.0000000000
104953  45.143  29.167  23.158 0.0000000000
105850  45.878  29.467  24.749 0.0000000000
105834  47.264  29.581  25.610 0.0000000000
105863  48.173  29.703  23.599 0.0000000000
105832  48.068  29.956  25.494 0.0000000000
128809  47.692  29.758  27.595 0.0000000000
106587  48.084  30.000  29.219 0.0000000000
108064  48.064  30.842  29.884 0.0000000000
128800  47.540  31.585  30.908 0.0000000000
107401  47.319  31.418  22.262 0.0000000000
108153  46.922  31.648  23.972 0.0000000000
108895  47.212  31.811  25.435 0.0000000000
108897  44.814  33.213  26.232 0.0000000000
108870  45.764  33.290  26.941 0.0000000000
108120  47.147  32.389  26.826 0.0000000000
108079  46.964  32.658  29.608 0.0000000000
108054  47.269  31.945  31.862 0.0000000000
107298  47.262  31.979  33.226 0.0000000000
107270  47.070  31.494  34.707 0.0000000000
107272  45.813  30.914  35.499 0.0000000000
104801  44.706  29.207  36.785 0.0000000000
106557  43.561  30.627  33.856 0.0000000000
105700  43.557  29.492  35.398 0.0000000000
103935  43.971  28.251  37.120 0.0000000000
103936  43.174  27.575  36.922 0.0000000000
113107  47.878  38.580  16.060 0.0000000000
111718  48.334  37.294  16.210 0.0000000000
109726  47.767  35.102  15.426 0.0000000000
110374  46.264  35.062  16.994 0.0000000000
110353  48.433  35.870  17.995 0.0000000000
109699  48.305  34.887  16.907 0.0000000000
109718  47.489  34.051  15.245 0.0000000000
109038  47.053  32.966  13.541 0.0000000000
105994  47.021  30.990  12.842 0.0000000000
105118  45.871  28.894  13.064 0.0000000000
104179  45.865  27.310  15.570 0.0000000000
104177  47.734  27.467  15.794 0.0000000000
104166  46.238  27.216  16.393 0.0000000000
104150  45.490  27.316  17.229 0.0000000000
104114  45.084  27.572  19.021 0.0000000000
105025  44.849  28.255  20.730 0.0000000000
105853  43.273  29.218  25.310 0.0000000000
105822  42.881  29.099  27.152 0.0000000000
104902  42.131  28.639  28.379 0.0000000000
105781  44.457  29.338  29.608 0.0000000000
104891  42.370  28.641  29.232 0.0000000000
104886  40.935  28.064  29.311 0.0000000000
103179  40.130  26.975  30.988 0.0000000000
102374  39.896  25.878  31.738 0.0000000000
104829  45.169  28.758  34.456 0.0000000000
104819  44.229  28.040  34.548 0.0000000000
103968  42.941  27.098  34.176 0.0000000000
101523  43.548  24.530  34.433 0.0000000000
103149  41.832  25.838  33.498 0.0000000000
98914  44.380  22.167  37.367 0.0000000000
98952  45.966  21.603  35.752 0.0000000000
104978  41.799  28.544  22.665 0.0000000000
105000  43.293  28.443  21.666 0.0000000000
105001  42.259  28.357  21.697 0.0000000000
100601  43.357  23.551  39.314 0.0000000000
105917  48.229  29.598  19.158 0.0000000000
106677  48.209  30.088  19.712 0.0000000000
106658  47.477  30.559  20.361 0.0000000000
105918  46.687  29.708  19.068 0.0000000000
105939  46.653  29.237  17.749 0.0000000000
106692  47.195  29.675  19.076 0.0000000000
105929  47.775  29.462  18.695 0.0000000000
106555  46.670  30.156  32.247 0.0000000000
104930  37.927  28.599  25.393 0.0000000000
104894  39.933  28.125  28.196 0.0000000000
104027  39.378  27.886  28.280 0.0000000000
104015  39.772  27.730  28.902 0.0000000000
104007  39.299  27.329  29.409 0.0000000000
104014  40.371  27.814  29.316 0.0000000000
104192  44.381  27.818  14.590 0.0000000000
105094  44.209  28.242  14.036 0.0000000000
104181  43.605  27.561  15.551 0.0000000000
104960  36.949  28.783  23.529 0.0000000000
104943  36.577  28.758  24.329 0.0000000000
108220  40.738  32.997  18.478 0.0000000000
108229  41.311  33.146  17.965 0.0000000000
107467  41.006  32.076  18.560 0.0000000000
107466  41.748  31.275  18.504 0.0000000000
104780  45.706  28.469  37.842 0.0000000000
104779  46.073  28.339  37.925 0.0000000000
103913  45.509  27.829  38.333 0.0000000000
100636  48.251  22.825  36.429 0.0000000000
104996  47.275  28.522  21.448 0.0000000000
104995  48.076  28.688  21.310 0.0000000000
108141  48.101  31.117  25.054 0.0000000000
108140  48.266  30.955  25.239 0.0000000000
108131  48.141  31.629  26.653 0.0000000000
108156  44.242  32.161  23.874 0.0000000000
108081  44.477  33.032  29.984 0.0000000000
108069  45.183  32.777  30.684 0.0000000000
108057  44.764  32.255  31.900 0.0000000000
108047  45.040  31.859  33.011 0.0000000000
107317  44.408  32.007  32.077 0.0000000000
113081  49.160  38.011  19.697 0.0000000000
113821  48.851  37.918  18.979 0.0000000000
113088  49.295  37.746  18.786 0.0000000000
112382  49.610  37.481  18.325 0.0000000000
111017  50.013  36.535  18.411 0.0000000000
111023  45.107  36.375  18.374 0.0000000000
111036  44.926  35.887  17.745 0.0000000000
106732  46.623  29.677  14.501 0.0000000000
108247  46.368  31.588  14.585 0.0000000000
106744  46.882  30.340  14.155 0.0000000000
128849  47.098  29.368  14.180 0.0000000000
104087  48.380  28.091  19.860 0.0000000000
104088  47.532  27.925  19.853 0.0000000000
105023  46.885  28.230  20.665 0.0000000000
105802  46.303  29.568  27.298 0.0000000000
105788  46.240  29.618  28.121 0.0000000000
104846  42.541  28.214  32.822 0.0000000000
104864  42.582  28.356  31.827 0.0000000000
103978  41.921  27.413  32.796 0.0000000000
103991  41.356  27.528  32.121 0.0000000000
102322  45.364  25.180  36.012 0.0000000000
102323  44.768  25.566  35.844 0.0000000000
104940  39.572  28.759  24.572 0.0000000000
104116  42.903  27.613  18.981 0.0000000000
104094  41.217  27.879  19.858 0.0000000000
104979  40.715  28.648  22.628 0.0000000000
104958  39.091  28.782  23.536 0.0000000000
102285  44.185  24.872  39.205 0.0000000000
99752  44.695  22.960  38.605 0.0000000000
99751  45.485  23.024  38.368 0.0000000000
99765  46.019  22.770  37.877 0.0000000000
99784  46.350  22.249  37.145 0.0000000000
113119  47.458  38.952  15.598 0.0000000000
113867  47.338  39.748  14.660 0.0000000000
105019  49.531  28.730  20.157 0.0000000000
104992  49.495  28.975  20.851 0.0000000000
105018  49.806  28.819  20.146 0.0000000000
108189  48.680  31.142  21.124 0.0000000000
107430  49.104  30.542  21.589 0.0000000000
108178  48.852  30.764  22.050 0.0000000000
108165  48.768  30.767  22.886 0.0000000000
108166  48.576  31.131  22.647 0.0000000000
108874  42.426  33.614  26.642 0.0000000000
108850  41.690  33.733  27.440 0.0000000000
108818  42.123  33.545  29.046 0.0000000000
108083  42.458  32.718  29.737 0.0000000000
107331  41.113  31.176  30.926 0.0000000000
106592  40.317  30.699  31.143 0.0000000000
106568  40.685  30.078  32.383 0.0000000000
106578  39.845  30.128  31.822 0.0000000000
106720  43.983  30.845  15.976 0.0000000000
107491  43.936  31.669  15.794 0.0000000000
105062  46.740  28.943  17.161 0.0000000000
105959  45.278  29.666  15.979 0.0000000000
105958  46.119  29.145  16.232 0.0000000000
105970  46.209  29.354  15.261 0.0000000000
105074  47.433  28.574  16.354 0.0000000000
105060  48.097  28.573  17.321 0.0000000000
105927  49.214  29.140  18.892 0.0000000000
105051  48.921  28.485  18.156 0.0000000000
104109  49.430  28.271  19.174 0.0000000000
106588  47.532  29.948  29.580 0.0000000000
106590  46.665  29.939  29.946 0.0000000000
105730  45.281  29.483  32.183 0.0000000000
105731  44.528  29.246  32.809 0.0000000000
104862  43.868  29.007  32.613 0.0000000000
104844  44.077  28.848  33.349 0.0000000000
103212  36.045  26.779  28.329 0.0000000000
103211  36.406  27.037  28.236 0.0000000000
104917  38.328  28.377  26.303 0.0000000000
104906  38.603  28.165  27.177 0.0000000000
104017  38.225  27.411  28.515 0.0000000000
103201  37.860  26.948  29.063 0.0000000000
103190  37.647  26.189  29.789 0.0000000000
103181  38.472  26.160  30.442 0.0000000000
102376  38.804  24.975  31.431 0.0000000000
106754  46.535  31.124  12.520 0.0000000000
106755  45.833  30.838  12.350 0.0000000000
105983  43.203  29.394  13.585 0.0000000000
106745  43.699  30.140  13.010 0.0000000000
106735  42.416  29.697  14.057 0.0000000000
106681  44.733  30.170  19.339 0.0000000000
106661  45.018  30.477  20.067 0.0000000000
106662  44.134  30.526  20.027 0.0000000000
107418  43.671  31.249  21.483 0.0000000000
108159  41.612  32.752  23.619 0.0000000000
108912  42.042  33.254  24.966 0.0000000000
113770  45.083  40.831  23.831 0.0000000000
113019  44.581  40.169  23.585 0.0000000000
111638  43.659  38.140  21.201 0.0000000000
111652  43.445  37.765  20.681 0.0000000000
111671  43.972  37.319  19.738 0.0000000000
109689  42.032  34.281  17.557 0.0000000000
110361  42.336  34.676  17.510 0.0000000000
110360  42.780  34.968  17.451 0.0000000000
109688  42.670  34.306  17.227 0.0000000000
109012  42.912  33.181  16.592 0.0000000000
108238  42.493  32.715  16.821 0.0000000000
106696  43.484  30.327  18.460 0.0000000000
106704  43.128  30.623  17.566 0.0000000000
106694  45.220  29.823  18.807 0.0000000000
106528  46.652  30.892  35.086 0.0000000000
128797  46.432  29.585  34.949 0.0000000000
103106  46.294  27.571  36.964 0.0000000000
102310  45.896  26.008  36.763 0.0000000000
101474  46.246  25.143  38.170 0.0000000000
100638  46.705  24.238  37.017 0.0000000000
101493  47.291  23.773  35.917 0.0000000000
101505  47.524  23.724  35.531 0.0000000000
100671  47.294  23.662  34.512 0.0000000000
100670  48.260  23.535  34.562 0.0000000000
104999  44.323  28.590  21.625 0.0000000000
105882  44.399  29.197  23.230 0.0000000000
104975  44.925  28.955  22.592 0.0000000000
105865  46.985  29.357  23.869 0.0000000000
105866  46.146  29.326  23.885 0.0000000000
105849  46.726  29.539  24.728 0.0000000000
105835  46.536  29.507  25.617 0.0000000000
105878  48.780  29.585  22.489 0.0000000000
105879  48.494  29.458  22.709 0.0000000000
105861  48.714  29.915  23.118 0.0000000000
105831  47.941  30.059  25.071 0.0000000000
106635  48.199  30.086  26.119 0.0000000000
105815  48.021  29.844  26.295 0.0000000000
128805  48.056  29.980  27.365 0.0000000000
128804  47.908  29.807  28.192 0.0000000000
128806  48.197  30.137  27.811 0.0000000000
108077  48.171  31.576  29.021 0.0000000000
107327  48.313  30.791  29.193 0.0000000000
108065  47.743  31.273  30.302 0.0000000000
128802  47.596  31.624  30.323 0.0000000000
107415  46.286  31.247  21.568 0.0000000000
107414  47.177  31.092  21.361 0.0000000000
107402  46.551  31.472  22.325 0.0000000000
108154  46.070  31.823  23.964 0.0000000000
107395  46.746  31.553  23.115 0.0000000000
108910  47.163  31.617  24.648 0.0000000000
108142  46.725  31.989  25.202 0.0000000000
108872  44.195  33.547  26.897 0.0000000000
108824  45.534  33.488  28.646 0.0000000000
108845  46.083  33.336  27.788 0.0000000000
108121  46.497  32.890  26.875 0.0000000000
108115  46.778  32.855  27.732 0.0000000000
108096  47.121  32.584  28.502 0.0000000000
108055  46.633  32.438  31.788 0.0000000000
108067  46.768  32.624  30.732 0.0000000000
108044  47.022  32.194  32.609 0.0000000000
108028  48.188  32.456  34.215 0.0000000000
108788  47.269  32.367  33.809 0.0000000000
107293  45.368  31.505  34.317 0.0000000000
107281  45.905  31.518  34.685 0.0000000000
106540  45.098  30.754  35.423 0.0000000000
105690  45.456  30.262  36.198 0.0000000000
106531  44.971  30.334  35.921 0.0000000000
107309  42.850  30.954  32.782 0.0000000000
107301  43.645  31.018  33.360 0.0000000000
107302  43.164  30.757  33.421 0.0000000000
105709  43.161  29.800  34.704 0.0000000000
105692  44.064  29.289  35.906 0.0000000000
104802  43.882  28.776  36.355 0.0000000000
112393  47.328  38.561  17.840 0.0000000000
113099  46.382  38.899  17.229 0.0000000000
113098  46.848  38.932  17.002 0.0000000000
113841  47.722  38.752  16.827 0.0000000000
111060  48.653  36.925  16.945 0.0000000000
111706  48.561  37.209  16.764 0.0000000000
110394  48.377  36.197  16.127 0.0000000000
110395  48.268  35.836  15.810 0.0000000000
109716  48.294  34.970  15.749 0.0000000000
109028  44.976  32.696  15.527 0.0000000000
109703  45.608  34.182  16.301 0.0000000000
109009  45.319  33.454  15.794 0.0000000000
109702  46.549  34.462  16.498 0.0000000000
109701  47.436  34.439  16.495 0.0000000000
109683  47.823  34.981  17.190 0.0000000000
109682  48.291  35.301  17.266 0.0000000000
109700  48.018  34.629  16.679 0.0000000000
106000  47.289  32.020  14.165 0.0000000000
128853  47.278  32.302  14.263 0.0000000000
106001  47.359  32.105  13.910 0.0000000000
106752  47.212  31.902  13.366 0.0000000000
105992  47.286  31.417  13.560 0.0000000000
105103  46.438  28.429  13.628 0.0000000000
104201  46.049  27.774  14.105 0.0000000000
104190  46.503  27.511  14.886 0.0000000000
105072  48.520  28.016  16.051 0.0000000000
104164  48.099  27.508  16.524 0.0000000000
104132  46.934  27.392  18.143 0.0000000000
104165  47.270  27.248  16.444 0.0000000000
104149  46.596  27.311  17.244 0.0000000000
104134  44.723  27.510  18.105 0.0000000000
105024  45.886  28.232  20.704 0.0000000000
105868  44.202  29.348  24.100 0.0000000000
105869  43.248  29.206  24.401 0.0000000000
105852  44.067  29.368  25.066 0.0000000000
104913  42.107  28.660  27.490 0.0000000000
105806  42.814  28.907  28.081 0.0000000000
105764  45.329  29.515  30.120 0.0000000000
105780  45.345  29.533  29.228 0.0000000000
104878  42.505  28.383  30.989 0.0000000000
104890  43.043  28.647  29.765 0.0000000000
104884  42.383  28.505  30.167 0.0000000000
104885  41.532  28.226  29.824 0.0000000000
104004  41.271  27.719  30.477 0.0000000000
104005  40.718  27.621  29.979 0.0000000000
103174  40.285  26.580  31.805 0.0000000000
102363  40.177  25.381  32.217 0.0000000000
102364  39.716  24.943  32.046 0.0000000000
101556  40.080  24.451  32.207 0.0000000000
104817  45.674  28.525  35.412 0.0000000000
105708  45.525  29.038  34.337 0.0000000000
104809  45.093  27.987  35.439 0.0000000000
103124  44.132  26.383  35.454 0.0000000000
103954  44.343  27.787  34.956 0.0000000000
103955  43.820  27.279  34.799 0.0000000000
103967  43.369  27.608  34.140 0.0000000000
103137  42.975  26.261  34.502 0.0000000000
100695  45.012  23.511  33.458 0.0000000000
100674  44.526  23.788  34.166 0.0000000000
100696  43.915  23.587  33.501 0.0000000000
104938  42.153  28.900  25.019 0.0000000000
105028  41.720  28.182  20.760 0.0000000000
102296  42.908  25.570  38.249 0.0000000000
101463  43.891  24.179  39.360 0.0000000000
100600  43.831  23.742  39.346 0.0000000000
99767  44.036  22.522  38.056 0.0000000000
105915  49.510  29.861  18.881 0.0000000000
105926  49.995  29.336  19.468 0.0000000000
106676  48.852  30.227  19.875 0.0000000000
107455  48.671  30.660  20.691 0.0000000000
107413  47.921  31.086  21.348 0.0000000000
108851  40.699  33.704  27.388 0.0000000000
108829  41.022  33.554  28.217 0.0000000000
108084  41.191  32.850  29.268 0.0000000000
105941  44.934  29.724  17.610 0.0000000000
105950  44.658  29.869  16.815 0.0000000000
105940  45.766  29.488  17.667 0.0000000000
105061  47.237  28.786  17.204 0.0000000000
105937  48.123  29.022  18.113 0.0000000000
105928  48.589  29.175  18.574 0.0000000000
128799  47.453  30.487  30.422 0.0000000000
106565  46.669  30.138  31.689 0.0000000000
105716  46.108  29.743  32.556 0.0000000000
105717  45.221  29.239  33.479 0.0000000000
103188  39.301  27.096  29.903 0.0000000000
103180  39.447  26.634  30.731 0.0000000000
105981  45.246  28.979  12.943 0.0000000000
105095  43.509  28.292  14.371 0.0000000000
105106  43.117  28.788  14.154 0.0000000000
104982  37.585  28.538  22.560 0.0000000000
105855  36.297  28.771  24.093 0.0000000000
104932  35.960  28.685  25.145 0.0000000000
106683  42.954  30.587  19.332 0.0000000000
106663  43.382  30.601  19.950 0.0000000000
107438  42.540  30.928  20.363 0.0000000000
109667  40.592  34.425  18.413 0.0000000000
111027  41.156  35.719  18.459 0.0000000000
108995  41.622  33.642  17.689 0.0000000000
108228  41.809  32.810  17.374 0.0000000000
107483  42.238  32.308  17.119 0.0000000000
107475  41.906  31.856  17.590 0.0000000000
106697  42.573  30.730  18.505 0.0000000000
105680  46.297  29.055  36.802 0.0000000000
104790  46.279  28.499  37.338 0.0000000000
103094  46.320  27.543  37.748 0.0000000000
102292  46.337  26.464  37.806 0.0000000000
100623  47.143  23.180  37.268 0.0000000000
104974  45.919  28.804  22.384 0.0000000000
104973  46.838  28.722  22.311 0.0000000000
104950  47.311  29.051  23.053 0.0000000000
107392  48.467  30.495  23.920 0.0000000000
106640  48.327  30.299  23.978 0.0000000000
107390  48.212  30.620  25.320 0.0000000000
128808  48.425  30.896  27.097 0.0000000000
107403  45.580  31.578  22.554 0.0000000000
108155  45.224  31.920  23.749 0.0000000000
108144  45.357  32.337  24.743 0.0000000000
108826  43.772  33.703  28.458 0.0000000000
108847  44.403  33.682  27.717 0.0000000000
108825  44.671  33.646  28.554 0.0000000000
108815  44.975  33.377  29.419 0.0000000000
108814  45.743  33.241  29.490 0.0000000000
108813  46.346  32.970  29.889 0.0000000000
108808  45.834  32.994  30.233 0.0000000000
108037  46.535  32.125  33.518 0.0000000000
108046  45.731  32.202  32.785 0.0000000000
108039  45.081  31.697  33.552 0.0000000000
107300  44.555  31.364  33.618 0.0000000000
106559  41.974  30.076  33.381 0.0000000000
106558  42.658  30.333  33.631 0.0000000000
105719  42.150  29.895  33.708 0.0000000000
105701  42.406  28.974  35.216 0.0000000000
112374  47.803  38.566  19.182 0.0000000000
113089  48.101  38.541  18.449 0.0000000000
113831  48.212  38.499  17.786 0.0000000000
113840  48.386  38.306  17.417 0.0000000000
113095  48.797  37.701  17.971 0.0000000000
111683  49.269  37.129  17.934 0.0000000000
110371  48.647  36.357  17.505 0.0000000000
111650  45.632  37.480  20.557 0.0000000000
111635  46.285  37.690  21.289 0.0000000000
111669  46.035  37.144  19.824 0.0000000000
111005  46.463  36.686  19.266 0.0000000000
108257  45.635  31.231  14.850 0.0000000000
109027  45.856  32.637  15.244 0.0000000000
109026  46.677  32.743  15.042 0.0000000000
109006  47.550  34.143  15.872 0.0000000000
108246  46.902  32.020  14.471 0.0000000000
105127  47.144  31.491  14.144 0.0000000000
105116  47.092  30.514  13.584 0.0000000000
104130  48.872  27.621  18.320 0.0000000000
104147  48.464  27.587  17.373 0.0000000000
104131  47.970  27.510  18.180 0.0000000000
104113  46.178  27.520  19.029 0.0000000000
104089  46.524  27.849  19.873 0.0000000000
105836  45.709  29.475  25.676 0.0000000000
105837  44.830  29.442  25.806 0.0000000000
105820  44.706  29.452  26.727 0.0000000000
105804  44.586  29.477  27.659 0.0000000000
105745  43.663  28.822  31.492 0.0000000000
105766  43.761  28.895  30.933 0.0000000000
104877  43.208  28.567  31.291 0.0000000000
104865  41.856  28.148  31.529 0.0000000000
103998  41.348  27.644  31.197 0.0000000000
103173  40.931  26.984  32.130 0.0000000000
102362  40.988  25.296  32.824 0.0000000000
103122  45.005  27.114  35.890 0.0000000000
103123  44.750  26.563  35.908 0.0000000000
102324  43.935  25.599  35.318 0.0000000000
104904  40.473  28.361  27.661 0.0000000000
104168  43.988  27.413  16.358 0.0000000000
104136  42.512  27.445  18.061 0.0000000000
104117  41.833  27.642  18.940 0.0000000000
105004  39.060  28.167  21.523 0.0000000000
104981  38.586  28.530  22.553 0.0000000000
111011  40.091  36.027  18.893 0.0000000000
109668  39.933  34.531  18.738 0.0000000000
108983  40.099  33.752  18.751 0.0000000000
103914  44.848  27.303  38.436 0.0000000000
103096  45.242  26.762  38.628 0.0000000000
101475  45.615  24.886  38.761 0.0000000000
101476  44.759  24.462  39.157 0.0000000000
100613  45.470  23.768  38.655 0.0000000000
99764  46.898  22.780  37.507 0.0000000000
99783  47.218  22.259  36.950 0.0000000000
105021  48.525  28.430  20.502 0.0000000000
104994  48.740  28.762  21.177 0.0000000000
105889  48.982  29.191  21.812 0.0000000000
106647  49.439  29.763  22.003 0.0000000000
106655  49.772  29.972  20.901 0.0000000000
107411  49.586  30.136  21.912 0.0000000000
107399  48.950  30.259  22.759 0.0000000000
108908  47.983  31.206  25.105 0.0000000000
108911  42.771  33.209  25.095 0.0000000000
108137  43.992  32.853  25.383 0.0000000000
108899  43.220  33.354  25.750 0.0000000000
108873  43.346  33.571  26.758 0.0000000000
108828  41.935  33.786  28.251 0.0000000000
108827  42.849  33.725  28.356 0.0000000000
108082  43.563  32.905  29.844 0.0000000000
107328  43.943  32.175  31.290 0.0000000000
107329  43.483  31.976  31.088 0.0000000000
107320  42.021  31.035  31.878 0.0000000000
107321  41.389  30.853  31.583 0.0000000000
106576  41.492  30.713  31.944 0.0000000000
106567  41.664  30.402  32.680 0.0000000000
105732  41.077  29.932  32.853 0.0000000000
105733  40.506  29.641  32.906 0.0000000000
112354  49.581  38.086  20.103 0.0000000000
109705  43.923  33.977  16.467 0.0000000000
109686  44.247  34.717  16.769 0.0000000000
109010  44.462  33.395  15.956 0.0000000000
108249  44.521  32.088  15.549 0.0000000000
106719  44.870  30.385  15.589 0.0000000000
107502  45.391  31.126  14.990 0.0000000000
106733  45.977  30.169  14.866 0.0000000000
105969  46.708  29.154  14.798 0.0000000000
105073  47.958  28.317  15.945 0.0000000000
104146  49.025  27.894  17.579 0.0000000000
104110  49.110  27.977  19.343 0.0000000000
105778  46.897  29.737  28.698 0.0000000000
105762  46.771  29.831  29.380 0.0000000000
105763  46.113  29.690  29.692 0.0000000000
105743  45.301  29.493  31.086 0.0000000000
101521  45.965  23.940  34.895 0.0000000000
100694  46.001  23.556  33.484 0.0000000000
103203  35.819  26.282  28.666 0.0000000000
104039  37.318  27.858  27.180 0.0000000000
104029  37.893  27.703  27.731 0.0000000000
104030  36.909  27.384  27.900 0.0000000000
102393  37.096  25.787  29.908 0.0000000000
101571  37.983  24.473  31.008 0.0000000000
105997  44.512  30.106  12.636 0.0000000000
106757  44.068  30.803  12.585 0.0000000000
104182  42.576  27.624  15.624 0.0000000000
104194  42.413  27.877  15.183 0.0000000000
106679  46.689  29.921  19.341 0.0000000000
106659  46.774  30.499  20.129 0.0000000000
106660  45.926  30.446  20.086 0.0000000000
107434  46.082  30.847  20.853 0.0000000000
107436  44.346  30.817  20.802 0.0000000000
107417  44.543  31.262  21.550 0.0000000000
107404  44.702  31.556  22.378 0.0000000000
108169  44.017  31.843  23.109 0.0000000000
108147  42.730  32.842  24.414 0.0000000000
112327  45.662  38.898  22.896 0.0000000000
112328  44.386  38.983  22.665 0.0000000000
112342  44.843  38.383  22.026 0.0000000000
111636  45.242  37.840  21.334 0.0000000000
111007  44.512  36.840  18.978 0.0000000000
111024  44.032  36.237  18.092 0.0000000000
111025  42.996  36.225  18.338 0.0000000000
110339  43.359  35.911  17.899 0.0000000000
109687  43.389  34.555  16.983 0.0000000000
109011  43.627  33.184  16.199 0.0000000000
107492  43.415  32.011  16.198 0.0000000000
106712  43.308  31.082  16.746 0.0000000000
107474  42.674  31.295  17.272 0.0000000000
105932  45.269  29.699  18.226 0.0000000000
105706  47.051  30.851  33.394 0.0000000000
128794  46.248  28.476  35.815 0.0000000000
128793  46.312  28.089  36.091 0.0000000000
103934  45.616  27.547  35.983 0.0000000000
103115  45.344  26.781  36.278 0.0000000000
102311  45.441  25.642  36.292 0.0000000000
103095  45.969  27.102  38.292 0.0000000000
101520  46.639  23.759  34.810 0.0000000000
105867  45.151  29.298  23.777 0.0000000000
104952  45.624  29.124  23.139 0.0000000000
105818  46.393  29.501  26.472 0.0000000000
105801  46.963  29.584  27.177 0.0000000000
104971  48.324  29.085  22.009 0.0000000000
105880  48.006  29.263  22.896 0.0000000000
105864  47.668  29.568  23.750 0.0000000000
105845  48.140  30.106  24.125 0.0000000000
105846  48.084  29.990  24.349 0.0000000000
105847  47.904  29.877  24.568 0.0000000000
105833  47.801  29.760  25.554 0.0000000000
105816  47.668  29.715  26.588 0.0000000000
105786  47.367  29.660  27.687 0.0000000000
105777  47.570  29.722  28.498 0.0000000000
106607  47.748  29.774  29.181 0.0000000000
107326  48.358  30.482  28.347 0.0000000000
107393  47.788  31.490  22.911 0.0000000000
108924  47.457  31.545  24.191 0.0000000000
108909  47.541  31.470  24.877 0.0000000000
108894  47.636  31.669  25.642 0.0000000000
108136  44.695  32.788  25.483 0.0000000000
108135  45.444  32.755  25.631 0.0000000000
108871  44.989  33.485  26.978 0.0000000000
108896  45.451  33.159  26.343 0.0000000000
108134  46.167  32.747  25.974 0.0000000000
108133  46.865  32.330  26.060 0.0000000000
108868  47.667  31.998  26.361 0.0000000000
128810  47.663  32.212  27.080 0.0000000000
108078  47.499  32.117  29.221 0.0000000000
108066  47.362  32.073  30.412 0.0000000000
106547  47.203  31.404  33.231 0.0000000000
106539  47.689  31.471  33.948 0.0000000000
106527  47.597  31.245  34.712 0.0000000000
108029  46.193  31.856  34.196 0.0000000000
107271  46.304  31.209  35.088 0.0000000000
106529  46.044  30.658  35.724 0.0000000000
105682  45.309  29.681  36.633 0.0000000000
107308  43.765  31.433  32.650 0.0000000000
106556  44.019  30.891  33.777 0.0000000000
106549  44.220  30.713  34.326 0.0000000000
106551  42.966  29.990  34.364 0.0000000000
106550  43.604  30.155  34.625 0.0000000000
105699  44.228  29.866  35.518 0.0000000000
105691  44.544  29.728  36.057 0.0000000000
104793  44.461  28.647  37.152 0.0000000000
103926  44.433  27.828  37.815 0.0000000000
103927  43.707  27.271  37.651 0.0000000000
103108  43.270  26.553  37.791 0.0000000000
113118  48.022  38.343  16.112 0.0000000000
113106  48.457  38.144  16.955 0.0000000000
112409  48.312  37.820  16.253 0.0000000000
111061  48.202  36.478  15.641 0.0000000000
110396  47.629  35.891  15.385 0.0000000000
109727  47.259  34.313  14.733 0.0000000000
111631  49.231  37.852  20.290 0.0000000000
110991  49.900  36.708  19.914 0.0000000000
110376  45.016  34.679  16.615 0.0000000000
110357  45.722  35.504  17.403 0.0000000000
110335  48.453  36.219  18.463 0.0000000000
110333  49.764  36.309  18.778 0.0000000000
110352  49.015  36.570  18.206 0.0000000000
109681  48.467  35.788  17.401 0.0000000000
109698  48.471  35.512  16.811 0.0000000000
109024  47.663  34.274  15.651 0.0000000000
109023  48.238  34.731  15.895 0.0000000000
109717  47.784  34.611  15.551 0.0000000000
105995  46.594  30.363  12.694 0.0000000000
104202  45.286  27.800  14.210 0.0000000000
104199  47.534  28.032  14.955 0.0000000000
128847  47.364  27.588  15.123 0.0000000000
104178  46.897  27.244  15.645 0.0000000000
104167  45.125  27.286  16.364 0.0000000000
104151  44.354  27.388  17.216 0.0000000000
104115  43.988  27.618  19.004 0.0000000000
104091  44.397  27.869  19.894 0.0000000000
105026  43.800  28.271  20.738 0.0000000000
105838  43.932  29.387  25.983 0.0000000000
105839  42.989  29.217  26.127 0.0000000000
104926  42.109  28.723  26.425 0.0000000000
104903  41.335  28.462  27.995 0.0000000000
105789  45.402  29.569  28.342 0.0000000000
105790  44.470  29.435  28.625 0.0000000000
105791  43.421  28.968  28.978 0.0000000000
105782  43.723  28.965  30.059 0.0000000000
105792  42.697  28.756  28.653 0.0000000000
104892  41.465  28.424  28.889 0.0000000000
104000  40.155  27.222  30.487 0.0000000000
103999  40.683  27.303  30.922 0.0000000000
103175  39.723  26.148  31.468 0.0000000000
102375  39.313  25.459  31.570 0.0000000000
105707  45.942  29.416  33.863 0.0000000000
104818  44.753  28.265  34.971 0.0000000000
104830  44.578  28.589  33.999 0.0000000000
104831  43.762  28.134  33.944 0.0000000000
104832  43.038  27.840  33.605 0.0000000000
101522  44.907  24.242  34.776 0.0000000000
101509  43.775  25.097  35.010 0.0000000000
102336  43.385  25.528  34.809 0.0000000000
102337  42.773  25.465  34.348 0.0000000000
103148  42.283  26.324  33.741 0.0000000000
103159  42.066  26.813  33.121 0.0000000000
98934  44.712  21.844  36.638 0.0000000000
98933  45.691  21.862  36.535 0.0000000000
99740  43.212  22.984  39.116 0.0000000000
99781  48.434  22.484  36.178 0.0000000000
99785  45.377  22.231  37.271 0.0000000000
100612  46.025  24.387  38.394 0.0000000000
100615  43.624  23.202  39.138 0.0000000000
100652  47.662  23.692  35.142 0.0000000000
101464  43.114  24.386  39.198 0.0000000000
102286  43.712  24.704  39.228 0.0000000000
102295  43.661  25.328  38.814 0.0000000000
102312  44.954  25.973  36.180 0.0000000000
103107  43.909  27.075  37.955 0.0000000000
103911  46.367  28.067  37.740 0.0000000000
103944  44.656  27.461  35.427 0.0000000000
103956  43.301  26.752  34.623 0.0000000000
104086  48.822  28.270  19.933 0.0000000000
104162  48.281  27.746  15.909 0.0000000000
104191  45.503  27.534  14.771 0.0000000000
104778  46.279  28.201  37.858 0.0000000000
104792  45.333  28.924  37.322 0.0000000000
104803  42.973  28.295  36.248 0.0000000000
104944  35.819  28.743  24.091 0.0000000000
104993  49.247  28.936  21.061 0.0000000000
105017  49.972  29.134  20.033 0.0000000000
105039  50.107  29.054  19.674 0.0000000000
105040  50.230  29.145  19.532 0.0000000000
105042  49.376  28.447  19.580 0.0000000000
105049  50.221  29.243  19.625 0.0000000000
105050  50.273  29.346  19.411 0.0000000000
105084  46.790  28.797  15.799 0.0000000000
105093  46.817  28.865  15.113 0.0000000000
105105  43.879  28.645  13.703 0.0000000000
105760  48.118  29.969  28.211 0.0000000000
105800  47.398  29.663  27.120 0.0000000000
105817  47.089  29.529  26.447 0.0000000000
105854  36.476  28.773  24.080 0.0000000000
105862  48.473  29.798  23.393 0.0000000000
105871  36.395  28.768  23.833 0.0000000000
105877  49.129  29.690  22.214 0.0000000000
105881  44.894  29.181  23.177 0.0000000000
105888  49.460  29.434  21.380 0.0000000000
105899  49.699  29.442  20.808 0.0000000000
105900  49.546  29.053  21.014 0.0000000000
105913  49.912  29.532  20.204 0.0000000000
105914  50.126  29.330  19.192 0.0000000000
105919  46.400  29.715  19.034 0.0000000000
105925  49.987  29.187  19.911 0.0000000000
105930  46.898  29.565  18.721 0.0000000000
105948  46.253  29.155  17.045 0.0000000000
105960  44.488  30.181  16.178 0.0000000000
105993  47.191  31.307  13.180 0.0000000000
106530  45.355  30.658  35.686 0.0000000000
106541  44.586  30.418  35.329 0.0000000000
106542  44.036  29.949  35.229 0.0000000000
106586  48.265  30.212  28.164 0.0000000000
106589  47.089  30.029  29.689 0.0000000000
106591  40.773  30.815  31.236 0.0000000000
106636  48.173  29.993  26.369 0.0000000000
106642  50.231  30.165  22.467 0.0000000000
106646  49.681  29.864  21.740 0.0000000000
106648  47.915  30.767  20.855 0.0000000000
106649  47.691  30.773  20.849 0.0000000000
106656  48.503  30.337  20.008 0.0000000000
106674  49.487  30.084  20.115 0.0000000000
106675  49.515  29.719  19.695 0.0000000000
106690  49.717  29.496  19.665 0.0000000000
106691  49.693  29.407  19.423 0.0000000000
106693  46.942  29.695  19.060 0.0000000000
106695  44.474  29.931  18.490 0.0000000000
106721  43.503  31.508  16.296 0.0000000000
106734  45.394  30.621  15.128 0.0000000000
107269  47.746  31.756  35.151 0.0000000000
107280  48.117  31.832  34.538 0.0000000000
107282  45.463  31.066  35.142 0.0000000000
107283  44.985  30.837  35.214 0.0000000000
107291  47.904  31.916  33.772 0.0000000000
107292  45.786  31.661  34.391 0.0000000000
107299  45.143  31.632  33.819 0.0000000000
107310  42.224  30.735  32.544 0.0000000000
107318  44.012  31.934  31.840 0.0000000000
107342  48.479  31.103  28.033 0.0000000000
107343  47.769  31.465  29.845 0.0000000000
107345  42.305  32.158  30.110 0.0000000000
107394  47.459  31.489  22.998 0.0000000000
107398  49.611  29.983  22.333 0.0000000000
107400  47.844  31.446  22.472 0.0000000000
107429  49.443  30.284  21.213 0.0000000000
107431  48.492  30.465  20.237 0.0000000000
107432  48.306  30.870  20.901 0.0000000000
107454  49.021  30.447  20.444 0.0000000000
107456  48.600  31.127  20.885 0.0000000000
107501  45.765  30.828  14.782 0.0000000000
107517  45.127  31.581  12.029 0.0000000000
108007  47.616  32.197  35.244 0.0000000000
108008  47.166  32.046  34.958 0.0000000000
108009  46.827  31.639  34.635 0.0000000000
108017  48.058  32.486  35.015 0.0000000000
108018  47.461  32.434  35.039 0.0000000000
108019  46.412  31.628  34.608 0.0000000000
108035  47.918  32.440  33.586 0.0000000000
108036  47.221  32.205  33.406 0.0000000000
108038  45.595  31.862  33.690 0.0000000000
108058  44.202  32.230  31.453 0.0000000000
108068  46.097  32.703  30.940 0.0000000000
108072  42.603  32.191  30.150 0.0000000000
108114  47.302  32.465  27.628 0.0000000000
108132  47.859  31.722  26.062 0.0000000000
108152  47.913  31.476  23.263 0.0000000000
108179  48.634  30.952  21.747 0.0000000000
108180  48.509  30.983  21.119 0.0000000000
108187  49.200  30.471  21.168 0.0000000000
108188  48.827  30.731  21.389 0.0000000000
108190  48.847  31.262  20.889 0.0000000000
108205  49.111  30.529  20.941 0.0000000000
108206  48.531  30.965  20.929 0.0000000000
108207  48.817  31.113  20.892 0.0000000000
108208  48.814  31.159  20.688 0.0000000000
108237  43.155  32.570  16.387 0.0000000000
108256  45.909  31.208  14.698 0.0000000000
108756  46.852  32.200  34.572 0.0000000000
108757  46.807  31.855  34.736 0.0000000000
108769  47.589  32.744  34.736 0.0000000000
108770  47.192  32.282  34.592 0.0000000000
108771  46.803  31.851  34.437 0.0000000000
108778  48.021  33.083  34.371 0.0000000000
108779  47.466  32.653  34.221 0.0000000000
108780  46.996  32.091  34.087 0.0000000000
108786  48.159  32.868  33.885 0.0000000000
108787  47.686  32.839  33.758 0.0000000000
108809  45.341  33.125  29.951 0.0000000000
108869  47.346  32.095  26.037 0.0000000000
108923  47.889  31.433  24.250 0.0000000000
108925  47.000  31.612  24.062 0.0000000000
109004  48.461  34.954  16.276 0.0000000000
109005  48.162  34.560  16.187 0.0000000000
109022  48.495  34.974  15.965 0.0000000000
109029  44.240  32.785  15.739 0.0000000000
109715  48.462  35.341  16.179 0.0000000000
109724  48.413  35.661  15.834 0.0000000000
109725  48.245  35.367  15.721 0.0000000000
110323  49.954  36.097  19.146 0.0000000000
110324  49.710  36.338  19.103 0.0000000000
110334  49.149  36.505  18.673 0.0000000000
110342  40.992  35.044  18.321 0.0000000000
110343  40.325  35.118  18.617 0.0000000000
110358  44.797  35.308  17.152 0.0000000000
110359  43.702  35.408  17.448 0.0000000000
110372  48.079  36.236  15.411 0.0000000000
110373  47.916  36.451  15.204 0.0000000000
110375  45.669  34.906  16.784 0.0000000000
110386  48.195  35.817  15.646 0.0000000000
110387  47.840  36.271  15.371 0.0000000000
110990  50.157  36.797  19.734 0.0000000000
111000  50.150  36.502  19.309 0.0000000000
111001  49.368  36.689  19.429 0.0000000000
111006  45.524  36.718  19.145 0.0000000000
111047  48.965  37.169  17.676 0.0000000000
111048  48.106  36.476  15.458 0.0000000000
111049  48.206  36.854  14.923 0.0000000000
111062  47.908  36.915  15.502 0.0000000000
111070  48.496  36.615  16.555 0.0000000000
111071  48.407  36.571  16.217 0.0000000000
111637  44.226  38.048  21.256 0.0000000000
111645  50.111  37.320  19.807 0.0000000000
111646  49.253  37.306  19.909 0.0000000000
111664  50.269  37.168  18.808 0.0000000000
111680  49.991  37.025  18.064 0.0000000000
111691  48.772  37.178  17.391 0.0000000000
111692  48.098  36.758  15.537 0.0000000000
111693  48.187  37.044  15.481 0.0000000000
112336  48.869  38.151  20.664 0.0000000000
112383  47.715  38.584  18.332 0.0000000000
112384  47.338  38.500  18.578 0.0000000000
112392  47.615  38.605  17.905 0.0000000000
112400  48.556  37.680  16.865 0.0000000000
113018  45.490  40.076  23.695 0.0000000000
113020  43.747  40.247  23.379 0.0000000000
113046  48.744  38.367  20.820 0.0000000000
113090  47.904  38.666  17.737 0.0000000000
113096  47.846  38.655  17.980 0.0000000000
113097  47.438  38.717  17.297 0.0000000000
113120  47.590  39.740  14.313 0.0000000000
113121  47.396  39.968  14.286 0.0000000000
113132  47.877  38.276  15.882 0.0000000000
113134  47.565  39.814  14.152 0.0000000000
113135  47.531  39.875  14.104 0.0000000000
113822  48.501  38.239  18.606 0.0000000000
113851  48.019  38.627  16.691 0.0000000000
113866  47.271  39.398  15.351 0.0000000000
113868  47.430  39.897  14.500 0.0000000000
113876  47.280  39.546  14.823 0.0000000000
113877  47.447  39.826  14.432 0.0000000000
114583  47.255  40.098  14.646 0.0000000000
128796  46.710  30.097  34.481 0.0000000000
128801  47.438  32.022  30.755 0.0000000000
128803  48.206  29.922  27.992 0.0000000000
128846  47.881  27.768  15.421 0.0000000000
128848  46.994  29.605  14.243 0.0000000000
