#!ascii label  , from subject 3002 vox2ras=TkReg
1078
58599  25.633  -15.057  48.711 0.0000000000
78389  40.171  1.311  32.917 0.0000000000
66867  31.598  -9.261  41.282 0.0000000000
49474  4.878  -22.147  61.433 0.0000000000
58509  16.641  -14.176  53.547 0.0000000000
72775  31.839  -2.681  40.592 0.0000000000
53258  9.927  -18.867  56.188 0.0000000000
49518  9.115  -22.994  59.012 0.0000000000
53312  13.201  -19.752  53.395 0.0000000000
77317  45.269  -0.397  33.587 0.0000000000
64356  25.402  -10.678  50.886 0.0000000000
66736  25.217  -9.971  46.332 0.0000000000
62033  30.076  -12.961  49.666 0.0000000000
80682  44.076  3.882  30.818 0.0000000000
78437  47.543  1.782  28.997 0.0000000000
80639  36.373  4.139  36.045 0.0000000000
77246  39.711  -1.049  37.548 0.0000000000
73990  35.146  -2.462  37.312 0.0000000000
69141  35.869  -7.269  40.779 0.0000000000
55706  23.412  -19.003  51.366 0.0000000000
45050  3.759  -26.637  64.451 0.0000000000
45023  -0.407  -26.931  66.396 0.0000000000
46067  -2.685  -25.443  70.722 0.0000000000
59766  20.292  -14.527  49.799 0.0000000000
54546  18.509  -18.837  52.031 0.0000000000
69098  25.219  -6.348  43.283 0.0000000000
67923  30.188  -8.404  46.321 0.0000000000
83049  48.881  5.755  25.256 0.0000000000
77320  42.457  0.002  33.432 0.0000000000
76200  41.788  -0.341  35.150 0.0000000000
62046  26.233  -12.670  49.568 0.0000000000
63234  27.070  -12.251  47.983 0.0000000000
59759  28.389  -14.445  49.855 0.0000000000
81845  40.491  5.018  33.548 0.0000000000
82975  42.563  5.625  32.638 0.0000000000
79477  42.308  2.557  31.727 0.0000000000
78415  44.004  1.495  31.220 0.0000000000
40882  -2.402  -30.593  69.786 0.0000000000
77277  34.808  0.561  36.240 0.0000000000
77249  32.899  0.294  38.238 0.0000000000
69167  30.926  -6.164  40.188 0.0000000000
69176  33.776  -6.355  39.332 0.0000000000
67985  34.412  -8.094  40.819 0.0000000000
65680  34.020  -9.761  44.321 0.0000000000
49503  6.444  -22.617  60.399 0.0000000000
48312  9.080  -24.168  61.428 0.0000000000
47234  6.545  -24.447  61.406 0.0000000000
46138  6.438  -25.843  63.470 0.0000000000
47207  3.900  -24.253  62.494 0.0000000000
47148  0.411  -23.860  65.741 0.0000000000
45005  -1.571  -26.343  68.271 0.0000000000
58567  18.281  -14.637  50.693 0.0000000000
55745  19.421  -17.217  49.829 0.0000000000
55709  16.146  -16.758  51.299 0.0000000000
52065  13.151  -21.619  55.852 0.0000000000
52079  15.470  -21.382  55.013 0.0000000000
66698  29.301  -8.743  48.488 0.0000000000
67910  27.903  -8.049  46.370 0.0000000000
75065  32.571  -0.513  40.735 0.0000000000
70253  31.112  -3.823  41.855 0.0000000000
69144  29.830  -5.515  41.077 0.0000000000
52054  10.833  -21.256  56.585 0.0000000000
49536  10.825  -22.492  58.359 0.0000000000
52056  9.243  -20.485  57.034 0.0000000000
52024  7.158  -20.701  58.686 0.0000000000
52008  5.806  -20.487  60.973 0.0000000000
55689  14.268  -16.838  52.892 0.0000000000
55658  13.385  -16.136  55.106 0.0000000000
53293  11.203  -19.308  54.665 0.0000000000
67831  23.681  -8.354  51.427 0.0000000000
67864  22.362  -8.031  49.040 0.0000000000
64375  25.155  -10.796  48.591 0.0000000000
64372  28.891  -10.824  47.319 0.0000000000
81885  46.549  4.580  28.467 0.0000000000
79494  45.720  3.017  29.933 0.0000000000
78413  46.336  1.109  30.555 0.0000000000
80658  37.415  3.020  34.325 0.0000000000
77292  39.444  0.139  35.137 0.0000000000
77295  36.743  0.466  35.563 0.0000000000
76173  36.772  -1.133  36.853 0.0000000000
73967  38.008  -3.305  38.549 0.0000000000
73980  32.731  -2.480  38.210 0.0000000000
71529  35.680  -5.297  39.024 0.0000000000
57137  24.470  -17.069  50.226 0.0000000000
58562  26.490  -16.260  50.661 0.0000000000
81827  39.155  5.522  35.598 0.0000000000
50743  2.907  -21.751  63.214 0.0000000000
47187  1.853  -24.433  64.109 0.0000000000
45040  1.900  -26.826  64.938 0.0000000000
43043  1.802  -28.599  66.652 0.0000000000
42010  0.036  -29.216  67.464 0.0000000000
43023  -2.168  -28.681  69.068 0.0000000000
43010  -3.358  -28.543  70.430 0.0000000000
43967  -4.257  -27.249  71.451 0.0000000000
58602  22.652  -14.991  48.651 0.0000000000
57140  21.361  -17.044  49.350 0.0000000000
54544  20.761  -19.373  52.190 0.0000000000
53328  16.036  -19.882  52.937 0.0000000000
66870  28.156  -7.559  41.630 0.0000000000
66785  23.400  -8.614  44.912 0.0000000000
66805  27.432  -8.879  44.303 0.0000000000
65700  30.583  -9.852  43.574 0.0000000000
59705  29.987  -14.816  52.363 0.0000000000
81950  49.879  4.523  23.744 0.0000000000
80714  48.093  3.775  27.272 0.0000000000
80730  49.863  2.890  25.802 0.0000000000
77336  41.164  0.645  32.978 0.0000000000
77304  42.199  -0.286  34.512 0.0000000000
77322  40.560  0.578  33.351 0.0000000000
60940  25.714  -13.784  48.710 0.0000000000
60931  27.147  -13.651  48.578 0.0000000000
59761  26.449  -14.810  48.847 0.0000000000
80664  40.143  3.650  33.055 0.0000000000
81855  40.847  4.009  32.822 0.0000000000
79479  40.862  2.473  32.434 0.0000000000
78401  41.975  1.373  32.168 0.0000000000
40868  -2.908  -30.530  70.215 0.0000000000
78346  33.663  2.714  38.904 0.0000000000
77233  33.980  1.580  40.566 0.0000000000
68008  31.245  -7.442  40.157 0.0000000000
68006  33.229  -7.686  40.057 0.0000000000
66866  32.586  -8.951  41.217 0.0000000000
66843  33.824  -9.330  42.275 0.0000000000
65715  32.680  -9.604  42.495 0.0000000000
49484  5.523  -22.458  61.019 0.0000000000
48315  6.128  -23.303  60.861 0.0000000000
48316  5.281  -23.143  61.235 0.0000000000
47223  4.819  -24.166  62.016 0.0000000000
48297  4.244  -23.148  62.049 0.0000000000
58530  17.961  -13.973  52.369 0.0000000000
57124  17.360  -15.224  50.780 0.0000000000
57108  16.041  -15.342  51.849 0.0000000000
50832  13.834  -21.974  57.301 0.0000000000
71387  22.802  -4.246  48.949 0.0000000000
67844  29.960  -8.093  48.763 0.0000000000
69121  30.238  -4.541  41.909 0.0000000000
69095  29.974  -4.405  42.398 0.0000000000
52068  10.274  -19.836  55.936 0.0000000000
50836  9.946  -21.333  57.227 0.0000000000
53259  9.347  -19.182  56.668 0.0000000000
53225  7.249  -19.409  58.459 0.0000000000
54398  6.918  -18.485  59.800 0.0000000000
53213  6.532  -19.534  60.033 0.0000000000
57058  14.736  -15.173  55.228 0.0000000000
54466  10.899  -17.841  55.738 0.0000000000
54465  11.552  -17.444  55.476 0.0000000000
53275  10.780  -19.215  55.218 0.0000000000
52067  11.041  -20.668  55.783 0.0000000000
66689  23.582  -9.387  50.483 0.0000000000
65614  24.950  -10.396  50.021 0.0000000000
62051  28.588  -12.348  47.977 0.0000000000
63242  28.010  -11.809  47.594 0.0000000000
62042  30.430  -12.023  48.658 0.0000000000
64363  30.522  -10.454  48.760 0.0000000000
63225  31.283  -11.543  50.007 0.0000000000
81852  43.240  5.193  31.854 0.0000000000
81869  45.309  4.662  30.047 0.0000000000
80692  44.788  3.663  30.458 0.0000000000
77332  44.624  0.005  32.396 0.0000000000
78414  45.238  1.452  30.683 0.0000000000
77331  45.702  -0.121  32.364 0.0000000000
80648  36.827  3.576  34.979 0.0000000000
79451  37.017  2.336  34.863 0.0000000000
79452  36.314  2.274  35.344 0.0000000000
76175  34.547  -0.746  36.640 0.0000000000
76189  35.303  -0.227  36.258 0.0000000000
75097  36.355  -1.647  37.103 0.0000000000
73976  37.373  -2.722  37.821 0.0000000000
73977  36.044  -3.004  37.826 0.0000000000
73957  32.053  -1.965  40.341 0.0000000000
73968  32.234  -1.754  39.480 0.0000000000
72785  32.111  -3.331  39.211 0.0000000000
69164  34.739  -6.978  39.921 0.0000000000
71530  34.694  -5.164  38.899 0.0000000000
70299  36.041  -5.942  39.503 0.0000000000
71518  37.156  -5.701  39.902 0.0000000000
57123  24.053  -17.676  50.520 0.0000000000
57121  25.729  -17.500  51.179 0.0000000000
80630  36.562  4.743  37.335 0.0000000000
80638  37.313  4.453  35.518 0.0000000000
81838  38.325  4.206  34.238 0.0000000000
49538  9.583  -22.585  58.450 0.0000000000
49499  10.107  -23.639  60.400 0.0000000000
46140  4.280  -26.040  63.680 0.0000000000
46123  6.183  -26.215  65.334 0.0000000000
46124  5.121  -26.580  64.822 0.0000000000
45038  4.605  -27.119  65.564 0.0000000000
50727  1.957  -21.634  64.262 0.0000000000
48258  2.441  -23.288  63.391 0.0000000000
48243  1.266  -22.777  64.532 0.0000000000
46113  0.059  -25.196  66.172 0.0000000000
46126  0.800  -25.271  65.087 0.0000000000
45031  0.722  -27.153  65.567 0.0000000000
44019  1.395  -27.285  65.380 0.0000000000
44012  0.340  -27.335  65.995 0.0000000000
43036  1.174  -28.900  67.056 0.0000000000
44003  -0.747  -27.633  66.932 0.0000000000
46086  -1.873  -26.173  69.358 0.0000000000
43995  -1.651  -27.679  68.076 0.0000000000
44998  -2.258  -26.739  69.496 0.0000000000
43017  -2.527  -28.758  69.449 0.0000000000
44992  -3.132  -26.881  70.723 0.0000000000
59746  22.187  -13.760  50.617 0.0000000000
59763  23.046  -13.895  49.740 0.0000000000
59764  21.915  -14.433  49.335 0.0000000000
57159  22.153  -16.406  48.921 0.0000000000
57160  21.112  -16.097  48.948 0.0000000000
54563  18.510  -18.400  51.367 0.0000000000
55727  19.771  -18.145  50.558 0.0000000000
54545  19.636  -19.097  52.190 0.0000000000
54529  13.864  -18.277  52.818 0.0000000000
54528  15.178  -18.609  52.130 0.0000000000
53329  14.764  -19.566  52.871 0.0000000000
53291  17.077  -21.088  54.991 0.0000000000
77273  39.422  -0.117  35.959 0.0000000000
77272  40.289  -0.178  35.944 0.0000000000
77245  40.831  -0.408  37.647 0.0000000000
69073  25.969  -5.288  43.471 0.0000000000
69124  26.873  -5.971  42.315 0.0000000000
67971  26.250  -7.069  42.638 0.0000000000
65639  23.612  -10.289  46.924 0.0000000000
66737  22.469  -8.709  46.353 0.0000000000
65654  23.807  -9.775  46.146 0.0000000000
67909  28.587  -7.870  46.456 0.0000000000
66782  26.861  -8.765  45.186 0.0000000000
66779  29.206  -8.822  45.548 0.0000000000
66825  29.079  -9.456  43.649 0.0000000000
66778  30.272  -8.947  45.738 0.0000000000
66777  31.537  -9.595  45.514 0.0000000000
58544  28.322  -15.608  51.957 0.0000000000
83066  48.988  5.407  24.695 0.0000000000
79512  47.024  3.285  28.531 0.0000000000
80715  47.557  3.910  27.597 0.0000000000
79510  48.001  2.815  27.854 0.0000000000
79517  50.016  1.802  27.005 0.0000000000
79536  50.872  1.927  26.385 0.0000000000
54446  10.340  -17.567  56.767 0.0000000000
54424  9.158  -17.775  57.297 0.0000000000
77319  43.361  -0.088  33.230 0.0000000000
76208  44.718  -0.328  34.408 0.0000000000
77303  43.457  -0.275  34.420 0.0000000000
63226  25.715  -11.592  50.830 0.0000000000
63235  26.379  -11.821  49.158 0.0000000000
62045  26.509  -12.675  48.903 0.0000000000
62044  27.737  -12.798  48.139 0.0000000000
60930  28.622  -13.697  49.103 0.0000000000
82954  42.097  6.458  33.872 0.0000000000
81854  41.621  4.859  32.695 0.0000000000
80673  42.223  3.896  31.906 0.0000000000
80683  43.255  3.692  31.198 0.0000000000
79487  43.638  2.796  31.012 0.0000000000
78416  43.132  2.171  31.304 0.0000000000
78400  42.972  1.229  31.701 0.0000000000
40892  -0.659  -31.001  69.359 0.0000000000
80631  35.716  4.037  37.051 0.0000000000
79443  35.022  2.555  36.527 0.0000000000
79436  34.586  2.892  37.197 0.0000000000
78355  33.787  1.385  37.192 0.0000000000
76176  33.149  -0.640  37.402 0.0000000000
70291  31.279  -4.882  40.153 0.0000000000
71532  32.661  -4.362  38.830 0.0000000000
69177  33.061  -6.388  39.365 0.0000000000
68005  33.983  -7.483  40.039 0.0000000000
67984  35.225  -7.734  40.917 0.0000000000
67953  35.165  -8.791  42.646 0.0000000000
66799  35.142  -9.619  44.300 0.0000000000
54521  23.604  -19.492  53.444 0.0000000000
49520  7.650  -22.578  59.586 0.0000000000
49500  8.885  -23.525  59.892 0.0000000000
48333  7.595  -23.629  60.414 0.0000000000
47233  7.404  -24.683  61.521 0.0000000000
47221  7.135  -25.144  62.163 0.0000000000
46154  4.725  -25.345  62.775 0.0000000000
46155  3.548  -25.093  63.061 0.0000000000
49429  0.471  -22.062  65.525 0.0000000000
47130  -0.475  -24.370  66.792 0.0000000000
46101  -0.708  -25.636  66.862 0.0000000000
45024  -0.954  -26.431  67.095 0.0000000000
47115  -1.281  -24.774  68.022 0.0000000000
47098  -1.720  -24.734  69.638 0.0000000000
47092  -2.291  -24.518  70.644 0.0000000000
58565  19.549  -14.573  50.120 0.0000000000
57142  19.371  -15.903  49.452 0.0000000000
57143  18.539  -15.328  49.891 0.0000000000
55729  17.322  -16.572  50.560 0.0000000000
55708  17.266  -17.717  51.266 0.0000000000
52094  13.814  -20.674  54.189 0.0000000000
52093  14.893  -20.888  54.236 0.0000000000
50860  15.073  -21.655  55.536 0.0000000000
76138  39.607  -1.627  38.219 0.0000000000
70192  23.831  -4.845  44.707 0.0000000000
66734  27.542  -9.246  46.858 0.0000000000
67887  27.329  -8.893  46.465 0.0000000000
67863  28.298  -8.214  47.634 0.0000000000
69023  28.962  -7.218  47.679 0.0000000000
84067  48.378  6.274  26.608 0.0000000000
40860  -4.698  -30.364  71.374 0.0000000000
73937  32.949  -1.104  42.028 0.0000000000
72757  32.475  -1.964  41.990 0.0000000000
71502  31.582  -3.303  41.308 0.0000000000
70272  31.206  -4.057  41.164 0.0000000000
69168  30.274  -6.148  40.627 0.0000000000
67988  29.599  -7.155  40.677 0.0000000000
50833  12.841  -22.072  57.312 0.0000000000
50815  12.630  -22.326  58.321 0.0000000000
50835  10.696  -21.689  57.185 0.0000000000
50817  10.442  -22.060  57.854 0.0000000000
50799  8.914  -22.194  58.296 0.0000000000
53239  8.585  -19.263  57.117 0.0000000000
52039  7.753  -20.610  58.052 0.0000000000
50800  8.108  -21.834  58.617 0.0000000000
50786  6.661  -21.479  59.778 0.0000000000
52017  6.118  -21.045  60.600 0.0000000000
52009  5.244  -20.647  61.437 0.0000000000
57109  15.515  -15.227  52.693 0.0000000000
57074  14.551  -15.608  54.044 0.0000000000
55674  13.947  -16.009  54.354 0.0000000000
54506  13.291  -18.201  53.273 0.0000000000
55640  12.700  -16.181  55.724 0.0000000000
54481  12.275  -17.831  54.307 0.0000000000
53313  12.365  -19.472  53.814 0.0000000000
52082  11.794  -20.520  54.644 0.0000000000
50847  12.159  -21.691  56.419 0.0000000000
68953  22.815  -6.240  51.225 0.0000000000
68984  22.335  -7.092  49.603 0.0000000000
67845  22.467  -8.135  50.062 0.0000000000
65616  23.663  -10.282  49.189 0.0000000000
64384  25.021  -10.859  47.967 0.0000000000
64374  25.970  -11.224  48.429 0.0000000000
64382  26.749  -11.230  47.245 0.0000000000
65636  27.514  -10.210  46.877 0.0000000000
65623  29.200  -9.743  47.957 0.0000000000
65611  30.984  -9.823  49.355 0.0000000000
83002  46.155  5.321  29.041 0.0000000000
80697  46.106  3.901  29.003 0.0000000000
79493  46.335  2.524  29.575 0.0000000000
79486  44.569  2.687  30.622 0.0000000000
78427  45.939  1.998  30.118 0.0000000000
79470  39.067  2.288  33.259 0.0000000000
78380  39.070  0.873  33.872 0.0000000000
78381  38.501  1.123  34.181 0.0000000000
77293  38.455  0.449  35.051 0.0000000000
77274  38.435  -0.123  36.039 0.0000000000
77276  35.846  0.494  35.795 0.0000000000
77275  37.267  -0.265  36.077 0.0000000000
76171  38.539  -1.179  37.333 0.0000000000
75086  38.592  -1.772  37.766 0.0000000000
73966  38.759  -2.772  38.620 0.0000000000
76141  32.789  0.264  39.636 0.0000000000
75088  32.559  -1.239  38.462 0.0000000000
73991  34.099  -2.517  37.480 0.0000000000
71539  33.465  -4.091  38.535 0.0000000000
72793  34.099  -3.744  38.156 0.0000000000
73978  34.869  -3.318  37.751 0.0000000000
72784  36.595  -4.529  38.623 0.0000000000
58577  25.043  -15.846  49.163 0.0000000000
58576  26.292  -15.512  49.429 0.0000000000
57136  25.423  -16.856  50.549 0.0000000000
57120  26.402  -17.012  51.573 0.0000000000
81837  39.113  4.848  34.221 0.0000000000
80656  38.780  3.836  33.653 0.0000000000
52000  4.270  -20.410  62.376 0.0000000000
50742  3.384  -21.225  63.047 0.0000000000
49465  3.784  -22.250  62.297 0.0000000000
48277  3.135  -23.273  62.874 0.0000000000
47208  3.033  -24.179  63.077 0.0000000000
46141  2.783  -25.459  63.740 0.0000000000
47188  1.206  -24.320  64.571 0.0000000000
46142  1.577  -25.398  64.371 0.0000000000
45051  2.488  -26.377  64.446 0.0000000000
45039  3.221  -27.338  65.195 0.0000000000
44010  2.628  -28.349  66.495 0.0000000000
40899  -0.019  -30.378  68.442 0.0000000000
43994  -1.198  -27.896  67.411 0.0000000000
43030  -0.927  -28.825  67.646 0.0000000000
42004  -1.071  -29.991  68.435 0.0000000000
41995  -2.074  -29.742  69.197 0.0000000000
41986  -2.809  -29.610  69.825 0.0000000000
43011  -3.675  -29.042  70.629 0.0000000000
43957  -3.679  -26.728  71.245 0.0000000000
43966  -3.879  -27.423  71.156 0.0000000000
41962  -4.013  -29.019  71.005 0.0000000000
60941  24.994  -13.828  48.988 0.0000000000
59762  23.970  -13.613  50.165 0.0000000000
58600  24.582  -15.069  48.627 0.0000000000
58578  23.904  -15.788  48.914 0.0000000000
57138  23.526  -17.326  49.904 0.0000000000
55724  23.031  -18.495  50.851 0.0000000000
55744  20.565  -17.602  49.905 0.0000000000
55726  20.933  -18.443  50.563 0.0000000000
54559  22.492  -19.067  51.454 0.0000000000
55710  15.237  -16.138  52.215 0.0000000000
54548  16.308  -18.108  51.715 0.0000000000
54526  17.876  -19.460  52.750 0.0000000000
53310  15.446  -20.495  53.575 0.0000000000
53327  17.265  -19.969  53.246 0.0000000000
54505  18.355  -19.979  53.374 0.0000000000
77291  40.329  -0.027  35.116 0.0000000000
70255  28.384  -5.293  41.857 0.0000000000
67989  28.578  -7.039  41.190 0.0000000000
66869  28.792  -8.187  41.424 0.0000000000
69025  22.382  -5.977  47.517 0.0000000000
69041  22.642  -6.846  46.148 0.0000000000
67942  24.325  -7.275  43.687 0.0000000000
66759  26.211  -9.115  45.644 0.0000000000
66807  25.265  -8.627  43.764 0.0000000000
66829  25.334  -7.881  43.166 0.0000000000
66827  27.104  -8.600  43.262 0.0000000000
66847  28.915  -9.103  42.422 0.0000000000
65717  30.738  -9.810  42.526 0.0000000000
65682  31.862  -9.951  44.324 0.0000000000
59743  27.959  -15.018  50.292 0.0000000000
59742  28.692  -14.629  50.694 0.0000000000
60909  29.981  -13.890  51.090 0.0000000000
60878  30.802  -13.856  52.563 0.0000000000
62023  30.970  -12.772  50.686 0.0000000000
84120  50.675  5.916  22.790 0.0000000000
83022  47.812  5.491  26.978 0.0000000000
81910  48.586  4.620  26.018 0.0000000000
79509  48.574  2.278  27.788 0.0000000000
80731  48.979  3.608  26.290 0.0000000000
80749  48.977  3.613  25.199 0.0000000000
80748  50.058  3.326  25.071 0.0000000000
80763  51.378  3.397  24.336 0.0000000000
59778  25.192  -14.371  48.608 0.0000000000
59777  26.048  -14.383  48.598 0.0000000000
79469  40.033  2.321  32.853 0.0000000000
78402  40.936  1.384  32.564 0.0000000000
40869  -3.494  -30.619  70.645 0.0000000000
66885  31.270  -8.570  40.519 0.0000000000
66884  32.027  -8.728  40.749 0.0000000000
66845  32.314  -9.403  41.824 0.0000000000
48296  4.721  -23.133  61.613 0.0000000000
49475  4.335  -22.391  61.851 0.0000000000
58531  16.864  -14.339  52.352 0.0000000000
57125  16.842  -15.057  51.501 0.0000000000
50814  13.653  -22.114  58.323 0.0000000000
71366  22.916  -4.638  49.863 0.0000000000
52055  10.064  -20.510  56.461 0.0000000000
54467  10.446  -17.973  56.155 0.0000000000
53276  10.376  -19.062  55.646 0.0000000000
65605  24.949  -10.097  50.992 0.0000000000
62043  29.490  -12.551  48.496 0.0000000000
62032  30.631  -12.297  49.349 0.0000000000
81861  43.532  4.872  31.426 0.0000000000
82985  43.851  5.617  31.596 0.0000000000
81860  44.168  4.787  30.905 0.0000000000
81870  44.789  4.686  30.485 0.0000000000
77316  46.571  -0.388  33.418 0.0000000000
40891  0.528  -30.744  69.195 0.0000000000
80649  36.280  3.024  35.511 0.0000000000
75098  35.383  -1.663  36.979 0.0000000000
73989  36.183  -2.248  37.435 0.0000000000
73969  32.079  -2.486  39.710 0.0000000000
69163  35.685  -7.001  39.977 0.0000000000
70289  35.569  -6.513  39.736 0.0000000000
70288  36.339  -6.602  40.047 0.0000000000
55723  23.941  -18.257  51.074 0.0000000000
55722  24.732  -18.417  51.329 0.0000000000
55705  24.289  -19.138  51.726 0.0000000000
81820  37.130  4.704  36.450 0.0000000000
49517  10.235  -23.043  59.164 0.0000000000
49442  1.396  -22.089  64.354 0.0000000000
45032  0.152  -26.335  65.924 0.0000000000
45042  0.410  -25.644  65.565 0.0000000000
44002  0.330  -28.021  66.522 0.0000000000
46077  -1.939  -25.591  69.957 0.0000000000
44991  -2.724  -26.684  70.234 0.0000000000
43974  -2.847  -27.340  70.087 0.0000000000
59730  20.554  -13.812  51.009 0.0000000000
59729  21.450  -13.679  51.792 0.0000000000
59747  21.125  -13.950  50.374 0.0000000000
59765  20.717  -14.469  49.667 0.0000000000
58581  20.925  -15.085  49.058 0.0000000000
57161  20.236  -15.646  49.258 0.0000000000
54562  19.152  -18.607  51.311 0.0000000000
54524  20.164  -19.855  52.938 0.0000000000
54525  18.996  -19.713  52.937 0.0000000000
53330  13.872  -19.372  53.035 0.0000000000
77258  39.578  -0.624  36.759 0.0000000000
70214  25.133  -4.847  43.956 0.0000000000
70190  25.595  -4.085  44.240 0.0000000000
69074  25.504  -5.464  43.545 0.0000000000
69097  26.186  -5.655  43.041 0.0000000000
65653  24.528  -10.062  46.422 0.0000000000
67908  29.350  -7.781  46.627 0.0000000000
67925  28.935  -8.089  45.922 0.0000000000
67924  29.754  -8.230  46.116 0.0000000000
66758  30.424  -8.567  46.442 0.0000000000
66757  30.995  -8.888  46.594 0.0000000000
84075  48.948  6.646  25.472 0.0000000000
84085  49.214  6.267  24.784 0.0000000000
79500  47.190  2.651  28.716 0.0000000000
79511  47.452  3.084  28.226 0.0000000000
78449  47.689  2.459  28.438 0.0000000000
55621  10.517  -17.019  57.364 0.0000000000
54423  10.000  -17.432  57.223 0.0000000000
55605  10.188  -16.765  57.967 0.0000000000
55620  10.791  -16.983  57.162 0.0000000000
76219  43.948  -0.308  33.798 0.0000000000
76211  41.705  -0.286  34.802 0.0000000000
62034  26.103  -12.220  50.003 0.0000000000
81844  41.196  5.216  33.214 0.0000000000
80674  41.400  3.314  32.305 0.0000000000
81862  42.842  4.189  31.541 0.0000000000
80684  42.675  3.454  31.477 0.0000000000
79488  42.957  2.925  31.268 0.0000000000
77334  42.632  0.458  32.493 0.0000000000
77333  43.613  0.280  32.265 0.0000000000
39732  -1.710  -31.080  69.639 0.0000000000
79426  34.812  3.924  37.795 0.0000000000
79427  34.029  3.453  38.382 0.0000000000
78347  33.321  1.840  38.328 0.0000000000
77248  33.209  0.909  37.820 0.0000000000
77261  33.758  0.339  36.841 0.0000000000
77262  33.172  0.243  37.504 0.0000000000
70290  32.002  -5.318  39.612 0.0000000000
69166  32.160  -6.584  39.563 0.0000000000
67986  33.091  -8.448  40.674 0.0000000000
67968  34.983  -8.504  42.030 0.0000000000
66864  34.331  -8.859  41.747 0.0000000000
65697  33.479  -9.688  43.188 0.0000000000
66823  34.296  -9.423  42.932 0.0000000000
66800  34.422  -9.624  43.576 0.0000000000
65679  34.549  -9.726  44.843 0.0000000000
80621  35.552  4.710  38.282 0.0000000000
49502  7.058  -22.584  59.910 0.0000000000
49501  7.980  -23.191  59.898 0.0000000000
48334  6.847  -23.266  60.445 0.0000000000
48314  7.109  -23.979  60.961 0.0000000000
47222  5.998  -24.908  62.137 0.0000000000
47206  4.537  -24.707  62.339 0.0000000000
46166  5.243  -25.044  62.361 0.0000000000
48192  -0.803  -23.419  67.797 0.0000000000
47114  -1.048  -24.730  67.488 0.0000000000
46093  -1.041  -25.320  67.343 0.0000000000
47105  -1.255  -24.172  68.139 0.0000000000
47099  -1.959  -24.781  70.124 0.0000000000
58529  18.926  -13.758  52.348 0.0000000000
58549  19.179  -14.121  51.326 0.0000000000
58548  20.011  -13.788  51.387 0.0000000000
57144  18.088  -14.962  50.467 0.0000000000
55730  16.606  -15.763  51.031 0.0000000000
52081  13.303  -21.289  55.093 0.0000000000
52080  14.477  -21.356  54.892 0.0000000000
50861  14.339  -21.685  55.579 0.0000000000
70171  24.067  -3.974  45.290 0.0000000000
70172  23.216  -4.589  45.898 0.0000000000
66714  28.371  -8.960  47.707 0.0000000000
66715  28.003  -8.597  47.344 0.0000000000
68983  29.836  -7.532  48.603 0.0000000000
69003  29.444  -7.164  48.293 0.0000000000
70271  31.440  -3.477  41.869 0.0000000000
71503  31.425  -4.132  40.792 0.0000000000
69143  30.609  -4.794  41.072 0.0000000000
68009  30.512  -7.014  40.403 0.0000000000
50834  11.654  -21.859  57.092 0.0000000000
50818  9.379  -21.745  57.734 0.0000000000
50819  8.450  -21.479  57.937 0.0000000000
54425  8.213  -18.220  57.585 0.0000000000
50801  7.342  -21.805  59.293 0.0000000000
52025  6.673  -20.621  59.463 0.0000000000
52007  6.042  -20.234  60.676 0.0000000000
52016  6.261  -20.592  60.317 0.0000000000
50772  5.968  -21.381  60.747 0.0000000000
58488  15.341  -14.926  54.550 0.0000000000
55675  13.319  -17.278  53.678 0.0000000000
55676  12.686  -17.597  54.000 0.0000000000
54483  11.164  -18.375  55.122 0.0000000000
54482  11.637  -18.264  54.637 0.0000000000
54508  12.067  -18.663  54.029 0.0000000000
53292  11.742  -19.401  54.201 0.0000000000
52096  12.124  -19.991  54.156 0.0000000000
52066  12.349  -21.453  55.621 0.0000000000
68968  23.116  -7.661  51.307 0.0000000000
68969  22.585  -6.962  50.728 0.0000000000
67832  22.961  -8.267  50.815 0.0000000000
65615  24.399  -10.359  49.599 0.0000000000
66699  23.571  -9.975  49.800 0.0000000000
65624  24.417  -10.676  48.480 0.0000000000
63236  26.141  -11.317  49.013 0.0000000000
63244  26.285  -11.540  48.625 0.0000000000
63248  27.494  -11.424  47.259 0.0000000000
63249  27.241  -11.600  47.447 0.0000000000
64381  27.889  -10.982  46.976 0.0000000000
65635  28.362  -9.998  47.198 0.0000000000
64362  31.209  -10.560  49.533 0.0000000000
82963  43.107  6.224  32.851 0.0000000000
84052  46.447  6.303  29.380 0.0000000000
83003  45.761  5.295  29.552 0.0000000000
80698  45.757  3.730  29.570 0.0000000000
79502  46.127  3.268  29.450 0.0000000000
77347  46.019  0.452  31.334 0.0000000000
78426  46.836  1.498  29.807 0.0000000000
80666  38.570  2.921  33.433 0.0000000000
78391  38.676  1.833  33.580 0.0000000000
79461  38.050  2.346  33.861 0.0000000000
78373  36.471  1.359  35.296 0.0000000000
78372  37.649  1.190  34.782 0.0000000000
77294  37.479  0.475  35.415 0.0000000000
78363  34.735  1.699  36.411 0.0000000000
78362  35.576  1.479  35.697 0.0000000000
76188  36.361  -0.527  36.303 0.0000000000
76187  37.167  -0.757  36.611 0.0000000000
77260  37.665  -0.713  36.697 0.0000000000
76172  37.763  -1.153  37.138 0.0000000000
76156  38.401  -1.449  37.498 0.0000000000
75087  37.965  -1.839  37.556 0.0000000000
76140  33.258  0.688  40.545 0.0000000000
75077  32.809  0.134  40.363 0.0000000000
75100  33.254  -1.890  37.562 0.0000000000
73992  33.433  -2.501  37.730 0.0000000000
70302  32.854  -5.527  39.140 0.0000000000
71531  33.690  -4.887  38.841 0.0000000000
71538  34.372  -4.442  38.519 0.0000000000
71537  35.304  -4.656  38.541 0.0000000000
72792  34.935  -4.068  38.180 0.0000000000
72791  36.002  -4.015  38.201 0.0000000000
71536  36.103  -4.761  38.697 0.0000000000
57157  24.177  -16.508  49.512 0.0000000000
58563  25.630  -16.174  49.911 0.0000000000
57156  24.960  -16.521  49.820 0.0000000000
57106  26.101  -18.034  52.030 0.0000000000
81836  39.837  5.524  34.774 0.0000000000
80657  38.022  3.430  33.883 0.0000000000
50816  11.481  -22.389  58.348 0.0000000000
50797  12.548  -22.529  59.482 0.0000000000
50798  11.813  -22.763  59.696 0.0000000000
48332  8.521  -23.863  60.555 0.0000000000
47185  6.535  -26.044  64.693 0.0000000000
51999  4.692  -20.199  62.002 0.0000000000
50726  2.627  -21.205  63.995 0.0000000000
50725  3.193  -20.730  63.749 0.0000000000
49466  3.213  -22.332  62.792 0.0000000000
47186  2.404  -24.264  63.561 0.0000000000
46156  2.904  -24.780  63.302 0.0000000000
48226  0.290  -23.228  65.911 0.0000000000
48244  1.026  -23.267  64.904 0.0000000000
47166  0.678  -24.193  65.296 0.0000000000
46125  1.368  -26.039  64.787 0.0000000000
46143  1.022  -24.798  64.783 0.0000000000
45052  1.813  -26.190  64.579 0.0000000000
44011  1.319  -27.929  66.132 0.0000000000
42009  0.464  -29.339  67.394 0.0000000000
41993  0.710  -30.321  68.396 0.0000000000
42003  0.016  -29.665  67.855 0.0000000000
45014  -1.367  -26.921  67.619 0.0000000000
43988  -2.205  -27.711  68.870 0.0000000000
43031  -1.714  -28.735  68.409 0.0000000000
42005  -1.769  -29.306  68.759 0.0000000000
41994  -1.394  -30.448  68.996 0.0000000000
43018  -2.868  -28.475  69.886 0.0000000000
41985  -2.595  -29.142  69.563 0.0000000000
41975  -3.445  -29.663  70.380 0.0000000000
44984  -3.444  -26.299  71.145 0.0000000000
44974  -3.755  -25.827  71.539 0.0000000000
43003  -4.185  -28.300  71.172 0.0000000000
43004  -4.537  -28.246  71.401 0.0000000000
60933  25.470  -13.372  49.344 0.0000000000
59780  22.953  -14.483  48.962 0.0000000000
59779  24.175  -14.146  49.039 0.0000000000
58601  23.529  -15.023  48.647 0.0000000000
58579  22.895  -15.706  48.756 0.0000000000
57139  22.440  -17.227  49.539 0.0000000000
55742  22.704  -17.922  50.236 0.0000000000
57141  20.325  -16.644  49.387 0.0000000000
54561  20.251  -18.844  51.339 0.0000000000
54560  21.392  -18.982  51.415 0.0000000000
54543  21.923  -19.467  52.264 0.0000000000
57089  14.981  -15.502  53.290 0.0000000000
54549  15.290  -17.318  51.878 0.0000000000
54527  16.688  -19.249  52.297 0.0000000000
52092  15.824  -21.030  54.355 0.0000000000
53290  17.853  -21.041  55.361 0.0000000000
53309  16.807  -20.744  54.133 0.0000000000
53308  18.155  -20.335  54.171 0.0000000000
53326  17.914  -19.985  53.357 0.0000000000
77307  39.441  0.449  34.213 0.0000000000
70233  28.245  -4.513  42.709 0.0000000000
67969  27.473  -7.050  41.855 0.0000000000
69146  28.214  -6.273  41.478 0.0000000000
67990  28.114  -7.008  41.530 0.0000000000
69004  22.307  -6.667  48.541 0.0000000000
67865  22.170  -7.840  48.010 0.0000000000
66762  22.904  -8.718  45.563 0.0000000000
67912  22.538  -7.844  45.883 0.0000000000
67929  22.953  -8.015  45.164 0.0000000000
67928  23.567  -7.565  44.423 0.0000000000
67911  27.141  -8.628  46.140 0.0000000000
66781  27.800  -8.636  45.252 0.0000000000
66806  26.394  -8.880  44.054 0.0000000000
66828  26.105  -8.197  43.106 0.0000000000
66824  29.907  -9.695  43.899 0.0000000000
66846  29.874  -9.607  42.879 0.0000000000
65699  31.378  -9.891  43.356 0.0000000000
65683  31.123  -9.915  44.119 0.0000000000
66776  32.835  -9.578  45.841 0.0000000000
58575  27.192  -15.473  50.056 0.0000000000
58561  27.617  -15.663  50.991 0.0000000000
59724  29.203  -14.851  51.634 0.0000000000
59725  28.341  -15.127  51.126 0.0000000000
60910  29.245  -14.371  50.911 0.0000000000
59723  29.972  -14.529  51.756 0.0000000000
62014  31.114  -13.159  51.994 0.0000000000
62013  31.764  -12.447  51.616 0.0000000000
83065  49.578  5.529  24.056 0.0000000000
84099  50.026  6.084  23.529 0.0000000000
83083  50.372  4.990  23.197 0.0000000000
81964  50.545  4.139  23.536 0.0000000000
83014  46.644  5.309  28.588 0.0000000000
81892  47.899  4.596  27.048 0.0000000000
81911  48.263  4.589  26.524 0.0000000000
80732  48.551  3.821  26.787 0.0000000000
79537  49.738  2.467  26.494 0.0000000000
80766  48.879  3.717  24.757 0.0000000000
77335  41.750  0.618  32.783 0.0000000000
77321  41.539  0.194  33.496 0.0000000000
77305  41.276  -0.035  34.232 0.0000000000
60932  26.163  -13.176  49.112 0.0000000000
60939  26.399  -13.852  48.540 0.0000000000
59776  26.725  -14.306  48.689 0.0000000000
59760  27.429  -14.697  49.217 0.0000000000
80675  40.648  3.155  32.665 0.0000000000
79478  41.465  2.209  32.172 0.0000000000
39724  -2.490  -31.037  70.127 0.0000000000
79416  34.196  3.213  39.317 0.0000000000
78336  33.531  2.033  39.476 0.0000000000
77234  33.034  1.071  39.228 0.0000000000
68007  32.206  -8.097  40.211 0.0000000000
67987  32.477  -8.590  40.682 0.0000000000
66865  33.572  -8.911  41.395 0.0000000000
66844  33.046  -9.317  41.935 0.0000000000
65714  33.263  -9.527  42.465 0.0000000000
49483  5.956  -22.166  60.696 0.0000000000
47235  5.601  -24.010  61.433 0.0000000000
47236  5.096  -23.631  61.553 0.0000000000
47224  4.153  -23.702  62.210 0.0000000000
48176  -1.210  -23.552  68.763 0.0000000000
58550  18.193  -14.375  51.185 0.0000000000
58551  17.412  -14.543  51.582 0.0000000000
50846  13.045  -21.805  56.461 0.0000000000
50845  13.918  -21.818  56.238 0.0000000000
71407  22.784  -3.891  47.810 0.0000000000
66697  30.144  -8.718  48.946 0.0000000000
67843  30.806  -8.307  49.275 0.0000000000
69120  31.005  -3.917  42.411 0.0000000000
69122  29.544  -4.921  41.744 0.0000000000
54409  7.749  -17.867  58.534 0.0000000000
54410  7.236  -18.566  59.112 0.0000000000
53226  6.886  -19.535  59.222 0.0000000000
54444  11.614  -16.648  56.402 0.0000000000
52083  11.072  -20.018  54.999 0.0000000000
66688  24.240  -9.345  51.252 0.0000000000
65606  24.445  -9.940  50.489 0.0000000000
64366  25.242  -10.705  49.278 0.0000000000
62050  28.894  -12.111  47.907 0.0000000000
63241  29.297  -11.635  47.776 0.0000000000
64371  29.716  -10.667  48.040 0.0000000000
63233  30.206  -11.496  48.269 0.0000000000
63232  30.795  -11.410  49.041 0.0000000000
81853  42.777  4.915  32.027 0.0000000000
82973  44.063  6.134  31.736 0.0000000000
82992  45.452  5.475  30.136 0.0000000000
80691  45.331  3.927  30.063 0.0000000000
79495  45.165  3.156  30.312 0.0000000000
77349  44.135  0.553  31.744 0.0000000000
77348  44.918  0.525  31.521 0.0000000000
77330  46.874  -0.094  32.249 0.0000000000
79462  37.534  2.390  34.342 0.0000000000
76190  34.526  0.065  36.415 0.0000000000
76174  35.791  -1.023  36.627 0.0000000000
75096  37.182  -1.767  37.287 0.0000000000
73988  36.786  -2.107  37.384 0.0000000000
72790  36.702  -3.459  38.048 0.0000000000
73956  32.424  -1.101  40.980 0.0000000000
75078  32.377  -0.475  39.949 0.0000000000
73981  32.234  -2.637  38.982 0.0000000000
72795  32.544  -3.121  38.605 0.0000000000
69175  34.411  -6.277  39.396 0.0000000000
70301  34.077  -5.725  39.098 0.0000000000
70300  35.027  -5.976  39.376 0.0000000000
71528  36.889  -5.233  39.201 0.0000000000
70298  36.708  -5.924  39.802 0.0000000000
57122  24.812  -17.719  50.867 0.0000000000
57107  25.359  -18.142  51.404 0.0000000000
81801  37.191  5.319  37.914 0.0000000000
81812  37.400  4.991  37.083 0.0000000000
81819  37.992  5.031  36.283 0.0000000000
81828  38.230  4.731  35.046 0.0000000000
80647  37.627  3.964  34.596 0.0000000000
49537  10.259  -22.543  58.364 0.0000000000
49516  10.998  -22.791  58.971 0.0000000000
46139  5.845  -26.197  63.891 0.0000000000
45030  4.131  -27.634  66.270 0.0000000000
49454  2.627  -22.337  63.243 0.0000000000
49455  2.058  -22.292  63.830 0.0000000000
48259  1.751  -23.293  64.147 0.0000000000
46127  0.348  -24.982  65.625 0.0000000000
47167  0.478  -24.647  65.472 0.0000000000
45041  0.899  -26.400  65.217 0.0000000000
43044  1.334  -28.469  66.568 0.0000000000
44001  1.030  -28.368  66.524 0.0000000000
43037  -0.091  -28.672  67.202 0.0000000000
45006  -1.893  -26.714  68.757 0.0000000000
45015  -1.646  -26.904  68.173 0.0000000000
43981  -2.686  -27.758  69.698 0.0000000000
43982  -2.897  -27.942  69.972 0.0000000000
43975  -2.994  -27.634  70.278 0.0000000000
43968  -4.562  -26.882  71.675 0.0000000000
58603  22.195  -14.817  48.779 0.0000000000
58580  21.931  -15.366  48.693 0.0000000000
55728  18.455  -17.739  50.739 0.0000000000
52063  16.659  -21.443  55.877 0.0000000000
52078  16.431  -21.226  55.061 0.0000000000
52077  17.103  -21.255  55.479 0.0000000000
77257  40.448  -0.416  36.706 0.0000000000
70213  26.156  -4.643  43.711 0.0000000000
70235  26.605  -4.842  43.257 0.0000000000
70234  27.094  -4.913  42.810 0.0000000000
69096  26.697  -5.510  42.712 0.0000000000
67970  26.622  -7.045  42.345 0.0000000000
66716  22.369  -9.117  48.330 0.0000000000
65640  22.889  -9.579  46.661 0.0000000000
65655  23.083  -9.334  45.979 0.0000000000
66761  23.731  -9.291  45.424 0.0000000000
67927  27.552  -8.381  45.795 0.0000000000
67926  28.180  -8.149  45.860 0.0000000000
66804  28.502  -9.009  44.640 0.0000000000
66803  29.574  -9.319  44.700 0.0000000000
66802  30.580  -9.682  44.630 0.0000000000
66801  31.266  -9.840  44.662 0.0000000000
58545  27.295  -16.372  51.899 0.0000000000
58543  28.943  -15.329  52.252 0.0000000000
59706  29.414  -15.227  52.618 0.0000000000
80707  46.637  3.715  28.563 0.0000000000
81884  47.118  4.604  28.082 0.0000000000
80706  47.171  3.892  28.080 0.0000000000
80705  47.639  3.471  27.773 0.0000000000
79519  48.497  2.893  27.384 0.0000000000
79555  50.662  2.703  25.479 0.0000000000
54447  9.719  -18.118  56.755 0.0000000000
54445  11.051  -16.983  56.792 0.0000000000
77318  44.214  -0.226  33.173 0.0000000000
76217  44.945  -0.371  34.200 0.0000000000
77302  44.447  -0.243  34.881 0.0000000000
77288  43.072  -0.058  35.496 0.0000000000
64364  25.612  -11.237  50.438 0.0000000000
60929  29.453  -13.174  49.294 0.0000000000
82965  41.519  5.715  33.461 0.0000000000
82976  41.971  5.701  32.906 0.0000000000
78399  43.647  0.829  31.663 0.0000000000
80640  35.804  3.376  36.211 0.0000000000
79435  35.233  3.211  36.740 0.0000000000
78354  33.896  2.399  37.641 0.0000000000
78364  34.282  0.897  36.611 0.0000000000
75099  34.231  -1.703  37.088 0.0000000000
71519  31.919  -4.205  39.870 0.0000000000
69165  33.492  -6.968  39.622 0.0000000000
69142  35.079  -7.547  40.574 0.0000000000
67952  35.888  -8.308  42.937 0.0000000000
66821  35.699  -9.042  43.768 0.0000000000
66842  34.612  -9.023  42.474 0.0000000000
66822  35.050  -9.160  43.222 0.0000000000
54542  23.163  -19.449  52.305 0.0000000000
54541  24.101  -19.406  52.691 0.0000000000
49519  8.173  -22.695  59.338 0.0000000000
48313  8.102  -24.373  61.262 0.0000000000
46153  5.850  -25.617  62.853 0.0000000000
48227  0.102  -23.529  66.214 0.0000000000
47149  0.206  -24.138  66.001 0.0000000000
46102  -1.001  -25.881  67.216 0.0000000000
46094  -1.266  -25.614  67.745 0.0000000000
47106  -1.426  -24.622  68.693 0.0000000000
46085  -1.655  -25.630  69.031 0.0000000000
46076  -1.725  -25.315  69.572 0.0000000000
59731  20.008  -14.167  50.593 0.0000000000
58564  19.932  -14.565  49.946 0.0000000000
57162  19.764  -15.154  49.565 0.0000000000
55746  18.399  -16.509  49.919 0.0000000000
55747  17.827  -15.725  50.153 0.0000000000
55707  18.025  -18.264  51.476 0.0000000000
53311  14.319  -20.200  53.482 0.0000000000
50844  14.951  -21.786  56.257 0.0000000000
50843  15.614  -21.674  56.030 0.0000000000
52064  15.985  -21.482  55.636 0.0000000000
70191  24.759  -4.126  44.593 0.0000000000
69075  24.346  -5.984  43.934 0.0000000000
66735  26.277  -9.562  46.265 0.0000000000
67886  27.897  -8.221  47.000 0.0000000000
67862  28.972  -7.852  48.218 0.0000000000
67885  28.523  -7.786  47.578 0.0000000000
69024  28.516  -7.668  47.239 0.0000000000
69038  28.863  -7.510  47.009 0.0000000000
69037  29.578  -7.268  47.250 0.0000000000
83033  48.617  5.635  25.981 0.0000000000
78448  48.226  1.982  28.409 0.0000000000
41977  -4.218  -30.040  71.117 0.0000000000
75064  33.107  -0.098  41.191 0.0000000000
73955  33.092  -0.646  41.740 0.0000000000
72774  32.103  -1.898  40.994 0.0000000000
72758  31.925  -2.615  41.479 0.0000000000
71520  31.535  -4.152  40.511 0.0000000000
66886  30.501  -7.956  40.430 0.0000000000
52038  8.410  -20.569  57.432 0.0000000000
53240  7.756  -19.315  57.682 0.0000000000
50787  6.313  -21.702  60.297 0.0000000000
50773  5.468  -21.490  61.099 0.0000000000
50758  4.886  -21.139  61.573 0.0000000000
58532  16.081  -14.677  52.762 0.0000000000
58510  15.764  -14.751  53.574 0.0000000000
55690  13.779  -17.472  53.100 0.0000000000
54530  13.342  -18.822  53.138 0.0000000000
55659  12.679  -16.974  54.619 0.0000000000
54464  12.129  -17.202  55.119 0.0000000000
54507  12.714  -18.432  53.570 0.0000000000
52095  12.731  -20.370  54.141 0.0000000000
70116  22.679  -5.542  50.592 0.0000000000
66690  22.856  -8.864  50.303 0.0000000000
66700  22.731  -9.459  49.552 0.0000000000
65625  23.369  -10.250  48.188 0.0000000000
65638  24.911  -10.575  47.097 0.0000000000
64365  25.499  -10.999  49.757 0.0000000000
63243  26.650  -11.782  47.897 0.0000000000
64373  26.381  -11.479  47.781 0.0000000000
64383  25.657  -10.973  47.616 0.0000000000
65637  26.443  -10.369  46.746 0.0000000000
66733  27.940  -9.558  47.158 0.0000000000
65622  29.890  -9.919  48.519 0.0000000000
65613  29.751  -9.293  48.627 0.0000000000
81877  45.664  4.604  29.498 0.0000000000
81876  46.050  4.591  28.952 0.0000000000
79501  46.632  3.101  29.031 0.0000000000
78438  46.863  2.278  29.174 0.0000000000
78428  45.319  2.462  30.329 0.0000000000
78390  39.406  1.178  33.403 0.0000000000
77308  38.912  0.487  34.604 0.0000000000
78382  37.715  1.864  34.369 0.0000000000
78371  38.192  0.931  34.675 0.0000000000
77259  38.485  -0.787  36.879 0.0000000000
79442  35.618  2.391  35.887 0.0000000000
76155  39.079  -1.424  37.738 0.0000000000
75076  39.044  -1.983  38.187 0.0000000000
73975  38.382  -2.235  37.937 0.0000000000
77235  32.815  0.340  38.957 0.0000000000
76157  32.700  -0.243  38.745 0.0000000000
71540  32.747  -3.683  38.623 0.0000000000
72794  33.205  -3.377  38.294 0.0000000000
73979  33.726  -3.023  37.874 0.0000000000
72783  37.310  -4.000  38.565 0.0000000000
71527  38.017  -4.627  39.470 0.0000000000
57135  26.037  -16.947  50.972 0.0000000000
82956  40.644  5.813  34.580 0.0000000000
81846  39.560  4.136  33.486 0.0000000000
80665  39.337  3.202  33.217 0.0000000000
50759  4.179  -21.238  62.069 0.0000000000
51988  3.958  -20.403  62.861 0.0000000000
48276  3.716  -23.172  62.420 0.0000000000
48260  1.422  -23.828  64.377 0.0000000000
44017  3.213  -27.866  66.060 0.0000000000
44018  2.279  -27.683  65.622 0.0000000000
44009  3.739  -28.147  66.851 0.0000000000
43038  -0.788  -28.290  67.221 0.0000000000
40900  -0.302  -30.633  68.785 0.0000000000
40893  -1.632  -30.752  69.341 0.0000000000
40894  -2.101  -30.431  69.468 0.0000000000
41996  -2.392  -30.114  69.517 0.0000000000
41976  -3.936  -29.600  70.870 0.0000000000
44983  -3.077  -26.149  70.827 0.0000000000
43965  -3.459  -27.504  70.855 0.0000000000
43001  -3.533  -28.119  70.714 0.0000000000
43002  -3.792  -28.422  70.842 0.0000000000
41963  -4.382  -29.430  71.220 0.0000000000
67819  24.132  -7.985  51.959 0.0000000000
60942  24.652  -13.865  49.155 0.0000000000
57158  23.188  -16.519  49.197 0.0000000000
55741  23.462  -17.943  50.525 0.0000000000
55743  21.670  -17.820  50.030 0.0000000000
55725  22.046  -18.542  50.696 0.0000000000
54547  17.430  -18.659  51.876 0.0000000000
54504  18.879  -20.145  53.774 0.0000000000
77323  39.919  0.519  33.733 0.0000000000
77306  40.451  0.143  34.260 0.0000000000
77290  41.342  -0.242  35.157 0.0000000000
77271  41.136  -0.211  36.025 0.0000000000
70232  29.345  -4.421  42.550 0.0000000000
70254  28.959  -5.115  41.667 0.0000000000
70256  27.639  -5.309  42.273 0.0000000000
70274  28.546  -5.712  41.448 0.0000000000
69145  28.920  -5.827  41.124 0.0000000000
66868  30.213  -9.146  41.345 0.0000000000
70125  22.461  -5.736  49.532 0.0000000000
70137  22.452  -5.206  48.263 0.0000000000
67888  22.117  -7.624  46.878 0.0000000000
69026  22.300  -6.582  46.924 0.0000000000
69040  22.761  -5.821  46.496 0.0000000000
69053  23.188  -6.092  45.216 0.0000000000
66760  25.003  -9.588  45.663 0.0000000000
66784  24.348  -8.983  44.523 0.0000000000
66783  25.697  -9.110  44.815 0.0000000000
66808  24.370  -8.156  43.848 0.0000000000
67941  24.741  -7.839  43.370 0.0000000000
67955  25.015  -7.214  43.180 0.0000000000
67954  25.779  -7.074  42.880 0.0000000000
66849  26.893  -7.850  42.563 0.0000000000
66848  27.838  -8.331  42.254 0.0000000000
66826  28.130  -8.935  43.408 0.0000000000
65730  31.088  -9.579  41.618 0.0000000000
65716  31.634  -9.687  42.273 0.0000000000
65698  32.328  -9.816  43.308 0.0000000000
65681  32.931  -9.854  44.202 0.0000000000
65668  32.506  -9.837  45.008 0.0000000000
65667  33.394  -9.772  45.048 0.0000000000
60921  29.020  -14.002  50.306 0.0000000000
60920  29.575  -13.525  49.945 0.0000000000
62024  30.168  -13.307  50.337 0.0000000000
60879  30.388  -14.418  52.924 0.0000000000
60895  30.323  -14.229  52.100 0.0000000000
60894  30.637  -13.782  51.824 0.0000000000
60908  30.749  -13.466  51.379 0.0000000000
63216  31.613  -11.871  50.710 0.0000000000
81893  47.470  4.614  27.530 0.0000000000
83034  48.248  5.503  26.477 0.0000000000
79518  49.123  2.355  27.175 0.0000000000
80713  48.708  3.315  27.009 0.0000000000
81932  48.637  4.707  25.310 0.0000000000
81933  48.538  4.253  24.801 0.0000000000
81951  49.092  4.501  24.286 0.0000000000
80764  50.264  3.681  24.202 0.0000000000
80777  51.076  3.732  23.795 0.0000000000
39731  -1.358  -31.249  69.649 0.0000000000
40859  -4.339  -30.494  71.247 0.0000000000
40881  -1.965  -30.871  69.617 0.0000000000
43029  -0.259  -29.127  67.489 0.0000000000
46167  4.822  -24.864  62.320 0.0000000000
50859  15.538  -21.570  55.554 0.0000000000
55688  24.751  -19.091  52.576 0.0000000000
58566  18.619  -14.634  50.564 0.0000000000
58582  20.120  -14.801  49.659 0.0000000000
58583  19.778  -14.846  49.739 0.0000000000
59748  20.202  -14.338  50.154 0.0000000000
59749  19.894  -14.369  50.312 0.0000000000
59781  22.425  -14.663  48.876 0.0000000000
60922  25.770  -13.067  49.750 0.0000000000
62022  31.658  -12.178  51.060 0.0000000000
65612  30.433  -9.426  49.032 0.0000000000
65626  22.804  -9.715  47.502 0.0000000000
65665  34.531  -9.727  45.109 0.0000000000
65666  34.203  -9.737  45.086 0.0000000000
65731  30.901  -9.694  41.889 0.0000000000
66717  22.278  -8.819  47.304 0.0000000000
66780  28.482  -8.621  45.537 0.0000000000
66798  35.934  -9.143  44.390 0.0000000000
66850  26.324  -7.488  42.706 0.0000000000
67907  30.448  -7.860  46.919 0.0000000000
67956  24.617  -7.289  43.367 0.0000000000
69002  30.160  -7.256  48.520 0.0000000000
69005  22.143  -6.900  47.624 0.0000000000
69039  28.345  -7.820  46.837 0.0000000000
69054  22.959  -7.255  45.377 0.0000000000
69099  24.660  -6.806  43.443 0.0000000000
69123  27.647  -5.946  41.816 0.0000000000
69125  26.317  -6.571  42.629 0.0000000000
70212  27.074  -4.178  43.494 0.0000000000
70215  24.485  -4.916  44.229 0.0000000000
70273  28.704  -5.481  41.491 0.0000000000
76199  42.018  -0.366  35.240 0.0000000000
76207  44.963  -0.328  34.444 0.0000000000
76209  44.219  -0.326  34.288 0.0000000000
76210  41.974  -0.407  34.999 0.0000000000
76218  44.548  -0.370  33.908 0.0000000000
77247  38.956  -1.134  37.364 0.0000000000
77278  34.349  0.469  36.516 0.0000000000
77289  42.173  -0.297  35.411 0.0000000000
79471  38.577  2.345  33.512 0.0000000000
80750  48.592  3.843  24.810 0.0000000000
80765  49.326  3.689  24.589 0.0000000000
81952  48.762  3.979  24.478 0.0000000000
82991  45.942  5.794  29.627 0.0000000000
