#!ascii label  , from subject 3002 vox2ras=TkReg
716
68658  16.549  -6.556  -10.066 0.0000000000
74594  23.456  -2.659  -13.403 0.0000000000
83581  23.917  5.696  -18.134 0.0000000000
85566  16.834  6.922  -13.082 0.0000000000
62878  18.970  -12.349  -8.759 0.0000000000
65230  21.998  -10.634  -10.517 0.0000000000
72188  18.490  -4.465  -12.387 0.0000000000
78959  15.171  1.697  -12.199 0.0000000000
79032  22.091  2.034  -16.482 0.0000000000
84614  27.369  6.858  -15.994 0.0000000000
87704  24.703  10.463  -23.165 0.0000000000
65221  18.192  -10.066  -9.428 0.0000000000
64057  21.299  -11.843  -9.939 0.0000000000
67553  19.165  -8.632  -10.912 0.0000000000
128302  12.627  1.767  -9.542 0.0000000000
83449  11.452  5.239  -9.159 0.0000000000
84600  20.044  5.922  -15.394 0.0000000000
81261  18.309  4.494  -14.873 0.0000000000
82446  22.943  4.183  -16.991 0.0000000000
81275  24.982  3.930  -16.250 0.0000000000
84630  25.640  6.240  -18.117 0.0000000000
91045  20.945  11.706  -23.759 0.0000000000
88766  23.620  10.986  -22.009 0.0000000000
88810  22.335  11.252  -26.213 0.0000000000
73448  20.719  -3.523  -13.719 0.0000000000
69811  22.614  -6.821  -12.694 0.0000000000
72197  24.313  -4.940  -13.796 0.0000000000
85619  22.318  7.252  -17.151 0.0000000000
76768  26.075  -1.047  -13.781 0.0000000000
72134  14.716  -3.749  -9.350 0.0000000000
69795  17.626  -5.805  -11.230 0.0000000000
74546  15.534  -2.306  -10.890 0.0000000000
75669  16.469  -1.341  -12.362 0.0000000000
75720  18.892  -0.973  -14.301 0.0000000000
83486  15.070  4.518  -12.060 0.0000000000
78997  17.609  2.087  -14.180 0.0000000000
76819  22.290  -0.068  -15.165 0.0000000000
78993  25.459  1.531  -14.447 0.0000000000
86608  23.415  8.503  -18.743 0.0000000000
85658  25.260  8.057  -21.055 0.0000000000
89943  25.825  11.645  -26.038 0.0000000000
88771  26.194  10.725  -22.360 0.0000000000
86606  26.317  8.569  -19.459 0.0000000000
87636  27.365  9.509  -17.657 0.0000000000
67588  20.598  -8.057  -11.742 0.0000000000
69769  15.788  -5.762  -9.461 0.0000000000
67543  16.508  -7.687  -9.179 0.0000000000
67541  17.499  -8.689  -9.834 0.0000000000
66406  18.574  -9.127  -10.265 0.0000000000
67570  18.156  -7.776  -10.628 0.0000000000
83564  22.194  5.527  -17.053 0.0000000000
83548  21.391  5.093  -16.650 0.0000000000
83562  23.423  5.106  -17.545 0.0000000000
82470  24.952  5.221  -17.529 0.0000000000
83580  24.544  5.647  -18.421 0.0000000000
128480  18.819  11.796  -25.416 0.0000000000
128449  20.580  10.991  -25.445 0.0000000000
128454  20.436  11.884  -26.794 0.0000000000
73447  21.745  -3.447  -13.496 0.0000000000
72199  22.247  -4.346  -13.314 0.0000000000
73445  24.269  -3.719  -13.647 0.0000000000
86548  18.796  8.605  -15.147 0.0000000000
86547  20.137  8.391  -15.274 0.0000000000
64040  18.262  -11.921  -8.598 0.0000000000
61704  18.671  -13.141  -8.088 0.0000000000
61678  20.009  -13.808  -7.885 0.0000000000
61702  20.467  -13.293  -8.330 0.0000000000
64066  21.784  -11.348  -10.173 0.0000000000
62891  22.299  -12.307  -9.093 0.0000000000
73368  15.392  -3.081  -10.330 0.0000000000
75637  13.212  -1.240  -9.743 0.0000000000
78944  14.071  1.748  -10.955 0.0000000000
76753  14.625  -0.324  -12.070 0.0000000000
76774  15.700  0.146  -12.743 0.0000000000
75689  17.338  -1.159  -13.048 0.0000000000
77899  16.521  0.684  -12.841 0.0000000000
84544  14.699  6.117  -10.637 0.0000000000
84561  16.237  6.297  -12.461 0.0000000000
80081  20.392  3.036  -15.710 0.0000000000
80067  18.194  3.026  -14.711 0.0000000000
79013  20.681  2.029  -15.791 0.0000000000
76821  20.939  0.108  -15.454 0.0000000000
77941  22.938  0.765  -15.520 0.0000000000
78995  23.783  1.072  -15.087 0.0000000000
79009  24.216  1.764  -15.385 0.0000000000
83546  26.299  5.640  -16.174 0.0000000000
82425  26.330  4.376  -15.612 0.0000000000
88772  23.992  10.822  -23.088 0.0000000000
87676  24.425  9.831  -20.586 0.0000000000
86615  24.510  9.048  -20.907 0.0000000000
85660  24.452  8.413  -20.817 0.0000000000
86640  25.245  9.767  -22.359 0.0000000000
87683  26.334  9.718  -21.334 0.0000000000
88745  26.577  10.392  -19.807 0.0000000000
87647  26.640  9.414  -18.959 0.0000000000
70945  17.970  -5.104  -11.805 0.0000000000
68689  18.843  -6.764  -11.837 0.0000000000
69814  19.253  -6.313  -12.241 0.0000000000
68702  24.231  -7.231  -13.486 0.0000000000
68685  23.104  -7.754  -12.609 0.0000000000
65200  17.307  -10.485  -8.600 0.0000000000
64060  18.592  -11.171  -9.001 0.0000000000
62894  19.756  -12.016  -9.385 0.0000000000
64059  19.499  -11.164  -9.668 0.0000000000
65232  19.910  -9.896  -10.568 0.0000000000
65240  20.535  -9.578  -10.941 0.0000000000
81153  10.636  2.475  -8.872 0.0000000000
81161  10.924  3.428  -9.325 0.0000000000
81179  13.547  3.569  -10.834 0.0000000000
84584  18.527  6.427  -14.499 0.0000000000
83500  17.675  5.567  -14.029 0.0000000000
83535  19.360  5.431  -15.096 0.0000000000
81258  20.491  3.825  -15.832 0.0000000000
80101  21.918  2.829  -16.571 0.0000000000
80079  23.805  2.599  -16.025 0.0000000000
81276  24.137  3.730  -16.628 0.0000000000
82456  25.178  5.000  -16.936 0.0000000000
83560  26.086  6.040  -16.859 0.0000000000
91011  23.551  12.181  -21.782 0.0000000000
88775  21.554  11.001  -22.880 0.0000000000
88795  22.511  10.497  -24.206 0.0000000000
88793  24.426  10.643  -24.639 0.0000000000
72202  19.166  -4.005  -12.971 0.0000000000
70942  20.965  -5.772  -12.720 0.0000000000
70966  21.616  -5.085  -13.088 0.0000000000
70939  24.005  -6.280  -13.397 0.0000000000
85556  17.457  8.149  -13.272 0.0000000000
85583  18.615  7.555  -14.803 0.0000000000
84617  20.747  6.385  -15.943 0.0000000000
84649  23.501  6.759  -17.880 0.0000000000
62875  21.886  -12.762  -8.715 0.0000000000
75685  24.616  -1.566  -13.658 0.0000000000
73463  25.278  -3.659  -14.294 0.0000000000
69786  16.011  -5.597  -10.075 0.0000000000
69784  16.763  -6.162  -10.505 0.0000000000
70912  16.240  -4.514  -10.369 0.0000000000
72172  16.782  -3.894  -10.890 0.0000000000
73409  17.166  -3.431  -11.553 0.0000000000
76734  13.195  -0.401  -9.939 0.0000000000
74562  15.484  -1.635  -11.574 0.0000000000
72204  17.683  -3.230  -12.444 0.0000000000
73450  18.670  -3.025  -13.417 0.0000000000
73466  19.449  -2.598  -13.935 0.0000000000
74619  21.507  -1.899  -14.192 0.0000000000
83467  13.918  5.247  -10.457 0.0000000000
81213  14.967  3.446  -12.137 0.0000000000
82398  16.980  4.428  -13.400 0.0000000000
81211  16.266  3.527  -12.870 0.0000000000
78983  16.677  1.896  -13.051 0.0000000000
76799  17.756  0.688  -13.950 0.0000000000
75739  20.962  -0.613  -15.176 0.0000000000
75716  22.887  -1.325  -13.975 0.0000000000
76793  24.500  -0.526  -13.902 0.0000000000
77913  26.041  0.574  -14.062 0.0000000000
80078  25.085  2.567  -15.460 0.0000000000
86592  23.195  7.980  -17.813 0.0000000000
84663  23.716  6.843  -19.219 0.0000000000
84673  24.421  6.585  -20.190 0.0000000000
89945  24.639  11.261  -26.746 0.0000000000
88792  25.378  10.874  -24.921 0.0000000000
89935  26.024  11.535  -23.543 0.0000000000
88783  25.855  10.836  -23.019 0.0000000000
86632  26.000  9.237  -21.643 0.0000000000
86614  25.796  8.265  -20.911 0.0000000000
85645  25.567  7.219  -19.491 0.0000000000
85633  25.632  7.265  -18.794 0.0000000000
86576  26.803  8.588  -17.934 0.0000000000
85616  27.119  8.112  -16.887 0.0000000000
68668  18.759  -7.459  -11.477 0.0000000000
67567  20.364  -8.545  -11.451 0.0000000000
66415  22.089  -9.250  -11.580 0.0000000000
68686  22.064  -7.529  -12.188 0.0000000000
67586  22.518  -8.570  -12.040 0.0000000000
68644  16.251  -6.786  -9.488 0.0000000000
68645  15.975  -6.678  -9.159 0.0000000000
68643  16.815  -7.356  -9.734 0.0000000000
67556  17.313  -7.723  -10.018 0.0000000000
67555  17.909  -8.300  -10.273 0.0000000000
68656  17.608  -7.518  -10.343 0.0000000000
83563  23.061  5.487  -17.482 0.0000000000
82472  24.177  5.245  -17.937 0.0000000000
128457  19.759  11.190  -26.356 0.0000000000
74595  22.348  -2.383  -13.669 0.0000000000
73446  22.908  -3.501  -13.312 0.0000000000
62879  18.059  -12.592  -8.031 0.0000000000
61703  19.531  -13.222  -8.349 0.0000000000
61679  19.136  -13.814  -7.856 0.0000000000
61677  20.847  -13.690  -7.551 0.0000000000
65219  22.240  -11.207  -10.146 0.0000000000
65218  22.849  -11.010  -10.079 0.0000000000
65217  24.063  -10.656  -9.877 0.0000000000
75621  12.826  -1.377  -9.094 0.0000000000
75622  12.239  -0.912  -9.012 0.0000000000
80002  14.221  2.228  -11.483 0.0000000000
78943  14.292  1.566  -11.541 0.0000000000
77876  15.256  1.167  -12.313 0.0000000000
77900  16.031  0.495  -12.652 0.0000000000
77888  16.180  1.264  -12.571 0.0000000000
79033  21.403  2.344  -16.265 0.0000000000
79012  21.496  1.586  -15.987 0.0000000000
79011  22.273  1.333  -16.021 0.0000000000
79010  23.199  1.329  -15.806 0.0000000000
79031  22.734  1.824  -16.376 0.0000000000
84599  26.969  6.228  -15.864 0.0000000000
83533  26.988  5.368  -15.520 0.0000000000
87694  24.559  10.213  -22.508 0.0000000000
87684  24.605  9.862  -21.756 0.0000000000
86634  24.914  9.386  -21.983 0.0000000000
86641  24.951  9.988  -22.621 0.0000000000
89914  26.482  11.422  -21.037 0.0000000000
89902  26.733  11.331  -20.119 0.0000000000
89889  26.787  11.066  -19.654 0.0000000000
70944  18.787  -5.396  -12.336 0.0000000000
69815  18.513  -5.985  -11.879 0.0000000000
68683  24.995  -8.025  -13.130 0.0000000000
66396  17.174  -9.384  -9.174 0.0000000000
65223  17.120  -9.848  -8.763 0.0000000000
65222  17.507  -9.966  -9.124 0.0000000000
64061  17.811  -10.644  -8.924 0.0000000000
65220  18.960  -10.355  -9.654 0.0000000000
66405  19.337  -9.020  -10.688 0.0000000000
65233  19.152  -9.755  -10.193 0.0000000000
65231  20.848  -10.351  -10.674 0.0000000000
66404  19.921  -9.243  -10.841 0.0000000000
83436  10.093  5.569  -8.930 0.0000000000
81151  9.980  3.877  -9.853 0.0000000000
82335  11.117  4.393  -9.075 0.0000000000
81180  12.890  3.590  -10.225 0.0000000000
82357  12.949  4.287  -10.099 0.0000000000
84602  18.888  6.708  -14.814 0.0000000000
83536  18.706  5.711  -14.726 0.0000000000
82447  22.089  4.471  -16.887 0.0000000000
82448  20.970  4.294  -16.357 0.0000000000
81279  21.569  3.564  -16.577 0.0000000000
81278  22.425  3.554  -16.728 0.0000000000
80099  23.483  3.199  -16.441 0.0000000000
81277  23.299  3.750  -16.805 0.0000000000
83561  25.615  5.693  -17.465 0.0000000000
84629  26.043  6.870  -17.414 0.0000000000
128485  20.810  12.977  -23.866 0.0000000000
92106  21.027  12.797  -22.320 0.0000000000
91042  21.323  12.142  -21.833 0.0000000000
91024  22.041  11.675  -21.900 0.0000000000
89936  21.288  11.247  -22.933 0.0000000000
128452  21.716  11.040  -25.867 0.0000000000
88798  21.695  10.418  -24.952 0.0000000000
88808  22.387  10.539  -25.474 0.0000000000
88794  23.416  10.519  -24.405 0.0000000000
88801  23.552  10.505  -25.181 0.0000000000
72201  20.129  -4.195  -13.421 0.0000000000
70967  20.539  -4.938  -13.066 0.0000000000
72200  21.157  -4.273  -13.398 0.0000000000
72198  23.366  -4.544  -13.444 0.0000000000
70964  23.755  -5.516  -13.355 0.0000000000
70938  24.256  -6.350  -13.680 0.0000000000
86529  17.362  8.854  -13.001 0.0000000000
86540  17.994  8.204  -14.401 0.0000000000
86541  17.681  8.809  -14.756 0.0000000000
85602  20.826  7.198  -15.910 0.0000000000
85581  20.098  7.031  -15.453 0.0000000000
85601  21.541  7.038  -16.575 0.0000000000
84632  22.148  6.520  -17.119 0.0000000000
85618  22.914  7.119  -17.518 0.0000000000
62893  20.667  -12.283  -9.448 0.0000000000
62876  21.006  -12.819  -8.859 0.0000000000
62892  21.586  -12.355  -9.346 0.0000000000
62874  22.766  -12.440  -8.409 0.0000000000
75684  25.683  -1.873  -13.871 0.0000000000
70892  15.271  -4.617  -9.318 0.0000000000
70891  15.585  -4.813  -9.726 0.0000000000
70913  15.947  -4.783  -10.151 0.0000000000
72133  15.451  -4.014  -9.866 0.0000000000
74530  15.083  -2.479  -10.530 0.0000000000
73367  15.930  -3.347  -10.467 0.0000000000
73391  15.797  -2.932  -10.613 0.0000000000
73389  16.486  -3.211  -10.974 0.0000000000
73411  16.369  -2.805  -11.109 0.0000000000
128305  12.566  1.102  -8.860 0.0000000000
77853  13.175  -0.112  -9.584 0.0000000000
77854  13.217  0.568  -9.650 0.0000000000
75671  15.469  -1.069  -12.485 0.0000000000
75661  15.152  -1.103  -12.171 0.0000000000
75660  15.779  -1.389  -11.980 0.0000000000
74574  16.890  -2.094  -11.854 0.0000000000
74573  17.219  -2.144  -12.147 0.0000000000
73451  17.890  -2.846  -12.831 0.0000000000
74600  17.520  -2.183  -12.531 0.0000000000
75688  18.106  -0.908  -13.674 0.0000000000
74598  18.818  -2.230  -13.722 0.0000000000
74621  19.332  -1.800  -14.193 0.0000000000
74620  20.356  -2.161  -14.257 0.0000000000
84553  14.926  5.640  -11.206 0.0000000000
83466  14.560  5.346  -11.012 0.0000000000
82355  14.280  4.705  -11.164 0.0000000000
82366  14.545  4.136  -11.772 0.0000000000
82382  14.959  4.048  -12.100 0.0000000000
82414  17.982  4.820  -14.724 0.0000000000
83501  17.159  5.232  -13.393 0.0000000000
82397  17.470  4.593  -14.034 0.0000000000
79015  18.712  2.382  -15.060 0.0000000000
80068  17.682  2.958  -14.324 0.0000000000
80052  17.221  2.860  -13.766 0.0000000000
80053  16.696  2.768  -13.235 0.0000000000
78982  17.174  1.973  -13.575 0.0000000000
77919  18.281  1.361  -14.495 0.0000000000
76820  21.706  -0.107  -15.344 0.0000000000
75740  20.496  -0.352  -15.208 0.0000000000
76796  22.033  -0.513  -14.984 0.0000000000
75717  21.950  -1.096  -14.488 0.0000000000
76795  22.598  -0.366  -14.705 0.0000000000
75715  23.919  -1.113  -13.875 0.0000000000
76794  23.491  -0.394  -14.333 0.0000000000
78994  24.502  1.278  -14.664 0.0000000000
77914  25.095  0.583  -14.079 0.0000000000
78992  26.584  1.496  -14.148 0.0000000000
81257  24.674  3.332  -15.967 0.0000000000
81256  25.625  3.671  -15.763 0.0000000000
88759  24.220  10.773  -21.246 0.0000000000
88746  24.314  10.388  -20.171 0.0000000000
87663  23.916  9.178  -19.277 0.0000000000
87664  23.520  8.856  -18.666 0.0000000000
86593  22.968  8.376  -17.496 0.0000000000
86578  22.490  7.926  -16.985 0.0000000000
85659  24.742  8.207  -21.058 0.0000000000
85646  23.535  7.348  -19.743 0.0000000000
85654  24.070  7.623  -20.503 0.0000000000
84674  23.701  6.694  -20.030 0.0000000000
85653  24.804  7.311  -20.813 0.0000000000
91053  24.931  12.559  -27.415 0.0000000000
89944  25.801  11.253  -26.965 0.0000000000
88799  25.644  10.871  -25.741 0.0000000000
89942  25.761  11.598  -25.228 0.0000000000
89934  26.355  11.501  -22.759 0.0000000000
91034  26.024  12.323  -23.854 0.0000000000
87702  25.786  10.320  -22.528 0.0000000000
87692  25.996  9.924  -22.009 0.0000000000
87674  26.453  9.510  -20.556 0.0000000000
86622  26.217  8.884  -21.125 0.0000000000
86613  26.205  8.491  -20.334 0.0000000000
85652  25.537  7.452  -20.419 0.0000000000
85651  26.010  7.848  -19.798 0.0000000000
87646  26.997  9.834  -18.326 0.0000000000
87637  26.892  9.168  -18.323 0.0000000000
85617  26.648  7.928  -17.415 0.0000000000
69796  17.042  -5.563  -10.739 0.0000000000
68670  17.310  -6.316  -10.731 0.0000000000
69794  18.314  -6.478  -11.435 0.0000000000
68688  19.653  -7.460  -11.882 0.0000000000
68667  19.215  -7.790  -11.617 0.0000000000
67566  21.234  -8.633  -11.590 0.0000000000
69812  21.501  -6.649  -12.423 0.0000000000
67585  23.606  -8.709  -12.305 0.0000000000
66428  23.043  -9.161  -12.131 0.0000000000
66429  22.744  -9.232  -11.911 0.0000000000
67542  17.015  -8.507  -9.429 0.0000000000
66395  17.657  -9.203  -9.697 0.0000000000
65234  18.636  -9.721  -9.844 0.0000000000
66407  18.061  -9.041  -10.076 0.0000000000
67554  18.797  -8.562  -10.742 0.0000000000
83549  20.600  5.319  -16.058 0.0000000000
82459  22.953  4.779  -17.230 0.0000000000
82458  23.687  4.534  -17.428 0.0000000000
82471  24.491  5.142  -17.792 0.0000000000
83579  25.157  5.637  -18.267 0.0000000000
128481  20.335  12.635  -24.610 0.0000000000
128476  20.408  11.791  -24.724 0.0000000000
91046  20.762  11.443  -24.524 0.0000000000
128443  20.125  11.005  -25.713 0.0000000000
128455  20.403  11.022  -26.500 0.0000000000
128453  21.254  11.241  -26.569 0.0000000000
86566  20.565  7.636  -15.643 0.0000000000
64041  17.610  -11.435  -8.379 0.0000000000
64021  16.971  -11.391  -7.549 0.0000000000
64020  17.396  -12.087  -7.647 0.0000000000
60565  20.296  -14.047  -7.368 0.0000000000
64056  22.283  -11.718  -9.694 0.0000000000
73370  14.138  -3.273  -9.329 0.0000000000
73369  14.669  -3.194  -9.783 0.0000000000
74532  13.834  -2.373  -9.523 0.0000000000
74531  14.610  -2.498  -10.174 0.0000000000
75636  14.029  -1.735  -10.105 0.0000000000
78945  13.092  1.973  -10.247 0.0000000000
77867  13.836  0.978  -10.545 0.0000000000
77866  14.268  0.697  -11.503 0.0000000000
76760  15.347  -0.373  -12.630 0.0000000000
76759  15.722  -0.599  -12.794 0.0000000000
75690  16.603  -0.940  -12.765 0.0000000000
76773  16.068  -0.314  -12.788 0.0000000000
76772  16.870  -0.149  -13.015 0.0000000000
76770  17.983  -0.369  -13.773 0.0000000000
84552  15.470  6.044  -11.585 0.0000000000
83485  15.711  5.134  -12.239 0.0000000000
81259  19.744  3.834  -15.475 0.0000000000
81260  18.652  3.853  -15.127 0.0000000000
80082  19.288  3.096  -15.362 0.0000000000
79014  19.672  2.239  -15.441 0.0000000000
77946  19.104  1.573  -15.112 0.0000000000
77945  19.900  1.268  -15.393 0.0000000000
77944  20.787  0.975  -15.642 0.0000000000
77943  21.622  0.749  -15.671 0.0000000000
77942  22.474  0.566  -15.506 0.0000000000
77916  23.126  0.453  -15.087 0.0000000000
79008  24.918  1.852  -14.993 0.0000000000
82443  25.687  4.607  -16.217 0.0000000000
82426  25.884  4.202  -15.888 0.0000000000
88765  24.076  10.662  -22.310 0.0000000000
88758  24.374  10.327  -21.502 0.0000000000
87675  24.552  9.465  -21.053 0.0000000000
86616  24.335  8.795  -20.511 0.0000000000
86607  23.737  8.173  -19.632 0.0000000000
86625  24.478  8.689  -20.834 0.0000000000
85665  24.829  8.742  -21.493 0.0000000000
85664  25.129  8.645  -21.592 0.0000000000
89923  26.397  11.474  -21.931 0.0000000000
88764  26.369  10.586  -21.608 0.0000000000
88757  26.527  10.464  -20.770 0.0000000000
87662  26.457  9.361  -19.758 0.0000000000
88730  26.543  9.932  -19.326 0.0000000000
88729  26.907  10.538  -18.875 0.0000000000
70926  17.523  -5.036  -11.353 0.0000000000
68687  20.933  -7.400  -12.068 0.0000000000
69810  23.660  -6.970  -13.256 0.0000000000
68684  24.204  -7.764  -12.899 0.0000000000
67584  24.590  -8.630  -12.585 0.0000000000
62895  19.192  -11.684  -9.209 0.0000000000
62877  20.056  -12.677  -8.865 0.0000000000
64058  20.371  -11.626  -9.959 0.0000000000
64069  19.526  -10.409  -10.096 0.0000000000
64068  20.156  -10.828  -10.333 0.0000000000
64067  21.068  -11.165  -10.365 0.0000000000
65239  21.486  -9.857  -11.068 0.0000000000
78946  10.980  1.748  -10.161 0.0000000000
81162  10.252  2.788  -9.567 0.0000000000
79982  12.179  2.782  -9.829 0.0000000000
80004  12.937  2.815  -10.321 0.0000000000
80003  13.642  2.807  -10.874 0.0000000000
80024  14.127  2.844  -11.426 0.0000000000
85565  17.633  7.361  -13.595 0.0000000000
84574  16.993  6.232  -13.201 0.0000000000
84585  18.118  6.280  -14.133 0.0000000000
83518  18.125  5.569  -14.512 0.0000000000
82429  18.790  4.863  -14.963 0.0000000000
83534  19.896  5.154  -15.496 0.0000000000
82427  20.207  4.506  -15.693 0.0000000000
81280  20.905  3.437  -16.222 0.0000000000
80102  21.258  2.960  -16.379 0.0000000000
80100  22.854  2.707  -16.493 0.0000000000
80080  23.193  2.054  -16.334 0.0000000000
82457  24.484  4.531  -17.210 0.0000000000
82444  24.878  4.347  -16.658 0.0000000000
83547  25.768  5.385  -16.735 0.0000000000
84615  26.648  6.725  -16.442 0.0000000000
89924  22.792  11.559  -22.252 0.0000000000
89941  21.198  11.091  -24.292 0.0000000000
88787  22.294  10.802  -23.506 0.0000000000
88773  23.031  11.370  -22.931 0.0000000000
88786  23.202  10.750  -23.666 0.0000000000
88785  24.160  10.761  -23.826 0.0000000000
72187  19.139  -4.835  -12.689 0.0000000000
70943  19.777  -5.521  -12.666 0.0000000000
70968  19.713  -4.717  -12.987 0.0000000000
70941  22.115  -5.926  -12.785 0.0000000000
70965  22.718  -5.251  -13.172 0.0000000000
70940  23.236  -6.084  -12.888 0.0000000000
69832  24.111  -6.957  -13.615 0.0000000000
85557  16.887  7.704  -12.637 0.0000000000
85564  18.144  7.744  -14.032 0.0000000000
85569  18.247  7.379  -14.279 0.0000000000
84601  19.383  6.371  -15.026 0.0000000000
85582  19.266  7.445  -15.098 0.0000000000
84616  21.411  5.961  -16.560 0.0000000000
84631  22.859  6.253  -17.516 0.0000000000
83582  23.468  6.131  -17.873 0.0000000000
61701  21.372  -13.213  -8.210 0.0000000000
75686  23.719  -1.855  -13.590 0.0000000000
74593  24.346  -2.584  -13.544 0.0000000000
74592  25.100  -2.603  -13.831 0.0000000000
69768  16.123  -6.141  -9.910 0.0000000000
68657  17.181  -6.960  -10.323 0.0000000000
69798  16.193  -5.602  -10.318 0.0000000000
69797  16.485  -5.552  -10.462 0.0000000000
70928  16.534  -4.741  -10.517 0.0000000000
72132  15.816  -3.732  -10.256 0.0000000000
72155  16.256  -3.988  -10.453 0.0000000000
70927  17.219  -4.879  -10.942 0.0000000000
72171  17.433  -4.354  -11.378 0.0000000000
72189  17.742  -3.865  -12.031 0.0000000000
76719  12.185  -0.343  -8.893 0.0000000000
76747  13.491  -0.918  -10.308 0.0000000000
75650  13.984  -1.276  -10.645 0.0000000000
76746  13.844  -0.233  -10.728 0.0000000000
75649  14.618  -1.226  -11.415 0.0000000000
74561  16.149  -2.179  -11.287 0.0000000000
73429  17.027  -2.796  -11.694 0.0000000000
72203  18.223  -3.606  -12.696 0.0000000000
73449  19.744  -3.351  -13.714 0.0000000000
74599  18.150  -1.993  -13.222 0.0000000000
74597  20.386  -2.938  -13.957 0.0000000000
74596  21.175  -2.735  -13.892 0.0000000000
84526  12.190  6.219  -9.312 0.0000000000
83448  12.511  5.414  -9.564 0.0000000000
82356  13.581  4.267  -10.734 0.0000000000
81198  14.048  3.518  -11.384 0.0000000000
80039  14.953  2.804  -12.134 0.0000000000
83484  16.513  5.434  -12.805 0.0000000000
82380  16.345  4.354  -12.844 0.0000000000
81244  17.850  3.787  -14.536 0.0000000000
81228  16.781  3.616  -13.390 0.0000000000
81212  15.764  3.476  -12.520 0.0000000000
80038  15.420  2.746  -12.320 0.0000000000
78972  16.220  1.916  -12.585 0.0000000000
77898  17.241  1.040  -13.447 0.0000000000
76798  18.331  -0.014  -14.179 0.0000000000
76822  20.065  0.177  -15.223 0.0000000000
76797  19.289  -0.242  -14.675 0.0000000000
75719  20.008  -0.993  -14.881 0.0000000000
75718  21.065  -1.312  -14.746 0.0000000000
74618  22.157  -1.658  -14.048 0.0000000000
75687  23.102  -2.052  -13.648 0.0000000000
75714  24.334  -1.061  -13.794 0.0000000000
76769  25.282  -1.042  -13.706 0.0000000000
77915  24.017  0.451  -14.472 0.0000000000
76792  25.557  -0.267  -13.784 0.0000000000
80077  25.829  3.033  -15.302 0.0000000000
80061  26.056  2.506  -14.695 0.0000000000
86565  21.350  8.023  -16.010 0.0000000000
86577  22.733  7.585  -17.346 0.0000000000
85647  23.527  7.625  -18.831 0.0000000000
85634  23.511  7.372  -18.030 0.0000000000
84664  23.711  7.052  -18.474 0.0000000000
83596  24.013  6.359  -19.107 0.0000000000
83595  24.449  6.187  -19.304 0.0000000000
91056  21.291  12.874  -27.422 0.0000000000
89949  22.188  11.855  -26.800 0.0000000000
89947  23.702  11.756  -26.958 0.0000000000
88807  23.638  10.941  -26.045 0.0000000000
88800  24.659  10.619  -25.518 0.0000000000
88784  25.232  10.834  -23.839 0.0000000000
89939  25.672  11.591  -24.357 0.0000000000
87703  25.330  10.304  -22.847 0.0000000000
87693  25.556  9.918  -22.333 0.0000000000
86633  25.499  9.328  -21.934 0.0000000000
86623  25.656  8.691  -21.418 0.0000000000
84672  24.968  6.831  -20.415 0.0000000000
84661  25.030  6.521  -19.774 0.0000000000
83594  24.943  6.008  -18.999 0.0000000000
84647  25.406  6.479  -18.869 0.0000000000
84646  25.671  6.912  -18.270 0.0000000000
86591  26.463  8.557  -18.675 0.0000000000
85632  26.110  7.745  -18.213 0.0000000000
85600  26.737  7.500  -16.856 0.0000000000
85599  27.538  7.682  -16.377 0.0000000000
88714  27.955  10.411  -17.338 0.0000000000
87624  27.681  9.180  -17.070 0.0000000000
86564  27.694  8.599  -16.759 0.0000000000
68669  18.010  -7.116  -10.720 0.0000000000
67569  18.478  -7.938  -10.896 0.0000000000
67568  19.373  -8.342  -11.282 0.0000000000
66417  20.147  -8.924  -11.095 0.0000000000
65238  22.533  -9.994  -11.148 0.0000000000
69813  20.320  -6.534  -12.358 0.0000000000
67587  21.547  -8.122  -11.817 0.0000000000
65229  23.176  -10.255  -10.708 0.0000000000
73464  24.759  -3.920  -14.087 0.0000000000
72223  24.794  -4.398  -14.212 0.0000000000
61705  18.332  -13.079  -7.823 0.0000000000
62854  23.184  -12.460  -7.892 0.0000000000
66394  18.227  -9.419  -9.847 0.0000000000
66416  20.964  -9.146  -11.307 0.0000000000
66418  19.696  -8.853  -10.952 0.0000000000
67565  21.863  -8.644  -11.717 0.0000000000
67589  19.969  -8.121  -11.621 0.0000000000
69785  16.274  -5.958  -10.298 0.0000000000
69809  24.181  -6.616  -13.646 0.0000000000
69816  18.106  -5.827  -11.564 0.0000000000
69831  24.431  -6.929  -13.888 0.0000000000
70929  16.204  -5.268  -10.311 0.0000000000
72154  16.443  -3.515  -10.745 0.0000000000
72156  15.881  -4.149  -10.190 0.0000000000
72173  16.539  -4.207  -10.578 0.0000000000
73390  16.140  -2.974  -10.815 0.0000000000
73410  16.657  -2.831  -11.378 0.0000000000
73428  17.309  -2.837  -12.095 0.0000000000
73444  24.769  -3.145  -13.777 0.0000000000
73452  17.572  -2.796  -12.461 0.0000000000
73465  19.965  -2.801  -14.029 0.0000000000
74545  15.985  -2.470  -10.960 0.0000000000
74560  16.543  -2.131  -11.546 0.0000000000
74622  18.646  -1.598  -13.801 0.0000000000
75604  11.964  -0.622  -8.676 0.0000000000
75635  14.671  -1.932  -10.643 0.0000000000
75638  12.737  -1.023  -9.213 0.0000000000
75651  13.655  -1.293  -10.201 0.0000000000
75659  16.315  -1.620  -11.892 0.0000000000
75668  17.031  -1.581  -12.381 0.0000000000
75670  15.856  -1.055  -12.595 0.0000000000
75691  16.192  -0.948  -12.727 0.0000000000
75738  21.541  -0.736  -14.956 0.0000000000
76735  12.889  -0.431  -9.248 0.0000000000
76745  14.250  -0.295  -11.532 0.0000000000
76771  17.601  -0.144  -13.578 0.0000000000
77877  14.822  0.545  -12.250 0.0000000000
77889  15.737  0.923  -12.471 0.0000000000
77890  15.404  0.490  -12.591 0.0000000000
77901  15.726  0.496  -12.628 0.0000000000
77917  22.614  0.149  -15.130 0.0000000000
77918  19.177  0.687  -14.805 0.0000000000
77920  17.650  1.282  -14.032 0.0000000000
78930  11.329  1.501  -9.661 0.0000000000
78947  10.678  1.557  -10.007 0.0000000000
78948  10.469  1.697  -9.780 0.0000000000
78960  14.655  1.606  -11.992 0.0000000000
78973  15.681  1.820  -12.335 0.0000000000
78996  18.171  2.226  -14.621 0.0000000000
79034  20.933  2.678  -16.103 0.0000000000
79983  11.308  2.302  -10.054 0.0000000000
79984  10.425  1.798  -9.538 0.0000000000
80005  10.597  2.043  -10.127 0.0000000000
80006  10.277  1.858  -10.012 0.0000000000
80007  10.280  1.827  -9.776 0.0000000000
80022  15.059  2.239  -12.137 0.0000000000
80023  14.543  2.775  -11.842 0.0000000000
80037  16.216  2.719  -12.721 0.0000000000
80083  18.682  3.114  -15.101 0.0000000000
80103  20.870  3.021  -16.159 0.0000000000
81160  12.019  3.570  -9.645 0.0000000000
81163  10.249  2.146  -9.425 0.0000000000
81181  10.503  2.610  -10.050 0.0000000000
81182  10.147  2.264  -9.949 0.0000000000
81183  10.089  1.981  -9.764 0.0000000000
81197  14.503  3.472  -11.811 0.0000000000
81227  17.340  3.723  -13.936 0.0000000000
81243  18.227  3.587  -14.795 0.0000000000
81288  24.016  4.133  -17.133 0.0000000000
81289  23.765  4.009  -17.004 0.0000000000
82318  10.429  4.596  -9.155 0.0000000000
82333  13.086  4.850  -10.005 0.0000000000
82334  12.114  4.363  -9.568 0.0000000000
82367  14.089  4.169  -11.315 0.0000000000
82381  15.447  4.144  -12.313 0.0000000000
82428  19.408  4.617  -15.319 0.0000000000
82430  18.395  5.044  -14.824 0.0000000000
82442  26.295  5.004  -15.857 0.0000000000
82445  23.291  4.124  -17.066 0.0000000000
82460  22.563  5.044  -17.146 0.0000000000
83435  10.749  5.486  -8.916 0.0000000000
83450  9.494  5.855  -9.012 0.0000000000
83475  15.420  5.530  -11.904 0.0000000000
83476  14.932  5.153  -11.674 0.0000000000
83517  18.472  5.877  -14.562 0.0000000000
83537  18.294  5.284  -14.723 0.0000000000
83607  24.031  6.345  -19.730 0.0000000000
83608  23.810  6.492  -19.582 0.0000000000
84562  15.691  5.757  -12.054 0.0000000000
84573  17.630  6.214  -13.717 0.0000000000
84648  23.855  6.496  -18.426 0.0000000000
84662  24.630  6.354  -19.814 0.0000000000
85570  17.973  6.783  -13.926 0.0000000000
85644  25.879  7.936  -19.084 0.0000000000
86534  18.053  8.027  -13.931 0.0000000000
86535  17.748  8.574  -13.930 0.0000000000
86549  17.941  8.493  -15.070 0.0000000000
86550  17.625  8.974  -15.054 0.0000000000
86575  27.226  8.656  -17.284 0.0000000000
86624  24.605  8.927  -21.172 0.0000000000
87609  17.570  9.143  -14.947 0.0000000000
87635  27.853  9.742  -17.030 0.0000000000
87650  22.853  8.509  -17.277 0.0000000000
88744  26.811  10.909  -19.398 0.0000000000
88774  21.991  10.905  -22.837 0.0000000000
88788  21.616  10.886  -23.286 0.0000000000
88796  21.731  10.725  -24.119 0.0000000000
88797  21.458  10.679  -24.625 0.0000000000
88802  22.660  10.339  -24.842 0.0000000000
88803  22.022  10.334  -24.634 0.0000000000
88804  21.701  10.503  -24.613 0.0000000000
88805  25.841  10.947  -26.315 0.0000000000
88806  25.032  10.901  -26.274 0.0000000000
88809  22.152  10.239  -25.013 0.0000000000
88811  22.643  10.910  -25.856 0.0000000000
89925  22.144  11.250  -22.357 0.0000000000
89926  21.585  11.202  -22.564 0.0000000000
89940  21.281  11.246  -23.548 0.0000000000
89946  24.983  11.712  -27.223 0.0000000000
89948  23.003  12.186  -27.206 0.0000000000
91023  22.549  12.078  -21.959 0.0000000000
91025  21.639  11.468  -22.170 0.0000000000
91033  26.453  12.352  -23.125 0.0000000000
91035  21.721  12.147  -21.774 0.0000000000
91036  21.444  11.829  -21.945 0.0000000000
91037  21.275  11.610  -22.409 0.0000000000
91043  21.113  12.118  -22.131 0.0000000000
91044  20.935  11.862  -22.859 0.0000000000
92101  21.381  12.923  -21.816 0.0000000000
92105  21.301  12.482  -21.812 0.0000000000
92107  20.948  12.578  -23.246 0.0000000000
92108  20.717  12.175  -24.135 0.0000000000
128303  12.490  2.219  -9.850 0.0000000000
128304  12.213  2.285  -9.621 0.0000000000
128308  12.633  0.181  -8.894 0.0000000000
128309  11.889  2.440  -9.637 0.0000000000
128310  11.976  2.131  -9.115 0.0000000000
128442  19.999  11.680  -25.185 0.0000000000
128444  20.692  10.934  -26.104 0.0000000000
128445  20.514  10.955  -25.670 0.0000000000
128446  21.004  10.958  -25.649 0.0000000000
128447  21.289  11.074  -26.130 0.0000000000
128448  20.886  10.963  -26.380 0.0000000000
128450  22.170  10.901  -25.744 0.0000000000
128451  20.686  13.124  -24.058 0.0000000000
128456  22.111  10.723  -25.593 0.0000000000
128463  21.813  10.813  -25.591 0.0000000000
128468  21.550  10.650  -25.337 0.0000000000
128472  21.045  10.884  -25.000 0.0000000000
128474  20.415  11.223  -25.106 0.0000000000
128477  20.094  11.225  -26.728 0.0000000000
