#!ascii label  , from subject 3002 vox2ras=TkReg
250
19731  33.663  -50.431  9.015 0.0000000000
12781  33.212  -57.649  5.691 0.0000000000
14531  37.090  -55.593  7.335 0.0000000000
16495  37.792  -52.291  6.353 0.0000000000
11124  38.765  -59.072  6.591 0.0000000000
13653  39.533  -56.871  6.946 0.0000000000
10176  39.692  -59.598  7.705 0.0000000000
15518  35.329  -54.369  5.711 0.0000000000
20910  36.045  -49.853  6.329 0.0000000000
17546  34.729  -52.816  7.555 0.0000000000
16479  37.754  -53.611  7.009 0.0000000000
13662  37.956  -56.268  5.958 0.0000000000
11127  35.820  -59.221  5.857 0.0000000000
9481  36.832  -61.667  4.377 0.0000000000
21982  32.062  -49.089  10.710 0.0000000000
17530  31.963  -52.783  8.505 0.0000000000
14516  33.174  -55.565  8.053 0.0000000000
20886  36.836  -49.219  8.766 0.0000000000
11909  40.213  -58.586  8.646 0.0000000000
14558  33.800  -55.585  5.710 0.0000000000
16509  34.532  -53.555  5.560 0.0000000000
15491  35.648  -54.521  7.292 0.0000000000
15489  37.723  -54.698  7.182 0.0000000000
11942  39.887  -58.291  6.758 0.0000000000
13661  38.889  -56.438  6.477 0.0000000000
11944  38.651  -57.771  6.470 0.0000000000
12765  36.937  -57.645  6.366 0.0000000000
11125  37.934  -58.873  6.293 0.0000000000
10256  36.301  -61.062  4.105 0.0000000000
16467  31.308  -53.657  8.942 0.0000000000
16466  32.272  -53.734  8.170 0.0000000000
14503  32.153  -55.432  9.322 0.0000000000
18654  37.632  -51.524  7.253 0.0000000000
19773  36.921  -50.401  7.059 0.0000000000
22071  37.448  -48.534  6.394 0.0000000000
22040  38.076  -48.347  7.872 0.0000000000
13621  38.566  -57.081  7.986 0.0000000000
14529  38.554  -56.039  7.423 0.0000000000
12742  39.708  -57.646  8.372 0.0000000000
12761  40.346  -58.155  7.275 0.0000000000
10229  39.735  -59.307  6.956 0.0000000000
15517  36.626  -54.223  5.737 0.0000000000
17560  36.898  -51.423  6.223 0.0000000000
18688  35.342  -51.315  5.839 0.0000000000
19788  35.109  -50.801  5.430 0.0000000000
11144  32.353  -59.728  4.308 0.0000000000
17528  34.211  -52.249  7.773 0.0000000000
17543  37.655  -52.530  7.226 0.0000000000
16494  37.925  -53.193  6.680 0.0000000000
15514  38.488  -55.015  6.873 0.0000000000
15515  38.117  -54.502  6.559 0.0000000000
15516  37.704  -54.283  5.980 0.0000000000
14556  36.146  -55.310  5.820 0.0000000000
13664  35.734  -56.363  5.968 0.0000000000
11969  35.049  -58.409  6.044 0.0000000000
10241  37.322  -60.449  5.536 0.0000000000
10242  36.812  -60.581  5.165 0.0000000000
10231  35.482  -60.019  5.385 0.0000000000
11142  34.081  -59.959  5.212 0.0000000000
21962  32.958  -48.408  11.019 0.0000000000
20871  33.123  -50.016  9.574 0.0000000000
19714  31.777  -50.188  9.854 0.0000000000
19750  32.567  -50.940  8.850 0.0000000000
17529  33.158  -52.746  7.907 0.0000000000
15492  34.577  -54.505  7.441 0.0000000000
14533  34.956  -55.577  7.508 0.0000000000
13625  34.823  -56.592  8.097 0.0000000000
13623  36.860  -57.290  8.089 0.0000000000
22057  36.866  -48.933  7.402 0.0000000000
20870  34.073  -49.952  9.556 0.0000000000
20844  34.433  -49.399  10.226 0.0000000000
13666  33.507  -56.625  5.728 0.0000000000
15490  36.724  -54.535  7.316 0.0000000000
11965  39.541  -58.780  6.725 0.0000000000
11943  39.131  -58.224  6.597 0.0000000000
11106  38.609  -58.636  6.517 0.0000000000
11966  38.044  -57.908  6.369 0.0000000000
9500  36.584  -61.966  2.884 0.0000000000
15476  31.355  -54.497  9.181 0.0000000000
17558  38.177  -51.906  6.839 0.0000000000
19772  37.230  -50.993  7.255 0.0000000000
18673  37.577  -51.130  6.908 0.0000000000
22055  38.220  -48.304  6.955 0.0000000000
12727  39.630  -57.817  8.895 0.0000000000
10175  40.158  -59.457  8.115 0.0000000000
11927  40.654  -58.747  8.123 0.0000000000
10200  40.227  -59.344  7.574 0.0000000000
11963  40.304  -58.903  6.948 0.0000000000
10201  39.780  -59.562  7.129 0.0000000000
16508  35.783  -53.240  5.728 0.0000000000
17571  36.180  -52.040  6.085 0.0000000000
18689  34.660  -51.540  5.284 0.0000000000
19804  34.708  -50.875  4.997 0.0000000000
19803  35.617  -50.140  4.931 0.0000000000
18657  35.130  -52.074  7.666 0.0000000000
17545  35.717  -52.718  7.542 0.0000000000
14528  39.016  -56.416  7.347 0.0000000000
14544  38.814  -55.685  7.103 0.0000000000
14543  39.190  -56.233  7.126 0.0000000000
14554  38.286  -55.333  6.119 0.0000000000
14553  38.821  -55.670  6.743 0.0000000000
16506  37.811  -53.717  6.355 0.0000000000
14555  37.338  -55.258  5.741 0.0000000000
11946  36.500  -57.801  6.319 0.0000000000
12778  36.489  -57.310  6.218 0.0000000000
11968  36.261  -58.179  6.220 0.0000000000
12779  35.392  -57.379  6.074 0.0000000000
7339  36.642  -63.173  5.007 0.0000000000
8769  37.095  -62.121  4.549 0.0000000000
9480  36.890  -61.086  4.985 0.0000000000
10254  37.118  -60.905  5.287 0.0000000000
10255  36.835  -60.747  4.837 0.0000000000
9483  35.977  -61.641  3.923 0.0000000000
10243  35.984  -60.813  4.924 0.0000000000
9470  35.261  -61.207  4.352 0.0000000000
11141  34.642  -60.003  5.297 0.0000000000
9471  34.303  -61.248  4.269 0.0000000000
23106  32.983  -47.766  11.563 0.0000000000
21981  32.689  -48.958  10.664 0.0000000000
20846  32.397  -49.607  10.146 0.0000000000
18638  31.512  -52.207  8.892 0.0000000000
19734  31.508  -50.701  9.629 0.0000000000
18617  31.823  -51.216  9.024 0.0000000000
18637  32.297  -51.588  8.629 0.0000000000
15474  32.645  -54.672  7.964 0.0000000000
15493  33.568  -54.581  7.596 0.0000000000
14534  34.034  -55.299  7.602 0.0000000000
13610  35.021  -56.857  9.095 0.0000000000
13609  36.026  -57.244  9.080 0.0000000000
13624  35.752  -56.955  8.186 0.0000000000
19774  36.360  -50.285  6.555 0.0000000000
20909  36.580  -49.507  6.670 0.0000000000
22024  37.912  -48.466  8.746 0.0000000000
14557  34.926  -55.438  5.770 0.0000000000
16482  35.178  -53.582  7.392 0.0000000000
16481  36.255  -53.551  7.373 0.0000000000
13660  39.160  -56.265  6.756 0.0000000000
13654  39.341  -56.997  6.651 0.0000000000
12764  39.051  -57.324  6.541 0.0000000000
12776  38.383  -57.137  6.313 0.0000000000
12777  37.440  -57.226  6.241 0.0000000000
11967  37.195  -58.141  6.370 0.0000000000
11126  36.852  -59.088  6.070 0.0000000000
9482  36.670  -61.692  3.800 0.0000000000
17531  31.410  -52.813  8.900 0.0000000000
15475  31.819  -54.709  8.663 0.0000000000
14517  32.443  -55.335  8.534 0.0000000000
20899  36.747  -49.589  7.775 0.0000000000
20926  36.576  -48.926  5.950 0.0000000000
22072  36.866  -48.752  6.727 0.0000000000
22039  39.002  -48.250  7.611 0.0000000000
12756  38.000  -56.751  7.934 0.0000000000
14530  37.908  -55.780  7.459 0.0000000000
13639  38.600  -56.579  7.640 0.0000000000
13620  38.931  -57.135  7.992 0.0000000000
13638  39.424  -56.960  7.315 0.0000000000
13618  39.988  -57.588  7.629 0.0000000000
12755  40.043  -57.574  7.249 0.0000000000
11941  40.330  -58.535  7.020 0.0000000000
11964  40.039  -58.862  6.835 0.0000000000
16507  37.218  -53.072  6.069 0.0000000000
17570  37.238  -52.007  6.103 0.0000000000
18675  36.192  -51.015  6.295 0.0000000000
19787  35.613  -50.339  6.009 0.0000000000
17572  34.855  -52.422  5.565 0.0000000000
20927  35.906  -49.558  5.929 0.0000000000
20941  36.167  -49.482  5.490 0.0000000000
20925  37.510  -48.780  5.546 0.0000000000
11972  32.342  -58.365  5.050 0.0000000000
19748  34.181  -50.983  8.530 0.0000000000
18635  34.649  -51.556  8.061 0.0000000000
15504  37.951  -54.384  6.784 0.0000000000
13663  36.878  -56.290  5.922 0.0000000000
13665  34.578  -56.481  5.878 0.0000000000
12780  34.252  -57.512  5.939 0.0000000000
11970  33.917  -58.524  5.830 0.0000000000
11136  38.898  -59.648  6.746 0.0000000000
8050  36.779  -62.627  4.466 0.0000000000
10240  37.747  -60.362  5.989 0.0000000000
11138  37.961  -59.764  6.127 0.0000000000
11139  37.269  -59.834  5.785 0.0000000000
11140  36.430  -59.952  5.517 0.0000000000
11128  34.696  -59.458  5.605 0.0000000000
11130  33.080  -59.212  5.284 0.0000000000
11143  33.048  -59.732  4.981 0.0000000000
23105  34.089  -47.865  11.662 0.0000000000
21961  33.788  -48.371  11.163 0.0000000000
21980  33.590  -48.916  10.677 0.0000000000
20845  33.382  -49.472  10.138 0.0000000000
19715  31.075  -50.559  10.152 0.0000000000
20872  32.422  -50.212  9.562 0.0000000000
19732  32.822  -50.531  9.112 0.0000000000
19749  33.181  -50.984  8.672 0.0000000000
18636  33.608  -51.659  8.220 0.0000000000
17547  34.033  -52.820  7.634 0.0000000000
16465  33.115  -53.850  7.752 0.0000000000
16483  34.047  -53.541  7.535 0.0000000000
14532  36.094  -55.495  7.367 0.0000000000
13643  35.600  -56.277  7.639 0.0000000000
13642  36.465  -56.446  7.577 0.0000000000
18674  37.009  -50.892  6.555 0.0000000000
22042  36.896  -49.027  7.868 0.0000000000
22041  37.244  -48.734  8.118 0.0000000000
8049  36.895  -62.153  4.664 0.0000000000
10159  40.005  -59.359  8.319 0.0000000000
10221  39.937  -59.257  6.976 0.0000000000
10230  39.187  -59.661  6.906 0.0000000000
10232  34.928  -60.018  5.333 0.0000000000
10244  34.825  -60.476  4.915 0.0000000000
11024  39.982  -58.742  8.886 0.0000000000
11050  40.377  -58.896  8.437 0.0000000000
11051  40.218  -59.108  8.457 0.0000000000
11071  40.751  -59.141  8.121 0.0000000000
11072  40.623  -59.304  8.029 0.0000000000
11089  40.994  -59.045  8.071 0.0000000000
11090  40.717  -59.102  7.659 0.0000000000
11105  40.413  -59.033  7.189 0.0000000000
11107  38.495  -58.293  6.478 0.0000000000
11122  40.071  -59.102  6.954 0.0000000000
11129  33.601  -59.285  5.459 0.0000000000
11908  40.507  -58.793  8.317 0.0000000000
11928  40.383  -58.231  8.205 0.0000000000
11933  40.800  -58.886  7.830 0.0000000000
11934  40.593  -58.565  7.572 0.0000000000
11945  36.727  -57.902  6.371 0.0000000000
11971  32.912  -58.638  5.412 0.0000000000
11987  32.827  -59.153  5.163 0.0000000000
11988  32.400  -58.974  4.828 0.0000000000
11996  31.956  -58.976  3.985 0.0000000000
12743  37.914  -56.968  7.988 0.0000000000
12754  40.205  -57.802  7.536 0.0000000000
12757  37.790  -56.812  7.852 0.0000000000
12762  40.062  -57.732  7.065 0.0000000000
12763  39.592  -57.540  6.720 0.0000000000
12766  36.689  -57.655  6.347 0.0000000000
13605  39.431  -57.549  8.389 0.0000000000
13619  39.660  -57.459  7.846 0.0000000000
13636  40.031  -57.601  7.401 0.0000000000
13637  39.870  -57.424  7.320 0.0000000000
13640  38.105  -56.644  7.783 0.0000000000
13641  37.429  -56.577  7.616 0.0000000000
13652  40.018  -57.476  6.957 0.0000000000
14513  38.754  -56.626  7.612 0.0000000000
14514  38.674  -56.382  7.568 0.0000000000
14552  39.228  -56.212  6.897 0.0000000000
17559  37.565  -51.547  6.468 0.0000000000
18618  31.278  -51.375  9.465 0.0000000000
19733  32.024  -50.792  9.194 0.0000000000
20898  36.889  -49.090  8.136 0.0000000000
22056  37.414  -48.516  7.237 0.0000000000
