#!ascii label  , from subject 3002 vox2ras=TkReg
243
74594  23.456  -2.659  -13.403 0.0000000000
65230  21.998  -10.634  -10.517 0.0000000000
79032  22.091  2.034  -16.482 0.0000000000
87704  24.703  10.463  -23.165 0.0000000000
64057  21.299  -11.843  -9.939 0.0000000000
81275  24.982  3.930  -16.250 0.0000000000
84630  25.640  6.240  -18.117 0.0000000000
73448  20.719  -3.523  -13.719 0.0000000000
69811  22.614  -6.821  -12.694 0.0000000000
72197  24.313  -4.940  -13.796 0.0000000000
76768  26.075  -1.047  -13.781 0.0000000000
73462  26.184  -4.316  -15.134 0.0000000000
76819  22.290  -0.068  -15.165 0.0000000000
78993  25.459  1.531  -14.447 0.0000000000
85658  25.260  8.057  -21.055 0.0000000000
86606  26.317  8.569  -19.459 0.0000000000
66413  24.570  -9.465  -11.605 0.0000000000
82470  24.952  5.221  -17.529 0.0000000000
83580  24.544  5.647  -18.421 0.0000000000
73447  21.745  -3.447  -13.496 0.0000000000
72199  22.247  -4.346  -13.314 0.0000000000
73445  24.269  -3.719  -13.647 0.0000000000
64066  21.784  -11.348  -10.173 0.0000000000
77941  22.938  0.765  -15.520 0.0000000000
78995  23.783  1.072  -15.087 0.0000000000
79009  24.216  1.764  -15.385 0.0000000000
83546  26.299  5.640  -16.174 0.0000000000
82425  26.330  4.376  -15.612 0.0000000000
88772  23.992  10.822  -23.088 0.0000000000
85660  24.452  8.413  -20.817 0.0000000000
86640  25.245  9.767  -22.359 0.0000000000
91033  26.453  12.352  -23.125 0.0000000000
89914  26.482  11.422  -21.037 0.0000000000
87683  26.334  9.718  -21.334 0.0000000000
88745  26.577  10.392  -19.807 0.0000000000
87647  26.640  9.414  -18.959 0.0000000000
68702  24.231  -7.231  -13.486 0.0000000000
68685  23.104  -7.754  -12.609 0.0000000000
62894  19.756  -12.016  -9.385 0.0000000000
80079  23.805  2.599  -16.025 0.0000000000
81276  24.137  3.730  -16.628 0.0000000000
82456  25.178  5.000  -16.936 0.0000000000
83560  26.086  6.040  -16.859 0.0000000000
70942  20.965  -5.772  -12.720 0.0000000000
70966  21.616  -5.085  -13.088 0.0000000000
70939  24.005  -6.280  -13.397 0.0000000000
69830  25.051  -6.891  -14.360 0.0000000000
75685  24.616  -1.566  -13.658 0.0000000000
73463  25.278  -3.659  -14.294 0.0000000000
75713  26.319  -2.378  -14.252 0.0000000000
74619  21.507  -1.899  -14.192 0.0000000000
75739  20.962  -0.613  -15.176 0.0000000000
75716  22.887  -1.325  -13.975 0.0000000000
76793  24.500  -0.526  -13.902 0.0000000000
77913  26.041  0.574  -14.062 0.0000000000
78992  26.584  1.496  -14.148 0.0000000000
80078  25.085  2.567  -15.460 0.0000000000
81237  26.894  3.043  -14.579 0.0000000000
84673  24.421  6.585  -20.190 0.0000000000
88783  25.855  10.836  -23.019 0.0000000000
86632  26.000  9.237  -21.643 0.0000000000
86614  25.796  8.265  -20.911 0.0000000000
85645  25.567  7.219  -19.491 0.0000000000
85633  25.632  7.265  -18.794 0.0000000000
86576  26.803  8.588  -17.934 0.0000000000
66415  22.089  -9.250  -11.580 0.0000000000
68686  22.064  -7.529  -12.188 0.0000000000
72222  25.449  -4.855  -14.719 0.0000000000
70987  25.468  -6.078  -14.798 0.0000000000
82472  24.177  5.245  -17.937 0.0000000000
74595  22.348  -2.383  -13.669 0.0000000000
73446  22.908  -3.501  -13.312 0.0000000000
61703  19.531  -13.222  -8.349 0.0000000000
61702  20.467  -13.293  -8.330 0.0000000000
79011  22.273  1.333  -16.021 0.0000000000
79010  23.199  1.329  -15.806 0.0000000000
79031  22.734  1.824  -16.376 0.0000000000
84599  26.969  6.228  -15.864 0.0000000000
83533  26.988  5.368  -15.520 0.0000000000
87694  24.559  10.213  -22.508 0.0000000000
87684  24.605  9.862  -21.756 0.0000000000
86634  24.914  9.386  -21.983 0.0000000000
86641  24.951  9.988  -22.621 0.0000000000
89889  26.787  11.066  -19.654 0.0000000000
68683  24.995  -8.025  -13.130 0.0000000000
65231  20.848  -10.351  -10.674 0.0000000000
80099  23.483  3.199  -16.441 0.0000000000
81277  23.299  3.750  -16.805 0.0000000000
83561  25.615  5.693  -17.465 0.0000000000
84629  26.043  6.870  -17.414 0.0000000000
88794  23.416  10.519  -24.405 0.0000000000
70967  20.539  -4.938  -13.066 0.0000000000
72200  21.157  -4.273  -13.398 0.0000000000
72198  23.366  -4.544  -13.444 0.0000000000
70964  23.755  -5.516  -13.355 0.0000000000
70938  24.256  -6.350  -13.680 0.0000000000
70963  24.574  -6.147  -13.963 0.0000000000
62893  20.667  -12.283  -9.448 0.0000000000
62876  21.006  -12.819  -8.859 0.0000000000
75684  25.683  -1.873  -13.871 0.0000000000
75683  26.544  -1.711  -13.999 0.0000000000
74620  20.356  -2.161  -14.257 0.0000000000
76820  21.706  -0.107  -15.344 0.0000000000
76796  22.033  -0.513  -14.984 0.0000000000
75717  21.950  -1.096  -14.488 0.0000000000
76795  22.598  -0.366  -14.705 0.0000000000
75715  23.919  -1.113  -13.875 0.0000000000
76794  23.491  -0.394  -14.333 0.0000000000
78994  24.502  1.278  -14.664 0.0000000000
77914  25.095  0.583  -14.079 0.0000000000
81257  24.674  3.332  -15.967 0.0000000000
81256  25.625  3.671  -15.763 0.0000000000
81255  26.457  3.510  -15.066 0.0000000000
80060  27.198  2.356  -14.262 0.0000000000
85659  24.742  8.207  -21.058 0.0000000000
85646  23.535  7.348  -19.743 0.0000000000
85654  24.070  7.623  -20.503 0.0000000000
84674  23.701  6.694  -20.030 0.0000000000
85653  24.804  7.311  -20.813 0.0000000000
89934  26.355  11.501  -22.759 0.0000000000
91034  26.024  12.323  -23.854 0.0000000000
87692  25.996  9.924  -22.009 0.0000000000
87674  26.453  9.510  -20.556 0.0000000000
86622  26.217  8.884  -21.125 0.0000000000
86613  26.205  8.491  -20.334 0.0000000000
85652  25.537  7.452  -20.419 0.0000000000
85651  26.010  7.848  -19.798 0.0000000000
87646  26.997  9.834  -18.326 0.0000000000
87637  26.892  9.168  -18.323 0.0000000000
85617  26.648  7.928  -17.415 0.0000000000
67567  20.364  -8.545  -11.451 0.0000000000
69812  21.501  -6.649  -12.423 0.0000000000
67585  23.606  -8.709  -12.305 0.0000000000
66428  23.043  -9.161  -12.131 0.0000000000
66429  22.744  -9.232  -11.911 0.0000000000
82458  23.687  4.534  -17.428 0.0000000000
82471  24.491  5.142  -17.792 0.0000000000
83579  25.157  5.637  -18.267 0.0000000000
62891  22.299  -12.307  -9.093 0.0000000000
64056  22.283  -11.718  -9.694 0.0000000000
64039  22.828  -11.954  -9.080 0.0000000000
76767  26.886  -1.104  -13.800 0.0000000000
75682  27.256  -1.519  -14.079 0.0000000000
77943  21.622  0.749  -15.671 0.0000000000
77942  22.474  0.566  -15.506 0.0000000000
77916  23.126  0.453  -15.087 0.0000000000
79008  24.918  1.852  -14.993 0.0000000000
82443  25.687  4.607  -16.217 0.0000000000
82426  25.884  4.202  -15.888 0.0000000000
85665  24.829  8.742  -21.493 0.0000000000
85664  25.129  8.645  -21.592 0.0000000000
91022  26.334  12.369  -22.278 0.0000000000
89923  26.397  11.474  -21.931 0.0000000000
88764  26.369  10.586  -21.608 0.0000000000
88757  26.527  10.464  -20.770 0.0000000000
87662  26.457  9.361  -19.758 0.0000000000
88730  26.543  9.932  -19.326 0.0000000000
88729  26.907  10.538  -18.875 0.0000000000
69810  23.660  -6.970  -13.256 0.0000000000
68684  24.204  -7.764  -12.899 0.0000000000
67584  24.590  -8.630  -12.585 0.0000000000
62877  20.056  -12.677  -8.865 0.0000000000
64059  19.499  -11.164  -9.668 0.0000000000
64068  20.156  -10.828  -10.333 0.0000000000
64067  21.068  -11.165  -10.365 0.0000000000
65239  21.486  -9.857  -11.068 0.0000000000
80100  22.854  2.707  -16.493 0.0000000000
80080  23.193  2.054  -16.334 0.0000000000
82457  24.484  4.531  -17.210 0.0000000000
82444  24.878  4.347  -16.658 0.0000000000
83547  25.768  5.385  -16.735 0.0000000000
84615  26.648  6.725  -16.442 0.0000000000
88786  23.202  10.750  -23.666 0.0000000000
88785  24.160  10.761  -23.826 0.0000000000
70941  22.115  -5.926  -12.785 0.0000000000
70965  22.718  -5.251  -13.172 0.0000000000
70940  23.236  -6.084  -12.888 0.0000000000
69832  24.111  -6.957  -13.615 0.0000000000
68701  24.723  -7.437  -13.650 0.0000000000
68700  25.439  -7.444  -13.742 0.0000000000
75686  23.719  -1.855  -13.590 0.0000000000
74593  24.346  -2.584  -13.544 0.0000000000
74592  25.100  -2.603  -13.831 0.0000000000
74617  25.795  -2.761  -14.179 0.0000000000
74616  26.493  -3.190  -14.865 0.0000000000
75712  27.018  -2.263  -14.523 0.0000000000
74631  27.051  -3.305  -15.561 0.0000000000
73485  26.891  -3.900  -15.732 0.0000000000
74596  21.175  -2.735  -13.892 0.0000000000
75718  21.065  -1.312  -14.746 0.0000000000
74618  22.157  -1.658  -14.048 0.0000000000
75687  23.102  -2.052  -13.648 0.0000000000
75714  24.334  -1.061  -13.794 0.0000000000
76769  25.282  -1.042  -13.706 0.0000000000
77915  24.017  0.451  -14.472 0.0000000000
76792  25.557  -0.267  -13.784 0.0000000000
76791  26.543  -0.345  -13.764 0.0000000000
77912  27.141  0.459  -13.809 0.0000000000
80062  25.369  2.121  -14.908 0.0000000000
80077  25.829  3.033  -15.302 0.0000000000
80061  26.056  2.506  -14.695 0.0000000000
83595  24.449  6.187  -19.304 0.0000000000
88784  25.232  10.834  -23.839 0.0000000000
87703  25.330  10.304  -22.847 0.0000000000
87693  25.556  9.918  -22.333 0.0000000000
86633  25.499  9.328  -21.934 0.0000000000
86623  25.656  8.691  -21.418 0.0000000000
84672  24.968  6.831  -20.415 0.0000000000
84661  25.030  6.521  -19.774 0.0000000000
83594  24.943  6.008  -18.999 0.0000000000
84647  25.406  6.479  -18.869 0.0000000000
84646  25.671  6.912  -18.270 0.0000000000
86591  26.463  8.557  -18.675 0.0000000000
85632  26.110  7.745  -18.213 0.0000000000
85600  26.737  7.500  -16.856 0.0000000000
65238  22.533  -9.994  -11.148 0.0000000000
68687  20.933  -7.400  -12.068 0.0000000000
67587  21.547  -8.122  -11.817 0.0000000000
73464  24.759  -3.920  -14.087 0.0000000000
72223  24.794  -4.398  -14.212 0.0000000000
70988  24.889  -5.302  -14.370 0.0000000000
72221  26.182  -5.242  -15.152 0.0000000000
69838  25.600  -6.735  -14.642 0.0000000000
65219  22.240  -11.207  -10.146 0.0000000000
66416  20.964  -9.146  -11.307 0.0000000000
67564  24.258  -9.178  -12.092 0.0000000000
67565  21.863  -8.644  -11.717 0.0000000000
69809  24.181  -6.616  -13.646 0.0000000000
69831  24.431  -6.929  -13.888 0.0000000000
70962  25.014  -6.415  -14.444 0.0000000000
73444  24.769  -3.145  -13.777 0.0000000000
74597  20.386  -2.938  -13.957 0.0000000000
75738  21.541  -0.736  -14.956 0.0000000000
76766  27.270  -1.153  -13.853 0.0000000000
76821  20.939  0.108  -15.454 0.0000000000
77917  22.614  0.149  -15.130 0.0000000000
81288  24.016  4.133  -17.133 0.0000000000
81289  23.765  4.009  -17.004 0.0000000000
82442  26.295  5.004  -15.857 0.0000000000
83608  23.810  6.492  -19.582 0.0000000000
84662  24.630  6.354  -19.814 0.0000000000
85644  25.879  7.936  -19.084 0.0000000000
88744  26.811  10.909  -19.398 0.0000000000
