#!ascii label  , from subject 3002 vox2ras=TkReg
717
58042  18.298  -16.739  -3.831 0.1428571492
56601  17.701  -17.417  -3.725 0.1428571492
59316  18.134  -16.266  -5.090 0.1428571492
58041  19.163  -16.630  -3.494 0.1428571492
58056  18.912  -16.269  -4.232 0.2857142985
58043  17.720  -16.878  -4.207 0.1428571492
58055  19.545  -16.105  -3.936 0.1428571492
59332  19.048  -15.615  -5.649 0.5714285970
59314  19.726  -15.737  -4.666 0.1428571492
60512  21.746  -14.975  -5.020 0.2857142985
59313  21.011  -15.237  -4.877 0.2857142985
60533  22.829  -14.216  -5.864 0.1428571492
60511  22.421  -14.807  -5.071 0.2857142985
61675  22.816  -12.927  -7.481 0.2857142985
61653  22.247  -13.562  -6.884 0.2857142985
64037  24.241  -11.233  -8.528 0.2857142985
62853  23.731  -12.274  -7.541 0.2857142985
65217  24.063  -10.656  -9.877 0.2857142985
64054  23.908  -11.252  -9.155 0.2857142985
66402  24.348  -9.886  -10.691 0.2857142985
68683  24.995  -8.025  -13.130 0.8571428657
67563  25.004  -9.193  -12.219 0.4285714328
66393  24.656  -10.105  -10.019 0.2857142985
69830  25.051  -6.891  -14.360 0.7142857313
68700  25.439  -7.444  -13.742 0.7142857313
67584  24.590  -8.630  -12.585 0.7142857313
70987  25.468  -6.078  -14.798 0.8571428657
69838  25.600  -6.735  -14.642 0.5714285970
70963  24.574  -6.147  -13.963 0.8571428657
68701  24.723  -7.437  -13.650 0.7142857313
68702  24.231  -7.231  -13.486 0.7142857313
72240  26.983  -4.899  -15.692 0.4285714328
74630  27.501  -3.303  -16.267 0.2857142985
74631  27.051  -3.305  -15.561 0.5714285970
73462  26.184  -4.316  -15.134 0.8571428657
72222  25.449  -4.855  -14.719 0.8571428657
75737  27.937  -2.478  -15.862 0.1428571492
74653  27.923  -3.266  -16.953 0.1428571492
74615  27.334  -2.743  -15.330 0.4285714328
74616  26.493  -3.190  -14.865 0.5714285970
73463  25.278  -3.659  -14.294 0.8571428657
76789  28.878  -0.814  -14.819 0.1428571492
75736  28.792  -1.796  -16.045 0.1428571492
75711  28.001  -1.804  -14.912 0.1428571492
74617  25.795  -2.761  -14.179 0.8571428657
78990  28.910  1.376  -14.227 0.1428571492
77910  29.460  0.234  -14.818 0.1428571492
77911  28.387  0.285  -13.994 0.1428571492
76790  27.628  -0.800  -13.895 0.4285714328
75682  27.256  -1.519  -14.079 0.5714285970
75683  26.544  -1.711  -13.999 0.7142857313
74592  25.100  -2.603  -13.831 0.8571428657
80059  28.300  2.352  -14.234 0.1428571492
77912  27.141  0.459  -13.809 0.5714285970
76768  26.075  -1.047  -13.781 0.8571428657
75684  25.683  -1.873  -13.871 0.8571428657
81235  28.695  3.172  -14.486 0.1428571492
81236  27.717  3.156  -14.465 0.2857142985
78991  27.761  1.426  -13.889 0.1428571492
80060  27.198  2.356  -14.262 0.8571428657
76791  26.543  -0.345  -13.764 0.8571428657
76767  26.886  -1.104  -13.800 0.7142857313
77913  26.041  0.574  -14.062 0.8571428657
82424  27.385  4.356  -14.873 0.1428571492
83532  28.135  5.431  -15.169 0.1428571492
81254  27.186  3.574  -14.668 0.4285714328
80061  26.056  2.506  -14.695 0.8571428657
78993  25.459  1.531  -14.447 0.8571428657
77914  25.095  0.583  -14.079 0.8571428657
80062  25.369  2.121  -14.908 0.8571428657
79008  24.918  1.852  -14.993 0.8571428657
83533  26.988  5.368  -15.520 0.1428571492
84599  26.969  6.228  -15.864 0.2857142985
82425  26.330  4.376  -15.612 0.8571428657
80077  25.829  3.033  -15.302 0.8571428657
80078  25.085  2.567  -15.460 0.8571428657
81256  25.625  3.671  -15.763 0.8571428657
84614  27.369  6.858  -15.994 0.2857142985
83546  26.299  5.640  -16.174 0.8571428657
81275  24.982  3.930  -16.250 0.8571428657
81257  24.674  3.332  -15.967 0.8571428657
83560  26.086  6.040  -16.859 0.8571428657
82443  25.687  4.607  -16.217 0.8571428657
82470  24.952  5.221  -17.529 0.7142857313
82444  24.878  4.347  -16.658 0.7142857313
84629  26.043  6.870  -17.414 0.8571428657
82456  25.178  5.000  -16.936 0.8571428657
84630  25.640  6.240  -18.117 0.8571428657
84646  25.671  6.912  -18.270 0.8571428657
87637  26.892  9.168  -18.323 0.7142857313
85632  26.110  7.745  -18.213 0.8571428657
86591  26.463  8.557  -18.675 0.8571428657
86606  26.317  8.569  -19.459 0.8571428657
87674  26.453  9.510  -20.556 0.7142857313
83561  25.615  5.693  -17.465 0.8571428657
85633  25.632  7.265  -18.794 0.8571428657
90994  27.213  12.680  -19.575 0.1428571492
87662  26.457  9.361  -19.758 0.8571428657
88757  26.527  10.464  -20.770 0.7142857313
93121  26.390  14.116  -21.242 0.1428571492
89914  26.482  11.422  -21.037 0.5714285970
89934  26.355  11.501  -22.759 0.5714285970
91009  26.364  12.384  -21.369 0.1428571492
94169  26.542  15.450  -21.746 0.1428571492
91034  26.024  12.323  -23.854 0.5714285970
94190  25.478  14.840  -23.540 0.1428571492
95138  25.488  16.033  -23.744 0.1428571492
92098  26.123  13.163  -23.325 0.1428571492
91033  26.453  12.352  -23.125 0.5714285970
95139  25.133  15.299  -24.324 0.1428571492
94195  25.218  14.847  -24.786 0.1428571492
95142  25.012  16.198  -24.667 0.1428571492
94197  25.529  14.949  -25.709 0.1428571492
56600  18.472  -17.324  -3.219 0.1428571492
55255  17.953  -17.822  -3.304 0.1428571492
59292  19.949  -15.893  -3.979 0.1428571492
59290  21.496  -15.637  -3.944 0.2857142985
61674  23.538  -12.789  -6.926 0.2857142985
61652  23.102  -13.447  -6.571 0.2857142985
60545  22.513  -13.850  -6.444 0.1428571492
65228  23.820  -10.185  -10.531 0.2857142985
67583  25.314  -8.571  -12.585 0.4285714328
66413  24.570  -9.465  -11.605 0.5714285970
70986  26.771  -5.799  -15.262 0.2857142985
68684  24.204  -7.764  -12.899 0.7142857313
72223  24.794  -4.398  -14.212 0.8571428657
75713  26.319  -2.378  -14.252 0.7142857313
78992  26.584  1.496  -14.148 0.8571428657
76792  25.557  -0.267  -13.784 0.8571428657
78994  24.502  1.278  -14.664 0.8571428657
84615  26.648  6.725  -16.442 0.8571428657
86576  26.803  8.588  -17.934 0.8571428657
87647  26.640  9.414  -18.959 0.8571428657
88745  26.577  10.392  -19.807 0.7142857313
92093  26.133  13.258  -22.587 0.1428571492
94170  26.029  14.955  -22.411 0.1428571492
96051  26.147  16.951  -23.696 0.1428571492
55256  17.351  -18.319  -3.321 0.1428571492
59331  20.185  -15.160  -5.788 0.4285714328
60534  21.526  -14.702  -5.672 0.2857142985
59345  19.284  -15.052  -6.301 0.2857142985
60546  21.870  -14.117  -6.430 0.1428571492
62832  24.118  -12.485  -6.889 0.2857142985
64018  24.420  -11.605  -7.782 0.2857142985
62873  23.406  -12.155  -8.134 0.2857142985
62874  22.766  -12.440  -8.409 0.2857142985
64038  23.472  -11.762  -8.698 0.2857142985
67585  23.606  -8.709  -12.305 0.7142857313
76817  29.722  -0.726  -15.908 0.1428571492
78989  29.751  1.419  -14.737 0.1428571492
82406  28.185  3.838  -14.568 0.1428571492
82407  27.606  3.737  -14.607 0.2857142985
82423  28.615  4.634  -14.816 0.1428571492
81237  26.894  3.043  -14.579 0.8571428657
76769  25.282  -1.042  -13.706 0.8571428657
75714  24.334  -1.061  -13.794 1.0000000000
84598  27.841  6.363  -15.598 0.1428571492
85580  27.993  7.161  -15.934 0.1428571492
85599  27.538  7.682  -16.377 0.2857142985
81276  24.137  3.730  -16.628 0.8571428657
85600  26.737  7.500  -16.856 0.5714285970
87646  26.997  9.834  -18.326 0.5714285970
88730  26.543  9.932  -19.326 0.7142857313
89902  26.733  11.331  -20.119 0.4285714328
89888  27.094  11.614  -19.288 0.2857142985
89901  26.951  12.005  -19.844 0.2857142985
90995  26.736  12.402  -20.383 0.1428571492
92066  26.557  13.412  -20.854 0.1428571492
92080  26.125  13.338  -21.758 0.1428571492
92104  25.670  13.199  -24.812 0.2857142985
93138  26.010  14.308  -21.918 0.1428571492
94191  25.212  14.821  -24.207 0.1428571492
93159  25.373  14.073  -24.858 0.1428571492
93162  25.547  14.405  -25.362 0.1428571492
95112  26.200  15.736  -22.422 0.1428571492
95148  24.907  15.882  -25.501 0.1428571492
95150  24.919  15.893  -26.154 0.1428571492
96066  24.988  17.008  -25.301 0.1428571492
85616  27.119  8.112  -16.887 0.4285714328
87636  27.365  9.509  -17.657 0.4285714328
88715  27.436  10.481  -17.989 0.4285714328
88729  26.907  10.538  -18.875 0.5714285970
89889  26.787  11.066  -19.654 0.5714285970
58057  18.119  -16.482  -4.593 0.1428571492
56602  16.814  -17.596  -3.873 0.1428571492
59315  18.659  -16.076  -4.980 0.4285714328
58070  17.761  -16.353  -5.071 0.2857142985
59291  20.527  -15.738  -3.997 0.1428571492
60535  20.809  -14.833  -5.922 0.1428571492
69832  24.111  -6.957  -13.615 0.7142857313
72221  26.182  -5.242  -15.152 0.8571428657
70988  24.889  -5.302  -14.370 0.8571428657
73485  26.891  -3.900  -15.732 0.5714285970
75712  27.018  -2.263  -14.523 0.5714285970
75710  28.694  -1.442  -15.294 0.1428571492
76766  27.270  -1.153  -13.853 0.1428571492
81255  26.457  3.510  -15.066 0.8571428657
82426  25.884  4.202  -15.888 0.8571428657
83547  25.768  5.385  -16.735 0.8571428657
85617  26.648  7.928  -17.415 0.8571428657
92065  27.002  13.588  -19.960 0.1428571492
91022  26.334  12.369  -22.278 0.5714285970
89923  26.397  11.474  -21.931 0.5714285970
95111  26.947  16.357  -22.093 0.1428571492
92099  25.780  13.106  -24.027 0.4285714328
93155  25.688  13.929  -23.428 0.1428571492
95125  26.355  16.344  -22.820 0.1428571492
93150  25.830  13.971  -22.699 0.1428571492
93156  25.414  13.940  -24.124 0.1428571492
95149  25.025  15.486  -25.182 0.1428571492
61651  24.098  -13.065  -6.410 0.1428571492
59344  19.914  -14.865  -6.420 0.4285714328
64039  22.828  -11.954  -9.080 0.5714285970
92110  25.870  13.452  -25.670 0.1428571492
62891  22.299  -12.307  -9.093 0.5714285970
62893  20.667  -12.283  -9.448 0.5714285970
62895  19.192  -11.684  -9.209 0.2857142985
64066  21.784  -11.348  -10.173 0.5714285970
64068  20.156  -10.828  -10.333 0.5714285970
62878  18.970  -12.349  -8.759 0.4285714328
64057  21.299  -11.843  -9.939 0.5714285970
64060  18.592  -11.171  -9.001 0.2857142985
64059  19.499  -11.164  -9.668 0.4285714328
65229  23.176  -10.255  -10.708 0.4285714328
65239  21.486  -9.857  -11.068 0.5714285970
65231  20.848  -10.351  -10.674 0.5714285970
65232  19.910  -9.896  -10.568 0.4285714328
65238  22.533  -9.994  -11.148 0.5714285970
66415  22.089  -9.250  -11.580 0.5714285970
65240  20.535  -9.578  -10.941 0.4285714328
67566  21.234  -8.633  -11.590 0.4285714328
67586  22.518  -8.570  -12.040 0.4285714328
64069  19.526  -10.409  -10.096 0.4285714328
65220  18.960  -10.355  -9.654 0.2857142985
65221  18.192  -10.066  -9.428 0.2857142985
66404  19.921  -9.243  -10.841 0.4285714328
66429  22.744  -9.232  -11.911 0.7142857313
68686  22.064  -7.529  -12.188 0.7142857313
69813  20.320  -6.534  -12.358 0.4285714328
70942  20.965  -5.772  -12.720 0.7142857313
70968  19.713  -4.717  -12.987 0.2857142985
68685  23.104  -7.754  -12.609 0.5714285970
69812  21.501  -6.649  -12.423 0.7142857313
70965  22.718  -5.251  -13.172 0.7142857313
72200  21.157  -4.273  -13.398 0.7142857313
72199  22.247  -4.346  -13.314 0.7142857313
73448  20.719  -3.523  -13.719 0.7142857313
72201  20.129  -4.195  -13.421 0.4285714328
74597  20.386  -2.938  -13.957 0.4285714328
70938  24.256  -6.350  -13.680 0.5714285970
70940  23.236  -6.084  -12.888 0.5714285970
70964  23.755  -5.516  -13.355 0.5714285970
73447  21.745  -3.447  -13.496 0.7142857313
74595  22.348  -2.383  -13.669 0.7142857313
74596  21.175  -2.735  -13.892 0.7142857313
74620  20.356  -2.161  -14.257 0.5714285970
75718  21.065  -1.312  -14.746 0.5714285970
73445  24.269  -3.719  -13.647 0.5714285970
72198  23.366  -4.544  -13.444 0.5714285970
74594  23.456  -2.659  -13.403 0.7142857313
73446  22.908  -3.501  -13.312 0.7142857313
75687  23.102  -2.052  -13.648 0.8571428657
73466  19.449  -2.598  -13.935 0.4285714328
75716  22.887  -1.325  -13.975 0.7142857313
75717  21.950  -1.096  -14.488 0.7142857313
76795  22.598  -0.366  -14.705 0.7142857313
75739  20.962  -0.613  -15.176 0.5714285970
76796  22.033  -0.513  -14.984 0.7142857313
73464  24.759  -3.920  -14.087 0.5714285970
75715  23.919  -1.113  -13.875 0.8571428657
76819  22.290  -0.068  -15.165 0.7142857313
76820  21.706  -0.107  -15.344 0.5714285970
79012  21.496  1.586  -15.987 0.2857142985
75685  24.616  -1.566  -13.658 0.7142857313
76794  23.491  -0.394  -14.333 0.7142857313
79032  22.091  2.034  -16.482 0.7142857313
76793  24.500  -0.526  -13.902 0.7142857313
77916  23.126  0.453  -15.087 0.8571428657
77942  22.474  0.566  -15.506 0.8571428657
80079  23.805  2.599  -16.025 0.8571428657
77941  22.938  0.765  -15.520 0.8571428657
79011  22.273  1.333  -16.021 0.5714285970
79031  22.734  1.824  -16.376 0.8571428657
80080  23.193  2.054  -16.334 0.8571428657
80100  22.854  2.707  -16.493 0.7142857313
78995  23.783  1.072  -15.087 0.8571428657
79009  24.216  1.764  -15.385 0.8571428657
80099  23.483  3.199  -16.441 0.8571428657
83579  25.157  5.637  -18.267 0.7142857313
83580  24.544  5.647  -18.421 0.7142857313
84647  25.406  6.479  -18.869 0.5714285970
83594  24.943  6.008  -18.999 0.7142857313
85645  25.567  7.219  -19.491 0.7142857313
85651  26.010  7.848  -19.798 0.8571428657
86614  25.796  8.265  -20.911 0.7142857313
84661  25.030  6.521  -19.774 0.7142857313
86623  25.656  8.691  -21.418 0.7142857313
86633  25.499  9.328  -21.934 0.7142857313
85664  25.129  8.645  -21.592 0.5714285970
86622  26.217  8.884  -21.125 0.7142857313
86632  26.000  9.237  -21.643 0.7142857313
86640  25.245  9.767  -22.359 0.5714285970
87702  25.786  10.320  -22.528 0.4285714328
87693  25.556  9.918  -22.333 0.5714285970
86641  24.951  9.988  -22.621 0.5714285970
87683  26.334  9.718  -21.334 0.5714285970
86634  24.914  9.386  -21.983 0.5714285970
88783  25.855  10.836  -23.019 0.5714285970
87703  25.330  10.304  -22.847 0.5714285970
87704  24.703  10.463  -23.165 0.5714285970
87694  24.559  10.213  -22.508 0.4285714328
87684  24.605  9.862  -21.756 0.5714285970
86615  24.510  9.048  -20.907 0.4285714328
88785  24.160  10.761  -23.826 0.5714285970
88784  25.232  10.834  -23.839 0.5714285970
88765  24.076  10.662  -22.310 0.4285714328
87663  23.916  9.178  -19.277 0.4285714328
88786  23.202  10.750  -23.666 0.5714285970
88772  23.992  10.822  -23.088 0.5714285970
89941  21.198  11.091  -24.292 0.4285714328
72197  24.313  -4.940  -13.796 0.5714285970
88798  21.695  10.418  -24.952 0.2857142985
88787  22.294  10.802  -23.506 0.4285714328
88775  21.554  11.001  -22.880 0.2857142985
62876  21.006  -12.819  -8.859 0.5714285970
61702  20.467  -13.293  -8.330 0.5714285970
65218  22.849  -11.010  -10.079 0.2857142985
65219  22.240  -11.207  -10.146 0.4285714328
62894  19.756  -12.016  -9.385 0.5714285970
65230  21.998  -10.634  -10.517 0.5714285970
65233  19.152  -9.755  -10.193 0.4285714328
66417  20.147  -8.924  -11.095 0.4285714328
67567  20.364  -8.545  -11.451 0.5714285970
65234  18.636  -9.721  -9.844 0.2857142985
66405  19.337  -9.020  -10.688 0.2857142985
68687  20.933  -7.400  -12.068 0.5714285970
68699  26.020  -7.351  -13.315 0.2857142985
70944  18.787  -5.396  -12.336 0.2857142985
70967  20.539  -4.938  -13.066 0.7142857313
77915  24.017  0.451  -14.472 0.8571428657
82471  24.491  5.142  -17.792 0.7142857313
85658  25.260  8.057  -21.055 0.7142857313
85665  24.829  8.742  -21.493 0.5714285970
88758  24.374  10.327  -21.502 0.2857142985
87692  25.996  9.924  -22.009 0.5714285970
88764  26.369  10.586  -21.608 0.5714285970
88793  24.426  10.643  -24.639 0.2857142985
64055  23.241  -11.404  -9.431 0.2857142985
69810  23.660  -6.970  -13.256 0.5714285970
75686  23.719  -1.855  -13.590 0.7142857313
74593  24.346  -2.584  -13.544 0.7142857313
86613  26.205  8.491  -20.334 0.8571428657
66428  23.043  -9.161  -12.131 0.5714285970
81277  23.299  3.750  -16.805 0.7142857313
70939  24.005  -6.280  -13.397 0.5714285970
64056  22.283  -11.718  -9.694 0.5714285970
62892  21.586  -12.355  -9.346 0.4285714328
64058  20.371  -11.626  -9.959 0.4285714328
62877  20.056  -12.677  -8.865 0.5714285970
64067  21.068  -11.165  -10.365 0.5714285970
61703  19.531  -13.222  -8.349 0.5714285970
67553  19.165  -8.632  -10.912 0.4285714328
67587  21.547  -8.122  -11.817 0.5714285970
67588  20.598  -8.057  -11.742 0.4285714328
70943  19.777  -5.521  -12.666 0.4285714328
69814  19.253  -6.313  -12.241 0.4285714328
69811  22.614  -6.821  -12.694 0.7142857313
70941  22.115  -5.926  -12.785 0.7142857313
70966  21.616  -5.085  -13.088 0.7142857313
74619  21.507  -1.899  -14.192 0.7142857313
74618  22.157  -1.658  -14.048 0.7142857313
75719  20.008  -0.993  -14.881 0.2857142985
77943  21.622  0.749  -15.671 0.5714285970
77944  20.787  0.975  -15.642 0.2857142985
79010  23.199  1.329  -15.806 0.8571428657
85652  25.537  7.452  -20.419 0.7142857313
88794  23.416  10.519  -24.405 0.5714285970
88773  23.031  11.370  -22.931 0.4285714328
67554  18.797  -8.562  -10.742 0.1428571492
68667  19.215  -7.790  -11.617 0.4285714328
59333  17.974  -15.970  -5.606 0.4285714328
64036  24.882  -11.114  -8.134 0.1428571492
65199  24.294  -10.882  -9.092 0.1428571492
65198  25.013  -10.439  -8.851 0.1428571492
66401  25.157  -9.296  -11.072 0.1428571492
66412  25.148  -9.285  -11.722 0.1428571492
65216  24.793  -10.215  -9.650 0.1428571492
67552  25.932  -8.867  -10.702 0.1428571492
66392  25.446  -9.654  -9.842 0.1428571492
67562  25.661  -8.817  -11.785 0.1428571492
69829  26.471  -6.793  -13.739 0.2857142985
69837  26.249  -6.633  -14.611 0.1428571492
82457  24.484  4.531  -17.210 0.5714285970
96912  23.825  17.813  -26.110 0.1428571492
81278  22.425  3.554  -16.728 0.4285714328
96916  23.054  17.418  -26.492 0.1428571492
94199  25.554  15.229  -26.327 0.1428571492
83562  23.423  5.106  -17.545 0.4285714328
82472  24.177  5.245  -17.937 0.5714285970
83581  23.917  5.696  -18.134 0.4285714328
93165  22.980  14.303  -27.763 0.2857142985
89945  24.639  11.261  -26.746 0.2857142985
88792  25.378  10.874  -24.921 0.2857142985
89944  25.801  11.253  -26.965 0.2857142985
84632  22.148  6.520  -17.119 0.1428571492
83595  24.449  6.187  -19.304 0.5714285970
84672  24.968  6.831  -20.415 0.5714285970
89949  22.188  11.855  -26.800 0.2857142985
89935  26.024  11.535  -23.543 0.4285714328
84664  23.711  7.052  -18.474 0.4285714328
85654  24.070  7.623  -20.503 0.5714285970
88807  23.638  10.941  -26.045 0.2857142985
85647  23.527  7.625  -18.831 0.4285714328
86607  23.737  8.173  -19.632 0.2857142985
128452  21.716  11.040  -25.867 0.1428571492
88801  23.552  10.505  -25.181 0.1428571492
88810  22.335  11.252  -26.213 0.1428571492
86608  23.415  8.503  -18.743 0.1428571492
86616  24.335  8.795  -20.511 0.4285714328
128449  20.580  10.991  -25.445 0.1428571492
128455  20.403  11.022  -26.500 0.1428571492
128454  20.436  11.884  -26.794 0.1428571492
91046  20.762  11.443  -24.524 0.2857142985
92106  21.027  12.797  -22.320 0.1428571492
128443  20.125  11.005  -25.713 0.1428571492
128457  19.759  11.190  -26.356 0.1428571492
128476  20.408  11.791  -24.724 0.1428571492
128481  20.335  12.635  -24.610 0.1428571492
128480  18.819  11.796  -25.416 0.1428571492
128484  19.764  13.622  -24.535 0.1428571492
59346  18.352  -15.260  -6.286 0.4285714328
61655  17.480  -13.508  -6.721 0.2857142985
67561  26.004  -8.285  -11.992 0.1428571492
82458  23.687  4.534  -17.428 0.2857142985
89942  25.761  11.598  -25.228 0.2857142985
91056  21.291  12.874  -27.422 0.2857142985
91053  24.931  12.559  -27.415 0.2857142985
128459  18.405  12.257  -27.197 0.2857142985
60550  17.751  -14.385  -6.616 0.2857142985
61635  23.712  -13.725  -6.055 0.1428571492
62852  24.601  -12.072  -7.198 0.1428571492
62851  25.170  -12.076  -6.911 0.1428571492
68682  25.612  -7.935  -12.955 0.1428571492
86592  23.195  7.980  -17.813 0.1428571492
82446  22.943  4.183  -16.991 0.4285714328
85618  22.914  7.119  -17.518 0.2857142985
85659  24.742  8.207  -21.058 0.5714285970
92118  21.296  13.519  -27.644 0.2857142985
92116  23.482  13.692  -27.682 0.2857142985
89943  25.825  11.645  -26.038 0.2857142985
91052  26.012  12.866  -27.221 0.2857142985
92122  23.663  14.465  -28.201 0.2857142985
93170  24.124  15.003  -28.731 0.1428571492
94204  22.666  15.752  -28.246 0.1428571492
94200  25.388  15.339  -26.999 0.1428571492
128467  17.813  12.105  -26.198 0.2857142985
128458  20.252  12.685  -28.081 0.2857142985
94202  24.487  15.529  -28.115 0.1428571492
95153  23.872  15.639  -27.417 0.1428571492
93163  26.055  14.397  -26.366 0.1428571492
93168  25.588  14.872  -27.692 0.1428571492
69836  26.874  -6.191  -14.806 0.2857142985
91041  25.791  12.345  -24.644 0.4285714328
93166  22.055  14.294  -27.793 0.2857142985
91048  26.202  13.080  -26.420 0.2857142985
92114  25.585  13.480  -27.578 0.1428571492
60549  18.687  -14.683  -6.768 0.4285714328
68703  25.977  -7.115  -14.022 0.4285714328
88771  26.194  10.725  -22.360 0.4285714328
91047  25.867  12.448  -25.479 0.2857142985
84673  24.421  6.585  -20.190 0.5714285970
89939  25.672  11.591  -24.357 0.2857142985
88795  22.511  10.497  -24.206 0.4285714328
89936  21.288  11.247  -22.933 0.2857142985
88808  22.387  10.539  -25.474 0.2857142985
85653  24.804  7.311  -20.813 0.5714285970
85660  24.452  8.413  -20.817 0.5714285970
88800  24.659  10.619  -25.518 0.2857142985
65197  25.796  -10.072  -8.671 0.1428571492
68655  26.025  -8.400  -11.263 0.1428571492
83563  23.061  5.487  -17.482 0.2857142985
91055  22.348  12.649  -27.325 0.2857142985
89947  23.702  11.756  -26.958 0.2857142985
88799  25.644  10.871  -25.741 0.2857142985
84649  23.501  6.759  -17.880 0.2857142985
83596  24.013  6.359  -19.107 0.4285714328
128453  21.254  11.241  -26.569 0.1428571492
84663  23.716  6.843  -19.219 0.4285714328
85634  23.511  7.372  -18.030 0.2857142985
84674  23.701  6.694  -20.030 0.5714285970
85646  23.535  7.348  -19.743 0.5714285970
68665  26.249  -7.920  -11.533 0.1428571492
82447  22.089  4.471  -16.887 0.2857142985
92115  24.607  13.486  -27.762 0.2857142985
92120  25.287  14.208  -27.999 0.2857142985
95154  23.157  16.122  -27.646 0.1428571492
76821  20.939  0.108  -15.454 0.2857142985
128488  17.594  15.629  -27.209 0.1428571492
128461  20.010  14.347  -28.079 0.1428571492
96065  17.908  17.741  -27.774 0.1428571492
95144  19.030  15.266  -24.517 0.1428571492
96062  16.935  16.829  -26.492 0.1428571492
128460  17.814  14.008  -27.312 0.1428571492
128465  19.438  14.647  -28.146 0.1428571492
94196  17.089  14.543  -24.913 0.1428571492
95146  17.121  15.765  -24.910 0.1428571492
128469  16.921  14.083  -26.558 0.1428571492
96061  16.830  16.694  -25.345 0.1428571492
96907  17.366  18.193  -26.507 0.1428571492
95147  16.556  14.996  -25.944 0.1428571492
97755  18.558  19.289  -23.778 0.1428571492
96906  17.384  18.577  -25.661 0.1428571492
75740  20.496  -0.352  -15.208 0.2857142985
96055  18.557  17.192  -24.039 0.1428571492
97758  18.596  19.190  -24.895 0.1428571492
66414  23.387  -9.666  -11.570 0.2857142985
128462  19.240  13.622  -28.066 0.1428571492
93173  20.559  15.112  -28.085 0.1428571492
128471  18.686  16.420  -28.156 0.1428571492
94207  19.763  16.447  -28.148 0.1428571492
96900  18.266  18.168  -24.464 0.1428571492
96896  18.589  18.255  -23.381 0.1428571492
66403  23.691  -10.017  -10.896 0.4285714328
61677  20.847  -13.690  -7.551 0.4285714328
61701  21.372  -13.213  -8.210 0.2857142985
61676  21.820  -13.393  -7.543 0.1428571492
62875  21.886  -12.762  -8.715 0.2857142985
60565  20.296  -14.047  -7.368 0.2857142985
86625  24.478  8.689  -20.834 0.4285714328
61678  20.009  -13.808  -7.885 0.4285714328
61700  22.160  -13.018  -8.105 0.1428571492
61654  21.455  -13.787  -6.973 0.1428571492
83582  23.468  6.131  -17.873 0.2857142985
60567  18.904  -14.311  -7.327 0.2857142985
60568  18.402  -14.215  -7.008 0.2857142985
60566  19.750  -14.248  -7.377 0.2857142985
61679  19.136  -13.814  -7.856 0.2857142985
68688  19.653  -7.460  -11.882 0.2857142985
72202  19.166  -4.005  -12.971 0.1428571492
73449  19.744  -3.351  -13.714 0.2857142985
74621  19.332  -1.800  -14.193 0.1428571492
77945  19.900  1.268  -15.393 0.1428571492
79013  20.681  2.029  -15.791 0.1428571492
79033  21.403  2.344  -16.265 0.1428571492
80102  21.258  2.960  -16.379 0.1428571492
81280  20.905  3.437  -16.222 0.1428571492
83548  21.391  5.093  -16.650 0.1428571492
84616  21.411  5.961  -16.560 0.1428571492
83564  22.194  5.527  -17.053 0.1428571492
87675  24.552  9.465  -21.053 0.1428571492
88766  23.620  10.986  -22.009 0.1428571492
88759  24.220  10.773  -21.246 0.1428571492
89924  22.792  11.559  -22.252 0.1428571492
59347  17.457  -15.257  -6.087 0.2857142985
60548  19.527  -14.641  -6.837 0.1428571492
80101  21.918  2.829  -16.571 0.2857142985
81258  20.491  3.825  -15.832 0.1428571492
84631  22.859  6.253  -17.516 0.1428571492
59348  16.923  -15.088  -5.667 0.2857142985
67568  19.373  -8.342  -11.282 0.2857142985
68689  18.843  -6.764  -11.837 0.2857142985
73450  18.670  -3.025  -13.417 0.1428571492
75720  18.892  -0.973  -14.301 0.1428571492
76798  18.331  -0.014  -14.179 0.1428571492
76797  19.289  -0.242  -14.675 0.1428571492
78997  17.609  2.087  -14.180 0.1428571492
77946  19.104  1.573  -15.112 0.1428571492
79014  19.672  2.239  -15.441 0.1428571492
80082  19.288  3.096  -15.362 0.1428571492
81279  21.569  3.564  -16.577 0.1428571492
84600  20.044  5.922  -15.394 0.1428571492
87676  24.425  9.831  -20.586 0.1428571492
68668  18.759  -7.459  -11.477 0.2857142985
87664  23.520  8.856  -18.666 0.1428571492
67569  18.478  -7.938  -10.896 0.1428571492
82459  22.953  4.779  -17.230 0.1428571492
61680  18.262  -13.521  -7.371 0.2857142985
69815  18.513  -5.985  -11.879 0.1428571492
80081  20.392  3.036  -15.710 0.1428571492
79015  18.712  2.382  -15.060 0.1428571492
60536  16.364  -14.468  -5.424 0.1428571492
60551  16.975  -14.632  -6.062 0.1428571492
61636  16.205  -13.955  -5.680 0.1428571492
61656  16.651  -13.767  -6.197 0.1428571492
61704  18.671  -13.141  -8.088 0.1428571492
70985  27.469  -5.770  -14.817 0.1428571492
87624  27.681  9.180  -17.070 0.1428571492
58072  16.895  -15.860  -5.167 0.1428571492
62855  17.494  -12.772  -7.063 0.1428571492
86564  27.694  8.599  -16.759 0.1428571492
88714  27.955  10.411  -17.338 0.1428571492
64061  17.811  -10.644  -8.924 0.1428571492
59334  17.170  -15.655  -5.525 0.1428571492
70994  27.345  -5.308  -15.696 0.1428571492
66406  18.574  -9.127  -10.265 0.1428571492
59335  16.683  -15.384  -5.186 0.1428571492
62879  18.059  -12.592  -8.031 0.1428571492
56599  19.179  -17.092  -2.920 0.1428571492
58071  17.246  -16.187  -5.211 0.2857142985
59330  20.891  -14.999  -5.570 0.1428571492
61705  18.332  -13.079  -7.823 0.1428571492
62833  17.111  -13.172  -6.569 0.1428571492
62854  23.184  -12.460  -7.892 0.2857142985
64019  23.821  -11.762  -8.105 0.2857142985
65237  23.044  -9.994  -11.167 0.4285714328
66375  25.632  -9.845  -8.994 0.1428571492
66394  18.227  -9.419  -9.847 0.2857142985
66416  20.964  -9.146  -11.307 0.5714285970
66418  19.696  -8.853  -10.952 0.2857142985
67564  24.258  -9.178  -12.092 0.5714285970
67565  21.863  -8.644  -11.717 0.7142857313
67582  25.776  -8.322  -12.388 0.1428571492
67589  19.969  -8.121  -11.621 0.2857142985
68666  25.994  -8.379  -11.664 0.1428571492
68704  25.659  -6.988  -14.326 0.4285714328
69809  24.181  -6.616  -13.646 0.5714285970
69816  18.106  -5.827  -11.564 0.1428571492
69831  24.431  -6.929  -13.888 0.5714285970
70962  25.014  -6.415  -14.444 0.8571428657
73444  24.769  -3.145  -13.777 0.7142857313
73465  19.965  -2.801  -14.029 0.4285714328
75738  21.541  -0.736  -14.956 0.7142857313
76788  29.390  -0.460  -15.139 0.1428571492
76818  29.075  -1.257  -15.471 0.1428571492
77917  22.614  0.149  -15.130 0.7142857313
78988  30.151  1.472  -15.071 0.1428571492
78996  18.171  2.226  -14.621 0.1428571492
79034  20.933  2.678  -16.103 0.1428571492
80103  20.870  3.021  -16.159 0.1428571492
81288  24.016  4.133  -17.133 0.5714285970
81289  23.765  4.009  -17.004 0.7142857313
82442  26.295  5.004  -15.857 0.8571428657
82445  23.291  4.124  -17.066 0.4285714328
82460  22.563  5.044  -17.146 0.2857142985
83607  24.031  6.345  -19.730 0.4285714328
83608  23.810  6.492  -19.582 0.5714285970
84648  23.855  6.496  -18.426 0.4285714328
84662  24.630  6.354  -19.814 0.5714285970
85644  25.879  7.936  -19.084 0.8571428657
86575  27.226  8.656  -17.284 0.4285714328
86624  24.605  8.927  -21.172 0.4285714328
87635  27.853  9.742  -17.030 0.1428571492
88744  26.811  10.909  -19.398 0.5714285970
88774  21.991  10.905  -22.837 0.2857142985
88788  21.616  10.886  -23.286 0.2857142985
88796  21.731  10.725  -24.119 0.4285714328
88797  21.458  10.679  -24.625 0.4285714328
88802  22.660  10.339  -24.842 0.2857142985
88803  22.022  10.334  -24.634 0.2857142985
88804  21.701  10.503  -24.613 0.2857142985
88805  25.841  10.947  -26.315 0.2857142985
88806  25.032  10.901  -26.274 0.2857142985
88809  22.152  10.239  -25.013 0.2857142985
88811  22.643  10.910  -25.856 0.1428571492
89925  22.144  11.250  -22.357 0.2857142985
89926  21.585  11.202  -22.564 0.2857142985
89940  21.281  11.246  -23.548 0.2857142985
89946  24.983  11.712  -27.223 0.2857142985
89948  23.003  12.186  -27.206 0.2857142985
91037  21.275  11.610  -22.409 0.2857142985
91044  20.935  11.862  -22.859 0.2857142985
91049  26.125  12.623  -26.413 0.2857142985
91050  25.704  12.127  -27.264 0.2857142985
91051  26.246  13.141  -26.660 0.2857142985
91054  23.707  12.699  -27.430 0.2857142985
92081  25.929  13.645  -22.227 0.1428571492
92094  25.977  13.593  -22.484 0.1428571492
92101  21.381  12.923  -21.816 0.1428571492
92108  20.717  12.175  -24.135 0.1428571492
92109  25.977  13.666  -25.937 0.1428571492
92111  26.152  13.479  -26.249 0.2857142985
92112  26.046  13.168  -26.096 0.2857142985
92113  26.439  13.742  -27.048 0.1428571492
92117  22.265  13.572  -27.563 0.2857142985
92119  25.908  14.214  -27.551 0.1428571492
92121  24.422  14.300  -28.245 0.2857142985
93139  25.864  13.833  -22.402 0.1428571492
93151  25.955  13.690  -22.626 0.1428571492
93161  25.898  14.062  -25.883 0.1428571492
93164  26.086  14.752  -27.043 0.1428571492
93167  20.735  14.101  -27.845 0.1428571492
93169  25.050  14.979  -28.398 0.2857142985
93174  19.590  15.625  -28.203 0.1428571492
94180  25.768  14.770  -22.957 0.1428571492
94198  25.268  15.039  -25.171 0.1428571492
94201  25.136  15.511  -27.699 0.1428571492
94203  23.639  15.585  -28.230 0.1428571492
95113  25.927  15.289  -22.692 0.1428571492
95126  25.795  15.550  -22.992 0.1428571492
95143  25.022  15.481  -24.637 0.1428571492
95145  18.299  15.793  -24.495 0.1428571492
95151  24.720  15.650  -26.814 0.1428571492
95152  24.555  15.663  -27.413 0.1428571492
96060  17.630  16.940  -24.617 0.1428571492
96063  25.195  16.687  -24.915 0.1428571492
96901  17.138  17.972  -24.852 0.1428571492
96902  16.872  17.708  -25.750 0.1428571492
96905  18.103  18.467  -25.273 0.1428571492
96915  23.464  17.345  -26.258 0.1428571492
97762  18.233  19.171  -25.774 0.1428571492
128442  19.999  11.680  -25.185 0.1428571492
128444  20.692  10.934  -26.104 0.1428571492
128445  20.514  10.955  -25.670 0.1428571492
128446  21.004  10.958  -25.649 0.1428571492
128447  21.289  11.074  -26.130 0.1428571492
128448  20.886  10.963  -26.380 0.1428571492
128450  22.170  10.901  -25.744 0.1428571492
128456  22.111  10.723  -25.593 0.2857142985
128463  21.813  10.813  -25.591 0.1428571492
128464  18.710  14.287  -27.959 0.1428571492
128466  18.540  15.066  -28.003 0.1428571492
128468  21.550  10.650  -25.337 0.2857142985
128470  17.100  14.613  -26.779 0.1428571492
128472  21.045  10.884  -25.000 0.1428571492
128474  20.415  11.223  -25.106 0.1428571492
128477  20.094  11.225  -26.728 0.1428571492
128487  16.680  14.124  -25.444 0.1428571492
