#!ascii label  , from subject 3083 vox2ras=TkReg
1555
60116  -43.926  -33.305  74.621 0.0000000000
44287  -34.947  -44.957  81.596 0.0000000000
70534  -46.061  -25.712  58.281 0.0000000000
57718  -38.491  -35.219  66.555 0.0000000000
62785  -46.498  -31.685  67.378 0.0000000000
52756  -41.514  -38.843  80.030 0.0000000000
46860  -42.452  -44.963  73.492 0.0000000000
51714  -38.679  -40.731  70.582 0.0000000000
44281  -26.247  -46.516  81.691 0.0000000000
76391  -54.579  -19.756  63.645 0.0000000000
48136  -30.983  -43.810  69.887 0.0000000000
57637  -42.242  -35.121  69.697 0.0000000000
58946  -43.118  -34.362  66.105 0.0000000000
57641  -46.232  -35.402  70.681 0.0000000000
57543  -41.088  -35.344  80.068 0.0000000000
54052  -41.347  -39.511  75.303 0.0000000000
57598  -39.459  -35.873  73.304 0.0000000000
55349  -36.815  -37.300  69.078 0.0000000000
76503  -55.899  -20.260  57.681 0.0000000000
45494  -30.818  -44.850  81.941 0.0000000000
45631  -28.227  -44.927  75.863 0.0000000000
46822  -33.195  -44.358  77.002 0.0000000000
65513  -47.095  -29.228  61.535 0.0000000000
49162  -38.160  -41.839  80.634 0.0000000000
48010  -38.774  -42.902  77.449 0.0000000000
49232  -43.387  -42.099  76.627 0.0000000000
48105  -41.992  -43.716  71.452 0.0000000000
38664  -25.686  -51.337  80.359 0.0000000000
64104  -52.279  -30.054  66.869 0.0000000000
69315  -52.067  -26.351  62.362 0.0000000000
72814  -52.529  -23.214  66.639 0.0000000000
75167  -48.906  -22.120  61.916 0.0000000000
76524  -50.696  -20.813  56.067 0.0000000000
41973  -24.306  -48.061  74.154 0.0000000000
48084  -36.820  -43.403  72.611 0.0000000000
58855  -42.606  -34.091  72.444 0.0000000000
57640  -44.346  -35.610  70.479 0.0000000000
58857  -44.886  -34.283  72.519 0.0000000000
60067  -41.231  -33.183  77.022 0.0000000000
57563  -39.767  -35.347  76.260 0.0000000000
58810  -41.134  -33.682  74.533 0.0000000000
58853  -40.241  -34.512  72.127 0.0000000000
70548  -43.663  -25.688  55.819 0.0000000000
72917  -44.980  -23.470  56.931 0.0000000000
44267  -32.938  -45.226  82.477 0.0000000000
45554  -31.673  -45.393  79.191 0.0000000000
45580  -34.093  -44.845  79.297 0.0000000000
58969  -38.561  -34.179  64.276 0.0000000000
60220  -44.748  -33.160  66.710 0.0000000000
61538  -43.256  -32.699  64.319 0.0000000000
62812  -44.583  -31.775  64.397 0.0000000000
64175  -45.518  -30.145  62.447 0.0000000000
64140  -47.309  -30.106  64.601 0.0000000000
51527  -39.873  -39.524  80.309 0.0000000000
49209  -41.363  -42.492  78.227 0.0000000000
50373  -42.526  -40.909  78.258 0.0000000000
52874  -40.361  -39.983  72.840 0.0000000000
50488  -42.477  -41.658  73.225 0.0000000000
50524  -40.500  -42.101  70.941 0.0000000000
57679  -37.296  -35.909  67.852 0.0000000000
65470  -52.142  -28.618  64.350 0.0000000000
73955  -50.647  -22.386  64.293 0.0000000000
76405  -51.560  -20.378  62.428 0.0000000000
75197  -49.990  -21.132  59.058 0.0000000000
76467  -52.403  -20.291  59.550 0.0000000000
76553  -53.125  -19.782  53.759 0.0000000000
40757  -26.304  -49.420  80.100 0.0000000000
39799  -24.841  -49.803  76.816 0.0000000000
43150  -25.584  -47.821  77.235 0.0000000000
46872  -29.188  -44.105  72.853 0.0000000000
46868  -26.003  -44.583  72.055 0.0000000000
46943  -28.127  -44.574  69.009 0.0000000000
49289  -40.979  -42.681  74.535 0.0000000000
49286  -37.519  -41.942  74.277 0.0000000000
48087  -39.577  -43.918  72.826 0.0000000000
57682  -40.459  -35.160  68.406 0.0000000000
57737  -40.751  -34.988  65.791 0.0000000000
56522  -42.624  -35.770  68.484 0.0000000000
57687  -44.789  -35.694  68.847 0.0000000000
58921  -45.938  -34.132  68.925 0.0000000000
55158  -41.682  -37.397  80.041 0.0000000000
55191  -42.224  -39.193  77.854 0.0000000000
55179  -40.978  -37.611  78.238 0.0000000000
55247  -39.966  -38.155  74.688 0.0000000000
54100  -39.002  -38.463  72.432 0.0000000000
54142  -37.422  -38.636  70.155 0.0000000000
56473  -38.448  -36.747  71.435 0.0000000000
57635  -39.541  -35.263  70.239 0.0000000000
76444  -55.356  -19.757  60.272 0.0000000000
77657  -57.255  -19.517  61.051 0.0000000000
45511  -27.709  -44.938  81.461 0.0000000000
45574  -26.634  -45.867  78.358 0.0000000000
44318  -29.490  -45.347  78.706 0.0000000000
45634  -31.099  -45.053  75.934 0.0000000000
48041  -31.647  -43.877  73.974 0.0000000000
60239  -41.063  -33.710  64.119 0.0000000000
65543  -44.872  -28.959  59.620 0.0000000000
66808  -47.348  -28.126  59.259 0.0000000000
47916  -36.901  -43.634  81.281 0.0000000000
46778  -36.971  -44.544  79.657 0.0000000000
45563  -39.201  -43.717  79.233 0.0000000000
48013  -41.649  -42.731  76.721 0.0000000000
48047  -43.134  -43.513  74.394 0.0000000000
51637  -43.619  -41.159  75.607 0.0000000000
49310  -44.174  -42.666  73.713 0.0000000000
46899  -43.546  -44.753  72.461 0.0000000000
58787  -45.748  -32.830  75.687 0.0000000000
46725  -35.474  -43.682  83.343 0.0000000000
51499  -38.267  -39.709  82.542 0.0000000000
53916  -40.149  -38.137  81.769 0.0000000000
58860  -47.376  -34.423  73.027 0.0000000000
58891  -48.539  -33.920  71.544 0.0000000000
61491  -48.296  -32.522  69.520 0.0000000000
62775  -51.139  -31.161  68.916 0.0000000000
62803  -48.896  -31.002  67.143 0.0000000000
64142  -49.573  -29.663  64.454 0.0000000000
66768  -49.839  -28.173  62.007 0.0000000000
70523  -49.104  -26.387  60.014 0.0000000000
71654  -52.631  -24.400  64.253 0.0000000000
72855  -50.526  -24.497  62.603 0.0000000000
72893  -47.428  -23.612  59.618 0.0000000000
75209  -47.314  -21.850  57.969 0.0000000000
76513  -52.716  -20.448  56.727 0.0000000000
39758  -22.695  -50.704  78.452 0.0000000000
41999  -21.041  -48.035  72.116 0.0000000000
44380  -25.843  -45.980  74.788 0.0000000000
44442  -23.854  -46.178  71.525 0.0000000000
48008  -36.077  -43.062  77.297 0.0000000000
49302  -34.558  -42.730  73.959 0.0000000000
48102  -33.671  -43.637  71.415 0.0000000000
45674  -35.190  -45.965  72.079 0.0000000000
60130  -43.638  -33.436  74.032 0.0000000000
58856  -43.806  -34.153  72.512 0.0000000000
60131  -44.473  -33.609  73.959 0.0000000000
60084  -42.156  -32.951  76.205 0.0000000000
60083  -41.290  -33.439  76.138 0.0000000000
58811  -41.916  -33.531  74.904 0.0000000000
58829  -41.295  -33.947  73.414 0.0000000000
69357  -45.645  -27.046  57.915 0.0000000000
70541  -44.919  -25.836  57.653 0.0000000000
71755  -44.205  -24.848  56.512 0.0000000000
71748  -45.459  -24.734  57.785 0.0000000000
44268  -33.808  -44.996  82.324 0.0000000000
44302  -33.694  -45.479  80.784 0.0000000000
44325  -34.741  -45.222  80.536 0.0000000000
58953  -37.531  -34.690  65.181 0.0000000000
58954  -38.316  -34.589  65.132 0.0000000000
61524  -45.205  -32.588  66.779 0.0000000000
61529  -44.570  -32.735  65.689 0.0000000000
62807  -45.437  -31.788  65.585 0.0000000000
64139  -46.060  -30.746  64.643 0.0000000000
64119  -46.347  -31.030  65.524 0.0000000000
52744  -41.181  -38.780  80.388 0.0000000000
50353  -41.276  -40.581  78.903 0.0000000000
51543  -41.601  -39.320  79.432 0.0000000000
51704  -39.623  -40.680  71.399 0.0000000000
51705  -40.661  -41.224  71.743 0.0000000000
51715  -39.332  -41.176  70.734 0.0000000000
49341  -39.395  -42.545  70.496 0.0000000000
57701  -37.906  -35.513  67.222 0.0000000000
57699  -36.119  -36.097  66.801 0.0000000000
57716  -36.523  -35.540  66.251 0.0000000000
76371  -52.516  -20.106  64.370 0.0000000000
76390  -53.275  -19.878  63.464 0.0000000000
76420  -51.969  -20.289  61.481 0.0000000000
76421  -53.060  -19.794  61.347 0.0000000000
41906  -26.249  -48.489  80.592 0.0000000000
41914  -25.776  -48.692  78.686 0.0000000000
43130  -25.841  -47.700  78.952 0.0000000000
48098  -29.417  -43.627  71.450 0.0000000000
48115  -28.078  -43.697  70.631 0.0000000000
48134  -29.220  -43.528  69.869 0.0000000000
45723  -28.749  -45.941  69.179 0.0000000000
45724  -29.713  -45.254  69.271 0.0000000000
48045  -41.568  -43.341  73.970 0.0000000000
48064  -40.111  -43.500  73.295 0.0000000000
46859  -41.343  -44.940  73.403 0.0000000000
57658  -41.865  -35.257  69.283 0.0000000000
56521  -42.063  -35.695  68.201 0.0000000000
57684  -42.480  -35.680  68.919 0.0000000000
56488  -45.204  -35.858  70.398 0.0000000000
56503  -44.458  -36.064  69.471 0.0000000000
57661  -45.281  -35.650  69.415 0.0000000000
58920  -45.190  -34.704  68.486 0.0000000000
58905  -45.797  -34.861  69.361 0.0000000000
56374  -41.198  -35.926  80.324 0.0000000000
56394  -41.396  -37.431  79.370 0.0000000000
56383  -40.753  -36.319  79.240 0.0000000000
57572  -39.675  -35.399  75.353 0.0000000000
56414  -39.616  -36.534  75.524 0.0000000000
56428  -39.606  -37.047  74.639 0.0000000000
55271  -39.569  -37.927  73.598 0.0000000000
56449  -39.374  -36.866  73.250 0.0000000000
56461  -38.759  -37.108  71.965 0.0000000000
56462  -39.071  -36.770  72.356 0.0000000000
58872  -41.532  -34.230  71.244 0.0000000000
58870  -39.896  -34.945  70.749 0.0000000000
58886  -40.736  -34.759  70.074 0.0000000000
57656  -39.432  -35.257  69.217 0.0000000000
45512  -28.969  -44.827  81.419 0.0000000000
45528  -28.279  -44.830  80.380 0.0000000000
45530  -30.522  -44.711  80.198 0.0000000000
45605  -32.075  -45.106  77.972 0.0000000000
45604  -31.411  -45.430  77.643 0.0000000000
45635  -31.867  -45.047  76.133 0.0000000000
46845  -31.103  -44.392  74.449 0.0000000000
48026  -32.708  -43.761  75.484 0.0000000000
58945  -42.068  -34.570  66.176 0.0000000000
58957  -41.307  -34.453  65.425 0.0000000000
58958  -42.322  -34.009  65.290 0.0000000000
61564  -43.230  -32.114  63.260 0.0000000000
61549  -42.291  -32.617  63.255 0.0000000000
61576  -42.197  -32.034  62.323 0.0000000000
64186  -45.874  -29.639  61.635 0.0000000000
64200  -44.509  -29.555  60.681 0.0000000000
65528  -46.172  -29.160  60.475 0.0000000000
65544  -45.932  -28.795  59.625 0.0000000000
65546  -47.373  -28.852  60.357 0.0000000000
49161  -37.431  -42.673  81.154 0.0000000000
46759  -38.237  -43.712  80.235 0.0000000000
47940  -38.585  -42.960  79.877 0.0000000000
47969  -42.277  -42.355  77.447 0.0000000000
47968  -41.776  -42.569  77.663 0.0000000000
48014  -42.572  -42.658  76.169 0.0000000000
49272  -42.439  -42.808  75.372 0.0000000000
48031  -43.566  -42.717  75.431 0.0000000000
55208  -42.230  -39.407  76.929 0.0000000000
54009  -42.630  -39.663  77.090 0.0000000000
54054  -42.624  -40.140  76.016 0.0000000000
50514  -42.406  -42.374  72.173 0.0000000000
50489  -43.290  -42.040  73.435 0.0000000000
49336  -43.079  -43.056  72.250 0.0000000000
48089  -43.947  -43.953  72.716 0.0000000000
55335  -37.178  -37.709  69.678 0.0000000000
52729  -39.567  -38.799  81.906 0.0000000000
56354  -42.295  -35.908  81.128 0.0000000000
58814  -46.576  -33.738  74.502 0.0000000000
57629  -48.700  -33.831  72.558 0.0000000000
60160  -49.010  -33.537  71.456 0.0000000000
60184  -48.439  -33.143  70.171 0.0000000000
60185  -49.304  -32.621  70.207 0.0000000000
64076  -51.355  -30.552  67.598 0.0000000000
62789  -50.346  -31.010  68.086 0.0000000000
64075  -50.278  -30.596  67.241 0.0000000000
64122  -49.214  -30.129  65.420 0.0000000000
64123  -50.453  -29.834  65.358 0.0000000000
68046  -52.406  -27.248  63.199 0.0000000000
65502  -50.639  -28.339  62.917 0.0000000000
68081  -50.653  -27.492  61.919 0.0000000000
68091  -49.556  -27.659  60.816 0.0000000000
69313  -50.602  -26.619  61.286 0.0000000000
72824  -52.622  -23.447  65.954 0.0000000000
75148  -49.918  -21.993  63.614 0.0000000000
73965  -50.458  -23.043  63.826 0.0000000000
73978  -49.198  -22.963  62.446 0.0000000000
72868  -48.837  -24.160  61.463 0.0000000000
74000  -48.096  -22.938  60.583 0.0000000000
74022  -47.109  -22.763  58.837 0.0000000000
75195  -48.172  -21.932  59.953 0.0000000000
76510  -50.088  -20.802  57.359 0.0000000000
75217  -48.720  -21.175  56.767 0.0000000000
76538  -49.362  -20.871  55.296 0.0000000000
76470  -55.540  -20.110  59.492 0.0000000000
76486  -54.649  -20.185  58.566 0.0000000000
76502  -54.789  -20.266  57.641 0.0000000000
40805  -24.445  -48.852  75.406 0.0000000000
40784  -23.325  -49.587  76.393 0.0000000000
40821  -23.003  -49.241  74.823 0.0000000000
41970  -21.916  -48.467  73.531 0.0000000000
43209  -22.530  -47.640  72.686 0.0000000000
45617  -27.306  -45.318  76.587 0.0000000000
45616  -26.375  -45.675  76.175 0.0000000000
45629  -26.401  -45.484  75.209 0.0000000000
45693  -24.992  -44.941  71.286 0.0000000000
42036  -24.513  -48.234  68.297 0.0000000000
47964  -37.756  -43.552  78.387 0.0000000000
47986  -36.344  -43.528  78.058 0.0000000000
49227  -37.031  -42.863  77.442 0.0000000000
49324  -37.164  -42.764  73.038 0.0000000000
49285  -36.543  -42.165  74.599 0.0000000000
49322  -35.152  -42.602  72.909 0.0000000000
49321  -34.209  -42.815  72.991 0.0000000000
48104  -35.327  -43.859  71.813 0.0000000000
44446  -33.690  -46.368  71.621 0.0000000000
58873  -42.691  -34.539  71.363 0.0000000000
57638  -42.858  -35.264  70.056 0.0000000000
57622  -43.740  -35.162  70.837 0.0000000000
57623  -44.604  -35.341  71.055 0.0000000000
57608  -45.988  -35.130  71.858 0.0000000000
60049  -40.848  -33.242  78.334 0.0000000000
57549  -40.310  -35.124  77.876 0.0000000000
58779  -40.274  -34.358  77.349 0.0000000000
58796  -40.290  -34.386  75.411 0.0000000000
58809  -40.190  -34.454  74.366 0.0000000000
57607  -39.732  -35.140  72.943 0.0000000000
58854  -41.389  -34.124  72.303 0.0000000000
74033  -44.663  -23.037  55.886 0.0000000000
44247  -31.431  -44.929  82.451 0.0000000000
45531  -31.343  -45.018  80.100 0.0000000000
44300  -32.415  -45.441  80.441 0.0000000000
45579  -33.194  -45.035  79.018 0.0000000000
46808  -33.288  -44.572  77.986 0.0000000000
58947  -43.725  -34.181  66.304 0.0000000000
60227  -42.829  -33.729  65.197 0.0000000000
60229  -44.094  -33.103  65.281 0.0000000000
61539  -43.844  -32.531  64.508 0.0000000000
62821  -43.696  -31.772  63.309 0.0000000000
64174  -44.219  -30.813  62.547 0.0000000000
64157  -45.132  -30.802  63.582 0.0000000000
65481  -47.502  -29.579  63.265 0.0000000000
50331  -38.801  -40.696  80.668 0.0000000000
49179  -39.834  -41.911  79.367 0.0000000000
49180  -40.704  -41.265  78.987 0.0000000000
50371  -41.925  -41.563  78.240 0.0000000000
50417  -42.913  -41.723  77.369 0.0000000000
52838  -41.118  -39.942  74.031 0.0000000000
51657  -41.683  -40.425  74.224 0.0000000000
51674  -40.848  -40.348  73.112 0.0000000000
51706  -41.164  -41.587  71.781 0.0000000000
49343  -40.909  -42.800  71.161 0.0000000000
48125  -41.258  -43.645  71.236 0.0000000000
48123  -39.700  -43.480  70.618 0.0000000000
56520  -36.785  -36.608  68.468 0.0000000000
56536  -36.489  -36.345  67.577 0.0000000000
65423  -52.947  -29.438  67.046 0.0000000000
65457  -51.997  -29.301  65.402 0.0000000000
65444  -53.746  -28.834  65.869 0.0000000000
66732  -53.469  -27.834  64.417 0.0000000000
69286  -53.148  -26.668  63.327 0.0000000000
73928  -52.903  -21.383  67.045 0.0000000000
73946  -52.354  -22.599  66.284 0.0000000000
75127  -51.868  -21.404  65.893 0.0000000000
76369  -50.516  -21.077  64.023 0.0000000000
76418  -50.229  -20.868  61.688 0.0000000000
75196  -49.253  -21.125  59.638 0.0000000000
76440  -51.212  -20.525  60.656 0.0000000000
76466  -51.371  -20.434  59.681 0.0000000000
76499  -51.614  -20.649  57.823 0.0000000000
76516  -56.095  -20.141  56.771 0.0000000000
76515  -54.934  -20.192  56.680 0.0000000000
76543  -54.937  -19.702  54.725 0.0000000000
38665  -26.185  -50.770  80.107 0.0000000000
38686  -25.289  -50.754  78.898 0.0000000000
39778  -25.711  -49.908  78.242 0.0000000000
40770  -25.277  -49.215  77.074 0.0000000000
41939  -25.124  -48.368  75.741 0.0000000000
46842  -28.390  -44.804  74.277 0.0000000000
45652  -27.261  -44.849  73.774 0.0000000000
46891  -27.548  -44.123  71.841 0.0000000000
46911  -26.542  -44.239  70.432 0.0000000000
46941  -26.048  -44.913  68.579 0.0000000000
44480  -26.003  -46.603  68.203 0.0000000000
44481  -27.165  -46.759  68.711 0.0000000000
49269  -39.669  -42.085  75.764 0.0000000000
49268  -38.669  -42.103  75.952 0.0000000000
49287  -39.069  -42.080  74.553 0.0000000000
48062  -38.571  -43.051  73.385 0.0000000000
48085  -37.891  -43.415  72.942 0.0000000000
57702  -38.927  -35.336  67.340 0.0000000000
57719  -39.556  -35.385  66.561 0.0000000000
57704  -41.525  -35.470  67.741 0.0000000000
57705  -42.438  -35.493  67.445 0.0000000000
57706  -43.277  -35.368  67.361 0.0000000000
56502  -43.716  -36.063  69.213 0.0000000000
57685  -43.574  -35.688  68.090 0.0000000000
57707  -43.985  -35.321  67.781 0.0000000000
58935  -44.501  -34.688  67.625 0.0000000000
60194  -45.757  -33.524  68.341 0.0000000000
61499  -46.334  -32.815  68.362 0.0000000000
53940  -41.685  -37.813  80.547 0.0000000000
52771  -41.843  -39.238  79.156 0.0000000000
55169  -41.609  -38.002  79.365 0.0000000000
55180  -41.493  -38.220  78.537 0.0000000000
55206  -41.163  -38.541  76.814 0.0000000000
55177  -40.358  -36.558  77.509 0.0000000000
55205  -40.284  -37.711  76.385 0.0000000000
54051  -40.505  -38.640  75.314 0.0000000000
54091  -40.226  -39.258  73.939 0.0000000000
54114  -39.283  -39.228  72.429 0.0000000000
52889  -38.771  -39.777  71.479 0.0000000000
52919  -38.090  -40.210  70.324 0.0000000000
54126  -38.358  -38.818  71.306 0.0000000000
55317  -37.563  -37.709  70.426 0.0000000000
56484  -37.583  -36.968  69.955 0.0000000000
57620  -39.080  -35.744  71.478 0.0000000000
57619  -38.615  -35.918  70.784 0.0000000000
56500  -37.940  -36.287  69.771 0.0000000000
57655  -38.229  -35.623  69.057 0.0000000000
57681  -39.215  -35.312  68.242 0.0000000000
77640  -55.127  -19.565  61.767 0.0000000000
77641  -55.991  -19.676  62.034 0.0000000000
76424  -56.580  -19.733  60.787 0.0000000000
76471  -56.517  -20.340  59.526 0.0000000000
76504  -56.953  -20.444  57.707 0.0000000000
76517  -57.241  -20.249  56.804 0.0000000000
45510  -26.695  -45.498  81.448 0.0000000000
44317  -26.222  -46.610  79.182 0.0000000000
45527  -27.178  -45.322  80.396 0.0000000000
45575  -27.576  -45.447  78.534 0.0000000000
45618  -28.522  -45.320  76.944 0.0000000000
44319  -30.283  -45.376  78.663 0.0000000000
45602  -30.213  -45.402  77.291 0.0000000000
45632  -29.236  -44.905  76.019 0.0000000000
46844  -30.016  -44.800  74.721 0.0000000000
48057  -30.255  -43.793  72.970 0.0000000000
48100  -31.347  -43.434  71.392 0.0000000000
58955  -39.330  -34.541  65.110 0.0000000000
58970  -39.778  -33.878  64.261 0.0000000000
60240  -41.787  -33.517  64.201 0.0000000000
68118  -45.782  -27.987  58.187 0.0000000000
69350  -46.937  -26.836  58.667 0.0000000000
45499  -36.143  -44.230  81.576 0.0000000000
45535  -35.992  -44.708  80.690 0.0000000000
46768  -37.057  -44.396  80.422 0.0000000000
46779  -38.066  -44.122  79.284 0.0000000000
46795  -39.285  -43.572  78.414 0.0000000000
47952  -39.852  -43.039  79.435 0.0000000000
47966  -40.073  -43.379  78.170 0.0000000000
49230  -39.992  -42.734  77.323 0.0000000000
49252  -41.335  -42.511  76.247 0.0000000000
49290  -42.049  -42.949  74.693 0.0000000000
48067  -42.889  -44.072  73.752 0.0000000000
52783  -42.615  -39.710  78.243 0.0000000000
51589  -43.216  -40.761  77.387 0.0000000000
50463  -43.778  -41.430  76.025 0.0000000000
51659  -43.247  -41.235  74.660 0.0000000000
50477  -43.924  -41.775  74.541 0.0000000000
49274  -44.151  -42.404  75.197 0.0000000000
48069  -44.008  -43.506  73.848 0.0000000000
46880  -43.844  -44.143  73.342 0.0000000000
51723  -37.248  -40.567  69.475 0.0000000000
60085  -43.270  -32.649  76.244 0.0000000000
60102  -44.450  -33.085  75.256 0.0000000000
39721  -26.559  -50.204  81.534 0.0000000000
45490  -26.375  -45.677  82.402 0.0000000000
45491  -27.082  -44.855  82.471 0.0000000000
45492  -28.406  -44.725  82.728 0.0000000000
44248  -32.018  -45.074  83.012 0.0000000000
45477  -33.129  -44.946  83.338 0.0000000000
44251  -34.450  -44.528  83.013 0.0000000000
45480  -34.998  -44.299  82.642 0.0000000000
46735  -35.767  -43.673  82.438 0.0000000000
49141  -36.940  -42.744  81.790 0.0000000000
49142  -37.513  -41.691  81.916 0.0000000000
50292  -37.678  -40.697  82.624 0.0000000000
50313  -38.298  -40.632  81.423 0.0000000000
51511  -39.149  -39.475  81.410 0.0000000000
52743  -40.375  -38.587  80.901 0.0000000000
53938  -41.097  -38.316  81.006 0.0000000000
53918  -41.508  -37.553  81.460 0.0000000000
56364  -41.729  -36.339  80.872 0.0000000000
56365  -42.243  -36.266  80.930 0.0000000000
60069  -43.332  -32.454  77.313 0.0000000000
58813  -45.864  -33.932  74.216 0.0000000000
58859  -46.650  -34.593  72.815 0.0000000000
57626  -47.197  -34.949  71.782 0.0000000000
58836  -48.359  -33.537  73.836 0.0000000000
57627  -47.855  -34.581  72.100 0.0000000000
57642  -47.049  -34.899  71.116 0.0000000000
58907  -47.679  -33.944  70.386 0.0000000000
60196  -47.149  -32.810  69.012 0.0000000000
61514  -47.261  -32.103  68.323 0.0000000000
61504  -49.895  -31.778  69.409 0.0000000000
62772  -48.741  -31.451  68.387 0.0000000000
62802  -48.094  -30.847  67.125 0.0000000000
64121  -48.086  -30.338  65.430 0.0000000000
64141  -48.451  -29.915  64.618 0.0000000000
65482  -48.187  -29.464  63.212 0.0000000000
65469  -50.903  -29.327  64.526 0.0000000000
65500  -49.396  -28.935  62.694 0.0000000000
65514  -48.083  -29.088  61.732 0.0000000000
66794  -48.509  -28.296  60.303 0.0000000000
68106  -48.621  -27.706  59.921 0.0000000000
69336  -47.762  -26.516  59.138 0.0000000000
71669  -53.832  -25.364  63.808 0.0000000000
71683  -52.575  -25.343  62.878 0.0000000000
72833  -52.060  -23.734  65.215 0.0000000000
71666  -51.290  -24.509  62.941 0.0000000000
71698  -51.622  -25.391  62.032 0.0000000000
71696  -49.778  -25.177  61.044 0.0000000000
71726  -48.515  -25.100  60.068 0.0000000000
71739  -47.107  -24.502  59.102 0.0000000000
72904  -46.493  -23.528  58.531 0.0000000000
74025  -45.728  -22.728  57.270 0.0000000000
75214  -45.838  -21.889  56.069 0.0000000000
75210  -48.691  -21.211  57.682 0.0000000000
75216  -47.928  -21.357  56.837 0.0000000000
75227  -46.517  -21.409  54.341 0.0000000000
76443  -54.320  -19.803  60.217 0.0000000000
76500  -52.625  -20.433  57.702 0.0000000000
76525  -51.728  -20.549  55.826 0.0000000000
76541  -52.955  -20.198  54.652 0.0000000000
76540  -51.840  -20.415  54.720 0.0000000000
76539  -50.696  -20.660  54.925 0.0000000000
39775  -23.676  -50.475  77.690 0.0000000000
44336  -25.935  -46.875  78.002 0.0000000000
44367  -25.352  -47.160  75.893 0.0000000000
43173  -24.809  -47.377  74.604 0.0000000000
45650  -25.480  -45.498  73.388 0.0000000000
44401  -24.631  -46.333  73.226 0.0000000000
43211  -23.841  -47.180  73.078 0.0000000000
44440  -22.423  -46.909  71.296 0.0000000000
45582  -35.661  -44.733  79.607 0.0000000000
46810  -35.262  -44.039  78.165 0.0000000000
48006  -34.490  -43.552  76.857 0.0000000000
49266  -36.172  -42.257  75.678 0.0000000000
49265  -35.159  -42.709  75.735 0.0000000000
48027  -33.576  -43.430  75.646 0.0000000000
48060  -33.438  -43.086  73.749 0.0000000000
48081  -33.291  -43.173  72.551 0.0000000000
48120  -32.803  -43.823  70.808 0.0000000000
45678  -38.837  -45.199  72.709 0.0000000000
45676  -36.954  -45.271  72.607 0.0000000000
45675  -35.913  -45.266  72.135 0.0000000000
45696  -34.961  -45.163  71.615 0.0000000000
45712  -33.423  -44.786  70.778 0.0000000000
45710  -31.830  -45.346  70.200 0.0000000000
58831  -44.131  -33.737  73.299 0.0000000000
60101  -43.121  -32.966  75.370 0.0000000000
60100  -42.039  -33.260  75.449 0.0000000000
60115  -42.874  -33.263  74.669 0.0000000000
69348  -45.580  -26.302  57.983 0.0000000000
70533  -45.560  -25.551  58.012 0.0000000000
71747  -44.687  -25.018  57.301 0.0000000000
71737  -45.822  -25.183  58.164 0.0000000000
44286  -34.443  -45.211  81.586 0.0000000000
44303  -34.381  -45.375  80.931 0.0000000000
44304  -35.069  -45.075  80.836 0.0000000000
57734  -37.956  -34.824  65.866 0.0000000000
62784  -45.776  -31.895  66.981 0.0000000000
62799  -45.592  -31.866  66.277 0.0000000000
62800  -46.291  -31.409  66.476 0.0000000000
62808  -45.966  -31.417  65.843 0.0000000000
64098  -46.357  -31.192  65.962 0.0000000000
51542  -41.338  -39.609  79.397 0.0000000000
51703  -38.777  -40.257  71.075 0.0000000000
57717  -37.474  -35.291  66.439 0.0000000000
57733  -36.944  -35.008  65.581 0.0000000000
76373  -54.868  -19.665  64.651 0.0000000000
76372  -53.715  -19.917  64.526 0.0000000000
76407  -54.078  -19.731  62.377 0.0000000000
43106  -26.177  -47.474  81.088 0.0000000000
43118  -26.076  -47.515  79.972 0.0000000000
48118  -30.735  -43.590  70.571 0.0000000000
48117  -29.792  -43.556  70.615 0.0000000000
48135  -30.137  -43.707  69.861 0.0000000000
46930  -29.475  -44.211  69.321 0.0000000000
46931  -30.400  -44.392  69.591 0.0000000000
48066  -41.982  -44.122  73.645 0.0000000000
48065  -40.890  -44.004  73.387 0.0000000000
56505  -45.620  -35.660  70.346 0.0000000000
56504  -45.168  -35.988  69.835 0.0000000000
57662  -45.952  -35.349  69.981 0.0000000000
56384  -41.140  -36.457  79.827 0.0000000000
57542  -40.767  -35.442  79.495 0.0000000000
57584  -39.563  -35.676  74.290 0.0000000000
56427  -39.477  -36.467  73.876 0.0000000000
58887  -41.761  -34.622  70.281 0.0000000000
58903  -41.599  -34.841  69.707 0.0000000000
58902  -41.234  -34.855  69.536 0.0000000000
45493  -29.812  -44.772  82.294 0.0000000000
45513  -30.173  -44.656  81.211 0.0000000000
45623  -32.642  -44.745  77.635 0.0000000000
45622  -32.144  -44.975  76.972 0.0000000000
46821  -32.474  -44.514  76.158 0.0000000000
62830  -42.753  -31.765  62.321 0.0000000000
61563  -42.639  -32.220  62.886 0.0000000000
64187  -46.464  -29.458  61.614 0.0000000000
65512  -46.376  -29.340  61.148 0.0000000000
65529  -46.955  -29.058  60.717 0.0000000000
47928  -37.904  -43.183  80.597 0.0000000000
47993  -43.019  -42.273  76.867 0.0000000000
47992  -42.578  -42.494  77.052 0.0000000000
48015  -43.163  -42.444  76.374 0.0000000000
54030  -41.678  -39.254  76.250 0.0000000000
54031  -42.372  -39.671  76.479 0.0000000000
54053  -42.198  -39.918  75.776 0.0000000000
49335  -42.181  -42.921  71.698 0.0000000000
48107  -43.512  -43.935  72.222 0.0000000000
48106  -42.785  -43.816  71.785 0.0000000000
55334  -36.755  -38.067  69.158 0.0000000000
60161  -49.509  -33.103  71.487 0.0000000000
64077  -52.396  -30.185  67.730 0.0000000000
64103  -51.144  -30.187  66.476 0.0000000000
69300  -52.010  -26.631  62.441 0.0000000000
68065  -51.165  -27.492  62.330 0.0000000000
69314  -51.548  -26.657  61.983 0.0000000000
72803  -52.319  -23.055  67.470 0.0000000000
72815  -53.070  -23.947  66.049 0.0000000000
75159  -49.665  -21.589  62.606 0.0000000000
75158  -49.499  -22.312  62.832 0.0000000000
73990  -48.496  -23.001  61.497 0.0000000000
75177  -48.455  -22.205  61.085 0.0000000000
76511  -50.750  -20.730  57.091 0.0000000000
76523  -49.897  -20.847  56.507 0.0000000000
76550  -49.707  -20.591  53.973 0.0000000000
76487  -55.717  -20.274  58.608 0.0000000000
38675  -25.047  -51.108  79.536 0.0000000000
40823  -24.233  -48.581  74.870 0.0000000000
40822  -23.782  -48.842  74.885 0.0000000000
41954  -23.335  -48.631  74.268 0.0000000000
41971  -22.877  -48.175  73.487 0.0000000000
41972  -23.817  -48.159  73.813 0.0000000000
45630  -27.250  -45.185  75.534 0.0000000000
42035  -23.551  -48.230  68.107 0.0000000000
47988  -38.138  -43.126  77.785 0.0000000000
47987  -37.195  -43.208  77.907 0.0000000000
49249  -38.098  -42.444  76.911 0.0000000000
49323  -36.255  -42.728  72.954 0.0000000000
48083  -35.636  -43.353  72.207 0.0000000000
57621  -43.108  -35.151  70.644 0.0000000000
58874  -43.727  -34.625  71.589 0.0000000000
58875  -44.710  -34.692  71.741 0.0000000000
58876  -45.443  -34.793  71.945 0.0000000000
57624  -45.469  -35.319  71.408 0.0000000000
60048  -40.555  -33.701  77.552 0.0000000000
58797  -41.065  -33.630  75.554 0.0000000000
58786  -40.850  -33.729  76.107 0.0000000000
58828  -40.163  -34.585  73.281 0.0000000000
69366  -43.804  -26.882  56.312 0.0000000000
72912  -44.813  -24.138  57.146 0.0000000000
74029  -44.757  -23.122  56.281 0.0000000000
44266  -32.122  -45.276  82.017 0.0000000000
44283  -32.119  -45.341  81.007 0.0000000000
44284  -32.912  -45.443  81.387 0.0000000000
44323  -33.721  -45.486  80.133 0.0000000000
44322  -33.258  -45.506  79.934 0.0000000000
45556  -33.572  -45.321  79.637 0.0000000000
46790  -33.785  -44.620  78.597 0.0000000000
60219  -44.217  -33.627  66.296 0.0000000000
61541  -44.978  -32.204  65.364 0.0000000000
61540  -44.465  -32.393  64.873 0.0000000000
61552  -44.131  -32.054  64.305 0.0000000000
62822  -44.303  -31.563  63.734 0.0000000000
64156  -44.419  -31.162  63.215 0.0000000000
62823  -44.911  -31.380  64.160 0.0000000000
64158  -46.621  -29.929  63.417 0.0000000000
50332  -39.432  -40.426  80.027 0.0000000000
49164  -39.780  -41.043  79.405 0.0000000000
50333  -40.256  -40.267  79.475 0.0000000000
51557  -41.649  -40.301  78.838 0.0000000000
50372  -41.985  -41.072  78.473 0.0000000000
50393  -42.467  -41.563  77.818 0.0000000000
50394  -42.935  -41.187  77.664 0.0000000000
52858  -40.537  -39.859  73.349 0.0000000000
52859  -41.049  -40.183  73.607 0.0000000000
50511  -40.330  -41.526  71.211 0.0000000000
50512  -40.962  -41.965  71.426 0.0000000000
49342  -40.191  -42.673  70.711 0.0000000000
57654  -37.516  -35.948  68.577 0.0000000000
65424  -53.612  -29.009  66.507 0.0000000000
65443  -52.985  -29.421  66.182 0.0000000000
68029  -53.995  -27.730  64.873 0.0000000000
66734  -54.085  -28.038  65.191 0.0000000000
68049  -53.967  -27.404  64.374 0.0000000000
68027  -53.645  -27.482  64.046 0.0000000000
69288  -54.150  -27.058  64.211 0.0000000000
76350  -53.826  -19.671  66.532 0.0000000000
77582  -54.012  -19.753  67.530 0.0000000000
76340  -53.656  -20.020  67.444 0.0000000000
75118  -52.948  -20.816  66.879 0.0000000000
75117  -52.378  -21.190  66.380 0.0000000000
75128  -52.338  -20.633  65.854 0.0000000000
76389  -52.083  -20.254  63.372 0.0000000000
76370  -51.436  -20.554  64.245 0.0000000000
76388  -51.012  -20.539  63.293 0.0000000000
76387  -50.177  -21.009  63.099 0.0000000000
76404  -50.632  -20.645  62.412 0.0000000000
76439  -50.313  -20.819  60.877 0.0000000000
76419  -50.985  -20.555  61.584 0.0000000000
76441  -52.225  -20.235  60.500 0.0000000000
76483  -51.507  -20.519  58.736 0.0000000000
76484  -52.520  -20.345  58.625 0.0000000000
76529  -56.351  -19.901  55.982 0.0000000000
39745  -26.268  -50.179  79.591 0.0000000000
39744  -25.983  -50.465  79.136 0.0000000000
40762  -26.076  -49.442  79.176 0.0000000000
41920  -25.622  -48.781  77.752 0.0000000000
41919  -25.428  -48.553  76.988 0.0000000000
41926  -25.295  -48.596  76.393 0.0000000000
43149  -25.455  -48.165  76.589 0.0000000000
46871  -28.610  -44.174  72.907 0.0000000000
46870  -27.614  -44.435  73.023 0.0000000000
46892  -28.142  -44.034  72.348 0.0000000000
46928  -27.565  -43.996  69.700 0.0000000000
46912  -27.371  -44.019  70.866 0.0000000000
46927  -26.388  -44.416  69.379 0.0000000000
46942  -27.109  -44.708  68.763 0.0000000000
45734  -26.635  -45.654  68.408 0.0000000000
45735  -27.807  -45.546  68.777 0.0000000000
44471  -29.499  -46.389  69.822 0.0000000000
45722  -28.007  -46.426  69.166 0.0000000000
49270  -40.713  -42.311  75.559 0.0000000000
50462  -39.463  -41.918  75.127 0.0000000000
49288  -39.818  -42.097  74.688 0.0000000000
48063  -39.318  -43.232  73.419 0.0000000000
48086  -38.836  -43.748  72.960 0.0000000000
57703  -40.093  -35.486  67.455 0.0000000000
56537  -41.974  -35.702  67.982 0.0000000000
56538  -42.279  -35.730  67.998 0.0000000000
56539  -42.965  -35.756  68.019 0.0000000000
57639  -43.792  -35.578  70.152 0.0000000000
57660  -43.534  -35.707  69.627 0.0000000000
56486  -44.069  -35.936  69.656 0.0000000000
56525  -44.797  -36.032  69.306 0.0000000000
56524  -44.265  -36.152  68.962 0.0000000000
57686  -44.122  -35.799  68.441 0.0000000000
57708  -44.525  -35.316  68.249 0.0000000000
60195  -46.598  -33.368  68.864 0.0000000000
55145  -41.653  -37.185  80.500 0.0000000000
53960  -41.715  -38.251  79.871 0.0000000000
56393  -41.046  -37.188  79.055 0.0000000000
55189  -41.398  -38.436  77.631 0.0000000000
55188  -40.724  -37.794  77.410 0.0000000000
57556  -40.127  -35.194  77.173 0.0000000000
56391  -40.312  -36.066  77.871 0.0000000000
56400  -40.171  -36.106  77.079 0.0000000000
55225  -39.955  -37.793  75.427 0.0000000000
54028  -40.369  -38.267  75.819 0.0000000000
54072  -40.558  -39.221  74.535 0.0000000000
55272  -39.927  -38.501  74.080 0.0000000000
55289  -39.221  -37.933  72.975 0.0000000000
54101  -39.459  -38.968  72.900 0.0000000000
54113  -38.803  -39.046  71.976 0.0000000000
55318  -38.011  -37.737  71.125 0.0000000000
56485  -38.002  -36.666  70.547 0.0000000000
57606  -39.429  -35.637  72.471 0.0000000000
58852  -39.728  -34.913  71.571 0.0000000000
57634  -38.575  -35.751  69.963 0.0000000000
77656  -56.474  -19.597  61.163 0.0000000000
76425  -56.811  -19.829  60.763 0.0000000000
76446  -57.162  -20.177  60.297 0.0000000000
76489  -57.644  -20.558  58.580 0.0000000000
76505  -57.896  -20.588  57.719 0.0000000000
45551  -28.915  -45.080  79.450 0.0000000000
45550  -27.829  -45.165  79.404 0.0000000000
45576  -28.622  -45.388  78.583 0.0000000000
45601  -28.325  -45.353  77.872 0.0000000000
44354  -28.945  -45.553  77.975 0.0000000000
45553  -30.836  -45.019  79.282 0.0000000000
44320  -30.983  -45.431  78.627 0.0000000000
45621  -31.360  -45.264  76.745 0.0000000000
45603  -30.812  -45.492  77.347 0.0000000000
45620  -30.577  -45.275  76.624 0.0000000000
45619  -29.646  -45.247  76.798 0.0000000000
45633  -30.184  -45.103  75.688 0.0000000000
45646  -29.651  -44.964  75.384 0.0000000000
46833  -30.328  -45.021  75.163 0.0000000000
46856  -31.159  -44.108  73.823 0.0000000000
48058  -31.266  -43.773  73.195 0.0000000000
48079  -30.828  -43.394  72.254 0.0000000000
48080  -31.937  -43.397  72.332 0.0000000000
57736  -39.964  -35.087  65.806 0.0000000000
58971  -40.761  -34.035  64.656 0.0000000000
60238  -40.508  -33.759  64.148 0.0000000000
60241  -42.652  -33.306  64.524 0.0000000000
61562  -41.771  -32.631  62.779 0.0000000000
64185  -44.742  -29.885  61.399 0.0000000000
65527  -45.168  -29.277  60.432 0.0000000000
65556  -45.276  -28.720  59.065 0.0000000000
66792  -46.873  -28.576  59.430 0.0000000000
66806  -45.883  -28.413  58.723 0.0000000000
66807  -46.732  -28.198  58.915 0.0000000000
68119  -46.397  -27.615  58.519 0.0000000000
68120  -47.235  -27.512  58.903 0.0000000000
46746  -36.557  -43.939  81.452 0.0000000000
46756  -36.374  -44.444  80.976 0.0000000000
46757  -36.848  -44.165  80.934 0.0000000000
46770  -38.574  -43.594  79.761 0.0000000000
46769  -38.065  -44.174  79.934 0.0000000000
45537  -38.504  -43.965  79.375 0.0000000000
45561  -38.726  -43.886  78.979 0.0000000000
45584  -39.242  -43.815  78.912 0.0000000000
49195  -40.501  -42.418  78.847 0.0000000000
49194  -39.700  -42.627  79.357 0.0000000000
47991  -41.691  -42.759  77.266 0.0000000000
47967  -40.643  -43.109  78.368 0.0000000000
47990  -40.731  -42.905  77.470 0.0000000000
48012  -41.112  -42.673  76.839 0.0000000000
49251  -40.458  -42.468  76.652 0.0000000000
48030  -43.092  -43.051  75.137 0.0000000000
49291  -42.717  -43.167  74.770 0.0000000000
48046  -42.463  -43.497  74.181 0.0000000000
53980  -42.117  -39.144  78.474 0.0000000000
52772  -42.151  -39.429  78.758 0.0000000000
53995  -42.393  -39.338  78.051 0.0000000000
52802  -43.009  -40.346  76.337 0.0000000000
52791  -43.110  -40.250  77.112 0.0000000000
51612  -43.575  -40.988  76.572 0.0000000000
51658  -42.307  -40.806  74.363 0.0000000000
51676  -42.720  -41.359  73.854 0.0000000000
49309  -43.865  -42.541  73.409 0.0000000000
50490  -43.830  -41.974  73.956 0.0000000000
50478  -44.196  -41.943  74.920 0.0000000000
50491  -44.176  -42.281  74.298 0.0000000000
49311  -44.314  -42.868  74.132 0.0000000000
49327  -44.208  -43.184  73.569 0.0000000000
48090  -44.055  -43.777  73.224 0.0000000000
46879  -43.787  -44.733  72.978 0.0000000000
46861  -43.402  -44.700  73.396 0.0000000000
52918  -37.598  -39.679  69.942 0.0000000000
38650  -26.557  -50.595  81.898 0.0000000000
46732  -26.507  -45.238  83.567 0.0000000000
44231  -31.496  -44.855  83.457 0.0000000000
45462  -35.223  -43.899  82.831 0.0000000000
49123  -37.443  -41.465  82.766 0.0000000000
51498  -37.609  -40.013  82.975 0.0000000000
50312  -37.836  -40.843  81.897 0.0000000000
50293  -38.146  -40.289  82.114 0.0000000000
51525  -38.776  -40.034  81.241 0.0000000000
51510  -38.657  -39.676  81.863 0.0000000000
52716  -39.482  -38.482  82.461 0.0000000000
52730  -40.278  -38.290  81.555 0.0000000000
55130  -41.604  -37.055  81.796 0.0000000000
55131  -41.644  -37.016  81.191 0.0000000000
56353  -41.703  -36.113  81.424 0.0000000000
57528  -41.841  -35.409  81.380 0.0000000000
57538  -41.541  -35.428  80.956 0.0000000000
60103  -45.128  -32.739  75.670 0.0000000000
58799  -45.210  -33.657  74.607 0.0000000000
58800  -45.629  -33.379  75.078 0.0000000000
58835  -47.441  -33.954  73.790 0.0000000000
58834  -46.641  -34.241  73.630 0.0000000000
57609  -46.605  -35.034  72.111 0.0000000000
57610  -47.303  -34.747  72.371 0.0000000000
58892  -48.714  -33.839  71.871 0.0000000000
57628  -48.334  -34.189  72.367 0.0000000000
57643  -47.837  -34.514  71.610 0.0000000000
58889  -47.220  -34.573  70.637 0.0000000000
58890  -47.977  -34.214  71.001 0.0000000000
60183  -47.378  -33.309  69.573 0.0000000000
61501  -47.815  -32.159  68.756 0.0000000000
64042  -51.594  -30.708  69.091 0.0000000000
61494  -50.058  -31.827  69.757 0.0000000000
62774  -50.335  -31.516  68.926 0.0000000000
62788  -49.402  -30.986  67.771 0.0000000000
62787  -48.512  -31.214  67.740 0.0000000000
64100  -47.636  -30.586  66.261 0.0000000000
64101  -48.772  -30.539  66.397 0.0000000000
64160  -48.729  -29.575  63.880 0.0000000000
66753  -50.312  -28.168  62.421 0.0000000000
65501  -50.183  -28.492  62.743 0.0000000000
65516  -49.602  -28.580  62.316 0.0000000000
65515  -49.004  -28.719  61.862 0.0000000000
65531  -48.423  -28.766  61.339 0.0000000000
66780  -48.846  -28.449  60.944 0.0000000000
69322  -49.531  -26.783  60.394 0.0000000000
68107  -49.152  -27.441  60.288 0.0000000000
69338  -49.083  -27.044  59.944 0.0000000000
69337  -48.609  -26.817  59.591 0.0000000000
72835  -53.502  -24.706  64.857 0.0000000000
71656  -53.912  -25.301  64.564 0.0000000000
71655  -53.486  -24.731  64.324 0.0000000000
71684  -53.165  -25.369  63.424 0.0000000000
71668  -53.072  -24.940  63.639 0.0000000000
73945  -51.827  -22.682  65.798 0.0000000000
72823  -52.196  -23.330  65.739 0.0000000000
73956  -51.081  -23.014  64.907 0.0000000000
72844  -50.343  -23.888  63.255 0.0000000000
71682  -51.948  -24.963  62.450 0.0000000000
71681  -51.118  -24.972  62.237 0.0000000000
71697  -50.753  -25.391  61.641 0.0000000000
71680  -50.195  -24.861  61.996 0.0000000000
72880  -47.944  -24.021  60.388 0.0000000000
71711  -48.777  -24.892  60.555 0.0000000000
71725  -48.082  -24.722  59.862 0.0000000000
70521  -47.713  -25.442  59.329 0.0000000000
72905  -47.005  -23.592  59.047 0.0000000000
74027  -46.832  -22.473  58.280 0.0000000000
75208  -46.627  -22.062  57.369 0.0000000000
74031  -46.051  -22.214  56.994 0.0000000000
75215  -46.849  -21.697  56.655 0.0000000000
75205  -49.374  -21.112  58.557 0.0000000000
75223  -48.443  -21.230  56.120 0.0000000000
75222  -47.661  -21.402  55.855 0.0000000000
75221  -46.678  -21.495  55.450 0.0000000000
77654  -55.054  -19.632  61.163 0.0000000000
76422  -54.295  -19.723  61.126 0.0000000000
76501  -53.694  -20.348  57.637 0.0000000000
76485  -53.567  -20.148  58.553 0.0000000000
76542  -54.028  -19.867  54.611 0.0000000000
76527  -53.928  -20.211  55.654 0.0000000000
76552  -51.995  -19.915  53.551 0.0000000000
39760  -24.949  -50.524  78.202 0.0000000000
39759  -24.267  -50.574  78.065 0.0000000000
39776  -24.570  -50.302  77.504 0.0000000000
40803  -22.574  -49.474  75.722 0.0000000000
40783  -22.492  -49.746  76.565 0.0000000000
41937  -21.144  -49.031  75.039 0.0000000000
41986  -21.583  -48.056  72.662 0.0000000000
41969  -20.999  -48.590  73.359 0.0000000000
41985  -20.648  -48.273  72.523 0.0000000000
41998  -20.512  -48.094  71.574 0.0000000000
44368  -25.772  -46.249  75.636 0.0000000000
44353  -25.668  -46.642  76.709 0.0000000000
44379  -25.353  -46.789  75.074 0.0000000000
45673  -26.829  -44.785  73.118 0.0000000000
45651  -26.252  -44.989  73.650 0.0000000000
45672  -25.987  -44.735  72.896 0.0000000000
45670  -24.333  -45.935  71.897 0.0000000000
44424  -24.463  -46.037  72.445 0.0000000000
44400  -24.156  -46.903  73.130 0.0000000000
44423  -23.875  -46.612  72.428 0.0000000000
43224  -22.946  -47.209  72.165 0.0000000000
44441  -23.129  -46.758  71.471 0.0000000000
43260  -26.328  -47.644  68.660 0.0000000000
42037  -25.466  -48.412  68.633 0.0000000000
45559  -35.962  -44.805  80.005 0.0000000000
46777  -36.173  -44.649  79.534 0.0000000000
46811  -35.830  -43.876  78.247 0.0000000000
47985  -35.635  -43.563  77.724 0.0000000000
47984  -34.968  -43.660  77.525 0.0000000000
48007  -35.315  -43.231  76.941 0.0000000000
49267  -37.516  -41.955  75.552 0.0000000000
49284  -35.488  -42.429  74.768 0.0000000000
49283  -34.814  -42.757  74.941 0.0000000000
48028  -34.368  -43.151  75.924 0.0000000000
48044  -34.144  -42.923  75.005 0.0000000000
48043  -33.314  -43.183  74.808 0.0000000000
48061  -33.891  -43.020  74.354 0.0000000000
48082  -34.459  -43.064  72.212 0.0000000000
48101  -32.477  -43.429  71.441 0.0000000000
45656  -38.438  -45.965  72.927 0.0000000000
45677  -37.961  -45.211  72.657 0.0000000000
45655  -37.492  -45.992  72.852 0.0000000000
44429  -35.790  -46.324  72.580 0.0000000000
44430  -36.500  -45.932  72.589 0.0000000000
45697  -35.454  -44.753  71.776 0.0000000000
45694  -33.167  -45.999  70.939 0.0000000000
45695  -33.869  -45.293  71.154 0.0000000000
45711  -32.905  -45.183  70.630 0.0000000000
46914  -32.354  -44.439  70.425 0.0000000000
44460  -32.443  -45.985  70.681 0.0000000000
58830  -42.661  -33.569  73.679 0.0000000000
58832  -45.118  -34.013  73.392 0.0000000000
60068  -42.142  -32.607  77.215 0.0000000000
58798  -41.624  -33.450  75.369 0.0000000000
68126  -45.424  -27.792  57.630 0.0000000000
69356  -45.156  -26.908  57.497 0.0000000000
69355  -44.365  -26.664  56.975 0.0000000000
70540  -44.315  -25.651  57.055 0.0000000000
71754  -43.830  -25.347  56.119 0.0000000000
44285  -33.720  -45.356  81.579 0.0000000000
44324  -34.359  -45.356  80.364 0.0000000000
45557  -34.332  -45.195  79.831 0.0000000000
61523  -44.728  -32.861  66.306 0.0000000000
61530  -45.114  -32.370  65.972 0.0000000000
62813  -45.199  -31.600  64.819 0.0000000000
64138  -45.326  -31.128  64.300 0.0000000000
62814  -45.794  -31.299  65.285 0.0000000000
64120  -47.003  -30.505  65.448 0.0000000000
51528  -40.671  -39.409  79.932 0.0000000000
50334  -40.880  -40.055  79.321 0.0000000000
51558  -41.940  -39.974  78.834 0.0000000000
51691  -39.834  -40.192  72.187 0.0000000000
51692  -40.523  -40.432  72.542 0.0000000000
50523  -39.839  -41.719  70.726 0.0000000000
50522  -39.030  -41.685  70.493 0.0000000000
49355  -38.572  -42.476  70.295 0.0000000000
57700  -36.927  -35.667  67.088 0.0000000000
76360  -53.963  -19.996  65.510 0.0000000000
76359  -52.866  -20.115  65.314 0.0000000000
76406  -52.675  -20.032  62.410 0.0000000000
76442  -53.290  -19.942  60.346 0.0000000000
41910  -26.006  -48.581  79.590 0.0000000000
43141  -25.734  -47.996  78.126 0.0000000000
48097  -28.442  -43.779  71.591 0.0000000000
48116  -28.881  -43.496  70.665 0.0000000000
48133  -28.450  -43.590  69.985 0.0000000000
46929  -28.600  -43.936  69.394 0.0000000000
45737  -29.218  -44.719  69.016 0.0000000000
44472  -30.324  -46.014  69.846 0.0000000000
49307  -40.021  -42.717  73.827 0.0000000000
49308  -40.731  -43.199  73.768 0.0000000000
48088  -40.150  -44.174  72.928 0.0000000000
57683  -41.710  -35.453  68.631 0.0000000000
56501  -43.076  -35.933  68.913 0.0000000000
56487  -44.581  -35.983  70.062 0.0000000000
58904  -45.237  -35.306  69.063 0.0000000000
60182  -46.478  -34.072  69.376 0.0000000000
56375  -41.509  -36.441  80.487 0.0000000000
56385  -41.559  -37.144  79.831 0.0000000000
56392  -40.612  -36.689  78.584 0.0000000000
57562  -39.628  -35.546  75.833 0.0000000000
56408  -39.866  -36.462  76.443 0.0000000000
56413  -39.573  -35.903  75.583 0.0000000000
55246  -39.652  -37.492  74.023 0.0000000000
55288  -38.882  -37.627  72.342 0.0000000000
55305  -38.578  -37.928  71.815 0.0000000000
56474  -38.844  -36.571  71.828 0.0000000000
58871  -40.588  -34.478  70.974 0.0000000000
58885  -40.115  -35.067  70.272 0.0000000000
57636  -40.274  -35.094  70.005 0.0000000000
57657  -40.652  -34.939  69.365 0.0000000000
45529  -29.460  -44.760  80.325 0.0000000000
45552  -29.925  -44.809  79.312 0.0000000000
45578  -32.345  -45.330  78.765 0.0000000000
45577  -31.633  -45.446  78.395 0.0000000000
46834  -30.748  -44.853  75.194 0.0000000000
46835  -31.748  -44.407  75.317 0.0000000000
46846  -31.696  -44.037  74.569 0.0000000000
48042  -32.383  -43.617  74.479 0.0000000000
58944  -41.340  -34.946  66.159 0.0000000000
58972  -41.550  -33.898  64.735 0.0000000000
61550  -42.745  -32.613  63.729 0.0000000000
60253  -42.448  -32.955  63.983 0.0000000000
65511  -45.660  -29.430  61.018 0.0000000000
65545  -46.874  -28.893  60.043 0.0000000000
66793  -47.816  -28.527  59.896 0.0000000000
47927  -37.294  -43.437  81.038 0.0000000000
46758  -37.583  -43.959  80.667 0.0000000000
47941  -38.853  -43.339  79.573 0.0000000000
49210  -42.031  -42.106  77.806 0.0000000000
49253  -41.949  -42.613  75.930 0.0000000000
48048  -43.679  -43.338  74.610 0.0000000000
55190  -42.023  -39.088  77.601 0.0000000000
54010  -42.414  -39.414  77.642 0.0000000000
52819  -42.869  -40.546  75.414 0.0000000000
50500  -42.078  -41.672  72.555 0.0000000000
50501  -42.813  -42.315  72.781 0.0000000000
49325  -43.591  -42.739  72.883 0.0000000000
49326  -44.120  -43.161  73.095 0.0000000000
49337  -43.747  -43.369  72.608 0.0000000000
47904  -35.910  -43.158  83.095 0.0000000000
47893  -36.066  -43.269  84.032 0.0000000000
51487  -38.139  -39.493  83.013 0.0000000000
52728  -38.826  -39.224  82.293 0.0000000000
52715  -38.900  -38.869  82.701 0.0000000000
58801  -46.472  -33.171  75.505 0.0000000000
58802  -47.058  -33.233  75.528 0.0000000000
58815  -47.470  -33.415  74.820 0.0000000000
58878  -49.043  -33.579  72.174 0.0000000000
60172  -48.283  -33.713  70.653 0.0000000000
60173  -48.940  -33.415  70.886 0.0000000000
61492  -49.050  -32.365  69.662 0.0000000000
64057  -52.272  -30.162  68.646 0.0000000000
64056  -51.662  -30.638  68.376 0.0000000000
62790  -50.977  -30.953  68.377 0.0000000000
64074  -49.458  -30.719  66.982 0.0000000000
64102  -49.921  -30.444  66.278 0.0000000000
64143  -50.269  -29.583  64.659 0.0000000000
66743  -52.201  -27.784  63.524 0.0000000000
65486  -51.673  -28.300  63.611 0.0000000000
66742  -51.418  -28.076  63.239 0.0000000000
66754  -50.901  -27.987  62.656 0.0000000000
66769  -50.389  -27.953  62.283 0.0000000000
66781  -49.520  -28.153  61.321 0.0000000000
68092  -50.144  -27.312  61.264 0.0000000000
69323  -49.986  -26.937  60.873 0.0000000000
70507  -50.081  -26.343  60.682 0.0000000000
72825  -53.178  -24.368  65.420 0.0000000000
72834  -53.043  -24.239  65.006 0.0000000000
75137  -50.544  -21.735  64.212 0.0000000000
73966  -50.864  -23.081  64.247 0.0000000000
75147  -49.705  -22.418  63.207 0.0000000000
73964  -49.742  -23.039  63.178 0.0000000000
72854  -49.621  -23.983  62.555 0.0000000000
72869  -49.459  -24.539  61.693 0.0000000000
73977  -49.010  -23.515  61.981 0.0000000000
72881  -48.359  -23.843  60.943 0.0000000000
73999  -47.760  -23.136  60.072 0.0000000000
74013  -47.652  -22.548  59.611 0.0000000000
75203  -47.681  -22.035  59.138 0.0000000000
75212  -50.168  -20.943  58.061 0.0000000000
75211  -49.826  -20.969  57.839 0.0000000000
75218  -49.389  -20.988  57.053 0.0000000000
75224  -49.103  -21.024  56.236 0.0000000000
75229  -48.378  -21.180  55.404 0.0000000000
76469  -54.497  -19.944  59.417 0.0000000000
76514  -53.811  -20.374  56.661 0.0000000000
77742  -53.442  -19.536  53.003 0.0000000000
38684  -23.357  -50.813  78.650 0.0000000000
40785  -24.279  -49.529  76.128 0.0000000000
39798  -24.008  -50.027  76.909 0.0000000000
40804  -23.605  -49.317  75.512 0.0000000000
40820  -22.110  -49.395  74.877 0.0000000000
41952  -21.402  -48.885  74.394 0.0000000000
41953  -22.444  -48.831  74.221 0.0000000000
41987  -22.202  -48.039  73.138 0.0000000000
43208  -21.956  -47.646  72.225 0.0000000000
45600  -27.363  -45.389  77.623 0.0000000000
45599  -26.343  -45.725  77.298 0.0000000000
46889  -25.675  -44.565  71.197 0.0000000000
45692  -24.312  -45.381  70.953 0.0000000000
44455  -23.012  -46.356  70.422 0.0000000000
42034  -22.528  -48.192  68.264 0.0000000000
40916  -23.949  -49.024  68.320 0.0000000000
40890  -24.233  -49.686  68.710 0.0000000000
46793  -37.423  -44.097  78.907 0.0000000000
46792  -36.089  -44.396  78.845 0.0000000000
47963  -36.964  -43.736  78.486 0.0000000000
48009  -36.685  -43.031  77.526 0.0000000000
49305  -37.904  -42.470  73.534 0.0000000000
49304  -36.862  -42.322  73.630 0.0000000000
49303  -35.821  -42.527  73.797 0.0000000000
48103  -34.774  -43.725  71.743 0.0000000000
44428  -34.619  -46.906  72.509 0.0000000000
44447  -34.507  -45.989  71.725 0.0000000000
58888  -42.452  -34.693  70.687 0.0000000000
56476  -45.248  -35.658  70.904 0.0000000000
56477  -45.715  -35.574  71.101 0.0000000000
56489  -45.722  -35.616  70.788 0.0000000000
58765  -40.737  -34.213  79.640 0.0000000000
58773  -40.602  -34.588  78.924 0.0000000000
58772  -40.395  -34.413  78.180 0.0000000000
60066  -40.679  -33.709  76.792 0.0000000000
58785  -40.369  -34.203  76.381 0.0000000000
57599  -39.626  -35.380  73.514 0.0000000000
71757  -43.778  -24.980  55.666 0.0000000000
45514  -31.031  -45.195  81.027 0.0000000000
44265  -31.504  -45.162  81.617 0.0000000000
45515  -31.600  -45.253  80.727 0.0000000000
45532  -32.058  -45.367  80.188 0.0000000000
44301  -32.930  -45.523  80.423 0.0000000000
45555  -32.710  -45.447  79.654 0.0000000000
45606  -32.738  -44.879  78.358 0.0000000000
60218  -43.636  -33.980  66.020 0.0000000000
60228  -43.397  -33.655  65.454 0.0000000000
60242  -43.590  -33.071  64.781 0.0000000000
60243  -44.043  -32.825  64.827 0.0000000000
61551  -43.569  -32.152  63.901 0.0000000000
62831  -43.397  -31.603  62.692 0.0000000000
64173  -43.468  -31.089  62.251 0.0000000000
62832  -44.036  -31.441  63.051 0.0000000000
64176  -46.498  -29.606  62.196 0.0000000000
65498  -47.505  -29.437  62.532 0.0000000000
49178  -39.069  -42.311  79.704 0.0000000000
49163  -39.116  -41.387  79.902 0.0000000000
50352  -40.803  -40.556  79.151 0.0000000000
49181  -41.495  -41.263  78.613 0.0000000000
49196  -41.528  -41.823  78.394 0.0000000000
49211  -42.590  -42.094  77.400 0.0000000000
54073  -41.170  -39.684  74.625 0.0000000000
52817  -41.538  -40.123  74.680 0.0000000000
51675  -41.510  -40.724  73.383 0.0000000000
51693  -41.290  -41.246  72.272 0.0000000000
50513  -41.698  -41.992  71.828 0.0000000000
49334  -41.455  -42.559  71.496 0.0000000000
49344  -41.556  -43.121  71.402 0.0000000000
48124  -40.519  -43.567  70.917 0.0000000000
56499  -37.371  -36.555  69.275 0.0000000000
56519  -36.235  -37.073  67.914 0.0000000000
56535  -35.595  -36.897  67.208 0.0000000000
65442  -51.981  -29.637  66.231 0.0000000000
65458  -53.130  -28.838  65.344 0.0000000000
65445  -54.152  -28.585  65.303 0.0000000000
65459  -54.042  -28.685  65.100 0.0000000000
66731  -52.821  -28.058  64.229 0.0000000000
66744  -52.934  -27.718  63.912 0.0000000000
68067  -52.493  -26.992  63.056 0.0000000000
69301  -52.580  -26.472  62.880 0.0000000000
73927  -52.770  -22.015  67.229 0.0000000000
73936  -52.644  -22.112  66.681 0.0000000000
73935  -52.151  -21.921  66.292 0.0000000000
75138  -51.064  -21.621  64.941 0.0000000000
76358  -51.873  -20.551  65.197 0.0000000000
76403  -50.042  -21.035  62.320 0.0000000000
75168  -49.628  -21.318  61.766 0.0000000000
75178  -49.158  -21.382  60.864 0.0000000000
75179  -49.833  -21.089  61.196 0.0000000000
76465  -50.326  -20.713  59.864 0.0000000000
76482  -50.633  -20.785  58.923 0.0000000000
76498  -50.549  -20.835  57.976 0.0000000000
76528  -55.119  -19.915  55.668 0.0000000000
76554  -53.847  -19.676  53.713 0.0000000000
38687  -25.705  -50.611  79.013 0.0000000000
39761  -25.616  -50.335  78.560 0.0000000000
39777  -25.330  -50.038  77.667 0.0000000000
40766  -25.777  -49.435  78.424 0.0000000000
40771  -25.555  -49.510  77.826 0.0000000000
40786  -24.935  -49.033  76.158 0.0000000000
40806  -24.880  -48.657  75.698 0.0000000000
41956  -24.562  -48.222  74.767 0.0000000000
45644  -28.126  -44.926  74.707 0.0000000000
45653  -27.732  -44.920  74.202 0.0000000000
46852  -27.735  -44.712  73.548 0.0000000000
46869  -26.788  -44.486  72.411 0.0000000000
48096  -27.854  -43.883  71.224 0.0000000000
46890  -26.656  -44.307  71.469 0.0000000000
46910  -25.645  -44.521  70.128 0.0000000000
44469  -27.826  -47.046  69.351 0.0000000000
49250  -39.322  -42.501  76.939 0.0000000000
50460  -38.416  -41.847  75.261 0.0000000000
50487  -38.630  -42.048  74.425 0.0000000000
49306  -38.936  -42.477  74.007 0.0000000000
50486  -38.252  -42.028  74.100 0.0000000000
46875  -37.431  -44.313  72.594 0.0000000000
57735  -38.963  -34.966  65.849 0.0000000000
57720  -40.735  -35.346  66.589 0.0000000000
57721  -41.809  -35.196  66.807 0.0000000000
57722  -42.683  -35.043  66.758 0.0000000000
57659  -42.888  -35.607  69.341 0.0000000000
56523  -43.507  -35.936  68.620 0.0000000000
58933  -43.242  -34.884  66.777 0.0000000000
58934  -43.834  -34.631  66.886 0.0000000000
60207  -44.391  -34.178  67.035 0.0000000000
60208  -44.923  -33.608  67.414 0.0000000000
61512  -45.806  -32.542  67.692 0.0000000000
53959  -41.641  -38.424  80.277 0.0000000000
52757  -41.657  -39.027  79.626 0.0000000000
53979  -41.821  -38.812  79.032 0.0000000000
55170  -41.729  -38.664  78.694 0.0000000000
55207  -41.851  -39.087  76.966 0.0000000000
57550  -40.520  -35.544  78.653 0.0000000000
55178  -40.455  -37.023  77.868 0.0000000000
55187  -40.402  -36.950  77.120 0.0000000000
54029  -40.906  -38.688  76.009 0.0000000000
52837  -40.604  -39.592  73.982 0.0000000000
52857  -39.870  -39.402  73.154 0.0000000000
54090  -39.723  -38.893  73.515 0.0000000000
52873  -39.914  -39.737  72.682 0.0000000000
52890  -39.339  -39.813  72.051 0.0000000000
52905  -38.211  -39.686  70.733 0.0000000000
52904  -37.732  -39.187  70.406 0.0000000000
54125  -37.835  -38.648  70.724 0.0000000000
57680  -38.198  -35.612  68.041 0.0000000000
76408  -55.360  -19.592  62.809 0.0000000000
77655  -55.675  -19.552  61.076 0.0000000000
77672  -55.928  -19.607  60.622 0.0000000000
76445  -56.333  -19.861  60.416 0.0000000000
76488  -56.730  -20.463  58.612 0.0000000000
77674  -57.551  -19.870  60.305 0.0000000000
76472  -57.386  -20.428  59.422 0.0000000000
76530  -57.176  -19.898  56.052 0.0000000000
77727  -56.752  -19.707  55.335 0.0000000000
44299  -26.292  -46.259  80.423 0.0000000000
45549  -26.872  -45.715  79.374 0.0000000000
44340  -31.118  -45.586  78.207 0.0000000000
44339  -30.577  -45.665  78.216 0.0000000000
44338  -29.927  -45.647  78.229 0.0000000000
44370  -29.152  -45.394  77.254 0.0000000000
45645  -29.034  -44.778  75.192 0.0000000000
46843  -28.857  -44.646  74.384 0.0000000000
46854  -29.414  -44.303  73.528 0.0000000000
46855  -30.557  -44.224  73.773 0.0000000000
48056  -29.571  -43.913  72.772 0.0000000000
48078  -29.923  -43.681  72.177 0.0000000000
48099  -30.342  -43.547  71.395 0.0000000000
45659  -41.807  -45.846  73.325 0.0000000000
58956  -40.322  -34.527  65.184 0.0000000000
58984  -39.654  -33.685  63.489 0.0000000000
58973  -42.085  -33.713  64.671 0.0000000000
60252  -42.074  -33.050  63.628 0.0000000000
60251  -41.321  -33.394  63.548 0.0000000000
68127  -45.838  -27.441  58.170 0.0000000000
69349  -46.192  -26.685  58.336 0.0000000000
44288  -35.379  -44.636  81.655 0.0000000000
44305  -35.419  -44.818  81.157 0.0000000000
45516  -35.935  -44.526  81.321 0.0000000000
45536  -36.539  -44.520  80.541 0.0000000000
46794  -38.435  -43.754  78.694 0.0000000000
46812  -38.691  -43.439  78.128 0.0000000000
46825  -38.995  -43.157  77.632 0.0000000000
46780  -39.699  -43.674  79.101 0.0000000000
46796  -39.763  -43.608  78.774 0.0000000000
47989  -39.748  -43.226  77.723 0.0000000000
49229  -39.586  -42.876  77.412 0.0000000000
49271  -41.652  -42.603  75.409 0.0000000000
51575  -42.401  -39.879  78.669 0.0000000000
51574  -42.757  -40.405  78.150 0.0000000000
52792  -42.722  -39.752  77.633 0.0000000000
52782  -42.926  -40.185  77.693 0.0000000000
50418  -43.367  -41.538  77.028 0.0000000000
50445  -43.975  -41.987  75.870 0.0000000000
52818  -42.077  -40.390  75.136 0.0000000000
52839  -42.670  -40.720  74.894 0.0000000000
52840  -42.965  -40.828  74.998 0.0000000000
51677  -43.373  -41.594  73.940 0.0000000000
51638  -43.941  -41.619  75.261 0.0000000000
50464  -44.000  -41.811  75.615 0.0000000000
49255  -43.991  -42.193  75.646 0.0000000000
48032  -44.036  -42.709  75.224 0.0000000000
48049  -44.178  -42.966  74.781 0.0000000000
48068  -43.498  -43.774  73.815 0.0000000000
45660  -42.798  -45.804  73.252 0.0000000000
55348  -36.395  -37.769  68.521 0.0000000000
60087  -45.391  -32.528  76.402 0.0000000000
38649  -26.344  -51.038  81.317 0.0000000000
39732  -26.459  -50.207  80.609 0.0000000000
40754  -26.588  -49.670  81.903 0.0000000000
40753  -26.472  -49.376  81.193 0.0000000000
41900  -26.457  -48.430  81.648 0.0000000000
44264  -26.150  -46.715  82.707 0.0000000000
46743  -27.696  -44.715  83.045 0.0000000000
45475  -30.671  -44.745  82.890 0.0000000000
45495  -33.394  -44.892  82.857 0.0000000000
44250  -34.008  -44.688  82.833 0.0000000000
44269  -34.450  -44.833  82.223 0.0000000000
44252  -34.770  -44.416  82.696 0.0000000000
44270  -34.961  -44.602  82.197 0.0000000000
45498  -35.665  -44.276  81.890 0.0000000000
46745  -35.875  -44.054  82.001 0.0000000000
46736  -36.268  -43.621  81.953 0.0000000000
47905  -36.428  -43.091  82.464 0.0000000000
47915  -36.642  -43.412  81.672 0.0000000000
49160  -37.138  -43.071  81.302 0.0000000000
49143  -37.852  -41.189  81.422 0.0000000000
51526  -39.237  -39.857  80.793 0.0000000000
52742  -39.610  -39.174  81.072 0.0000000000
53895  -40.607  -37.480  82.091 0.0000000000
53917  -40.973  -37.934  81.712 0.0000000000
53939  -41.562  -38.040  80.914 0.0000000000
55144  -41.667  -37.063  80.797 0.0000000000
57537  -41.321  -35.319  80.515 0.0000000000
58760  -41.559  -34.305  81.207 0.0000000000
58766  -41.073  -34.533  80.282 0.0000000000
60032  -41.238  -32.936  79.248 0.0000000000
60117  -44.766  -33.612  74.432 0.0000000000
60132  -44.960  -33.837  73.992 0.0000000000
58833  -45.913  -34.285  73.449 0.0000000000
58858  -45.846  -34.592  72.545 0.0000000000
57625  -46.288  -35.342  71.350 0.0000000000
58861  -48.087  -34.085  73.130 0.0000000000
58862  -48.670  -33.800  73.051 0.0000000000
57612  -48.412  -34.044  72.795 0.0000000000
57611  -47.857  -34.385  72.617 0.0000000000
57663  -46.637  -35.012  70.504 0.0000000000
58906  -46.741  -34.509  69.994 0.0000000000
61500  -46.970  -32.563  68.587 0.0000000000
61513  -46.724  -32.192  68.057 0.0000000000
60174  -49.925  -32.465  70.527 0.0000000000
61493  -49.619  -32.110  69.726 0.0000000000
61503  -49.565  -31.793  69.243 0.0000000000
62773  -49.583  -31.456  68.562 0.0000000000
61502  -48.854  -31.891  69.059 0.0000000000
62771  -48.169  -31.539  68.201 0.0000000000
62786  -47.536  -31.572  67.827 0.0000000000
62801  -47.133  -31.093  66.880 0.0000000000
64099  -46.760  -30.866  66.113 0.0000000000
64159  -47.774  -29.665  63.872 0.0000000000
64124  -51.369  -29.692  65.766 0.0000000000
65456  -51.188  -29.538  65.267 0.0000000000
65468  -50.174  -29.474  64.303 0.0000000000
65485  -50.947  -28.549  63.449 0.0000000000
65484  -49.952  -29.203  63.624 0.0000000000
64161  -49.333  -29.469  63.795 0.0000000000
65483  -49.041  -29.341  63.261 0.0000000000
65499  -48.553  -29.209  62.509 0.0000000000
65530  -47.842  -28.818  60.862 0.0000000000
66779  -48.250  -28.559  60.479 0.0000000000
68090  -48.949  -27.951  60.428 0.0000000000
68105  -47.936  -27.564  59.397 0.0000000000
70535  -46.897  -25.783  58.717 0.0000000000
70465  -53.854  -25.966  63.632 0.0000000000
70479  -53.209  -25.898  63.259 0.0000000000
70478  -52.633  -25.847  62.764 0.0000000000
72845  -51.289  -23.959  64.087 0.0000000000
71667  -52.211  -24.673  63.303 0.0000000000
71699  -52.087  -25.361  62.360 0.0000000000
70493  -52.103  -25.860  62.266 0.0000000000
70492  -51.256  -25.901  61.580 0.0000000000
70491  -50.335  -25.767  60.983 0.0000000000
70506  -49.507  -25.698  60.473 0.0000000000
71695  -49.219  -24.720  61.173 0.0000000000
71712  -49.370  -25.269  60.684 0.0000000000
70522  -48.628  -25.653  59.853 0.0000000000
71738  -46.256  -24.768  58.398 0.0000000000
71749  -45.961  -23.969  58.054 0.0000000000
72913  -45.549  -23.469  57.481 0.0000000000
74021  -46.664  -22.821  58.397 0.0000000000
72914  -46.093  -23.402  57.975 0.0000000000
74030  -45.207  -22.828  56.559 0.0000000000
74034  -45.150  -22.435  55.504 0.0000000000
75204  -48.371  -21.462  58.824 0.0000000000
75220  -45.729  -21.763  54.973 0.0000000000
76468  -53.428  -20.016  59.443 0.0000000000
76512  -51.679  -20.606  56.868 0.0000000000
76526  -52.824  -20.412  55.693 0.0000000000
38685  -24.397  -50.821  78.721 0.0000000000
38693  -23.796  -50.752  78.213 0.0000000000
38692  -23.376  -50.738  78.078 0.0000000000
40818  -19.335  -48.666  73.834 0.0000000000
41968  -20.032  -48.487  73.171 0.0000000000
44352  -25.470  -47.596  76.481 0.0000000000
43156  -25.398  -47.997  76.036 0.0000000000
41957  -24.960  -48.049  75.165 0.0000000000
43172  -24.518  -47.814  74.281 0.0000000000
45643  -27.171  -45.021  74.642 0.0000000000
45642  -26.324  -45.278  74.380 0.0000000000
45641  -25.807  -45.529  74.010 0.0000000000
45671  -25.114  -45.365  72.141 0.0000000000
44388  -25.411  -46.347  74.129 0.0000000000
43192  -24.793  -46.889  73.925 0.0000000000
43191  -24.334  -47.446  73.682 0.0000000000
43190  -23.564  -47.664  73.308 0.0000000000
43189  -23.070  -47.656  73.083 0.0000000000
43222  -21.392  -47.653  71.697 0.0000000000
43236  -21.834  -47.053  71.104 0.0000000000
43221  -20.898  -47.749  71.236 0.0000000000
43259  -25.238  -47.455  68.218 0.0000000000
45534  -35.498  -44.872  80.389 0.0000000000
45558  -35.066  -44.972  80.128 0.0000000000
45581  -35.004  -44.763  79.452 0.0000000000
46791  -34.764  -44.504  78.711 0.0000000000
46809  -34.229  -44.193  77.727 0.0000000000
46823  -33.873  -43.887  77.056 0.0000000000
49248  -36.829  -42.547  76.828 0.0000000000
49247  -35.790  -42.737  76.488 0.0000000000
49246  -35.280  -42.898  76.392 0.0000000000
48029  -34.904  -43.065  76.381 0.0000000000
48005  -33.762  -43.699  76.458 0.0000000000
48004  -33.033  -43.816  76.246 0.0000000000
48059  -32.328  -43.445  73.362 0.0000000000
49320  -33.760  -43.028  73.162 0.0000000000
48119  -31.740  -43.762  70.517 0.0000000000
46858  -40.218  -44.887  73.270 0.0000000000
46857  -39.594  -44.988  72.996 0.0000000000
45657  -39.502  -45.705  73.042 0.0000000000
46877  -39.209  -44.575  72.746 0.0000000000
46876  -38.406  -44.406  72.662 0.0000000000
45654  -36.949  -45.990  72.735 0.0000000000
46874  -36.429  -44.290  72.317 0.0000000000
46873  -35.700  -44.270  71.901 0.0000000000
46895  -35.118  -44.331  71.646 0.0000000000
46894  -34.374  -44.384  71.356 0.0000000000
48121  -33.347  -43.946  70.857 0.0000000000
48137  -31.406  -44.029  70.013 0.0000000000
45725  -30.876  -45.200  69.713 0.0000000000
38676  -25.763  -50.852  79.485 0.0000000000
38677  -26.092  -50.598  79.552 0.0000000000
39762  -26.071  -50.018  78.783 0.0000000000
39774  -22.706  -50.617  77.836 0.0000000000
40917  -24.721  -48.993  68.516 0.0000000000
41938  -24.819  -48.414  75.386 0.0000000000
41955  -24.040  -48.436  74.435 0.0000000000
43163  -25.176  -47.667  75.411 0.0000000000
43210  -23.330  -47.302  72.697 0.0000000000
43223  -22.334  -47.280  71.805 0.0000000000
43234  -20.673  -47.858  70.982 0.0000000000
43235  -21.133  -47.613  70.668 0.0000000000
44230  -31.294  -44.815  83.153 0.0000000000
44271  -35.333  -44.523  81.931 0.0000000000
44282  -31.536  -45.272  81.128 0.0000000000
44321  -31.356  -45.448  78.560 0.0000000000
44337  -29.308  -45.531  78.230 0.0000000000
44355  -29.558  -45.506  77.667 0.0000000000
44356  -30.339  -45.661  77.801 0.0000000000
44357  -30.846  -45.671  77.866 0.0000000000
44369  -28.914  -45.458  77.542 0.0000000000
44389  -25.824  -45.759  74.343 0.0000000000
44422  -23.301  -46.954  72.209 0.0000000000
45481  -35.387  -44.133  82.339 0.0000000000
45497  -35.283  -44.404  82.145 0.0000000000
45517  -36.396  -44.291  81.251 0.0000000000
45533  -32.540  -45.478  80.166 0.0000000000
45538  -38.703  -43.790  79.468 0.0000000000
45539  -38.931  -43.595  79.419 0.0000000000
45560  -36.515  -44.621  80.269 0.0000000000
45562  -38.822  -44.114  79.013 0.0000000000
45583  -38.960  -43.792  78.804 0.0000000000
45585  -39.462  -43.816  79.021 0.0000000000
45679  -39.315  -45.133  72.833 0.0000000000
45691  -23.550  -46.073  70.907 0.0000000000
45726  -31.406  -44.836  69.904 0.0000000000
45736  -28.782  -45.058  68.830 0.0000000000
46744  -28.013  -44.673  83.067 0.0000000000
46747  -37.054  -43.864  81.046 0.0000000000
46767  -36.585  -44.415  80.757 0.0000000000
46771  -39.168  -43.566  79.348 0.0000000000
46789  -33.225  -44.754  78.531 0.0000000000
46813  -39.138  -43.330  77.840 0.0000000000
46824  -38.764  -43.218  77.753 0.0000000000
46853  -28.203  -44.718  73.801 0.0000000000
46862  -43.726  -43.998  73.516 0.0000000000
46878  -39.738  -44.552  72.907 0.0000000000
46893  -33.699  -44.340  70.913 0.0000000000
46913  -31.680  -44.437  70.095 0.0000000000
46915  -33.099  -44.362  70.684 0.0000000000
46932  -31.141  -44.396  69.804 0.0000000000
46944  -28.844  -44.475  69.063 0.0000000000
47926  -37.195  -43.153  81.241 0.0000000000
47951  -39.257  -42.849  79.502 0.0000000000
47965  -38.274  -43.479  78.265 0.0000000000
48011  -39.264  -43.022  77.524 0.0000000000
48076  -28.576  -43.934  72.290 0.0000000000
48077  -29.105  -43.855  72.295 0.0000000000
49197  -41.771  -41.452  78.401 0.0000000000
49228  -37.458  -42.793  77.406 0.0000000000
49231  -43.031  -42.091  77.068 0.0000000000
49254  -43.700  -42.246  75.963 0.0000000000
49264  -34.623  -42.868  75.385 0.0000000000
49273  -43.913  -42.476  75.482 0.0000000000
49292  -44.240  -42.498  74.653 0.0000000000
49301  -34.021  -42.959  73.444 0.0000000000
50392  -42.059  -41.676  78.064 0.0000000000
50444  -43.742  -41.734  76.261 0.0000000000
50461  -39.033  -41.876  75.287 0.0000000000
50474  -38.173  -41.817  74.704 0.0000000000
50475  -38.754  -41.848  74.824 0.0000000000
50476  -39.235  -41.905  74.865 0.0000000000
51559  -42.025  -39.704  78.911 0.0000000000
51635  -41.959  -40.517  74.660 0.0000000000
51636  -42.277  -40.613  74.773 0.0000000000
51660  -43.842  -41.536  74.983 0.0000000000
55181  -41.988  -38.946  78.173 0.0000000000
56407  -39.583  -35.913  75.901 0.0000000000
56475  -44.820  -35.784  70.559 0.0000000000
57571  -39.601  -35.666  75.654 0.0000000000
57583  -39.489  -35.839  73.743 0.0000000000
57613  -48.729  -33.792  72.824 0.0000000000
57644  -48.321  -34.252  71.897 0.0000000000
57645  -48.630  -33.942  72.214 0.0000000000
58788  -46.028  -32.674  75.961 0.0000000000
58812  -45.321  -33.936  74.037 0.0000000000
58816  -48.199  -33.258  74.545 0.0000000000
58877  -48.976  -33.613  71.750 0.0000000000
58959  -42.927  -33.946  65.509 0.0000000000
60082  -40.775  -33.741  76.350 0.0000000000
60099  -41.514  -33.438  75.627 0.0000000000
60186  -49.743  -32.254  70.070 0.0000000000
65460  -54.390  -28.839  65.091 0.0000000000
65471  -53.297  -28.412  64.792 0.0000000000
65472  -53.783  -28.275  64.981 0.0000000000
66711  -53.898  -28.548  65.566 0.0000000000
66722  -54.429  -28.844  65.056 0.0000000000
66723  -54.222  -28.557  65.074 0.0000000000
66733  -53.962  -28.101  65.022 0.0000000000
66755  -51.533  -27.730  63.029 0.0000000000
66767  -49.305  -28.408  61.514 0.0000000000
66791  -46.370  -28.518  59.150 0.0000000000
68028  -53.826  -27.600  64.496 0.0000000000
68047  -53.114  -27.223  63.518 0.0000000000
68048  -53.848  -27.276  63.941 0.0000000000
68066  -51.829  -27.218  62.677 0.0000000000
68080  -49.916  -27.761  61.483 0.0000000000
68082  -51.316  -27.227  62.181 0.0000000000
69287  -53.703  -26.607  63.568 0.0000000000
69302  -53.154  -26.407  63.280 0.0000000000
70490  -49.928  -25.526  60.770 0.0000000000
70505  -48.950  -25.467  60.342 0.0000000000
70549  -43.850  -25.938  56.404 0.0000000000
71670  -54.169  -25.555  64.231 0.0000000000
71710  -48.272  -24.562  60.265 0.0000000000
72843  -49.880  -23.642  63.019 0.0000000000
72853  -49.195  -24.081  61.941 0.0000000000
73937  -53.138  -21.679  67.146 0.0000000000
73991  -48.811  -22.875  62.006 0.0000000000
74014  -47.900  -22.590  60.058 0.0000000000
74026  -46.345  -22.678  57.831 0.0000000000
75116  -51.937  -21.474  66.000 0.0000000000
75166  -48.593  -22.407  61.493 0.0000000000
75194  -47.809  -22.117  59.561 0.0000000000
75206  -50.109  -21.030  58.385 0.0000000000
75230  -48.820  -21.078  55.749 0.0000000000
76331  -54.100  -20.014  68.056 0.0000000000
76341  -53.990  -20.089  67.795 0.0000000000
76423  -54.968  -19.682  60.753 0.0000000000
76438  -49.779  -21.073  60.826 0.0000000000
76447  -57.710  -20.111  59.897 0.0000000000
76464  -49.765  -21.000  60.402 0.0000000000
76497  -50.159  -20.855  57.721 0.0000000000
76537  -48.321  -21.009  54.731 0.0000000000
77583  -54.148  -19.576  67.686 0.0000000000
77591  -53.873  -19.485  67.312 0.0000000000
77673  -56.168  -19.579  60.815 0.0000000000
