#!ascii label  , from subject 3083 vox2ras=TkReg
1849
55091  -31.496  -35.202  86.445 0.0000000000
85514  -49.167  -12.461  68.237 0.0000000000
69104  -40.990  -24.734  75.248 0.0000000000
52662  -3.484  -37.872  85.390 0.0000000000
53848  -19.981  -38.110  83.757 0.0000000000
60012  -7.139  -33.332  80.295 0.0000000000
66410  -7.490  -29.198  86.562 0.0000000000
73900  -45.229  -22.257  70.284 0.0000000000
60137  -2.918  -33.031  72.607 0.0000000000
58580  -4.784  -35.047  91.511 0.0000000000
60030  -32.358  -32.931  80.167 0.0000000000
52710  -27.711  -36.821  84.033 0.0000000000
50242  -24.600  -39.660  86.566 0.0000000000
85549  -52.546  -11.765  65.063 0.0000000000
67869  -43.420  -24.655  72.407 0.0000000000
57534  -18.359  -35.211  80.134 0.0000000000
65216  -5.329  -28.824  76.629 0.0000000000
59968  -2.766  -35.194  82.776 0.0000000000
56386  -1.964  -35.903  78.905 0.0000000000
52760  -6.042  -39.398  79.808 0.0000000000
65050  -8.195  -29.775  90.331 0.0000000000
66323  -6.145  -29.543  91.753 0.0000000000
67777  -37.802  -25.802  78.553 0.0000000000
51422  -21.912  -39.811  89.194 0.0000000000
49152  -19.987  -41.407  81.354 0.0000000000
63816  -7.691  -31.069  83.834 0.0000000000
59914  -2.963  -33.805  86.742 0.0000000000
79917  -47.404  -16.815  70.509 0.0000000000
63762  -11.152  -29.952  86.983 0.0000000000
63809  -15.359  -30.124  84.221 0.0000000000
61413  -4.950  -32.838  76.746 0.0000000000
55228  -3.915  -37.380  75.172 0.0000000000
68906  -9.316  -27.298  89.964 0.0000000000
65065  -3.524  -31.292  89.977 0.0000000000
56289  -1.630  -36.793  89.815 0.0000000000
58697  -33.405  -33.732  86.598 0.0000000000
53890  -31.368  -36.128  84.461 0.0000000000
56339  -32.323  -34.843  83.392 0.0000000000
53850  -29.394  -36.735  86.071 0.0000000000
53910  -29.173  -37.138  82.515 0.0000000000
52649  -28.837  -37.546  87.192 0.0000000000
86656  -51.033  -11.395  66.419 0.0000000000
83311  -46.185  -14.135  67.371 0.0000000000
84433  -48.243  -12.773  64.883 0.0000000000
83334  -50.302  -13.059  63.682 0.0000000000
67842  -41.764  -24.461  73.135 0.0000000000
69120  -37.640  -25.178  74.875 0.0000000000
69157  -39.034  -24.501  72.752 0.0000000000
69184  -39.964  -24.536  70.865 0.0000000000
55113  -2.385  -36.749  84.049 0.0000000000
55133  -2.533  -36.929  81.572 0.0000000000
53900  -4.974  -38.255  82.748 0.0000000000
50296  -5.815  -41.649  82.505 0.0000000000
51462  -6.512  -40.525  85.461 0.0000000000
62502  -7.193  -31.998  89.121 0.0000000000
62462  -6.256  -32.211  90.571 0.0000000000
66474  -36.024  -26.806  81.204 0.0000000000
62637  -32.519  -30.168  81.964 0.0000000000
62662  -31.577  -30.541  80.043 0.0000000000
65189  -33.326  -28.030  80.464 0.0000000000
66540  -35.162  -26.562  77.982 0.0000000000
51389  -25.002  -38.715  91.292 0.0000000000
50304  -23.404  -39.868  82.754 0.0000000000
50281  -22.370  -41.870  83.725 0.0000000000
83374  -53.083  -13.318  60.399 0.0000000000
85618  -53.752  -12.035  59.372 0.0000000000
65111  -7.468  -30.057  85.426 0.0000000000
61248  -5.454  -32.374  85.479 0.0000000000
63773  -5.285  -31.230  87.102 0.0000000000
77551  -46.088  -19.563  70.491 0.0000000000
70429  -42.325  -23.899  68.096 0.0000000000
75113  -43.228  -21.595  68.510 0.0000000000
78780  -44.128  -18.572  68.847 0.0000000000
62464  -12.498  -29.630  90.287 0.0000000000
62523  -13.767  -30.965  88.383 0.0000000000
61386  -9.076  -31.898  78.535 0.0000000000
61416  -7.624  -31.466  77.075 0.0000000000
61383  -5.985  -33.355  78.557 0.0000000000
52793  -4.513  -39.131  77.898 0.0000000000
56401  -2.615  -36.085  76.812 0.0000000000
51615  -4.266  -39.664  76.237 0.0000000000
67641  -10.282  -27.395  90.711 0.0000000000
62425  -4.916  -32.338  91.293 0.0000000000
66350  -4.575  -30.249  90.768 0.0000000000
62434  -3.654  -32.439  91.502 0.0000000000
59860  -2.172  -33.636  89.974 0.0000000000
57392  -2.860  -35.978  91.891 0.0000000000
59993  -32.831  -32.356  83.412 0.0000000000
51414  -26.387  -39.648  90.218 0.0000000000
51426  -27.296  -38.610  88.514 0.0000000000
51469  -26.026  -38.409  85.683 0.0000000000
85574  -53.499  -12.563  63.461 0.0000000000
83355  -51.187  -13.484  62.448 0.0000000000
70388  -44.266  -24.248  70.807 0.0000000000
67921  -40.873  -24.703  68.720 0.0000000000
51505  -16.954  -40.268  81.975 0.0000000000
55127  -18.874  -37.224  82.533 0.0000000000
63942  -4.105  -30.232  74.441 0.0000000000
61329  -5.001  -33.559  81.831 0.0000000000
60025  -3.299  -33.262  79.834 0.0000000000
58743  -2.100  -35.308  81.029 0.0000000000
55160  -3.489  -36.731  79.787 0.0000000000
51544  -4.757  -40.792  79.232 0.0000000000
65019  -10.244  -28.792  91.630 0.0000000000
66338  -7.985  -28.200  92.320 0.0000000000
65030  -7.410  -29.371  91.361 0.0000000000
62427  -6.032  -32.193  91.040 0.0000000000
69072  -38.534  -25.353  77.108 0.0000000000
67795  -36.584  -25.790  76.513 0.0000000000
51455  -20.621  -39.112  86.032 0.0000000000
50218  -23.334  -39.705  87.213 0.0000000000
49074  -20.796  -41.623  85.141 0.0000000000
50258  -18.936  -40.241  83.419 0.0000000000
62644  -9.614  -31.318  80.549 0.0000000000
65136  -9.808  -29.725  82.352 0.0000000000
61310  -7.725  -32.655  82.104 0.0000000000
61284  -5.249  -33.623  83.832 0.0000000000
61245  -3.136  -33.922  84.870 0.0000000000
56314  -2.171  -35.993  85.862 0.0000000000
83275  -48.240  -14.176  69.285 0.0000000000
81104  -44.839  -15.848  68.126 0.0000000000
63690  -11.308  -29.435  90.862 0.0000000000
63729  -9.634  -29.982  88.737 0.0000000000
62536  -8.787  -31.899  86.694 0.0000000000
58726  -18.726  -33.853  83.499 0.0000000000
59939  -17.375  -32.132  85.719 0.0000000000
61237  -15.479  -31.212  87.007 0.0000000000
63793  -12.752  -30.229  85.447 0.0000000000
62566  -10.697  -31.697  85.096 0.0000000000
65218  -7.113  -29.455  77.194 0.0000000000
62696  -6.323  -31.078  75.559 0.0000000000
61435  -3.317  -32.531  74.658 0.0000000000
61396  -2.061  -34.248  77.799 0.0000000000
58804  -2.280  -34.675  75.778 0.0000000000
57588  -4.045  -35.238  74.103 0.0000000000
67662  -8.116  -27.562  88.193 0.0000000000
67611  -6.776  -27.678  91.656 0.0000000000
67649  -5.782  -27.705  89.960 0.0000000000
65092  -5.303  -29.644  88.572 0.0000000000
62517  -3.316  -32.166  88.677 0.0000000000
58659  -1.877  -35.153  88.476 0.0000000000
53824  -2.633  -37.315  88.539 0.0000000000
55015  -4.920  -38.364  93.023 0.0000000000
53782  -3.277  -37.867  91.432 0.0000000000
51449  -4.661  -39.220  87.656 0.0000000000
56308  -32.878  -34.731  86.475 0.0000000000
57467  -32.571  -34.136  87.707 0.0000000000
55106  -31.454  -35.953  85.450 0.0000000000
56318  -32.227  -35.220  85.485 0.0000000000
53852  -30.246  -35.870  86.400 0.0000000000
53866  -30.831  -36.187  85.399 0.0000000000
55081  -30.838  -35.194  87.806 0.0000000000
53844  -30.178  -36.052  87.234 0.0000000000
86642  -50.314  -11.266  67.130 0.0000000000
85524  -48.188  -12.680  67.370 0.0000000000
83323  -47.239  -13.247  65.830 0.0000000000
85533  -48.359  -12.503  66.459 0.0000000000
85535  -50.053  -11.764  65.634 0.0000000000
69124  -41.640  -24.395  73.991 0.0000000000
69125  -42.532  -24.509  74.306 0.0000000000
69105  -41.969  -24.714  75.182 0.0000000000
69139  -37.545  -24.663  73.908 0.0000000000
69141  -39.891  -24.508  73.606 0.0000000000
69158  -40.124  -24.510  72.553 0.0000000000
53856  -3.056  -37.303  84.748 0.0000000000
53876  -3.602  -37.747  83.796 0.0000000000
52700  -4.291  -38.360  84.231 0.0000000000
52702  -6.002  -39.199  83.843 0.0000000000
52664  -4.780  -38.940  85.763 0.0000000000
61205  -7.763  -34.003  88.289 0.0000000000
59861  -7.722  -34.238  89.879 0.0000000000
63846  -33.728  -28.969  82.872 0.0000000000
63878  -32.816  -28.954  81.396 0.0000000000
65154  -34.185  -28.012  82.175 0.0000000000
66472  -35.133  -27.309  80.637 0.0000000000
84478  -54.113  -12.987  61.157 0.0000000000
84488  -53.493  -12.941  59.603 0.0000000000
84491  -55.325  -11.715  60.369 0.0000000000
66419  -7.560  -29.675  85.943 0.0000000000
63789  -6.649  -30.987  85.882 0.0000000000
65102  -6.763  -29.709  87.029 0.0000000000
75074  -45.664  -20.997  70.265 0.0000000000
76321  -47.681  -19.400  71.039 0.0000000000
71607  -44.014  -22.823  69.595 0.0000000000
71627  -42.770  -22.910  68.101 0.0000000000
73911  -44.402  -21.930  69.616 0.0000000000
76319  -45.088  -20.385  69.739 0.0000000000
62487  -14.018  -30.464  89.915 0.0000000000
61189  -14.257  -30.970  88.777 0.0000000000
53841  -20.348  -37.531  86.045 0.0000000000
55105  -19.808  -36.872  84.500 0.0000000000
62723  -3.372  -31.586  72.570 0.0000000000
61369  -7.752  -33.245  79.682 0.0000000000
61385  -8.031  -32.684  78.508 0.0000000000
61368  -6.737  -33.354  79.576 0.0000000000
50419  -4.263  -40.520  77.510 0.0000000000
52803  -4.448  -39.114  77.448 0.0000000000
50420  -4.201  -40.702  77.039 0.0000000000
68878  -12.127  -26.975  91.005 0.0000000000
67615  -11.409  -27.771  92.027 0.0000000000
59826  -4.366  -33.999  91.298 0.0000000000
62435  -3.921  -32.597  91.874 0.0000000000
59825  -3.916  -34.066  91.546 0.0000000000
59824  -3.372  -34.307  91.172 0.0000000000
58592  -3.780  -35.092  91.565 0.0000000000
58717  -33.331  -33.300  84.681 0.0000000000
58738  -32.918  -33.268  83.268 0.0000000000
59979  -33.685  -32.542  84.433 0.0000000000
61321  -33.182  -31.441  83.629 0.0000000000
52674  -27.708  -37.790  85.970 0.0000000000
51459  -27.375  -38.223  86.705 0.0000000000
52688  -26.405  -37.840  84.815 0.0000000000
51496  -25.387  -38.095  83.893 0.0000000000
85562  -53.076  -12.228  64.374 0.0000000000
84436  -51.065  -12.706  63.963 0.0000000000
83347  -51.162  -13.387  63.150 0.0000000000
84453  -51.895  -12.889  63.449 0.0000000000
83349  -52.657  -13.148  62.459 0.0000000000
70382  -44.165  -24.493  71.369 0.0000000000
69175  -45.147  -24.293  72.222 0.0000000000
69161  -44.561  -24.588  72.936 0.0000000000
67867  -41.879  -24.954  71.797 0.0000000000
67897  -40.255  -24.768  69.787 0.0000000000
67883  -42.413  -24.606  70.758 0.0000000000
69198  -42.711  -24.562  70.282 0.0000000000
65234  -4.177  -28.975  75.617 0.0000000000
65253  -3.847  -29.303  75.031 0.0000000000
65254  -4.524  -29.478  75.275 0.0000000000
61326  -3.744  -34.328  82.179 0.0000000000
61347  -3.711  -34.106  81.549 0.0000000000
59985  -2.879  -35.201  81.780 0.0000000000
55148  -4.609  -37.452  80.842 0.0000000000
53941  -3.339  -36.632  81.059 0.0000000000
53962  -4.889  -37.877  79.701 0.0000000000
52774  -5.227  -39.084  78.768 0.0000000000
51545  -5.183  -40.298  79.251 0.0000000000
51530  -5.246  -41.328  80.014 0.0000000000
63674  -8.984  -28.683  91.365 0.0000000000
65031  -8.610  -28.786  91.317 0.0000000000
65039  -7.848  -29.628  90.755 0.0000000000
61131  -7.109  -33.822  91.599 0.0000000000
62448  -6.026  -32.205  90.981 0.0000000000
61122  -6.952  -33.848  91.163 0.0000000000
61120  -5.827  -33.132  90.991 0.0000000000
69059  -38.191  -25.580  77.672 0.0000000000
67762  -36.198  -26.323  79.040 0.0000000000
67785  -35.893  -26.136  77.157 0.0000000000
67786  -36.773  -25.641  77.392 0.0000000000
67796  -37.461  -25.568  76.774 0.0000000000
51421  -21.535  -38.859  89.508 0.0000000000
52639  -20.944  -38.530  88.333 0.0000000000
51444  -21.147  -39.269  87.434 0.0000000000
51435  -25.852  -39.155  88.571 0.0000000000
50206  -25.165  -39.454  88.818 0.0000000000
50230  -23.971  -39.701  86.831 0.0000000000
49133  -21.085  -41.711  82.739 0.0000000000
49098  -21.221  -42.151  84.661 0.0000000000
49115  -20.480  -41.654  83.134 0.0000000000
49072  -20.046  -40.529  83.862 0.0000000000
47899  -19.212  -41.207  82.226 0.0000000000
49129  -18.525  -40.693  81.615 0.0000000000
65120  -8.319  -29.915  84.237 0.0000000000
63817  -8.201  -30.599  83.563 0.0000000000
63834  -8.636  -30.897  82.601 0.0000000000
62607  -7.621  -31.824  83.323 0.0000000000
61308  -6.379  -33.258  82.818 0.0000000000
61286  -6.752  -32.724  83.938 0.0000000000
61233  -3.974  -32.525  86.178 0.0000000000
59951  -4.154  -33.060  85.018 0.0000000000
61231  -3.098  -33.725  86.048 0.0000000000
58699  -2.245  -35.239  85.362 0.0000000000
59913  -2.490  -34.318  86.219 0.0000000000
82238  -47.946  -15.010  69.573 0.0000000000
83278  -49.636  -14.556  70.366 0.0000000000
81091  -48.913  -15.545  70.460 0.0000000000
79914  -45.506  -17.671  69.519 0.0000000000
79924  -44.439  -17.268  68.654 0.0000000000
79926  -45.792  -16.491  69.353 0.0000000000
82248  -46.884  -14.969  69.452 0.0000000000
62437  -12.633  -29.652  91.928 0.0000000000
63731  -11.605  -29.672  89.068 0.0000000000
63707  -10.982  -29.708  89.468 0.0000000000
63746  -10.309  -29.861  87.836 0.0000000000
63745  -9.188  -30.306  87.779 0.0000000000
63761  -9.857  -30.602  86.736 0.0000000000
56359  -18.739  -36.343  81.089 0.0000000000
57508  -19.642  -35.369  83.027 0.0000000000
58737  -19.062  -34.389  81.612 0.0000000000
63839  -16.254  -30.709  82.707 0.0000000000
61271  -17.915  -31.845  84.134 0.0000000000
62580  -16.547  -30.936  84.630 0.0000000000
61238  -16.285  -31.436  86.640 0.0000000000
62569  -14.901  -30.846  86.064 0.0000000000
62568  -14.351  -30.624  86.454 0.0000000000
63808  -14.380  -30.156  84.454 0.0000000000
61267  -11.607  -32.617  84.011 0.0000000000
65199  -8.244  -29.525  78.017 0.0000000000
61414  -6.090  -32.553  76.554 0.0000000000
61428  -6.730  -31.531  75.897 0.0000000000
61426  -5.191  -32.327  75.632 0.0000000000
62694  -4.475  -31.822  74.961 0.0000000000
61425  -3.901  -32.708  75.695 0.0000000000
60024  -2.165  -34.000  79.580 0.0000000000
60039  -2.813  -33.916  78.483 0.0000000000
58768  -1.412  -34.581  78.377 0.0000000000
55210  -3.209  -37.261  76.065 0.0000000000
57564  -2.053  -35.394  76.430 0.0000000000
56415  -2.891  -36.019  75.549 0.0000000000
57574  -2.644  -34.887  75.169 0.0000000000
55249  -3.952  -36.742  74.671 0.0000000000
55250  -4.774  -36.592  74.919 0.0000000000
67652  -8.873  -27.377  89.305 0.0000000000
66337  -7.188  -28.642  92.067 0.0000000000
68861  -7.839  -27.527  91.969 0.0000000000
67597  -6.781  -28.027  92.155 0.0000000000
66362  -3.972  -30.444  90.553 0.0000000000
67624  -5.518  -28.858  90.303 0.0000000000
66376  -4.598  -29.352  89.979 0.0000000000
66378  -5.589  -28.526  89.644 0.0000000000
65083  -4.592  -29.811  89.535 0.0000000000
63742  -4.469  -30.559  88.757 0.0000000000
63740  -3.461  -31.644  89.455 0.0000000000
58632  -1.654  -35.151  90.221 0.0000000000
59871  -2.065  -34.444  89.234 0.0000000000
57447  -1.369  -35.982  89.540 0.0000000000
56303  -2.148  -36.217  88.036 0.0000000000
55068  -2.056  -37.237  89.446 0.0000000000
53764  -4.321  -38.934  93.293 0.0000000000
53772  -3.836  -38.639  92.730 0.0000000000
58698  -33.245  -33.237  86.062 0.0000000000
53913  -31.240  -36.192  83.337 0.0000000000
56348  -32.183  -35.612  83.046 0.0000000000
56338  -32.248  -35.466  84.052 0.0000000000
57491  -32.997  -34.258  85.473 0.0000000000
52712  -28.598  -37.023  84.808 0.0000000000
53887  -29.087  -37.047  83.769 0.0000000000
53912  -30.520  -36.545  82.970 0.0000000000
52661  -29.170  -37.306  86.705 0.0000000000
85537  -51.422  -11.576  65.743 0.0000000000
82270  -46.456  -13.644  64.124 0.0000000000
82275  -47.063  -13.259  63.372 0.0000000000
82280  -48.280  -13.815  62.581 0.0000000000
84451  -48.736  -13.128  63.962 0.0000000000
85546  -50.408  -12.120  64.930 0.0000000000
67857  -42.534  -24.733  72.600 0.0000000000
69145  -44.512  -24.588  73.594 0.0000000000
69126  -43.411  -24.623  74.163 0.0000000000
69107  -43.950  -24.865  74.916 0.0000000000
67839  -36.169  -25.441  74.090 0.0000000000
67854  -36.272  -25.373  73.269 0.0000000000
69167  -37.151  -24.814  71.863 0.0000000000
69181  -37.341  -24.387  70.763 0.0000000000
69182  -38.374  -24.502  70.599 0.0000000000
69169  -39.246  -24.517  71.651 0.0000000000
69159  -40.910  -24.536  72.330 0.0000000000
57506  -1.585  -35.823  83.509 0.0000000000
57513  -1.334  -35.777  82.451 0.0000000000
53896  -2.676  -36.759  82.670 0.0000000000
53898  -3.563  -37.425  82.610 0.0000000000
52731  -6.286  -38.838  81.486 0.0000000000
51514  -5.908  -40.883  81.465 0.0000000000
51502  -6.495  -39.853  82.685 0.0000000000
50277  -6.644  -41.241  83.983 0.0000000000
63727  -7.380  -30.847  89.266 0.0000000000
63705  -7.529  -30.471  89.934 0.0000000000
62484  -6.743  -32.577  89.688 0.0000000000
67763  -36.783  -26.303  79.517 0.0000000000
61342  -32.575  -31.415  81.830 0.0000000000
61358  -32.238  -31.746  80.470 0.0000000000
62652  -31.758  -30.330  81.045 0.0000000000
63894  -32.430  -29.216  80.142 0.0000000000
65208  -33.076  -27.971  79.308 0.0000000000
65190  -34.004  -27.362  80.129 0.0000000000
66496  -35.717  -26.762  80.002 0.0000000000
51412  -23.486  -39.576  89.970 0.0000000000
51479  -24.483  -39.663  84.901 0.0000000000
50241  -23.958  -39.895  85.866 0.0000000000
50282  -23.037  -41.039  83.470 0.0000000000
50321  -21.386  -41.157  81.615 0.0000000000
83387  -52.374  -12.864  59.003 0.0000000000
83400  -52.744  -12.062  58.590 0.0000000000
85632  -53.323  -11.292  57.876 0.0000000000
85642  -53.586  -10.911  57.609 0.0000000000
63804  -7.376  -30.759  84.723 0.0000000000
61265  -6.569  -32.123  85.030 0.0000000000
62564  -6.168  -31.526  85.753 0.0000000000
63787  -5.212  -31.665  86.491 0.0000000000
62548  -4.162  -32.021  86.645 0.0000000000
78764  -46.366  -18.108  70.087 0.0000000000
77566  -48.154  -17.952  70.965 0.0000000000
72819  -42.105  -22.707  67.144 0.0000000000
75125  -42.475  -21.644  67.652 0.0000000000
76344  -42.354  -20.171  67.705 0.0000000000
76335  -43.780  -20.235  68.918 0.0000000000
77569  -44.770  -19.394  69.553 0.0000000000
62450  -13.412  -29.986  91.343 0.0000000000
61153  -13.819  -30.459  90.790 0.0000000000
62504  -13.171  -30.299  88.973 0.0000000000
63748  -12.465  -29.720  87.900 0.0000000000
61336  -16.008  -32.466  81.077 0.0000000000
62609  -13.696  -30.866  82.662 0.0000000000
63900  -9.508  -30.241  78.555 0.0000000000
63910  -8.272  -30.289  77.537 0.0000000000
61403  -8.754  -31.516  78.000 0.0000000000
61401  -7.028  -32.877  77.523 0.0000000000
61399  -4.825  -33.178  77.965 0.0000000000
55182  -3.126  -36.237  78.522 0.0000000000
56395  -2.690  -36.071  77.730 0.0000000000
56396  -3.277  -36.661  77.376 0.0000000000
54012  -4.368  -38.284  76.986 0.0000000000
54034  -4.287  -38.260  76.026 0.0000000000
68894  -12.357  -26.742  90.377 0.0000000000
68893  -11.525  -26.788  90.260 0.0000000000
68891  -9.682  -27.405  90.527 0.0000000000
63645  -5.252  -31.239  90.825 0.0000000000
66334  -5.239  -30.054  91.217 0.0000000000
65003  -4.748  -31.263  90.802 0.0000000000
65015  -3.975  -31.227  91.004 0.0000000000
63670  -2.926  -31.481  91.095 0.0000000000
62461  -3.258  -32.337  90.382 0.0000000000
61138  -3.162  -33.089  90.756 0.0000000000
58619  -1.916  -34.629  90.990 0.0000000000
57423  -1.534  -36.277  91.277 0.0000000000
57535  -32.368  -34.411  80.577 0.0000000000
56349  -32.368  -35.005  82.354 0.0000000000
57526  -32.607  -34.349  81.633 0.0000000000
60017  -32.369  -32.620  81.339 0.0000000000
61320  -32.347  -31.667  83.051 0.0000000000
62620  -33.387  -30.233  83.431 0.0000000000
51446  -25.926  -38.908  87.599 0.0000000000
52641  -28.543  -37.624  87.775 0.0000000000
51447  -26.708  -38.584  87.282 0.0000000000
51457  -25.972  -38.768  86.751 0.0000000000
51480  -24.869  -38.854  84.854 0.0000000000
82292  -49.926  -13.567  61.329 0.0000000000
83368  -52.020  -13.298  61.379 0.0000000000
83350  -53.121  -13.178  62.118 0.0000000000
71599  -44.770  -23.028  70.276 0.0000000000
72771  -46.433  -22.432  71.352 0.0000000000
71582  -45.805  -23.479  71.510 0.0000000000
67895  -38.952  -24.787  69.296 0.0000000000
69228  -41.718  -24.851  68.367 0.0000000000
70407  -43.365  -23.995  69.449 0.0000000000
52687  -19.061  -38.986  82.852 0.0000000000
53884  -19.102  -37.772  83.087 0.0000000000
53906  -17.673  -38.284  82.322 0.0000000000
53949  -17.172  -37.771  80.793 0.0000000000
63941  -3.649  -29.985  73.934 0.0000000000
62714  -3.339  -31.230  73.549 0.0000000000
61351  -5.644  -33.119  80.780 0.0000000000
61366  -4.841  -32.918  79.945 0.0000000000
61364  -3.613  -32.963  80.777 0.0000000000
60009  -2.208  -34.576  80.525 0.0000000000
57539  -1.089  -35.531  79.721 0.0000000000
56355  -1.445  -36.326  81.744 0.0000000000
55159  -2.417  -36.368  80.326 0.0000000000
55171  -2.821  -36.256  79.391 0.0000000000
55172  -3.809  -36.931  78.798 0.0000000000
67614  -10.370  -27.749  91.866 0.0000000000
66353  -8.796  -28.154  92.000 0.0000000000
66352  -7.960  -28.580  91.923 0.0000000000
65018  -6.771  -29.517  91.535 0.0000000000
63686  -6.765  -30.581  90.605 0.0000000000
63658  -6.148  -31.002  90.917 0.0000000000
63646  -5.908  -30.980  90.928 0.0000000000
62426  -5.586  -32.186  90.888 0.0000000000
61119  -5.344  -33.146  91.222 0.0000000000
58581  -5.562  -35.142  91.472 0.0000000000
69084  -39.285  -24.806  76.381 0.0000000000
69086  -41.181  -24.632  75.919 0.0000000000
69074  -40.267  -24.504  76.903 0.0000000000
61388  -31.643  -32.406  78.909 0.0000000000
67805  -35.510  -26.333  75.438 0.0000000000
69101  -38.049  -25.090  75.734 0.0000000000
52647  -20.450  -38.289  86.702 0.0000000000
52657  -20.385  -38.482  85.484 0.0000000000
51402  -25.802  -39.145  90.688 0.0000000000
50180  -24.222  -39.523  89.622 0.0000000000
50203  -22.906  -39.718  87.845 0.0000000000
49077  -22.866  -40.686  86.250 0.0000000000
49056  -21.915  -40.993  86.223 0.0000000000
50215  -21.775  -39.791  86.861 0.0000000000
50227  -20.787  -40.352  86.016 0.0000000000
50237  -20.059  -40.086  84.500 0.0000000000
51478  -19.044  -39.590  83.370 0.0000000000
50279  -18.271  -39.693  82.189 0.0000000000
86750  -54.627  -10.248  57.027 0.0000000000
88995  -55.676  -9.254  56.298 0.0000000000
90131  -56.512  -8.483  55.849 0.0000000000
62659  -9.712  -31.237  79.649 0.0000000000
61354  -8.359  -32.562  80.623 0.0000000000
63855  -9.794  -30.638  81.432 0.0000000000
62627  -8.724  -31.825  81.586 0.0000000000
61332  -7.287  -32.956  81.545 0.0000000000
61330  -5.632  -33.292  81.810 0.0000000000
61306  -4.959  -33.822  82.802 0.0000000000
61282  -4.093  -34.096  83.649 0.0000000000
61263  -5.285  -32.926  84.662 0.0000000000
61260  -3.686  -34.174  84.196 0.0000000000
59949  -3.292  -34.497  84.074 0.0000000000
58708  -2.299  -35.436  84.246 0.0000000000
56323  -2.306  -36.186  84.782 0.0000000000
53845  -2.865  -36.834  85.558 0.0000000000
84392  -48.693  -13.142  68.731 0.0000000000
78778  -42.812  -18.430  68.051 0.0000000000
79929  -42.770  -17.486  67.532 0.0000000000
81103  -44.336  -15.890  67.561 0.0000000000
82254  -45.751  -14.619  67.858 0.0000000000
83302  -47.282  -13.969  68.379 0.0000000000
63676  -10.609  -29.133  91.516 0.0000000000
65042  -9.891  -29.206  90.724 0.0000000000
62449  -12.518  -29.599  91.133 0.0000000000
65053  -10.527  -29.556  90.019 0.0000000000
65068  -9.256  -29.764  89.423 0.0000000000
61219  -7.836  -32.337  87.580 0.0000000000
56325  -19.656  -36.137  84.252 0.0000000000
57498  -19.416  -35.337  84.042 0.0000000000
58702  -18.373  -33.961  85.403 0.0000000000
59974  -18.549  -33.369  82.643 0.0000000000
59958  -17.882  -33.128  83.856 0.0000000000
59923  -18.119  -32.902  86.146 0.0000000000
59922  -16.990  -32.500  86.791 0.0000000000
61225  -16.207  -31.775  87.400 0.0000000000
61208  -15.402  -30.961  87.952 0.0000000000
62540  -14.222  -31.268  87.802 0.0000000000
63764  -13.191  -30.209  87.443 0.0000000000
63777  -11.997  -30.144  86.242 0.0000000000
63806  -12.324  -30.444  84.419 0.0000000000
63792  -11.648  -30.548  85.167 0.0000000000
63776  -10.805  -30.634  85.842 0.0000000000
62565  -10.110  -32.098  85.475 0.0000000000
65217  -6.075  -28.954  77.087 0.0000000000
63909  -7.740  -30.242  77.036 0.0000000000
63919  -7.151  -30.250  76.525 0.0000000000
65236  -5.860  -29.366  76.014 0.0000000000
63943  -4.684  -30.872  74.508 0.0000000000
62692  -3.449  -31.833  74.489 0.0000000000
60136  -2.678  -33.028  73.308 0.0000000000
60041  -4.413  -33.094  78.769 0.0000000000
60060  -4.176  -33.425  78.203 0.0000000000
60077  -3.416  -33.581  76.818 0.0000000000
58781  -1.146  -35.226  77.114 0.0000000000
60075  -1.711  -34.176  76.940 0.0000000000
60094  -3.221  -33.528  76.028 0.0000000000
58791  -2.636  -33.956  75.312 0.0000000000
58805  -2.754  -33.824  74.679 0.0000000000
58818  -3.578  -34.391  73.615 0.0000000000
57589  -5.049  -35.283  74.194 0.0000000000
67613  -9.212  -27.772  91.771 0.0000000000
68874  -8.329  -27.397  91.378 0.0000000000
68889  -8.073  -27.307  90.729 0.0000000000
67609  -5.806  -28.672  91.085 0.0000000000
68872  -5.840  -27.298  90.726 0.0000000000
67651  -7.803  -27.447  89.733 0.0000000000
67661  -7.255  -27.854  88.977 0.0000000000
66392  -6.502  -28.322  88.743 0.0000000000
65094  -6.279  -29.398  87.617 0.0000000000
63757  -5.320  -30.441  87.983 0.0000000000
63756  -4.647  -31.187  87.661 0.0000000000
62532  -3.319  -32.703  87.994 0.0000000000
61168  -2.953  -32.803  89.791 0.0000000000
59886  -2.704  -33.729  88.245 0.0000000000
59899  -2.400  -34.446  87.379 0.0000000000
58674  -2.147  -35.156  87.527 0.0000000000
55087  -2.510  -36.495  87.366 0.0000000000
53839  -3.323  -37.475  87.183 0.0000000000
57380  -5.413  -35.946  92.274 0.0000000000
56224  -5.804  -37.528  93.288 0.0000000000
56240  -4.705  -37.185  92.403 0.0000000000
56239  -3.802  -37.086  92.197 0.0000000000
55037  -3.065  -37.391  91.836 0.0000000000
55055  -2.069  -38.290  91.654 0.0000000000
52611  -3.267  -37.786  90.999 0.0000000000
53808  -2.712  -37.933  90.224 0.0000000000
52635  -3.351  -38.124  89.053 0.0000000000
52643  -3.601  -38.347  87.927 0.0000000000
52652  -4.538  -38.690  86.932 0.0000000000
51451  -6.061  -39.890  86.874 0.0000000000
50210  -6.301  -41.709  86.663 0.0000000000
56307  -32.301  -34.759  87.008 0.0000000000
57478  -32.986  -34.422  87.342 0.0000000000
56312  -32.337  -35.181  86.215 0.0000000000
55090  -30.623  -35.437  86.766 0.0000000000
55096  -31.023  -35.637  85.997 0.0000000000
55086  -31.140  -35.076  87.190 0.0000000000
56302  -31.478  -34.686  87.745 0.0000000000
86630  -49.623  -11.715  67.759 0.0000000000
86631  -50.233  -11.355  68.132 0.0000000000
84404  -48.568  -12.733  67.974 0.0000000000
85525  -48.924  -12.115  67.257 0.0000000000
86641  -49.679  -11.547  66.782 0.0000000000
69123  -40.563  -24.550  74.402 0.0000000000
69103  -39.986  -24.668  75.482 0.0000000000
69122  -39.483  -24.498  74.696 0.0000000000
52679  -3.390  -37.753  84.836 0.0000000000
53857  -3.423  -37.712  84.522 0.0000000000
52680  -3.733  -38.190  84.658 0.0000000000
52681  -4.266  -38.819  84.869 0.0000000000
52663  -3.984  -38.541  85.654 0.0000000000
59874  -8.381  -34.646  89.015 0.0000000000
65110  -7.192  -30.199  86.222 0.0000000000
75075  -45.918  -21.178  70.494 0.0000000000
75076  -46.830  -21.170  71.009 0.0000000000
72787  -44.653  -22.554  70.008 0.0000000000
72786  -44.213  -22.433  69.627 0.0000000000
73912  -44.836  -22.205  69.998 0.0000000000
75086  -45.185  -21.628  69.886 0.0000000000
61174  -14.937  -30.769  89.651 0.0000000000
61173  -14.336  -30.679  89.793 0.0000000000
61190  -14.768  -31.131  88.898 0.0000000000
53849  -20.126  -37.862  84.644 0.0000000000
55095  -20.223  -36.729  85.556 0.0000000000
53863  -19.727  -37.630  83.771 0.0000000000
61452  -2.995  -32.296  72.872 0.0000000000
61453  -3.435  -32.297  72.440 0.0000000000
60013  -7.424  -33.318  80.151 0.0000000000
58593  -4.224  -34.705  91.528 0.0000000000
58579  -4.308  -35.383  91.773 0.0000000000
59963  -33.590  -32.693  85.043 0.0000000000
61277  -33.889  -31.930  85.018 0.0000000000
61297  -33.947  -31.776  84.196 0.0000000000
52690  -27.724  -37.487  85.130 0.0000000000
52689  -27.173  -37.581  84.956 0.0000000000
52709  -26.873  -37.242  84.063 0.0000000000
85561  -52.285  -12.226  64.552 0.0000000000
85560  -51.596  -12.231  64.550 0.0000000000
84452  -51.382  -12.960  63.571 0.0000000000
84438  -52.403  -12.634  63.989 0.0000000000
69173  -43.853  -24.667  72.047 0.0000000000
69174  -44.621  -24.476  72.194 0.0000000000
67868  -42.712  -24.642  71.887 0.0000000000
67882  -41.810  -24.663  70.843 0.0000000000
69185  -43.093  -24.490  71.377 0.0000000000
66531  -5.006  -28.619  77.545 0.0000000000
65235  -4.850  -29.005  75.959 0.0000000000
59986  -3.346  -34.762  82.399 0.0000000000
53964  -5.894  -38.592  80.156 0.0000000000
53963  -5.401  -38.216  79.921 0.0000000000
52775  -5.813  -38.771  79.610 0.0000000000
52758  -5.490  -39.107  78.999 0.0000000000
51546  -5.437  -40.170  79.494 0.0000000000
51531  -5.453  -40.876  80.157 0.0000000000
65040  -8.626  -29.130  90.873 0.0000000000
67778  -38.242  -25.709  78.988 0.0000000000
58763  -32.284  -33.765  79.912 0.0000000000
67776  -36.913  -25.766  78.383 0.0000000000
67787  -37.778  -25.650  77.489 0.0000000000
51411  -22.840  -39.513  89.814 0.0000000000
51432  -21.370  -39.155  88.240 0.0000000000
51433  -21.811  -39.711  88.461 0.0000000000
51445  -25.404  -39.507  87.797 0.0000000000
50231  -24.734  -39.701  87.323 0.0000000000
49132  -20.252  -41.293  82.226 0.0000000000
49114  -19.704  -41.146  82.525 0.0000000000
49131  -19.488  -41.573  81.768 0.0000000000
47911  -19.021  -41.775  81.837 0.0000000000
49151  -19.429  -42.115  81.145 0.0000000000
65128  -8.720  -30.060  83.401 0.0000000000
63833  -8.033  -31.258  83.155 0.0000000000
61287  -7.288  -32.262  83.561 0.0000000000
62591  -7.249  -31.675  84.124 0.0000000000
61232  -3.552  -33.113  86.213 0.0000000000
59915  -3.624  -33.221  85.736 0.0000000000
81089  -47.904  -15.894  70.169 0.0000000000
82229  -48.877  -15.213  70.095 0.0000000000
81090  -48.535  -15.748  70.340 0.0000000000
79916  -46.666  -17.043  70.253 0.0000000000
79915  -45.904  -17.333  69.706 0.0000000000
81087  -46.411  -16.337  69.720 0.0000000000
81099  -46.687  -15.685  69.632 0.0000000000
63747  -11.661  -29.581  88.092 0.0000000000
56370  -18.537  -35.803  80.433 0.0000000000
57515  -19.339  -35.335  81.888 0.0000000000
57525  -18.930  -35.213  80.875 0.0000000000
63821  -15.607  -30.346  83.355 0.0000000000
62595  -16.752  -30.858  83.548 0.0000000000
63796  -15.913  -30.335  84.793 0.0000000000
63795  -15.087  -30.396  85.180 0.0000000000
58761  -1.070  -34.573  79.424 0.0000000000
58762  -1.511  -34.143  78.972 0.0000000000
58767  -1.108  -34.899  78.771 0.0000000000
55211  -3.662  -37.519  75.755 0.0000000000
55226  -2.882  -36.653  75.778 0.0000000000
55227  -3.299  -36.907  75.246 0.0000000000
56430  -3.132  -36.051  75.017 0.0000000000
54074  -4.452  -37.053  74.974 0.0000000000
54056  -4.634  -37.517  75.482 0.0000000000
68907  -10.099  -27.069  89.662 0.0000000000
66324  -6.584  -29.227  91.872 0.0000000000
66336  -6.426  -28.851  92.021 0.0000000000
65049  -3.685  -30.793  90.301 0.0000000000
66368  -4.367  -29.532  90.037 0.0000000000
66375  -4.006  -29.760  89.969 0.0000000000
65066  -3.733  -30.628  89.793 0.0000000000
63725  -4.072  -30.471  89.419 0.0000000000
65081  -3.529  -31.318  89.767 0.0000000000
57437  -1.420  -36.114  90.396 0.0000000000
56297  -1.656  -36.683  88.880 0.0000000000
52578  -5.059  -39.995  94.245 0.0000000000
52577  -4.799  -39.696  93.579 0.0000000000
55118  -31.916  -36.022  83.751 0.0000000000
56313  -32.722  -34.753  85.864 0.0000000000
56319  -32.529  -34.702  85.132 0.0000000000
57486  -33.205  -33.751  85.693 0.0000000000
53864  -29.030  -36.602  85.055 0.0000000000
53867  -31.459  -36.134  85.087 0.0000000000
53889  -30.622  -36.286  84.202 0.0000000000
53851  -29.820  -36.213  86.175 0.0000000000
53842  -29.617  -36.938  86.785 0.0000000000
52692  -28.541  -37.163  85.514 0.0000000000
86657  -51.881  -11.158  66.131 0.0000000000
86644  -51.808  -10.676  66.875 0.0000000000
82259  -45.532  -14.453  66.971 0.0000000000
82262  -44.994  -14.905  65.756 0.0000000000
82263  -45.674  -14.371  65.772 0.0000000000
84432  -47.507  -13.283  65.256 0.0000000000
83332  -47.057  -13.509  64.810 0.0000000000
84449  -47.674  -13.117  64.645 0.0000000000
83343  -47.262  -12.911  64.101 0.0000000000
83344  -48.088  -13.080  63.641 0.0000000000
84450  -48.210  -12.939  64.237 0.0000000000
86655  -50.332  -11.511  66.313 0.0000000000
85536  -50.806  -11.713  65.709 0.0000000000
85547  -51.214  -11.798  65.053 0.0000000000
67843  -42.390  -24.605  73.087 0.0000000000
67844  -43.060  -24.772  73.319 0.0000000000
67824  -42.765  -24.578  73.659 0.0000000000
69106  -42.919  -24.643  75.141 0.0000000000
69089  -43.646  -24.843  75.331 0.0000000000
67840  -36.979  -25.119  74.317 0.0000000000
69138  -36.761  -25.144  73.631 0.0000000000
69156  -37.896  -24.633  72.846 0.0000000000
69168  -38.185  -24.522  71.773 0.0000000000
69142  -41.099  -24.547  73.217 0.0000000000
67855  -41.461  -24.620  72.660 0.0000000000
67856  -41.892  -24.756  72.525 0.0000000000
56334  -1.842  -36.252  83.770 0.0000000000
55122  -2.307  -36.450  82.929 0.0000000000
53874  -2.765  -36.712  83.137 0.0000000000
53877  -4.278  -38.182  83.522 0.0000000000
53899  -4.209  -37.899  82.634 0.0000000000
53922  -5.035  -37.839  81.698 0.0000000000
53923  -5.906  -38.334  82.082 0.0000000000
52732  -6.450  -38.934  82.119 0.0000000000
53924  -6.271  -38.683  82.628 0.0000000000
52666  -6.309  -39.853  85.225 0.0000000000
52684  -6.613  -39.976  84.427 0.0000000000
51475  -6.696  -40.813  84.605 0.0000000000
50256  -6.371  -41.588  84.515 0.0000000000
50233  -6.522  -41.238  85.358 0.0000000000
62501  -6.973  -31.106  89.477 0.0000000000
67747  -36.800  -26.396  80.466 0.0000000000
65168  -33.483  -28.224  81.122 0.0000000000
63904  -32.585  -28.875  79.382 0.0000000000
65209  -33.605  -27.509  79.759 0.0000000000
66473  -35.518  -27.162  80.969 0.0000000000
51388  -24.283  -38.643  91.331 0.0000000000
51400  -24.716  -38.932  90.674 0.0000000000
50283  -23.475  -40.054  83.365 0.0000000000
83373  -52.130  -13.178  60.519 0.0000000000
83380  -52.360  -13.261  59.654 0.0000000000
84494  -52.941  -12.940  58.994 0.0000000000
84495  -53.087  -12.324  58.870 0.0000000000
84502  -52.993  -11.670  58.250 0.0000000000
85625  -54.047  -11.374  58.953 0.0000000000
85619  -54.441  -11.757  59.701 0.0000000000
65119  -7.739  -29.916  84.745 0.0000000000
63803  -7.076  -30.985  85.218 0.0000000000
63790  -7.178  -30.657  85.521 0.0000000000
63788  -5.919  -31.283  86.465 0.0000000000
63786  -4.876  -31.906  86.482 0.0000000000
63772  -4.623  -31.653  86.806 0.0000000000
78755  -46.596  -18.801  70.489 0.0000000000
78765  -47.216  -18.171  70.471 0.0000000000
78756  -47.009  -18.829  70.666 0.0000000000
69245  -41.967  -24.461  67.450 0.0000000000
72810  -43.204  -22.401  68.536 0.0000000000
71637  -42.474  -23.087  67.583 0.0000000000
73930  -42.831  -22.004  68.096 0.0000000000
75112  -42.769  -20.949  68.153 0.0000000000
75103  -43.647  -21.021  68.943 0.0000000000
77550  -45.735  -19.831  70.360 0.0000000000
77563  -46.022  -18.863  70.188 0.0000000000
61154  -14.187  -30.782  90.679 0.0000000000
62505  -13.895  -30.536  89.306 0.0000000000
62522  -12.919  -30.326  88.103 0.0000000000
62629  -15.915  -31.671  81.547 0.0000000000
61335  -14.933  -32.368  81.542 0.0000000000
62669  -9.174  -31.078  78.199 0.0000000000
60042  -6.493  -33.335  78.175 0.0000000000
60043  -6.785  -33.257  77.978 0.0000000000
60062  -6.501  -33.266  77.804 0.0000000000
61400  -5.944  -33.233  77.512 0.0000000000
53996  -4.447  -38.191  78.258 0.0000000000
55183  -3.618  -37.061  77.866 0.0000000000
54011  -4.336  -38.189  77.524 0.0000000000
51614  -3.924  -39.835  76.802 0.0000000000
54033  -4.410  -38.628  77.116 0.0000000000
52805  -4.281  -39.085  76.492 0.0000000000
54013  -4.307  -38.326  76.589 0.0000000000
68877  -11.338  -27.150  90.783 0.0000000000
68876  -10.886  -27.227  90.683 0.0000000000
68892  -10.672  -27.099  90.271 0.0000000000
65004  -5.268  -30.863  90.840 0.0000000000
63644  -4.949  -31.814  90.985 0.0000000000
62423  -4.073  -32.037  91.751 0.0000000000
63656  -3.665  -31.608  91.322 0.0000000000
63671  -2.990  -31.410  91.182 0.0000000000
62433  -3.364  -32.210  91.115 0.0000000000
62447  -3.269  -32.285  90.776 0.0000000000
61127  -3.362  -33.194  91.125 0.0000000000
58591  -3.252  -35.322  91.288 0.0000000000
59833  -2.803  -34.008  90.871 0.0000000000
58604  -2.646  -35.154  91.140 0.0000000000
57424  -1.813  -35.411  91.423 0.0000000000
57408  -2.100  -36.003  91.781 0.0000000000
56371  -32.144  -35.001  80.160 0.0000000000
56360  -32.288  -35.773  82.079 0.0000000000
57516  -32.608  -34.177  82.748 0.0000000000
58748  -32.518  -33.422  82.090 0.0000000000
60006  -32.509  -32.478  82.548 0.0000000000
62600  -33.902  -30.793  84.004 0.0000000000
51436  -26.596  -38.661  88.104 0.0000000000
52642  -29.284  -37.344  87.563 0.0000000000
52648  -27.917  -37.896  87.301 0.0000000000
51470  -26.844  -38.316  85.907 0.0000000000
51448  -27.334  -38.303  87.025 0.0000000000
51458  -26.937  -38.395  86.503 0.0000000000
51508  -24.280  -38.570  82.638 0.0000000000
85575  -54.037  -12.604  63.134 0.0000000000
82277  -48.913  -13.709  62.971 0.0000000000
82281  -49.193  -13.707  62.474 0.0000000000
83353  -49.642  -13.682  63.034 0.0000000000
83366  -50.499  -13.531  62.088 0.0000000000
83367  -51.087  -13.438  61.589 0.0000000000
83372  -51.220  -13.338  60.731 0.0000000000
83356  -51.967  -13.395  62.109 0.0000000000
84455  -53.406  -12.841  62.677 0.0000000000
84456  -54.157  -12.663  62.517 0.0000000000
70396  -44.560  -23.479  70.303 0.0000000000
71593  -45.273  -23.316  70.744 0.0000000000
70389  -44.941  -23.893  70.944 0.0000000000
70374  -45.647  -24.143  72.603 0.0000000000
71571  -46.242  -23.713  72.546 0.0000000000
69127  -44.297  -24.639  74.093 0.0000000000
69183  -39.357  -24.595  70.488 0.0000000000
69195  -38.510  -24.719  69.337 0.0000000000
69196  -39.092  -24.664  69.680 0.0000000000
67898  -40.978  -24.559  69.790 0.0000000000
67922  -41.488  -24.792  68.660 0.0000000000
70394  -43.752  -24.371  70.104 0.0000000000
69215  -43.188  -24.353  69.597 0.0000000000
70395  -44.136  -23.943  70.202 0.0000000000
53883  -18.682  -38.415  82.685 0.0000000000
52721  -16.998  -39.024  82.674 0.0000000000
53948  -16.653  -38.456  80.955 0.0000000000
65252  -3.452  -28.993  74.726 0.0000000000
62704  -3.616  -31.082  74.073 0.0000000000
61350  -4.830  -32.964  81.029 0.0000000000
61349  -4.211  -32.997  81.329 0.0000000000
59999  -2.845  -34.824  81.083 0.0000000000
60010  -3.191  -34.086  80.718 0.0000000000
58751  -1.322  -34.956  80.443 0.0000000000
58752  -1.291  -35.192  80.634 0.0000000000
55132  -1.844  -36.755  82.011 0.0000000000
53961  -3.823  -37.129  80.215 0.0000000000
55147  -2.952  -36.483  80.762 0.0000000000
53981  -4.643  -37.783  79.065 0.0000000000
51561  -5.078  -39.942  78.797 0.0000000000
52773  -4.911  -39.101  78.533 0.0000000000
50317  -5.747  -41.429  81.895 0.0000000000
51513  -5.439  -41.324  80.975 0.0000000000
50316  -5.466  -41.663  81.808 0.0000000000
66354  -10.047  -28.230  92.091 0.0000000000
65032  -9.670  -28.587  91.575 0.0000000000
63685  -6.245  -31.495  90.719 0.0000000000
62436  -5.986  -31.959  90.995 0.0000000000
63672  -6.183  -31.218  90.853 0.0000000000
63659  -6.367  -30.281  91.226 0.0000000000
59816  -6.448  -34.290  91.174 0.0000000000
59815  -5.799  -34.185  90.998 0.0000000000
59814  -5.014  -34.111  90.879 0.0000000000
69085  -40.207  -24.771  76.155 0.0000000000
69073  -39.421  -24.936  77.101 0.0000000000
61372  -32.014  -31.578  79.629 0.0000000000
61373  -32.257  -32.515  79.482 0.0000000000
66560  -35.140  -26.778  76.903 0.0000000000
67794  -35.749  -26.335  76.232 0.0000000000
67806  -36.339  -25.973  75.686 0.0000000000
67797  -38.113  -25.539  76.896 0.0000000000
67808  -37.930  -25.424  76.393 0.0000000000
69083  -38.488  -25.104  76.426 0.0000000000
69102  -38.981  -24.666  75.693 0.0000000000
51443  -20.791  -39.052  87.231 0.0000000000
52638  -20.589  -38.003  88.067 0.0000000000
50205  -24.383  -39.498  88.510 0.0000000000
50193  -24.653  -39.378  89.228 0.0000000000
50204  -23.638  -39.653  88.160 0.0000000000
50191  -23.222  -39.893  88.741 0.0000000000
50261  -22.919  -41.376  84.493 0.0000000000
50240  -23.253  -40.958  85.588 0.0000000000
50260  -22.397  -42.029  84.513 0.0000000000
49075  -21.549  -41.718  85.557 0.0000000000
49042  -21.709  -40.508  86.447 0.0000000000
49055  -21.301  -40.936  85.838 0.0000000000
49054  -20.752  -40.896  85.362 0.0000000000
49095  -19.419  -40.679  83.234 0.0000000000
50236  -19.499  -39.935  83.812 0.0000000000
51465  -19.912  -39.428  84.103 0.0000000000
51493  -18.384  -39.509  82.679 0.0000000000
50280  -18.379  -40.089  82.644 0.0000000000
49149  -18.379  -41.272  80.902 0.0000000000
49128  -18.077  -40.592  81.019 0.0000000000
85644  -54.572  -10.816  58.030 0.0000000000
86742  -54.329  -10.476  57.323 0.0000000000
86743  -54.617  -10.494  57.538 0.0000000000
90126  -56.692  -8.646  56.454 0.0000000000
63869  -10.145  -30.648  80.417 0.0000000000
62658  -9.359  -31.794  79.942 0.0000000000
62643  -9.117  -31.971  80.618 0.0000000000
63835  -9.306  -30.493  82.201 0.0000000000
62608  -8.054  -32.001  82.467 0.0000000000
63854  -9.057  -30.967  81.739 0.0000000000
61333  -8.027  -32.610  81.537 0.0000000000
61331  -6.483  -33.192  81.695 0.0000000000
59987  -5.960  -33.351  83.424 0.0000000000
61307  -5.654  -33.488  82.941 0.0000000000
61305  -4.409  -33.955  82.799 0.0000000000
61283  -4.622  -33.909  83.769 0.0000000000
61249  -5.982  -32.117  85.509 0.0000000000
61264  -6.064  -32.645  84.838 0.0000000000
61261  -3.919  -33.570  84.659 0.0000000000
59931  -2.879  -34.449  84.544 0.0000000000
59948  -2.785  -35.009  83.895 0.0000000000
57487  -2.043  -35.736  85.654 0.0000000000
55101  -2.510  -36.573  85.058 0.0000000000
84379  -48.574  -13.747  69.245 0.0000000000
84380  -49.237  -13.298  69.431 0.0000000000
69075  -41.180  -24.358  76.573 0.0000000000
77576  -43.190  -19.231  68.405 0.0000000000
77587  -42.452  -19.256  67.790 0.0000000000
78779  -43.686  -18.476  68.525 0.0000000000
81096  -44.644  -16.573  68.418 0.0000000000
79930  -43.720  -17.262  68.207 0.0000000000
81102  -43.474  -16.510  67.125 0.0000000000
82252  -44.657  -15.300  67.208 0.0000000000
82246  -45.528  -15.058  68.281 0.0000000000
82249  -47.474  -14.845  69.465 0.0000000000
83290  -46.881  -14.394  68.660 0.0000000000
83291  -47.597  -14.312  69.022 0.0000000000
84391  -48.237  -13.800  68.931 0.0000000000
65033  -11.097  -29.234  91.907 0.0000000000
63689  -10.200  -29.181  91.131 0.0000000000
62465  -13.284  -29.870  90.672 0.0000000000
65070  -10.584  -29.715  89.457 0.0000000000
65069  -10.064  -29.711  89.436 0.0000000000
65052  -9.606  -29.431  90.084 0.0000000000
63760  -9.066  -31.047  87.136 0.0000000000
63744  -8.448  -30.970  87.658 0.0000000000
62535  -8.171  -31.802  87.231 0.0000000000
61220  -8.522  -33.186  87.399 0.0000000000
61234  -8.984  -32.717  86.733 0.0000000000
55117  -19.184  -37.047  83.698 0.0000000000
56337  -19.315  -36.288  83.346 0.0000000000
58713  -18.996  -34.622  83.736 0.0000000000
58703  -18.947  -34.626  84.684 0.0000000000
58712  -18.290  -34.019  84.361 0.0000000000
59991  -18.392  -33.201  82.011 0.0000000000
61313  -18.148  -32.778  82.120 0.0000000000
61270  -16.938  -31.937  84.701 0.0000000000
59957  -17.561  -32.490  84.699 0.0000000000
59940  -17.987  -33.071  85.087 0.0000000000
61224  -15.251  -31.257  87.482 0.0000000000
61207  -14.490  -31.417  88.152 0.0000000000
62541  -14.724  -31.244  87.667 0.0000000000
63779  -13.927  -30.443  86.458 0.0000000000
62553  -13.979  -30.592  87.103 0.0000000000
63778  -13.217  -30.168  86.599 0.0000000000
62593  -12.926  -31.267  82.973 0.0000000000
63818  -12.830  -30.474  83.719 0.0000000000
62592  -12.190  -31.130  83.618 0.0000000000
62578  -11.228  -31.934  84.572 0.0000000000
62579  -11.621  -31.295  84.261 0.0000000000
62567  -11.178  -31.216  84.804 0.0000000000
63791  -11.023  -30.949  85.196 0.0000000000
62551  -10.178  -31.363  85.566 0.0000000000
66509  -6.873  -28.409  78.602 0.0000000000
65197  -6.558  -28.778  77.929 0.0000000000
62676  -7.968  -31.009  77.279 0.0000000000
62685  -7.518  -31.010  76.704 0.0000000000
62684  -7.109  -31.040  75.984 0.0000000000
63918  -6.529  -30.247  75.926 0.0000000000
63930  -5.754  -30.276  75.359 0.0000000000
62695  -5.362  -31.305  74.943 0.0000000000
61424  -3.582  -32.176  74.918 0.0000000000
62693  -3.790  -31.785  74.784 0.0000000000
61443  -2.937  -32.360  73.648 0.0000000000
60122  -2.791  -33.165  74.197 0.0000000000
60026  -4.112  -32.901  79.458 0.0000000000
60027  -4.584  -32.885  79.276 0.0000000000
61380  -2.276  -34.152  78.154 0.0000000000
61381  -2.442  -34.205  77.862 0.0000000000
60059  -3.633  -33.660  77.803 0.0000000000
60058  -2.896  -34.110  77.508 0.0000000000
57552  -1.402  -35.141  77.850 0.0000000000
57557  -1.621  -35.554  77.256 0.0000000000
58803  -1.996  -35.057  76.033 0.0000000000
60091  -1.377  -34.642  76.317 0.0000000000
60092  -1.793  -34.462  76.279 0.0000000000
60076  -2.670  -34.029  76.887 0.0000000000
60093  -2.496  -33.985  76.040 0.0000000000
58790  -2.384  -34.254  75.766 0.0000000000
57587  -3.224  -35.009  74.552 0.0000000000
57575  -2.746  -34.340  74.730 0.0000000000
58817  -2.800  -33.913  73.808 0.0000000000
66393  -7.250  -28.167  88.133 0.0000000000
68850  -7.017  -27.666  92.039 0.0000000000
68860  -7.232  -27.548  91.806 0.0000000000
68873  -7.593  -27.424  91.356 0.0000000000
67594  -5.285  -29.619  91.125 0.0000000000
67595  -5.572  -29.272  91.386 0.0000000000
67608  -5.239  -29.447  90.745 0.0000000000
67637  -5.548  -28.487  90.051 0.0000000000
67625  -6.084  -28.067  90.577 0.0000000000
68887  -5.759  -27.251  90.372 0.0000000000
67639  -6.387  -27.262  90.638 0.0000000000
68903  -5.919  -26.970  90.039 0.0000000000
67650  -6.524  -27.534  89.871 0.0000000000
66390  -5.329  -29.152  89.222 0.0000000000
66391  -5.729  -28.633  88.901 0.0000000000
66400  -5.515  -29.107  88.483 0.0000000000
66401  -6.001  -28.920  88.144 0.0000000000
65093  -5.732  -29.611  87.945 0.0000000000
62518  -3.782  -31.476  88.274 0.0000000000
62519  -4.188  -31.233  87.999 0.0000000000
62533  -3.501  -32.268  87.747 0.0000000000
61149  -2.978  -32.972  90.414 0.0000000000
59872  -2.533  -33.657  89.123 0.0000000000
59885  -2.292  -34.458  88.366 0.0000000000
55082  -2.363  -36.770  88.305 0.0000000000
53831  -2.943  -36.973  87.773 0.0000000000
53838  -3.039  -36.774  86.677 0.0000000000
56242  -5.909  -36.891  92.805 0.0000000000
55016  -5.561  -38.161  93.601 0.0000000000
56223  -5.387  -37.693  92.889 0.0000000000
55027  -4.247  -37.768  92.587 0.0000000000
53771  -3.553  -38.319  92.092 0.0000000000
55025  -3.318  -37.608  91.878 0.0000000000
55046  -2.258  -37.967  92.031 0.0000000000
53791  -2.522  -38.000  91.518 0.0000000000
52620  -3.190  -37.992  90.487 0.0000000000
52627  -3.124  -38.163  89.810 0.0000000000
53816  -2.753  -37.934  89.511 0.0000000000
51438  -3.929  -38.491  88.713 0.0000000000
52644  -4.131  -38.978  87.694 0.0000000000
52653  -5.315  -39.307  86.501 0.0000000000
57479  -33.367  -34.387  86.951 0.0000000000
58685  -33.456  -33.589  87.010 0.0000000000
57468  -33.227  -34.022  87.364 0.0000000000
55107  -31.805  -35.723  84.876 0.0000000000
55097  -31.784  -35.568  85.768 0.0000000000
53865  -29.855  -36.208  85.145 0.0000000000
53837  -30.346  -36.258  87.923 0.0000000000
55085  -30.541  -35.625  87.560 0.0000000000
56296  -31.187  -34.659  88.316 0.0000000000
86643  -51.106  -10.939  67.313 0.0000000000
84412  -47.209  -13.507  67.599 0.0000000000
83312  -46.800  -13.602  66.896 0.0000000000
84413  -47.551  -13.060  66.919 0.0000000000
84420  -47.710  -12.934  65.800 0.0000000000
85544  -48.649  -12.444  65.444 0.0000000000
85557  -48.965  -12.472  64.768 0.0000000000
85534  -49.247  -11.926  66.059 0.0000000000
86654  -49.845  -11.619  66.181 0.0000000000
69143  -41.544  -24.463  73.400 0.0000000000
67823  -42.180  -24.429  73.559 0.0000000000
69087  -42.152  -24.972  75.956 0.0000000000
69121  -38.429  -24.664  74.851 0.0000000000
69140  -38.748  -24.562  73.812 0.0000000000
55114  -2.687  -36.889  84.339 0.0000000000
53875  -3.048  -37.010  83.614 0.0000000000
53878  -4.992  -38.400  83.746 0.0000000000
53879  -5.671  -38.906  83.787 0.0000000000
53858  -5.165  -38.738  84.239 0.0000000000
52682  -5.069  -39.014  84.832 0.0000000000
52665  -5.610  -39.465  85.716 0.0000000000
61204  -7.663  -32.788  88.230 0.0000000000
61187  -7.285  -33.701  89.033 0.0000000000
63862  -33.019  -29.500  82.385 0.0000000000
63863  -33.496  -28.450  81.978 0.0000000000
65169  -34.154  -27.605  81.142 0.0000000000
65155  -34.920  -27.601  81.598 0.0000000000
66459  -35.504  -27.410  81.747 0.0000000000
52608  -26.099  -38.526  91.678 0.0000000000
50303  -22.874  -40.257  82.398 0.0000000000
83370  -53.402  -13.119  61.131 0.0000000000
84482  -53.558  -13.268  60.177 0.0000000000
83375  -53.710  -13.245  60.641 0.0000000000
84483  -54.264  -13.037  60.454 0.0000000000
84485  -55.466  -12.166  60.733 0.0000000000
65109  -6.480  -30.547  86.718 0.0000000000
63774  -5.942  -30.743  87.288 0.0000000000
76308  -45.687  -20.396  70.330 0.0000000000
77552  -46.789  -19.354  70.771 0.0000000000
76309  -46.428  -20.252  70.722 0.0000000000
76290  -47.505  -20.527  71.430 0.0000000000
70420  -43.039  -23.541  68.863 0.0000000000
70430  -42.684  -23.362  68.267 0.0000000000
71617  -43.442  -22.744  68.934 0.0000000000
72799  -43.765  -22.361  69.257 0.0000000000
73923  -43.575  -21.891  68.910 0.0000000000
75096  -44.664  -21.205  69.550 0.0000000000
53834  -20.413  -37.295  87.251 0.0000000000
63969  -3.337  -31.210  72.677 0.0000000000
63970  -3.580  -30.692  72.506 0.0000000000
62724  -3.866  -31.436  72.250 0.0000000000
61370  -8.806  -32.394  79.584 0.0000000000
61384  -7.005  -33.264  78.544 0.0000000000
51590  -4.409  -39.879  77.742 0.0000000000
51613  -4.108  -39.734  77.271 0.0000000000
50446  -3.857  -40.093  77.161 0.0000000000
51591  -4.134  -40.171  76.566 0.0000000000
67630  -11.804  -27.344  91.548 0.0000000000
67629  -10.809  -27.413  91.202 0.0000000000
61118  -4.705  -33.150  91.546 0.0000000000
62424  -4.375  -32.347  91.661 0.0000000000
61129  -4.136  -33.199  91.817 0.0000000000
61128  -3.699  -33.257  91.619 0.0000000000
57393  -3.452  -35.773  91.723 0.0000000000
57499  -32.881  -34.102  84.675 0.0000000000
57509  -32.697  -34.132  83.765 0.0000000000
58728  -33.000  -33.571  84.161 0.0000000000
58729  -33.378  -33.011  83.973 0.0000000000
58739  -33.222  -32.780  83.617 0.0000000000
53911  -29.760  -36.965  82.680 0.0000000000
52660  -28.409  -37.594  86.722 0.0000000000
52659  -27.674  -37.908  86.669 0.0000000000
52673  -27.300  -38.041  85.811 0.0000000000
52672  -26.795  -38.048  85.499 0.0000000000
51481  -25.540  -38.214  84.507 0.0000000000
52708  -25.894  -37.540  83.903 0.0000000000
83346  -50.305  -13.479  63.281 0.0000000000
83335  -50.879  -13.172  63.497 0.0000000000
83348  -51.910  -13.096  62.770 0.0000000000
84454  -52.710  -12.776  63.301 0.0000000000
70383  -44.784  -24.281  71.544 0.0000000000
70364  -45.627  -24.435  73.382 0.0000000000
67879  -39.810  -24.643  70.487 0.0000000000
67881  -41.117  -24.434  70.863 0.0000000000
67899  -41.769  -24.566  69.793 0.0000000000
67900  -42.291  -24.560  70.223 0.0000000000
69186  -43.512  -24.466  71.001 0.0000000000
50319  -16.625  -40.250  80.605 0.0000000000
63928  -4.345  -29.775  74.826 0.0000000000
61328  -4.507  -33.753  81.911 0.0000000000
61348  -3.754  -33.483  81.372 0.0000000000
60000  -3.360  -34.568  81.590 0.0000000000
53920  -3.740  -37.060  81.671 0.0000000000
53919  -3.243  -36.893  81.540 0.0000000000
53942  -4.007  -36.887  80.846 0.0000000000
53982  -5.069  -38.350  78.979 0.0000000000
51529  -4.992  -41.377  79.713 0.0000000000
63675  -9.654  -28.808  91.304 0.0000000000
61139  -6.430  -33.266  90.931 0.0000000000
61130  -6.102  -32.963  91.068 0.0000000000
61121  -6.259  -33.071  91.207 0.0000000000
69060  -38.597  -25.340  78.056 0.0000000000
63903  -32.016  -29.566  79.232 0.0000000000
66519  -35.315  -26.472  79.091 0.0000000000
67775  -36.077  -26.180  78.146 0.0000000000
67788  -38.174  -25.596  77.137 0.0000000000
51431  -20.892  -38.711  87.975 0.0000000000
51424  -26.248  -39.434  89.473 0.0000000000
50207  -25.684  -39.498  89.289 0.0000000000
51434  -25.342  -39.469  88.322 0.0000000000
50220  -24.874  -39.653  88.088 0.0000000000
50219  -24.144  -39.679  87.699 0.0000000000
49134  -21.682  -42.087  83.334 0.0000000000
49117  -21.787  -42.209  84.156 0.0000000000
49116  -21.076  -42.172  83.685 0.0000000000
49097  -20.593  -41.810  84.140 0.0000000000
49073  -20.520  -40.885  84.498 0.0000000000
49096  -20.297  -41.017  83.488 0.0000000000
49113  -19.014  -40.961  82.477 0.0000000000
49112  -18.643  -40.576  82.268 0.0000000000
47909  -18.719  -41.033  81.793 0.0000000000
49150  -18.521  -41.873  80.930 0.0000000000
84500  -51.688  -11.719  58.232 0.0000000000
65135  -9.201  -30.165  82.823 0.0000000000
61309  -7.276  -32.705  82.716 0.0000000000
59971  -6.395  -33.191  83.401 0.0000000000
61285  -5.922  -33.234  83.930 0.0000000000
61247  -4.602  -32.605  85.462 0.0000000000
59933  -3.978  -32.904  85.473 0.0000000000
61246  -3.501  -33.469  85.495 0.0000000000
61230  -2.709  -34.108  85.397 0.0000000000
59930  -2.532  -34.653  84.942 0.0000000000
58687  -2.018  -35.131  86.452 0.0000000000
83277  -49.243  -14.311  69.945 0.0000000000
82239  -48.697  -15.129  69.887 0.0000000000
82240  -49.235  -14.945  70.016 0.0000000000
78772  -44.572  -18.472  69.217 0.0000000000
78771  -44.303  -17.919  68.738 0.0000000000
79925  -45.118  -17.329  69.122 0.0000000000
81097  -45.374  -15.833  68.692 0.0000000000
81098  -46.196  -15.655  69.325 0.0000000000
82237  -47.393  -15.157  69.626 0.0000000000
63677  -11.629  -29.448  91.746 0.0000000000
62485  -12.488  -29.761  89.438 0.0000000000
63708  -11.485  -29.592  89.908 0.0000000000
63730  -10.690  -29.735  88.881 0.0000000000
62537  -9.262  -31.254  86.621 0.0000000000
55139  -18.854  -36.919  81.786 0.0000000000
56347  -19.007  -36.235  82.317 0.0000000000
58727  -19.199  -34.366  82.684 0.0000000000
62612  -16.550  -31.025  82.361 0.0000000000
62596  -17.434  -31.477  83.215 0.0000000000
62581  -17.040  -31.479  84.017 0.0000000000
61253  -16.658  -31.407  85.511 0.0000000000
62570  -15.957  -30.695  85.730 0.0000000000
62555  -15.524  -30.919  86.592 0.0000000000
62554  -14.801  -30.973  87.069 0.0000000000
63794  -13.997  -30.316  85.669 0.0000000000
61289  -12.294  -32.165  83.355 0.0000000000
59953  -11.310  -33.471  84.598 0.0000000000
59935  -10.863  -33.661  85.102 0.0000000000
65198  -7.456  -29.053  77.998 0.0000000000
61415  -7.122  -31.859  76.542 0.0000000000
61427  -6.210  -31.899  75.711 0.0000000000
61436  -3.522  -32.968  75.289 0.0000000000
60038  -1.929  -34.053  78.434 0.0000000000
55209  -2.906  -36.718  76.399 0.0000000000
56409  -2.662  -36.053  76.121 0.0000000000
57573  -2.499  -35.416  75.687 0.0000000000
57586  -2.851  -35.501  75.161 0.0000000000
56431  -3.655  -35.983  74.502 0.0000000000
56432  -4.423  -35.986  74.555 0.0000000000
67612  -8.307  -27.796  92.162 0.0000000000
67598  -7.560  -27.881  92.388 0.0000000000
67607  -4.738  -29.723  90.542 0.0000000000
66363  -4.317  -29.828  90.392 0.0000000000
67636  -4.905  -28.992  89.948 0.0000000000
67647  -5.288  -28.936  90.160 0.0000000000
66377  -5.263  -29.048  89.939 0.0000000000
66389  -4.966  -29.434  89.696 0.0000000000
65084  -5.013  -29.766  89.123 0.0000000000
63743  -5.052  -30.088  88.662 0.0000000000
63726  -4.366  -30.174  89.439 0.0000000000
63741  -3.667  -31.122  89.139 0.0000000000
58633  -1.779  -34.249  90.413 0.0000000000
59859  -1.796  -34.522  89.857 0.0000000000
58646  -1.565  -35.141  89.343 0.0000000000
57458  -1.591  -35.858  88.622 0.0000000000
55075  -2.169  -37.157  88.873 0.0000000000
53765  -4.883  -39.196  93.803 0.0000000000
55014  -4.167  -38.333  92.829 0.0000000000
52581  -3.755  -38.901  92.439 0.0000000000
52589  -3.764  -39.081  92.001 0.0000000000
51427  -3.778  -38.505  89.383 0.0000000000
53935  -31.135  -36.263  82.113 0.0000000000
55128  -31.958  -36.230  82.604 0.0000000000
56327  -32.493  -34.769  84.319 0.0000000000
56326  -32.153  -35.145  84.792 0.0000000000
57492  -33.173  -33.760  85.136 0.0000000000
58707  -33.338  -33.200  85.403 0.0000000000
52711  -28.280  -36.998  84.391 0.0000000000
53888  -29.844  -36.647  83.950 0.0000000000
53836  -30.048  -36.708  87.655 0.0000000000
53835  -29.718  -37.068  87.360 0.0000000000
52675  -28.147  -37.502  86.123 0.0000000000
52691  -28.133  -37.373  85.352 0.0000000000
85548  -51.950  -11.722  65.237 0.0000000000
86664  -52.359  -11.486  65.537 0.0000000000
83322  -46.754  -13.533  65.757 0.0000000000
82264  -46.359  -13.950  65.016 0.0000000000
81121  -46.183  -14.618  63.745 0.0000000000
81122  -46.627  -13.887  63.530 0.0000000000
82276  -48.013  -13.461  62.987 0.0000000000
83345  -49.267  -13.362  63.557 0.0000000000
85558  -49.268  -12.536  64.649 0.0000000000
84422  -49.840  -12.511  64.595 0.0000000000
84435  -50.263  -12.616  64.230 0.0000000000
85559  -50.941  -12.266  64.512 0.0000000000
67858  -43.259  -24.776  72.830 0.0000000000
69160  -43.925  -24.675  72.944 0.0000000000
69144  -43.793  -24.660  73.526 0.0000000000
69155  -36.896  -25.240  72.838 0.0000000000
69180  -36.261  -24.532  70.961 0.0000000000
69170  -40.254  -24.425  71.565 0.0000000000
67866  -41.226  -24.676  71.852 0.0000000000
58723  -1.983  -35.471  83.183 0.0000000000
56344  -1.415  -36.294  82.750 0.0000000000
55123  -2.418  -36.873  82.240 0.0000000000
53921  -4.337  -37.371  81.663 0.0000000000
53944  -5.097  -37.795  80.742 0.0000000000
53965  -6.123  -38.781  80.480 0.0000000000
51532  -5.820  -40.368  80.408 0.0000000000
51533  -6.179  -40.021  80.874 0.0000000000
51515  -6.364  -39.751  81.718 0.0000000000
51501  -6.230  -40.835  82.428 0.0000000000
52703  -6.408  -39.461  83.572 0.0000000000
51489  -6.582  -40.630  83.493 0.0000000000
50297  -6.118  -41.318  82.827 0.0000000000
50275  -5.596  -42.326  83.398 0.0000000000
63706  -8.201  -30.084  89.872 0.0000000000
62483  -6.769  -31.707  89.768 0.0000000000
61169  -6.659  -32.670  89.836 0.0000000000
61171  -7.039  -33.529  89.941 0.0000000000
61170  -6.603  -33.035  89.968 0.0000000000
61150  -6.482  -33.093  90.530 0.0000000000
61140  -7.189  -34.195  91.043 0.0000000000
67764  -37.579  -25.940  79.606 0.0000000000
62651  -31.727  -31.008  80.482 0.0000000000
62663  -31.692  -29.916  80.371 0.0000000000
63893  -31.821  -29.784  79.981 0.0000000000
65207  -32.649  -28.623  78.884 0.0000000000
66518  -34.223  -27.096  79.052 0.0000000000
66495  -34.836  -27.190  80.004 0.0000000000
51399  -23.749  -39.116  90.525 0.0000000000
51467  -24.380  -39.940  85.306 0.0000000000
50262  -23.757  -40.364  84.615 0.0000000000
50302  -22.045  -41.419  82.581 0.0000000000
50301  -21.336  -41.352  82.232 0.0000000000
49153  -20.765  -41.212  81.864 0.0000000000
84487  -52.913  -13.228  59.306 0.0000000000
83388  -52.748  -12.626  58.747 0.0000000000
83399  -52.229  -12.148  58.687 0.0000000000
84501  -52.355  -11.512  58.141 0.0000000000
85631  -52.783  -11.280  57.663 0.0000000000
85641  -53.091  -10.957  57.350 0.0000000000
85633  -53.835  -11.144  58.173 0.0000000000
85620  -54.854  -11.451  59.978 0.0000000000
63805  -7.887  -30.474  84.243 0.0000000000
62577  -7.076  -31.352  84.813 0.0000000000
62576  -6.696  -31.488  85.278 0.0000000000
61250  -6.379  -31.766  85.438 0.0000000000
62563  -5.611  -31.806  85.979 0.0000000000
62562  -5.109  -32.148  86.146 0.0000000000
61217  -3.648  -32.483  86.899 0.0000000000
79918  -48.036  -16.582  70.600 0.0000000000
78766  -47.819  -17.623  70.693 0.0000000000
77565  -47.968  -18.850  70.738 0.0000000000
71626  -42.391  -23.461  67.668 0.0000000000
71636  -42.066  -23.258  67.101 0.0000000000
75111  -42.409  -20.693  67.670 0.0000000000
76345  -42.743  -20.277  68.171 0.0000000000
77577  -43.917  -19.357  68.961 0.0000000000
76326  -44.272  -20.279  69.322 0.0000000000
78763  -45.482  -18.344  69.680 0.0000000000
62451  -13.753  -30.313  91.618 0.0000000000
62486  -13.533  -30.099  89.950 0.0000000000
61172  -13.841  -30.500  90.152 0.0000000000
62503  -12.411  -29.812  88.640 0.0000000000
57533  -17.509  -35.273  79.901 0.0000000000
58754  -17.352  -34.425  80.354 0.0000000000
60004  -17.855  -33.141  80.756 0.0000000000
62646  -17.248  -32.299  80.741 0.0000000000
62630  -16.825  -31.722  81.080 0.0000000000
63838  -15.880  -30.633  82.677 0.0000000000
63837  -15.043  -30.559  82.710 0.0000000000
63820  -14.746  -30.217  83.496 0.0000000000
62610  -14.345  -31.211  82.292 0.0000000000
62594  -13.573  -31.671  82.472 0.0000000000
65200  -8.890  -29.410  78.402 0.0000000000
63899  -8.844  -30.279  78.021 0.0000000000
62677  -8.582  -31.047  77.706 0.0000000000
61402  -8.114  -31.883  77.559 0.0000000000
57551  -1.635  -35.571  78.167 0.0000000000
56402  -3.066  -36.490  77.091 0.0000000000
55193  -3.522  -37.222  76.924 0.0000000000
55194  -3.918  -37.690  76.396 0.0000000000
55195  -4.066  -37.853  76.101 0.0000000000
55212  -3.971  -37.762  75.765 0.0000000000
54057  -4.601  -37.913  75.672 0.0000000000
65005  -5.668  -30.597  91.097 0.0000000000
66322  -5.747  -29.998  91.468 0.0000000000
66321  -5.515  -30.362  91.193 0.0000000000
65017  -4.938  -30.739  90.797 0.0000000000
66333  -4.809  -30.491  90.811 0.0000000000
63643  -4.286  -31.631  91.330 0.0000000000
65016  -4.412  -31.070  90.803 0.0000000000
65029  -4.094  -31.030  90.838 0.0000000000
66349  -3.960  -30.849  90.736 0.0000000000
65038  -3.718  -31.130  90.766 0.0000000000
65048  -3.501  -31.419  90.644 0.0000000000
63704  -3.433  -31.973  90.255 0.0000000000
63684  -3.276  -31.861  90.937 0.0000000000
59846  -2.338  -33.659  90.694 0.0000000000
58618  -1.530  -35.466  90.899 0.0000000000
56281  -1.610  -36.978  90.640 0.0000000000
57540  -32.247  -34.403  79.654 0.0000000000
56361  -32.543  -35.314  81.179 0.0000000000
58756  -32.336  -33.592  80.951 0.0000000000
62619  -32.731  -30.623  82.843 0.0000000000
63845  -33.242  -29.889  82.877 0.0000000000
51415  -26.946  -39.264  89.862 0.0000000000
51456  -25.359  -39.468  86.969 0.0000000000
52640  -27.889  -38.161  88.111 0.0000000000
51437  -27.259  -38.358  87.690 0.0000000000
51468  -24.952  -39.310  85.890 0.0000000000
51494  -23.987  -39.361  84.108 0.0000000000
51507  -23.918  -39.458  82.821 0.0000000000
51495  -24.730  -38.550  83.666 0.0000000000
83354  -50.299  -13.644  62.711 0.0000000000
82282  -49.805  -13.601  62.094 0.0000000000
83369  -52.768  -13.141  61.182 0.0000000000
83357  -52.657  -13.316  61.855 0.0000000000
84466  -53.639  -12.929  61.872 0.0000000000
84467  -54.348  -12.660  61.866 0.0000000000
72778  -45.328  -22.738  70.527 0.0000000000
73889  -45.936  -22.072  70.844 0.0000000000
72770  -45.957  -22.953  71.155 0.0000000000
71570  -45.872  -23.768  72.109 0.0000000000
69146  -45.140  -24.536  73.573 0.0000000000
69229  -42.233  -24.445  68.363 0.0000000000
69213  -42.095  -24.688  69.388 0.0000000000
70406  -42.844  -24.157  69.027 0.0000000000
70419  -42.721  -24.003  68.766 0.0000000000
70408  -43.830  -23.427  69.672 0.0000000000
70409  -44.340  -23.134  69.972 0.0000000000
53862  -19.472  -38.295  83.278 0.0000000000
53907  -18.506  -37.897  82.563 0.0000000000
55126  -18.179  -37.679  82.286 0.0000000000
53926  -16.592  -38.777  81.623 0.0000000000
53927  -17.040  -38.190  81.616 0.0000000000
55138  -17.938  -37.336  81.566 0.0000000000
56358  -18.082  -36.838  80.716 0.0000000000
56369  -17.829  -36.406  79.955 0.0000000000
56378  -17.006  -36.773  79.336 0.0000000000
65271  -3.786  -29.491  74.434 0.0000000000
63954  -3.316  -30.994  72.805 0.0000000000
62713  -3.199  -31.504  73.111 0.0000000000
61352  -6.656  -33.258  80.554 0.0000000000
61367  -5.781  -33.190  79.733 0.0000000000
61365  -4.093  -32.828  80.395 0.0000000000
60011  -3.382  -33.400  80.685 0.0000000000
60023  -1.458  -34.268  80.165 0.0000000000
58734  -1.991  -35.480  82.103 0.0000000000
57521  -1.527  -35.732  81.343 0.0000000000
55146  -1.947  -36.741  81.147 0.0000000000
56366  -1.751  -36.140  80.862 0.0000000000
56376  -1.839  -35.972  79.954 0.0000000000
52784  -4.697  -39.338  78.263 0.0000000000
51576  -4.638  -39.892  78.128 0.0000000000
65007  -6.323  -29.788  91.527 0.0000000000
63673  -6.694  -30.255  91.036 0.0000000000
63647  -6.140  -30.303  91.327 0.0000000000
65006  -5.907  -30.193  91.425 0.0000000000
69061  -39.415  -24.821  77.983 0.0000000000
60044  -32.060  -33.152  78.751 0.0000000000
67820  -35.840  -25.870  74.916 0.0000000000
67821  -36.874  -25.594  75.038 0.0000000000
67807  -37.308  -25.636  75.949 0.0000000000
69100  -37.516  -25.409  75.426 0.0000000000
52630  -20.814  -37.614  88.772 0.0000000000
52671  -20.209  -38.769  84.545 0.0000000000
51401  -25.277  -38.850  90.758 0.0000000000
50194  -25.307  -39.539  89.574 0.0000000000
50181  -24.913  -39.445  89.856 0.0000000000
50172  -25.113  -39.161  90.276 0.0000000000
50170  -23.878  -39.649  90.006 0.0000000000
50179  -23.500  -39.701  89.479 0.0000000000
50190  -22.505  -40.162  88.707 0.0000000000
50229  -23.288  -40.042  86.353 0.0000000000
49099  -21.997  -42.063  85.026 0.0000000000
49076  -22.381  -41.373  85.808 0.0000000000
49045  -22.970  -39.739  86.980 0.0000000000
49036  -22.460  -39.713  87.302 0.0000000000
50216  -22.106  -39.708  87.237 0.0000000000
50201  -21.874  -39.663  87.811 0.0000000000
50200  -21.518  -39.520  87.415 0.0000000000
50214  -21.188  -39.696  86.785 0.0000000000
50213  -20.743  -39.662  86.343 0.0000000000
50238  -20.484  -40.433  85.209 0.0000000000
50226  -20.423  -39.866  85.564 0.0000000000
51466  -20.283  -39.299  85.032 0.0000000000
52670  -19.857  -38.746  83.691 0.0000000000
51492  -17.789  -39.743  82.303 0.0000000000
50300  -18.492  -40.269  81.988 0.0000000000
50299  -18.066  -40.058  81.680 0.0000000000
85653  -53.451  -10.646  57.122 0.0000000000
86749  -54.076  -10.408  56.944 0.0000000000
87845  -55.136  -9.897  56.904 0.0000000000
87844  -54.818  -9.840  56.261 0.0000000000
90132  -57.277  -7.917  55.816 0.0000000000
61371  -9.362  -31.853  79.322 0.0000000000
61353  -7.513  -33.035  80.632 0.0000000000
62628  -9.255  -31.341  81.181 0.0000000000
61304  -3.923  -34.099  82.815 0.0000000000
61303  -3.609  -34.406  82.829 0.0000000000
62590  -6.906  -31.850  84.654 0.0000000000
61262  -4.620  -33.285  84.559 0.0000000000
61281  -3.672  -34.338  83.479 0.0000000000
59969  -3.292  -34.723  83.252 0.0000000000
57495  -2.185  -35.834  84.531 0.0000000000
55102  -2.536  -36.971  84.598 0.0000000000
53855  -2.681  -36.937  84.901 0.0000000000
53846  -3.418  -37.247  85.985 0.0000000000
85515  -49.665  -12.223  68.776 0.0000000000
85505  -49.958  -12.643  69.505 0.0000000000
73890  -46.552  -21.916  71.263 0.0000000000
77598  -41.858  -19.307  67.241 0.0000000000
78802  -41.824  -18.624  67.126 0.0000000000
78777  -42.404  -18.040  67.468 0.0000000000
79936  -42.371  -17.652  67.137 0.0000000000
79937  -42.708  -16.957  66.733 0.0000000000
81107  -43.306  -16.160  66.072 0.0000000000
81108  -44.216  -15.581  66.361 0.0000000000
82258  -44.875  -14.986  66.583 0.0000000000
82247  -46.136  -14.835  68.667 0.0000000000
83300  -46.281  -14.381  68.039 0.0000000000
83301  -46.755  -13.941  67.964 0.0000000000
84403  -47.829  -13.413  68.132 0.0000000000
63660  -10.092  -28.870  91.445 0.0000000000
63688  -9.413  -28.811  91.222 0.0000000000
65041  -9.155  -28.948  90.738 0.0000000000
65054  -10.966  -29.556  90.380 0.0000000000
65043  -10.570  -29.391  90.664 0.0000000000
65051  -8.751  -29.613  90.071 0.0000000000
63728  -8.228  -30.378  88.924 0.0000000000
62520  -7.710  -31.589  88.021 0.0000000000
59887  -8.502  -34.607  88.178 0.0000000000
57490  -19.470  -35.214  84.963 0.0000000000
59992  -18.606  -33.555  81.601 0.0000000000
59975  -18.877  -33.919  82.150 0.0000000000
61291  -18.039  -32.331  83.068 0.0000000000
61206  -14.113  -31.410  88.335 0.0000000000
62539  -13.482  -30.705  87.708 0.0000000000
62538  -13.050  -30.321  87.768 0.0000000000
63763  -12.477  -29.841  87.357 0.0000000000
63819  -13.713  -30.337  83.482 0.0000000000
63807  -13.336  -30.178  84.544 0.0000000000
63775  -9.952  -30.917  85.907 0.0000000000
62550  -9.452  -31.765  85.985 0.0000000000
59934  -10.294  -33.399  85.538 0.0000000000
59917  -9.994  -33.409  85.893 0.0000000000
61235  -9.442  -33.220  86.355 0.0000000000
66532  -5.725  -28.633  77.998 0.0000000000
65219  -7.829  -29.673  77.515 0.0000000000
65237  -6.595  -29.611  76.518 0.0000000000
65255  -5.217  -29.601  75.415 0.0000000000
63929  -4.880  -30.215  74.892 0.0000000000
62706  -4.677  -31.327  74.638 0.0000000000
62705  -4.184  -31.183  74.531 0.0000000000
62703  -3.244  -31.738  73.916 0.0000000000
61382  -5.049  -33.025  79.025 0.0000000000
60040  -3.757  -33.430  78.743 0.0000000000
61398  -4.175  -33.392  77.773 0.0000000000
61412  -4.075  -33.106  77.165 0.0000000000
57545  -1.270  -35.139  78.405 0.0000000000
60057  -1.715  -34.346  77.594 0.0000000000
58780  -1.385  -34.868  76.720 0.0000000000
60056  -1.273  -34.306  77.089 0.0000000000
61410  -2.139  -34.029  77.423 0.0000000000
61411  -2.034  -34.276  77.082 0.0000000000
60111  -3.505  -33.171  75.573 0.0000000000
60110  -3.157  -33.465  75.196 0.0000000000
57565  -2.548  -34.349  75.285 0.0000000000
58839  -2.746  -33.484  73.063 0.0000000000
58840  -3.208  -33.717  72.972 0.0000000000
58819  -4.460  -34.548  73.570 0.0000000000
57576  -5.634  -35.282  74.344 0.0000000000
56433  -5.224  -36.004  74.841 0.0000000000
56417  -5.711  -35.637  74.595 0.0000000000
66403  -7.676  -28.312  87.244 0.0000000000
67628  -9.834  -27.527  91.246 0.0000000000
68862  -8.519  -27.550  91.768 0.0000000000
68875  -9.023  -27.461  91.289 0.0000000000
68890  -8.847  -27.336  90.740 0.0000000000
66335  -5.846  -29.363  91.738 0.0000000000
67596  -6.061  -28.634  91.827 0.0000000000
67610  -6.418  -28.068  91.366 0.0000000000
67627  -6.880  -27.520  91.224 0.0000000000
67640  -7.193  -27.465  90.638 0.0000000000
68905  -8.615  -27.325  90.158 0.0000000000
66379  -6.002  -28.145  89.461 0.0000000000
66402  -6.868  -28.906  87.655 0.0000000000
65101  -6.202  -30.040  87.389 0.0000000000
62534  -3.968  -31.747  87.307 0.0000000000
61216  -3.176  -33.112  87.169 0.0000000000
63724  -3.465  -31.784  89.841 0.0000000000
62500  -3.294  -32.245  89.485 0.0000000000
61186  -3.015  -32.951  88.949 0.0000000000
61203  -3.141  -33.122  88.123 0.0000000000
59900  -2.865  -33.802  87.356 0.0000000000
57480  -1.762  -35.687  86.672 0.0000000000
57469  -2.002  -35.723  87.741 0.0000000000
56309  -2.064  -36.098  86.964 0.0000000000
55092  -2.479  -36.390  86.201 0.0000000000
55017  -5.962  -38.002  93.956 0.0000000000
56241  -5.423  -36.920  92.550 0.0000000000
57379  -4.759  -36.047  92.190 0.0000000000
57378  -4.054  -36.163  91.873 0.0000000000
56253  -3.428  -36.376  91.973 0.0000000000
56238  -3.478  -37.364  92.084 0.0000000000
56252  -3.157  -36.955  91.979 0.0000000000
56265  -2.453  -36.918  91.909 0.0000000000
56274  -1.719  -37.198  91.439 0.0000000000
55054  -1.958  -37.833  90.950 0.0000000000
51382  -3.899  -39.012  91.523 0.0000000000
52601  -3.527  -38.182  91.322 0.0000000000
53800  -2.524  -37.866  91.127 0.0000000000
55061  -2.024  -37.355  90.113 0.0000000000
53807  -2.373  -37.752  89.826 0.0000000000
53815  -2.433  -37.571  89.173 0.0000000000
53825  -2.934  -37.831  88.760 0.0000000000
53832  -3.126  -37.559  88.100 0.0000000000
52651  -3.621  -38.120  86.508 0.0000000000
49052  -6.147  -42.227  86.002 0.0000000000
47900  -19.250  -41.401  82.033 0.0000000000
47910  -18.865  -41.352  81.977 0.0000000000
47919  -18.645  -41.237  81.549 0.0000000000
47920  -18.688  -41.787  81.435 0.0000000000
47921  -19.024  -42.138  81.484 0.0000000000
47933  -19.030  -42.335  81.055 0.0000000000
49037  -22.775  -39.677  87.313 0.0000000000
49039  -6.191  -42.159  86.556 0.0000000000
49040  -6.275  -41.903  86.437 0.0000000000
49043  -22.156  -40.072  86.681 0.0000000000
49044  -22.644  -39.808  86.892 0.0000000000
49057  -22.458  -40.572  86.470 0.0000000000
49058  -22.854  -39.988  86.633 0.0000000000
49094  -18.742  -40.575  82.889 0.0000000000
49130  -18.768  -40.914  82.025 0.0000000000
50171  -24.458  -39.458  90.210 0.0000000000
50173  -25.474  -39.177  90.435 0.0000000000
50178  -22.935  -40.109  89.254 0.0000000000
50182  -25.517  -39.553  90.220 0.0000000000
50189  -22.039  -39.954  88.467 0.0000000000
50192  -23.877  -39.363  88.951 0.0000000000
50195  -25.852  -39.932  89.810 0.0000000000
50202  -22.309  -39.766  87.942 0.0000000000
50217  -23.063  -39.664  87.250 0.0000000000
50228  -21.357  -40.307  86.406 0.0000000000
50232  -6.200  -41.964  85.307 0.0000000000
50239  -22.626  -41.694  85.119 0.0000000000
50259  -19.593  -40.253  83.742 0.0000000000
50276  -6.202  -41.594  83.472 0.0000000000
50447  -3.939  -40.347  77.088 0.0000000000
51390  -25.641  -38.708  91.286 0.0000000000
51423  -22.511  -40.067  89.282 0.0000000000
51488  -6.263  -41.100  83.037 0.0000000000
51500  -5.964  -41.283  82.007 0.0000000000
51506  -23.357  -39.739  82.444 0.0000000000
51516  -6.487  -39.389  82.295 0.0000000000
51547  -5.702  -40.043  79.714 0.0000000000
52650  -29.408  -37.290  87.138 0.0000000000
52654  -5.566  -39.714  86.342 0.0000000000
52658  -27.428  -38.116  86.396 0.0000000000
52667  -6.552  -40.282  84.954 0.0000000000
52676  -28.803  -37.176  86.092 0.0000000000
52683  -5.933  -39.291  84.503 0.0000000000
52699  -3.945  -38.126  84.064 0.0000000000
52701  -4.723  -38.619  84.416 0.0000000000
52707  -25.403  -38.038  83.420 0.0000000000
52717  -6.589  -39.115  82.746 0.0000000000
52745  -6.163  -39.651  80.330 0.0000000000
52746  -6.232  -39.208  80.811 0.0000000000
52759  -5.757  -39.042  79.307 0.0000000000
52761  -6.270  -39.096  80.185 0.0000000000
52776  -5.987  -39.020  79.574 0.0000000000
52794  -4.387  -38.675  77.035 0.0000000000
52795  -4.362  -38.741  76.801 0.0000000000
52804  -4.372  -38.970  77.036 0.0000000000
52806  -4.419  -38.877  75.860 0.0000000000
52820  -4.883  -37.887  75.638 0.0000000000
52821  -4.975  -38.386  75.644 0.0000000000
53799  -2.483  -37.839  90.480 0.0000000000
53843  -29.900  -36.515  86.973 0.0000000000
53859  -5.422  -39.009  84.326 0.0000000000
53880  -6.094  -39.086  83.593 0.0000000000
53897  -2.945  -37.042  82.360 0.0000000000
53901  -5.726  -38.510  83.032 0.0000000000
53902  -6.243  -38.871  83.232 0.0000000000
53905  -16.825  -38.722  82.171 0.0000000000
53943  -4.427  -37.338  80.754 0.0000000000
53945  -5.870  -38.377  81.012 0.0000000000
53983  -5.878  -38.693  79.849 0.0000000000
53984  -6.132  -38.932  79.813 0.0000000000
54032  -4.417  -38.637  77.335 0.0000000000
54035  -4.427  -38.148  75.821 0.0000000000
54055  -4.297  -37.408  75.218 0.0000000000
55026  -3.738  -37.865  92.354 0.0000000000
55045  -1.687  -37.952  91.895 0.0000000000
55134  -4.539  -37.332  81.062 0.0000000000
55135  -4.726  -37.514  81.108 0.0000000000
55149  -4.789  -37.581  80.839 0.0000000000
55192  -3.040  -36.614  76.771 0.0000000000
55213  -4.268  -37.864  75.746 0.0000000000
55229  -4.223  -37.638  75.482 0.0000000000
55230  -4.427  -37.739  75.598 0.0000000000
55248  -3.457  -36.476  74.786 0.0000000000
56264  -1.870  -37.375  92.043 0.0000000000
56416  -3.057  -36.415  75.408 0.0000000000
56429  -2.959  -35.837  75.279 0.0000000000
57407  -1.873  -36.736  91.772 0.0000000000
57485  -33.211  -34.182  86.197 0.0000000000
57500  -33.127  -33.747  84.777 0.0000000000
57522  -1.606  -35.458  80.893 0.0000000000
57529  -1.395  -35.591  80.547 0.0000000000
57530  -1.378  -35.374  80.803 0.0000000000
57544  -1.245  -35.320  78.905 0.0000000000
57558  -1.378  -35.141  77.430 0.0000000000
57566  -2.623  -34.097  74.979 0.0000000000
57585  -2.808  -35.702  75.416 0.0000000000
58716  -33.083  -33.696  84.537 0.0000000000
58744  -1.598  -35.187  80.826 0.0000000000
58774  -0.855  -34.644  76.931 0.0000000000
58775  -1.416  -34.683  77.460 0.0000000000
58789  -1.608  -34.970  76.207 0.0000000000
59873  -7.846  -34.382  89.350 0.0000000000
59916  -3.750  -33.004  85.801 0.0000000000
59932  -3.750  -33.225  85.378 0.0000000000
59950  -3.917  -33.181  85.120 0.0000000000
59952  -11.050  -33.330  84.774 0.0000000000
59970  -6.236  -33.215  83.597 0.0000000000
59988  -6.116  -33.340  83.230 0.0000000000
59994  -33.507  -32.374  83.838 0.0000000000
60016  -17.971  -33.771  80.435 0.0000000000
60028  -6.911  -33.386  80.092 0.0000000000
60029  -7.198  -33.398  79.947 0.0000000000
60061  -6.224  -33.383  77.993 0.0000000000
60074  -1.147  -34.336  76.689 0.0000000000
60108  -1.643  -34.737  76.157 0.0000000000
60109  -1.954  -34.650  76.059 0.0000000000
61141  -13.791  -30.407  91.241 0.0000000000
61188  -7.727  -34.253  88.920 0.0000000000
61218  -3.900  -32.178  86.746 0.0000000000
61223  -14.652  -31.425  87.842 0.0000000000
61244  -2.734  -34.222  84.917 0.0000000000
61251  -9.974  -32.798  85.769 0.0000000000
61252  -10.396  -32.775  85.180 0.0000000000
61266  -10.971  -32.806  84.685 0.0000000000
61288  -11.906  -31.786  83.766 0.0000000000
61314  -18.313  -33.073  81.644 0.0000000000
61327  -4.176  -34.089  82.000 0.0000000000
61356  -17.478  -32.659  80.777 0.0000000000
61357  -31.950  -31.269  80.115 0.0000000000
61387  -9.466  -31.562  79.067 0.0000000000
61389  -32.136  -32.928  79.036 0.0000000000
61397  -2.284  -34.260  77.392 0.0000000000
62481  -3.354  -32.200  89.950 0.0000000000
62482  -6.386  -32.357  90.339 0.0000000000
62521  -12.436  -29.732  88.196 0.0000000000
62524  -14.100  -31.557  88.121 0.0000000000
62549  -9.114  -32.444  86.402 0.0000000000
62552  -13.521  -30.369  87.265 0.0000000000
62561  -4.569  -32.161  86.327 0.0000000000
62631  -17.421  -32.139  80.982 0.0000000000
62645  -17.125  -32.081  80.758 0.0000000000
63642  -4.104  -31.660  91.544 0.0000000000
63655  -3.093  -31.454  91.205 0.0000000000
63657  -4.070  -31.411  91.269 0.0000000000
63661  -10.429  -28.954  91.606 0.0000000000
63687  -8.904  -28.760  91.167 0.0000000000
63758  -5.806  -30.203  87.644 0.0000000000
63759  -8.652  -31.388  87.192 0.0000000000
63810  -16.189  -30.315  83.954 0.0000000000
63822  -16.256  -30.567  83.089 0.0000000000
63836  -14.297  -30.518  82.848 0.0000000000
63879  -33.494  -28.283  81.444 0.0000000000
65027  -3.038  -31.223  91.229 0.0000000000
65028  -3.467  -31.231  91.016 0.0000000000
65034  -11.407  -29.308  92.181 0.0000000000
65037  -3.088  -31.248  91.157 0.0000000000
65067  -4.186  -29.953  89.747 0.0000000000
65082  -3.575  -31.189  89.569 0.0000000000
65170  -34.982  -27.464  81.059 0.0000000000
66351  -5.065  -29.819  91.032 0.0000000000
66367  -3.918  -30.072  90.182 0.0000000000
67623  -4.832  -29.328  90.215 0.0000000000
67626  -6.295  -27.454  90.969 0.0000000000
67638  -5.778  -27.844  90.241 0.0000000000
67642  -10.647  -27.280  90.651 0.0000000000
67648  -5.504  -28.337  89.853 0.0000000000
67822  -41.863  -24.400  73.494 0.0000000000
67841  -41.498  -24.539  72.947 0.0000000000
67865  -40.765  -24.410  71.583 0.0000000000
67945  -41.339  -24.914  68.166 0.0000000000
68851  -7.289  -27.688  92.144 0.0000000000
68871  -5.805  -27.534  90.535 0.0000000000
68888  -5.942  -26.900  90.585 0.0000000000
68904  -6.148  -26.919  90.292 0.0000000000
69071  -38.181  -25.597  77.310 0.0000000000
69162  -45.160  -24.458  72.872 0.0000000000
69171  -40.877  -24.463  71.885 0.0000000000
69172  -43.283  -24.557  71.998 0.0000000000
69197  -42.150  -24.547  70.022 0.0000000000
69199  -43.311  -24.533  70.152 0.0000000000
69214  -42.582  -24.517  69.312 0.0000000000
69258  -41.860  -24.475  67.064 0.0000000000
70384  -45.410  -24.017  71.806 0.0000000000
70387  -43.816  -24.432  70.687 0.0000000000
70421  -43.470  -23.105  69.139 0.0000000000
70446  -41.561  -23.724  66.661 0.0000000000
71608  -44.447  -22.884  69.987 0.0000000000
71616  -43.095  -23.073  68.606 0.0000000000
71628  -43.119  -22.772  68.527 0.0000000000
72753  -46.125  -23.191  71.503 0.0000000000
72809  -42.795  -22.498  68.101 0.0000000000
72820  -42.489  -22.617  67.601 0.0000000000
73898  -44.970  -21.780  69.837 0.0000000000
73899  -45.073  -21.949  70.021 0.0000000000
73910  -44.760  -21.664  69.699 0.0000000000
73931  -43.232  -21.988  68.498 0.0000000000
75087  -45.340  -21.336  69.956 0.0000000000
75088  -45.512  -21.799  70.311 0.0000000000
75095  -45.012  -21.567  69.748 0.0000000000
75102  -43.239  -20.750  68.518 0.0000000000
76310  -47.201  -19.777  71.138 0.0000000000
76311  -47.778  -19.656  71.298 0.0000000000
76320  -47.605  -19.236  70.874 0.0000000000
76333  -42.741  -19.720  68.176 0.0000000000
76334  -43.274  -20.212  68.502 0.0000000000
77562  -45.517  -19.532  70.103 0.0000000000
77564  -47.373  -19.041  70.759 0.0000000000
77575  -42.757  -19.156  68.154 0.0000000000
78790  -42.019  -18.143  67.063 0.0000000000
78791  -42.232  -18.671  67.434 0.0000000000
79928  -42.492  -17.753  67.392 0.0000000000
81080  -48.858  -15.408  70.212 0.0000000000
81081  -49.131  -14.967  70.125 0.0000000000
81088  -47.152  -15.819  69.953 0.0000000000
82230  -49.068  -15.110  70.000 0.0000000000
82241  -49.417  -15.225  70.533 0.0000000000
82253  -45.046  -15.170  67.702 0.0000000000
82257  -44.496  -15.388  66.933 0.0000000000
82269  -45.837  -14.555  64.646 0.0000000000
83276  -48.675  -14.275  69.617 0.0000000000
83289  -46.530  -14.383  68.346 0.0000000000
83313  -47.186  -13.253  66.218 0.0000000000
83321  -46.107  -13.920  66.543 0.0000000000
83333  -49.805  -12.947  63.898 0.0000000000
83358  -53.122  -13.174  61.669 0.0000000000
83381  -53.107  -13.312  59.778 0.0000000000
84378  -48.351  -13.901  69.174 0.0000000000
84382  -50.148  -13.939  70.562 0.0000000000
84393  -49.188  -12.731  68.860 0.0000000000
84402  -47.253  -13.684  68.055 0.0000000000
84419  -47.334  -13.280  65.602 0.0000000000
84421  -49.570  -12.546  64.594 0.0000000000
84434  -49.265  -12.758  64.353 0.0000000000
84437  -51.823  -12.713  64.064 0.0000000000
85545  -49.497  -12.323  64.956 0.0000000000
85634  -54.335  -11.010  58.451 0.0000000000
85643  -54.110  -10.725  57.715 0.0000000000
85654  -53.766  -10.669  57.387 0.0000000000
86737  -54.909  -10.635  57.932 0.0000000000
88990  -56.214  -8.893  56.562 0.0000000000
