#!ascii label  , from subject 3083 vox2ras=TkReg
855
37416  -21.016  -52.384  83.565 0.0000000000
63881  -40.320  -30.905  80.022 0.0000000000
66602  -47.343  -29.724  73.951 0.0000000000
69259  -52.414  -26.994  65.190 0.0000000000
57527  -38.021  -35.427  81.101 0.0000000000
67888  -49.777  -28.604  69.780 0.0000000000
78815  -50.887  -18.458  65.005 0.0000000000
80006  -56.349  -17.538  61.649 0.0000000000
61362  -44.048  -31.377  79.480 0.0000000000
60090  -48.088  -32.375  76.372 0.0000000000
66561  -43.788  -29.175  77.086 0.0000000000
36063  -24.907  -52.967  86.025 0.0000000000
41859  -26.299  -49.366  84.588 0.0000000000
46694  -26.935  -44.554  85.551 0.0000000000
47868  -31.145  -43.693  85.109 0.0000000000
50250  -35.406  -42.057  84.066 0.0000000000
53853  -39.164  -38.048  83.615 0.0000000000
58733  -41.229  -34.257  82.452 0.0000000000
60152  -49.939  -32.498  71.639 0.0000000000
80030  -57.983  -18.445  60.037 0.0000000000
65147  -42.685  -30.239  81.079 0.0000000000
66478  -44.260  -29.748  79.688 0.0000000000
65193  -41.842  -29.572  79.132 0.0000000000
38590  -23.824  -51.793  85.404 0.0000000000
37376  -26.552  -51.941  85.221 0.0000000000
52693  -35.559  -40.742  82.995 0.0000000000
51485  -37.333  -40.218  83.987 0.0000000000
53892  -37.019  -39.068  82.786 0.0000000000
61359  -38.763  -33.049  80.699 0.0000000000
59965  -39.675  -34.451  83.177 0.0000000000
63829  -41.125  -32.005  82.047 0.0000000000
61325  -41.950  -32.171  81.517 0.0000000000
65268  -47.875  -30.495  75.425 0.0000000000
60134  -49.357  -33.089  73.488 0.0000000000
63968  -49.816  -31.073  73.010 0.0000000000
67953  -51.999  -28.294  67.663 0.0000000000
65389  -52.320  -29.401  69.017 0.0000000000
66691  -53.717  -28.601  66.717 0.0000000000
69276  -54.249  -26.943  64.777 0.0000000000
78787  -54.926  -18.674  66.978 0.0000000000
77570  -51.895  -20.107  68.222 0.0000000000
55143  -37.299  -38.091  81.742 0.0000000000
68024  -49.755  -27.377  64.610 0.0000000000
79973  -53.779  -17.784  63.668 0.0000000000
77626  -56.559  -19.330  63.294 0.0000000000
76490  -58.398  -20.469  58.487 0.0000000000
60070  -44.408  -32.356  77.312 0.0000000000
61379  -45.561  -31.901  78.119 0.0000000000
66547  -46.250  -29.768  77.377 0.0000000000
36091  -23.511  -53.397  84.732 0.0000000000
41883  -26.531  -48.324  83.677 0.0000000000
44218  -25.940  -46.583  84.916 0.0000000000
45453  -26.582  -45.149  84.278 0.0000000000
45454  -28.794  -44.709  84.801 0.0000000000
45441  -31.460  -44.512  84.473 0.0000000000
45443  -33.528  -44.835  84.543 0.0000000000
49086  -33.943  -43.294  84.464 0.0000000000
49122  -37.101  -42.142  83.037 0.0000000000
56341  -38.183  -36.719  82.653 0.0000000000
56332  -39.977  -36.222  83.051 0.0000000000
56352  -41.376  -36.217  81.998 0.0000000000
57528  -41.841  -35.409  81.380 0.0000000000
60020  -41.666  -32.618  79.995 0.0000000000
65355  -50.817  -30.042  70.675 0.0000000000
72812  -50.090  -23.015  66.568 0.0000000000
70432  -52.955  -24.845  65.791 0.0000000000
36089  -21.311  -52.823  84.362 0.0000000000
65145  -41.519  -30.666  81.332 0.0000000000
65158  -42.741  -29.949  80.575 0.0000000000
65172  -41.202  -30.131  79.967 0.0000000000
52713  -35.539  -40.674  82.415 0.0000000000
53891  -36.678  -39.908  82.635 0.0000000000
53936  -36.428  -39.686  81.812 0.0000000000
63864  -39.699  -32.071  80.693 0.0000000000
62622  -40.084  -32.126  82.070 0.0000000000
63849  -40.966  -31.471  81.688 0.0000000000
63850  -41.906  -30.737  81.850 0.0000000000
63966  -48.859  -30.919  74.036 0.0000000000
66591  -48.253  -30.126  73.466 0.0000000000
67980  -52.463  -28.157  66.904 0.0000000000
66689  -52.757  -28.279  67.556 0.0000000000
67981  -53.661  -27.929  66.324 0.0000000000
67983  -53.948  -28.437  65.972 0.0000000000
69261  -53.633  -26.707  65.318 0.0000000000
76361  -54.948  -19.414  65.568 0.0000000000
77592  -54.326  -19.137  66.840 0.0000000000
76360  -53.963  -19.996  65.510 0.0000000000
80003  -53.296  -17.982  61.615 0.0000000000
79984  -55.103  -17.648  62.625 0.0000000000
79962  -55.893  -18.341  64.185 0.0000000000
78841  -57.031  -18.903  62.986 0.0000000000
77643  -57.032  -19.215  62.348 0.0000000000
78856  -57.404  -18.942  61.620 0.0000000000
77676  -58.482  -19.262  59.674 0.0000000000
60035  -44.105  -31.926  78.769 0.0000000000
60053  -45.282  -31.909  77.921 0.0000000000
61363  -44.675  -31.269  78.909 0.0000000000
66523  -44.449  -29.114  78.561 0.0000000000
66525  -45.684  -29.861  78.392 0.0000000000
66545  -45.182  -29.015  77.790 0.0000000000
66565  -46.280  -29.270  76.761 0.0000000000
65248  -44.774  -29.361  76.443 0.0000000000
36106  -24.194  -53.285  83.935 0.0000000000
36093  -25.398  -53.325  84.816 0.0000000000
39688  -26.322  -51.046  85.063 0.0000000000
46680  -26.305  -44.726  85.918 0.0000000000
45421  -26.101  -45.516  85.360 0.0000000000
45436  -26.085  -45.730  84.777 0.0000000000
45422  -26.563  -45.135  85.127 0.0000000000
46722  -27.805  -44.554  84.333 0.0000000000
46709  -27.994  -44.474  85.214 0.0000000000
45427  -31.921  -44.060  84.698 0.0000000000
45442  -32.493  -44.335  84.460 0.0000000000
46711  -32.908  -44.031  84.694 0.0000000000
51471  -35.192  -41.898  83.928 0.0000000000
50248  -33.686  -42.880  84.252 0.0000000000
49087  -34.813  -42.875  84.375 0.0000000000
46713  -34.716  -43.873  84.714 0.0000000000
47883  -35.692  -42.988  84.393 0.0000000000
47894  -36.484  -42.841  83.368 0.0000000000
50270  -36.356  -41.695  84.041 0.0000000000
52697  -37.785  -39.442  83.567 0.0000000000
51486  -37.598  -40.069  83.481 0.0000000000
52698  -38.444  -39.089  83.313 0.0000000000
53893  -39.411  -38.336  82.724 0.0000000000
56350  -37.645  -37.380  82.289 0.0000000000
57510  -38.295  -35.841  82.571 0.0000000000
59967  -40.206  -34.031  83.626 0.0000000000
58721  -39.943  -34.627  84.212 0.0000000000
57505  -40.058  -35.207  82.914 0.0000000000
56343  -40.839  -36.231  82.388 0.0000000000
57518  -41.113  -35.511  82.082 0.0000000000
58741  -41.654  -34.192  82.236 0.0000000000
61345  -42.691  -31.529  80.734 0.0000000000
60021  -42.189  -32.344  80.400 0.0000000000
60022  -43.362  -31.648  79.686 0.0000000000
61393  -42.938  -32.197  78.656 0.0000000000
38561  -23.646  -52.458  87.103 0.0000000000
36033  -23.680  -53.029  87.765 0.0000000000
36061  -23.265  -53.554  86.516 0.0000000000
60104  -46.821  -32.946  75.773 0.0000000000
60118  -48.040  -32.893  74.973 0.0000000000
61466  -49.690  -32.485  72.621 0.0000000000
67871  -49.378  -28.829  70.603 0.0000000000
66620  -50.146  -29.384  71.315 0.0000000000
66635  -50.219  -29.013  70.599 0.0000000000
64077  -52.396  -30.185  67.730 0.0000000000
64042  -51.594  -30.708  69.091 0.0000000000
75099  -52.180  -21.300  68.019 0.0000000000
75097  -51.116  -21.544  67.625 0.0000000000
72802  -51.772  -23.307  67.608 0.0000000000
71632  -51.883  -24.242  66.594 0.0000000000
71620  -52.350  -23.609  66.925 0.0000000000
72835  -53.502  -24.706  64.857 0.0000000000
80027  -55.935  -17.125  60.730 0.0000000000
80008  -57.413  -18.235  61.084 0.0000000000
81157  -57.100  -17.002  60.344 0.0000000000
81174  -57.933  -16.814  59.468 0.0000000000
63867  -43.629  -30.621  80.449 0.0000000000
63883  -44.548  -30.637  79.422 0.0000000000
65159  -43.221  -29.984  80.498 0.0000000000
66476  -43.118  -29.382  79.775 0.0000000000
66521  -42.959  -29.148  78.503 0.0000000000
37373  -24.703  -52.554  85.985 0.0000000000
36064  -25.787  -52.653  85.514 0.0000000000
40717  -26.133  -50.007  84.707 0.0000000000
51472  -35.953  -41.411  84.102 0.0000000000
50252  -36.803  -40.926  84.569 0.0000000000
51484  -36.749  -40.413  84.407 0.0000000000
53869  -37.327  -39.130  83.309 0.0000000000
55108  -37.887  -38.134  83.470 0.0000000000
59995  -38.645  -34.036  81.464 0.0000000000
58730  -38.667  -35.037  82.414 0.0000000000
61298  -39.354  -33.554  82.311 0.0000000000
61300  -39.963  -33.452  82.566 0.0000000000
61301  -41.104  -33.377  82.637 0.0000000000
59997  -41.633  -33.490  82.507 0.0000000000
62605  -41.413  -31.860  82.101 0.0000000000
63832  -42.160  -30.892  81.547 0.0000000000
38574  -23.441  -51.928  86.493 0.0000000000
63927  -48.595  -31.376  75.998 0.0000000000
60107  -49.091  -32.820  74.961 0.0000000000
62711  -49.278  -31.909  74.844 0.0000000000
62721  -49.826  -31.776  73.557 0.0000000000
62735  -50.166  -31.484  72.222 0.0000000000
67906  -50.860  -28.182  69.240 0.0000000000
66649  -51.683  -29.053  69.584 0.0000000000
66672  -52.239  -28.451  68.384 0.0000000000
66674  -53.303  -28.786  67.351 0.0000000000
79948  -52.409  -18.037  65.702 0.0000000000
78793  -50.648  -18.939  66.253 0.0000000000
78785  -53.286  -18.958  67.128 0.0000000000
76330  -53.448  -20.156  67.842 0.0000000000
62665  -39.303  -31.995  79.527 0.0000000000
62653  -38.690  -32.706  80.160 0.0000000000
66617  -48.380  -29.485  72.266 0.0000000000
67904  -49.343  -28.131  69.213 0.0000000000
67951  -50.081  -28.079  67.570 0.0000000000
67978  -50.635  -28.080  66.641 0.0000000000
68026  -51.600  -27.494  65.363 0.0000000000
79971  -52.016  -18.128  64.133 0.0000000000
79950  -54.243  -17.939  65.602 0.0000000000
78807  -55.900  -18.836  65.000 0.0000000000
76392  -55.791  -19.737  63.834 0.0000000000
77658  -57.712  -19.287  60.639 0.0000000000
76473  -58.131  -20.279  59.317 0.0000000000
60087  -45.391  -32.528  76.402 0.0000000000
60072  -46.202  -32.319  77.343 0.0000000000
61395  -46.529  -31.929  77.427 0.0000000000
63897  -45.464  -30.779  78.751 0.0000000000
63908  -45.962  -31.011  78.052 0.0000000000
63917  -47.319  -31.127  77.101 0.0000000000
65251  -47.350  -30.592  76.548 0.0000000000
66579  -46.838  -29.228  75.792 0.0000000000
65191  -40.487  -30.341  78.342 0.0000000000
65211  -41.061  -29.956  77.879 0.0000000000
65263  -43.685  -29.842  75.621 0.0000000000
36104  -22.082  -52.816  83.844 0.0000000000
37432  -23.042  -52.511  82.887 0.0000000000
43091  -26.485  -47.790  82.189 0.0000000000
40715  -25.057  -49.087  84.982 0.0000000000
41857  -25.574  -48.613  85.284 0.0000000000
43044  -26.028  -47.365  85.264 0.0000000000
44246  -26.210  -46.719  83.628 0.0000000000
45474  -29.702  -44.833  83.386 0.0000000000
44230  -31.294  -44.815  83.153 0.0000000000
49084  -31.675  -42.990  85.002 0.0000000000
49105  -32.143  -42.914  84.664 0.0000000000
49066  -32.519  -43.831  84.691 0.0000000000
46712  -34.162  -44.375  84.831 0.0000000000
45460  -34.606  -44.832  83.801 0.0000000000
50271  -37.210  -41.197  84.144 0.0000000000
55129  -37.230  -38.355  82.425 0.0000000000
56340  -37.723  -37.549  82.845 0.0000000000
56320  -38.711  -37.344  83.524 0.0000000000
58719  -38.881  -35.052  83.271 0.0000000000
57494  -39.028  -36.230  84.354 0.0000000000
55100  -39.285  -37.185  83.546 0.0000000000
55112  -39.911  -37.011  82.620 0.0000000000
53895  -40.607  -37.480  82.091 0.0000000000
57537  -41.321  -35.319  80.515 0.0000000000
60008  -41.875  -32.870  81.364 0.0000000000
58760  -41.559  -34.305  81.207 0.0000000000
58758  -41.018  -33.460  80.082 0.0000000000
60033  -42.041  -32.339  79.144 0.0000000000
36060  -22.181  -53.593  86.436 0.0000000000
66605  -49.116  -29.698  72.467 0.0000000000
63988  -50.367  -30.435  71.805 0.0000000000
62745  -50.706  -31.371  71.114 0.0000000000
65374  -51.437  -29.776  69.860 0.0000000000
64025  -51.020  -30.655  70.375 0.0000000000
61485  -50.434  -31.620  70.131 0.0000000000
69273  -50.755  -26.566  64.562 0.0000000000
70451  -51.519  -25.870  64.898 0.0000000000
76337  -50.188  -20.746  66.698 0.0000000000
73924  -49.630  -21.962  66.481 0.0000000000
71630  -50.404  -23.873  66.084 0.0000000000
70438  -51.179  -25.262  65.427 0.0000000000
69260  -52.837  -26.552  65.331 0.0000000000
70453  -53.901  -25.566  64.988 0.0000000000
37415  -20.212  -52.146  83.665 0.0000000000
65156  -41.155  -30.445  80.873 0.0000000000
63882  -40.848  -30.554  80.491 0.0000000000
51509  -35.336  -41.102  81.981 0.0000000000
52727  -36.083  -40.372  81.970 0.0000000000
52741  -35.937  -40.148  81.414 0.0000000000
63880  -39.664  -31.667  80.155 0.0000000000
63865  -40.237  -31.695  80.990 0.0000000000
63866  -40.726  -30.873  80.956 0.0000000000
65144  -41.073  -30.787  81.277 0.0000000000
66590  -47.652  -29.884  74.120 0.0000000000
66603  -48.033  -29.956  73.198 0.0000000000
68004  -52.418  -27.646  65.804 0.0000000000
66708  -53.035  -27.867  66.824 0.0000000000
66720  -53.172  -27.661  66.340 0.0000000000
68006  -53.735  -27.610  65.604 0.0000000000
68005  -53.302  -27.469  65.796 0.0000000000
76373  -54.868  -19.665  64.651 0.0000000000
79985  -56.074  -17.597  62.688 0.0000000000
79976  -56.273  -18.289  63.534 0.0000000000
79986  -56.703  -18.372  62.540 0.0000000000
78842  -57.196  -18.947  62.569 0.0000000000
79987  -57.140  -18.497  61.861 0.0000000000
61377  -44.501  -31.548  78.668 0.0000000000
66544  -44.406  -29.048  77.774 0.0000000000
66563  -45.188  -29.196  76.917 0.0000000000
66562  -44.223  -29.152  77.067 0.0000000000
36062  -24.181  -53.379  86.453 0.0000000000
36078  -24.845  -53.402  85.616 0.0000000000
40718  -26.133  -49.964  84.566 0.0000000000
40727  -26.765  -50.483  84.105 0.0000000000
46693  -26.288  -45.076  85.685 0.0000000000
46708  -27.144  -44.742  84.926 0.0000000000
47867  -30.332  -43.482  85.388 0.0000000000
46698  -30.432  -44.053  85.297 0.0000000000
46699  -31.818  -43.979  84.945 0.0000000000
46710  -32.317  -43.978  84.746 0.0000000000
46700  -32.536  -43.869  84.743 0.0000000000
50249  -34.581  -42.573  84.134 0.0000000000
49088  -35.500  -42.461  84.282 0.0000000000
49106  -35.984  -42.308  84.145 0.0000000000
50251  -36.163  -41.429  84.229 0.0000000000
53871  -38.597  -38.517  83.568 0.0000000000
52715  -38.900  -38.869  82.701 0.0000000000
53872  -39.288  -38.058  83.152 0.0000000000
56363  -38.077  -36.330  81.418 0.0000000000
57517  -38.173  -35.635  81.888 0.0000000000
59983  -40.554  -34.055  82.873 0.0000000000
58722  -40.301  -34.591  83.596 0.0000000000
58732  -40.572  -34.432  82.737 0.0000000000
57511  -40.707  -35.169  82.387 0.0000000000
57512  -41.221  -34.809  82.112 0.0000000000
61346  -43.577  -31.261  80.181 0.0000000000
61361  -43.220  -31.540  80.133 0.0000000000
36050  -24.388  -52.980  86.715 0.0000000000
37354  -23.797  -52.811  87.613 0.0000000000
36049  -24.192  -53.104  87.030 0.0000000000
60089  -47.279  -32.312  76.538 0.0000000000
60105  -47.373  -32.896  75.706 0.0000000000
60151  -49.552  -32.952  72.259 0.0000000000
60161  -49.509  -33.103  71.487 0.0000000000
60174  -49.925  -32.465  70.527 0.0000000000
67872  -49.721  -28.674  70.411 0.0000000000
65353  -50.024  -28.316  70.940 0.0000000000
66647  -50.047  -28.677  70.281 0.0000000000
78814  -50.175  -18.915  64.907 0.0000000000
73927  -52.770  -22.015  67.229 0.0000000000
72791  -51.989  -22.782  67.928 0.0000000000
63853  -43.098  -30.634  80.796 0.0000000000
65160  -43.570  -30.250  80.409 0.0000000000
65148  -42.863  -30.102  80.985 0.0000000000
65173  -42.392  -29.626  79.908 0.0000000000
65174  -42.907  -29.578  80.153 0.0000000000
66475  -42.826  -29.302  79.526 0.0000000000
66499  -43.168  -29.155  79.187 0.0000000000
66520  -42.283  -29.308  78.503 0.0000000000
38575  -24.312  -52.066  86.068 0.0000000000
40716  -25.394  -49.258  84.899 0.0000000000
51497  -35.027  -41.122  82.814 0.0000000000
51482  -35.359  -41.303  83.639 0.0000000000
51483  -36.474  -40.963  84.015 0.0000000000
52694  -36.341  -40.567  83.225 0.0000000000
53868  -36.928  -39.833  83.093 0.0000000000
55119  -37.427  -38.291  83.043 0.0000000000
60007  -38.474  -33.708  80.949 0.0000000000
61322  -38.848  -33.650  81.693 0.0000000000
61343  -38.811  -33.431  81.408 0.0000000000
62602  -39.879  -32.994  82.393 0.0000000000
62603  -40.533  -32.820  82.444 0.0000000000
62588  -40.489  -33.456  82.625 0.0000000000
62604  -41.239  -32.523  82.360 0.0000000000
63830  -41.610  -31.619  82.268 0.0000000000
63851  -42.230  -30.665  81.469 0.0000000000
63831  -41.834  -31.094  82.134 0.0000000000
63852  -42.624  -30.573  81.195 0.0000000000
62626  -43.269  -30.888  80.782 0.0000000000
63938  -47.971  -30.977  75.699 0.0000000000
62702  -49.101  -31.778  75.494 0.0000000000
63951  -48.589  -30.979  74.999 0.0000000000
65306  -48.973  -30.714  73.704 0.0000000000
63967  -49.327  -31.224  73.803 0.0000000000
62722  -49.893  -31.549  72.805 0.0000000000
67929  -51.439  -28.268  68.479 0.0000000000
66690  -53.385  -28.288  67.089 0.0000000000
65405  -53.430  -29.061  67.116 0.0000000000
65444  -53.746  -28.834  65.869 0.0000000000
79941  -53.994  -18.318  66.319 0.0000000000
79931  -53.398  -18.693  66.822 0.0000000000
78786  -54.168  -19.207  67.289 0.0000000000
75108  -52.878  -20.877  67.358 0.0000000000
62664  -38.775  -32.582  79.581 0.0000000000
67927  -49.649  -27.891  68.454 0.0000000000
68001  -49.172  -27.883  65.565 0.0000000000
68002  -50.219  -27.843  65.660 0.0000000000
68003  -51.239  -27.869  65.817 0.0000000000
68025  -50.913  -27.411  65.067 0.0000000000
79983  -54.071  -17.831  62.624 0.0000000000
79982  -53.024  -17.967  62.639 0.0000000000
79972  -52.674  -17.940  63.698 0.0000000000
79959  -53.533  -17.825  64.694 0.0000000000
79960  -54.528  -17.733  64.683 0.0000000000
78817  -56.174  -18.828  64.319 0.0000000000
78816  -55.849  -18.518  64.731 0.0000000000
77612  -56.286  -19.323  64.214 0.0000000000
76375  -56.062  -19.563  64.467 0.0000000000
76393  -56.176  -19.583  64.181 0.0000000000
77625  -56.135  -19.508  62.906 0.0000000000
77657  -57.255  -19.517  61.051 0.0000000000
80029  -57.744  -18.172  60.328 0.0000000000
78872  -57.686  -18.711  60.946 0.0000000000
78873  -57.970  -18.910  60.417 0.0000000000
76474  -58.618  -20.137  58.977 0.0000000000
77689  -58.468  -19.965  59.399 0.0000000000
60086  -44.348  -32.503  76.329 0.0000000000
60037  -45.461  -32.094  78.336 0.0000000000
60071  -45.414  -32.376  77.335 0.0000000000
60073  -46.529  -32.105  77.256 0.0000000000
60055  -46.261  -32.081  77.656 0.0000000000
65177  -44.630  -30.190  79.481 0.0000000000
63884  -44.964  -30.697  79.004 0.0000000000
65194  -44.980  -30.046  79.071 0.0000000000
66526  -46.226  -30.048  77.795 0.0000000000
65214  -46.079  -30.319  77.903 0.0000000000
65215  -46.346  -30.269  77.807 0.0000000000
63916  -46.622  -31.149  77.609 0.0000000000
65233  -46.656  -30.543  77.527 0.0000000000
66548  -46.659  -30.065  76.961 0.0000000000
66578  -46.022  -29.057  76.239 0.0000000000
36090  -22.422  -53.241  84.589 0.0000000000
37418  -22.395  -52.620  83.305 0.0000000000
36105  -23.125  -53.042  83.734 0.0000000000
37420  -25.077  -53.075  83.895 0.0000000000
37375  -26.229  -51.913  85.471 0.0000000000
36066  -26.578  -52.201  85.192 0.0000000000
40750  -26.576  -49.456  82.540 0.0000000000
41893  -26.616  -48.497  82.288 0.0000000000
41892  -26.586  -48.239  82.062 0.0000000000
43078  -26.622  -48.178  82.580 0.0000000000
41856  -24.841  -48.194  85.340 0.0000000000
43055  -26.343  -47.737  84.824 0.0000000000
45452  -26.247  -45.658  84.076 0.0000000000
44229  -26.149  -46.683  84.414 0.0000000000
44264  -26.150  -46.715  82.707 0.0000000000
45471  -26.215  -45.822  83.235 0.0000000000
45472  -26.582  -45.178  83.030 0.0000000000
46734  -27.957  -44.584  83.433 0.0000000000
45473  -28.733  -44.824  83.896 0.0000000000
45440  -30.428  -44.580  84.688 0.0000000000
45456  -30.824  -44.949  83.843 0.0000000000
45457  -31.956  -44.756  83.825 0.0000000000
45458  -33.001  -44.795  83.933 0.0000000000
45459  -33.926  -45.286  83.881 0.0000000000
45478  -33.673  -44.805  83.262 0.0000000000
50268  -32.877  -42.679  84.158 0.0000000000
49085  -32.776  -43.408  84.590 0.0000000000
47880  -33.473  -43.876  84.818 0.0000000000
46724  -35.065  -44.025  84.219 0.0000000000
45461  -35.000  -44.208  83.349 0.0000000000
47905  -36.428  -43.091  82.464 0.0000000000
51474  -37.093  -40.485  84.606 0.0000000000
53937  -36.845  -38.948  81.798 0.0000000000
56328  -37.824  -37.724  83.175 0.0000000000
56329  -38.471  -37.074  83.328 0.0000000000
59964  -39.316  -34.625  82.766 0.0000000000
57504  -40.208  -35.521  83.923 0.0000000000
57503  -39.458  -35.670  84.248 0.0000000000
56331  -39.697  -36.401  83.668 0.0000000000
56322  -39.371  -36.538  84.076 0.0000000000
55111  -39.543  -37.032  83.052 0.0000000000
55121  -41.105  -37.064  82.196 0.0000000000
57520  -41.741  -35.169  81.448 0.0000000000
57538  -41.541  -35.428  80.956 0.0000000000
61324  -41.599  -32.734  82.046 0.0000000000
59998  -41.741  -33.253  81.936 0.0000000000
58759  -41.229  -33.998  80.738 0.0000000000
60032  -41.238  -32.936  79.248 0.0000000000
60051  -43.319  -32.306  78.226 0.0000000000
60069  -43.332  -32.454  77.313 0.0000000000
36076  -22.844  -53.512  85.568 0.0000000000
60120  -49.367  -32.864  74.161 0.0000000000
60119  -48.730  -33.103  74.615 0.0000000000
60133  -48.949  -33.046  73.791 0.0000000000
66618  -48.983  -29.370  71.959 0.0000000000
66604  -48.619  -29.756  72.700 0.0000000000
65333  -50.469  -30.022  71.398 0.0000000000
65332  -49.942  -30.110  72.047 0.0000000000
64007  -50.410  -31.070  72.017 0.0000000000
64008  -50.634  -30.740  71.450 0.0000000000
64024  -51.272  -30.753  69.682 0.0000000000
62766  -51.102  -31.109  69.490 0.0000000000
62756  -50.865  -31.171  70.092 0.0000000000
62765  -50.652  -31.423  69.472 0.0000000000
78782  -51.054  -19.329  66.932 0.0000000000
78781  -50.336  -19.591  66.499 0.0000000000
77579  -50.634  -19.994  67.079 0.0000000000
72788  -50.385  -22.925  67.173 0.0000000000
75105  -49.946  -21.552  66.719 0.0000000000
73934  -49.795  -22.417  66.551 0.0000000000
73933  -49.379  -22.433  65.920 0.0000000000
71629  -49.660  -23.537  65.725 0.0000000000
71643  -52.155  -24.508  66.052 0.0000000000
71642  -51.578  -24.622  65.891 0.0000000000
70439  -52.384  -25.194  65.550 0.0000000000
70440  -53.402  -25.543  65.334 0.0000000000
65146  -42.211  -30.417  81.260 0.0000000000
65157  -41.844  -30.143  80.751 0.0000000000
52714  -36.139  -40.446  82.542 0.0000000000
53914  -36.516  -40.002  82.204 0.0000000000
53915  -36.789  -39.294  82.288 0.0000000000
61360  -39.175  -32.635  81.004 0.0000000000
61344  -39.094  -32.905  81.474 0.0000000000
62638  -39.585  -32.299  81.341 0.0000000000
62639  -40.054  -31.959  81.574 0.0000000000
62623  -40.745  -32.095  82.080 0.0000000000
65269  -47.934  -30.118  74.682 0.0000000000
65284  -48.465  -30.779  74.916 0.0000000000
65285  -48.487  -30.457  74.133 0.0000000000
65286  -48.670  -30.212  73.356 0.0000000000
65307  -49.244  -30.371  73.012 0.0000000000
67979  -51.657  -28.195  66.696 0.0000000000
67954  -53.631  -28.057  66.781 0.0000000000
67955  -53.720  -28.234  66.636 0.0000000000
66710  -53.934  -28.645  66.092 0.0000000000
67982  -53.907  -28.223  66.157 0.0000000000
69262  -54.086  -26.863  65.159 0.0000000000
77593  -55.117  -18.983  66.676 0.0000000000
77584  -54.435  -18.947  67.055 0.0000000000
76351  -54.613  -19.364  66.348 0.0000000000
79974  -54.823  -17.651  63.681 0.0000000000
79975  -55.697  -17.811  63.622 0.0000000000
78829  -56.698  -18.924  63.490 0.0000000000
77627  -56.996  -19.161  62.870 0.0000000000
78884  -58.707  -18.719  59.535 0.0000000000
78874  -58.295  -19.057  59.933 0.0000000000
77690  -58.813  -19.551  59.125 0.0000000000
76506  -58.698  -20.552  57.706 0.0000000000
60052  -44.282  -31.975  78.045 0.0000000000
60036  -44.858  -32.043  78.343 0.0000000000
66501  -44.403  -29.356  79.265 0.0000000000
66502  -44.819  -29.835  79.095 0.0000000000
66524  -45.088  -29.385  78.491 0.0000000000
66546  -45.742  -29.302  77.672 0.0000000000
66564  -45.772  -28.965  77.114 0.0000000000
66577  -45.532  -29.130  76.355 0.0000000000
65265  -45.528  -29.335  75.890 0.0000000000
36077  -23.901  -53.513  85.672 0.0000000000
36092  -24.494  -53.438  84.892 0.0000000000
36107  -24.816  -53.320  84.406 0.0000000000
37404  -25.450  -53.127  84.429 0.0000000000
45437  -26.573  -45.176  84.632 0.0000000000
46721  -26.932  -44.775  84.308 0.0000000000
50269  -34.291  -42.347  83.780 0.0000000000
47881  -34.394  -43.638  84.743 0.0000000000
47893  -36.066  -43.269  84.032 0.0000000000
49107  -36.544  -42.261  83.822 0.0000000000
51487  -38.139  -39.493  83.013 0.0000000000
52716  -39.482  -38.482  82.461 0.0000000000
53894  -39.869  -37.838  82.254 0.0000000000
55156  -37.797  -37.983  80.921 0.0000000000
56362  -37.853  -37.238  81.659 0.0000000000
56351  -38.019  -36.509  82.096 0.0000000000
57501  -38.448  -35.945  83.209 0.0000000000
59966  -39.818  -33.994  83.865 0.0000000000
56333  -40.417  -35.890  82.719 0.0000000000
57519  -41.468  -35.126  81.886 0.0000000000
58742  -41.795  -34.136  81.787 0.0000000000
60034  -42.889  -32.000  79.048 0.0000000000
38550  -23.371  -52.483  87.840 0.0000000000
60135  -49.460  -32.984  73.063 0.0000000000
58838  -49.249  -33.270  73.144 0.0000000000
58863  -49.067  -33.501  72.793 0.0000000000
66633  -49.336  -29.107  71.191 0.0000000000
66619  -49.554  -29.427  71.728 0.0000000000
66634  -49.952  -28.582  71.019 0.0000000000
66621  -50.484  -29.585  70.833 0.0000000000
64057  -52.272  -30.162  68.646 0.0000000000
76328  -51.841  -20.577  68.157 0.0000000000
76327  -51.248  -21.038  67.750 0.0000000000
75098  -51.569  -21.473  67.882 0.0000000000
72790  -51.402  -22.724  67.581 0.0000000000
72801  -50.938  -23.126  67.169 0.0000000000
72813  -50.804  -23.629  66.729 0.0000000000
71618  -51.495  -23.724  67.022 0.0000000000
71619  -52.115  -23.781  67.137 0.0000000000
71633  -52.605  -24.263  66.271 0.0000000000
71634  -53.165  -24.637  65.640 0.0000000000
80007  -56.981  -17.725  61.341 0.0000000000
81147  -57.317  -17.641  60.728 0.0000000000
81158  -57.542  -17.507  60.182 0.0000000000
80044  -57.824  -17.589  59.850 0.0000000000
80045  -58.268  -17.880  59.679 0.0000000000
80046  -59.059  -17.762  59.134 0.0000000000
62641  -43.845  -31.118  80.363 0.0000000000
62642  -44.258  -30.966  79.938 0.0000000000
63868  -43.996  -30.591  79.866 0.0000000000
65161  -43.893  -30.285  79.946 0.0000000000
66462  -43.182  -29.732  80.288 0.0000000000
66477  -43.608  -29.581  79.889 0.0000000000
66500  -43.785  -29.129  79.286 0.0000000000
66522  -43.730  -29.056  78.530 0.0000000000
66543  -43.537  -29.157  77.627 0.0000000000
37374  -25.633  -52.243  85.587 0.0000000000
38577  -25.982  -51.542  85.296 0.0000000000
39680  -26.084  -51.179  84.786 0.0000000000
49064  -31.014  -43.240  85.264 0.0000000000
51473  -36.698  -40.678  84.535 0.0000000000
52677  -36.797  -39.968  84.603 0.0000000000
52695  -36.922  -40.201  83.806 0.0000000000
52696  -37.215  -39.994  83.888 0.0000000000
53870  -37.921  -38.846  83.724 0.0000000000
55109  -38.501  -37.898  83.657 0.0000000000
58740  -38.421  -34.843  81.587 0.0000000000
59980  -38.789  -34.419  81.919 0.0000000000
59981  -39.099  -34.247  82.285 0.0000000000
59982  -39.493  -34.144  82.595 0.0000000000
62621  -39.379  -32.822  82.109 0.0000000000
62601  -39.567  -33.236  82.352 0.0000000000
61278  -39.997  -34.019  83.082 0.0000000000
61279  -40.198  -33.913  82.890 0.0000000000
61280  -40.522  -33.762  82.769 0.0000000000
59984  -41.204  -33.708  82.667 0.0000000000
61302  -41.500  -32.939  82.565 0.0000000000
62624  -41.686  -32.060  81.621 0.0000000000
62606  -41.745  -31.238  81.646 0.0000000000
62625  -42.563  -31.173  81.267 0.0000000000
62640  -43.090  -31.057  80.825 0.0000000000
37363  -24.148  -52.741  86.858 0.0000000000
61422  -48.530  -32.179  76.288 0.0000000000
60106  -48.417  -32.630  75.684 0.0000000000
61423  -49.046  -32.138  75.940 0.0000000000
61434  -49.137  -32.388  75.434 0.0000000000
61441  -49.435  -32.448  74.618 0.0000000000
63952  -48.814  -31.234  74.728 0.0000000000
62712  -49.647  -31.910  74.247 0.0000000000
61442  -49.894  -32.451  73.995 0.0000000000
61450  -49.743  -32.312  73.226 0.0000000000
61451  -49.835  -31.953  72.565 0.0000000000
61467  -49.968  -32.105  72.024 0.0000000000
67905  -50.109  -28.046  69.218 0.0000000000
66648  -50.686  -28.795  69.868 0.0000000000
66658  -51.631  -28.524  69.147 0.0000000000
66659  -52.251  -28.775  68.919 0.0000000000
66673  -52.761  -28.732  68.032 0.0000000000
65404  -52.875  -29.378  67.874 0.0000000000
79947  -51.609  -18.270  65.765 0.0000000000
78805  -50.985  -18.551  65.819 0.0000000000
79939  -52.109  -18.284  66.284 0.0000000000
78784  -52.596  -19.047  67.295 0.0000000000
77581  -52.250  -19.471  67.750 0.0000000000
78775  -54.220  -19.357  68.032 0.0000000000
77572  -53.261  -19.849  67.997 0.0000000000
76329  -52.633  -20.408  68.001 0.0000000000
75100  -52.656  -20.761  67.716 0.0000000000
75107  -52.517  -21.428  67.593 0.0000000000
63895  -39.576  -31.380  79.347 0.0000000000
57536  -38.312  -35.264  80.202 0.0000000000
60018  -38.208  -33.702  80.301 0.0000000000
62654  -39.127  -32.303  80.426 0.0000000000
66616  -47.587  -29.867  72.746 0.0000000000
66632  -48.703  -29.214  71.282 0.0000000000
67887  -49.239  -28.655  69.898 0.0000000000
67928  -50.551  -28.056  68.482 0.0000000000
67952  -51.064  -28.218  67.611 0.0000000000
78828  -51.885  -18.409  63.448 0.0000000000
79957  -51.780  -18.175  64.882 0.0000000000
79958  -52.620  -17.986  64.788 0.0000000000
79949  -53.328  -17.982  65.659 0.0000000000
79942  -54.712  -18.381  66.311 0.0000000000
79961  -55.465  -17.960  64.626 0.0000000000
78806  -55.523  -18.521  65.296 0.0000000000
78797  -55.062  -18.678  66.065 0.0000000000
77603  -55.435  -19.036  65.577 0.0000000000
76374  -55.760  -19.578  64.634 0.0000000000
77642  -56.625  -19.471  62.197 0.0000000000
78857  -57.666  -19.113  61.006 0.0000000000
77675  -57.997  -19.570  59.939 0.0000000000
58788  -46.028  -32.674  75.961 0.0000000000
60088  -46.395  -32.562  76.330 0.0000000000
61408  -47.285  -31.951  76.892 0.0000000000
62656  -44.588  -31.056  79.255 0.0000000000
62657  -45.243  -31.024  79.107 0.0000000000
62667  -45.507  -31.234  78.555 0.0000000000
65195  -45.336  -30.302  78.840 0.0000000000
63898  -45.889  -30.899  78.278 0.0000000000
62668  -45.993  -31.223  78.077 0.0000000000
62675  -46.319  -31.618  77.764 0.0000000000
62682  -46.913  -31.613  77.150 0.0000000000
61409  -48.154  -32.010  76.872 0.0000000000
62683  -47.830  -31.631  76.966 0.0000000000
63926  -47.882  -31.277  76.159 0.0000000000
65267  -47.832  -30.788  75.695 0.0000000000
66566  -46.904  -29.914  76.291 0.0000000000
66580  -47.566  -29.697  75.076 0.0000000000
65171  -40.586  -30.391  79.230 0.0000000000
65192  -41.087  -29.948  78.837 0.0000000000
65212  -41.737  -29.584  78.319 0.0000000000
66541  -42.166  -29.374  78.049 0.0000000000
66542  -42.638  -29.286  77.895 0.0000000000
65230  -43.096  -29.391  77.197 0.0000000000
65247  -43.826  -29.419  76.615 0.0000000000
65305  -47.164  -29.886  73.559 0.0000000000
36103  -21.525  -52.636  83.759 0.0000000000
36079  -25.682  -53.107  85.401 0.0000000000
36094  -26.256  -53.172  85.008 0.0000000000
41858  -26.158  -48.700  85.078 0.0000000000
43066  -26.420  -47.611  84.053 0.0000000000
43077  -26.555  -47.716  83.139 0.0000000000
46733  -27.101  -44.731  83.516 0.0000000000
45438  -28.845  -44.268  85.446 0.0000000000
45455  -29.674  -44.855  84.352 0.0000000000
44249  -32.614  -45.038  83.087 0.0000000000
49083  -30.712  -42.958  85.217 0.0000000000
49104  -31.844  -42.859  84.775 0.0000000000
49065  -31.899  -43.511  84.919 0.0000000000
47869  -32.163  -43.903  84.741 0.0000000000
45444  -34.240  -45.032  84.439 0.0000000000
46723  -34.503  -44.628  84.358 0.0000000000
50291  -37.451  -41.255  83.274 0.0000000000
50272  -37.542  -40.640  83.381 0.0000000000
53957  -36.349  -39.382  81.365 0.0000000000
55098  -38.592  -37.568  83.546 0.0000000000
58718  -38.592  -35.446  82.903 0.0000000000
58720  -39.261  -34.756  84.068 0.0000000000
57502  -38.659  -35.842  84.038 0.0000000000
56330  -38.636  -36.543  83.904 0.0000000000
56321  -38.914  -36.993  83.996 0.0000000000
53854  -39.242  -37.703  83.541 0.0000000000
53873  -39.689  -37.491  82.742 0.0000000000
56342  -40.310  -36.501  82.634 0.0000000000
55120  -40.426  -37.029  82.331 0.0000000000
58750  -41.635  -34.062  81.370 0.0000000000
60050  -42.254  -32.432  78.347 0.0000000000
61375  -42.451  -32.280  78.722 0.0000000000
36075  -21.708  -53.350  85.400 0.0000000000
66592  -48.753  -30.025  72.941 0.0000000000
65308  -49.819  -30.647  72.546 0.0000000000
63987  -50.213  -30.883  72.251 0.0000000000
62744  -50.454  -31.480  71.714 0.0000000000
61475  -50.436  -31.991  71.437 0.0000000000
66636  -50.851  -29.414  70.162 0.0000000000
62757  -50.728  -31.345  70.714 0.0000000000
61487  -50.679  -31.592  70.918 0.0000000000
60162  -50.327  -32.347  71.112 0.0000000000
69274  -51.813  -26.890  64.978 0.0000000000
78792  -50.157  -19.387  65.813 0.0000000000
77590  -49.835  -20.246  65.843 0.0000000000
76347  -49.356  -20.886  65.777 0.0000000000
75106  -50.596  -21.515  67.322 0.0000000000
76336  -49.692  -21.191  66.254 0.0000000000
75115  -49.265  -21.532  65.837 0.0000000000
71640  -49.906  -24.248  65.424 0.0000000000
71653  -50.172  -24.708  65.094 0.0000000000
71631  -51.135  -24.174  66.401 0.0000000000
71641  -50.663  -24.746  65.614 0.0000000000
70437  -50.755  -25.143  65.282 0.0000000000
70452  -52.232  -26.204  65.061 0.0000000000
70441  -54.023  -26.091  65.164 0.0000000000
70454  -54.257  -26.031  64.805 0.0000000000
71644  -53.572  -24.994  65.115 0.0000000000
71657  -54.205  -25.709  64.450 0.0000000000
70466  -54.298  -26.118  64.120 0.0000000000
36034  -24.148  -52.985  87.336 0.0000000000
36065  -26.392  -52.337  85.341 0.0000000000
36081  -26.599  -52.494  85.146 0.0000000000
36116  -23.543  -52.979  83.250 0.0000000000
37390  -26.755  -52.106  84.906 0.0000000000
37417  -21.709  -52.500  83.327 0.0000000000
43092  -26.602  -48.170  82.336 0.0000000000
44232  -34.081  -44.799  83.400 0.0000000000
44233  -34.296  -44.923  83.649 0.0000000000
45476  -32.522  -44.906  83.460 0.0000000000
45479  -34.754  -44.371  83.122 0.0000000000
45496  -33.688  -44.776  82.815 0.0000000000
46720  -26.619  -45.040  83.963 0.0000000000
47858  -30.240  -43.729  85.443 0.0000000000
47870  -32.795  -43.870  84.871 0.0000000000
49123  -37.443  -41.465  82.766 0.0000000000
50247  -31.627  -42.833  84.782 0.0000000000
52678  -37.015  -40.138  84.856 0.0000000000
55099  -38.845  -37.514  83.822 0.0000000000
55110  -38.731  -38.050  83.778 0.0000000000
57493  -38.731  -36.358  84.194 0.0000000000
58731  -39.017  -34.787  82.683 0.0000000000
58837  -48.974  -33.368  73.272 0.0000000000
59996  -38.903  -33.914  81.866 0.0000000000
60019  -41.429  -32.762  79.671 0.0000000000
60054  -45.774  -32.098  77.893 0.0000000000
60121  -49.670  -32.826  73.637 0.0000000000
60163  -50.595  -32.018  70.947 0.0000000000
60175  -50.451  -31.985  70.710 0.0000000000
60176  -50.603  -31.801  70.829 0.0000000000
61299  -39.774  -33.710  82.608 0.0000000000
61323  -38.987  -33.426  81.949 0.0000000000
61376  -42.640  -32.195  78.817 0.0000000000
61378  -45.074  -31.583  78.408 0.0000000000
61392  -42.763  -32.291  78.558 0.0000000000
61394  -46.141  -32.003  77.892 0.0000000000
61421  -47.964  -32.270  76.743 0.0000000000
61433  -48.915  -32.440  75.946 0.0000000000
61476  -50.655  -31.815  71.015 0.0000000000
61486  -50.602  -31.564  70.591 0.0000000000
62589  -40.819  -33.171  82.605 0.0000000000
62655  -43.968  -31.057  79.815 0.0000000000
62666  -44.952  -31.108  78.886 0.0000000000
62674  -46.009  -31.741  78.069 0.0000000000
62690  -48.377  -31.725  76.430 0.0000000000
62691  -48.919  -31.698  76.079 0.0000000000
62755  -50.776  -31.313  69.777 0.0000000000
63848  -40.300  -31.810  81.659 0.0000000000
63925  -47.849  -31.082  75.863 0.0000000000
63939  -48.438  -31.001  75.460 0.0000000000
63940  -48.871  -31.353  75.619 0.0000000000
63953  -49.292  -31.581  74.399 0.0000000000
65175  -43.777  -29.944  80.039 0.0000000000
65176  -44.061  -29.889  79.798 0.0000000000
65178  -44.866  -30.417  79.152 0.0000000000
65196  -45.680  -30.614  78.612 0.0000000000
65213  -45.772  -29.921  78.318 0.0000000000
65231  -43.567  -29.237  77.114 0.0000000000
65232  -46.345  -30.776  77.847 0.0000000000
65249  -45.281  -29.235  76.384 0.0000000000
65250  -47.744  -30.893  75.907 0.0000000000
65331  -49.458  -29.845  72.322 0.0000000000
65354  -50.067  -28.507  70.831 0.0000000000
65372  -49.979  -28.382  70.680 0.0000000000
65373  -50.077  -28.672  70.494 0.0000000000
66461  -43.123  -29.587  80.187 0.0000000000
66479  -44.504  -29.900  79.588 0.0000000000
66498  -42.566  -29.285  79.150 0.0000000000
66503  -45.101  -29.957  78.878 0.0000000000
66527  -46.515  -30.026  77.371 0.0000000000
66709  -53.461  -27.914  66.659 0.0000000000
66721  -53.416  -27.755  66.316 0.0000000000
67889  -50.271  -28.546  69.669 0.0000000000
68007  -53.892  -27.898  65.393 0.0000000000
69275  -52.329  -26.655  65.132 0.0000000000
70431  -52.729  -24.685  65.863 0.0000000000
72789  -50.713  -22.724  67.237 0.0000000000
72800  -50.153  -22.739  67.171 0.0000000000
73913  -50.487  -22.598  67.174 0.0000000000
73914  -51.025  -22.127  67.496 0.0000000000
73915  -51.790  -22.143  67.857 0.0000000000
73916  -52.249  -22.171  67.720 0.0000000000
73925  -50.170  -22.291  66.971 0.0000000000
73926  -50.542  -22.160  67.286 0.0000000000
75104  -49.635  -21.567  66.335 0.0000000000
76338  -50.910  -20.607  67.472 0.0000000000
76339  -51.359  -20.516  67.903 0.0000000000
76348  -49.772  -20.796  66.129 0.0000000000
76362  -55.793  -19.380  64.916 0.0000000000
76363  -56.085  -19.381  64.618 0.0000000000
77571  -52.348  -19.933  68.176 0.0000000000
77573  -53.983  -19.717  68.213 0.0000000000
77578  -50.244  -20.106  66.558 0.0000000000
77580  -51.511  -19.889  67.851 0.0000000000
77602  -54.993  -19.193  66.284 0.0000000000
77604  -56.026  -19.182  64.806 0.0000000000
78773  -52.949  -19.530  67.672 0.0000000000
78774  -53.782  -19.266  68.121 0.0000000000
78783  -51.866  -19.117  67.244 0.0000000000
78794  -51.528  -18.641  66.426 0.0000000000
78795  -52.348  -18.660  66.817 0.0000000000
78796  -52.840  -18.694  66.981 0.0000000000
78803  -50.020  -19.177  65.328 0.0000000000
78804  -50.442  -18.850  65.543 0.0000000000
78813  -49.743  -19.229  64.965 0.0000000000
78830  -56.991  -19.087  63.111 0.0000000000
78883  -58.215  -18.650  59.905 0.0000000000
79932  -53.777  -18.833  66.722 0.0000000000
79933  -54.474  -18.688  66.792 0.0000000000
79938  -51.736  -18.344  66.165 0.0000000000
79940  -53.075  -18.318  66.606 0.0000000000
79951  -55.022  -18.113  65.519 0.0000000000
80028  -56.598  -17.162  60.877 0.0000000000
81148  -57.506  -17.888  60.587 0.0000000000
