#!ascii label  , from subject 3083 vox2ras=TkReg
1212
59876  -9.762  -35.338  88.658 0.0000000000
54047  -30.582  -37.661  75.229 0.0000000000
65291  -29.442  -29.430  73.585 0.0000000000
51566  -22.063  -39.325  79.055 0.0000000000
76413  -37.048  -19.832  62.432 0.0000000000
68011  -33.890  -26.007  64.075 0.0000000000
55140  -31.100  -36.553  81.089 0.0000000000
54000  -26.209  -36.478  78.221 0.0000000000
81112  -43.229  -16.212  65.109 0.0000000000
81146  -47.348  -14.415  61.766 0.0000000000
83385  -49.916  -13.133  59.259 0.0000000000
67837  -34.435  -26.553  73.806 0.0000000000
67936  -31.125  -26.586  68.177 0.0000000000
69193  -36.447  -24.099  69.721 0.0000000000
67994  -38.780  -25.899  66.194 0.0000000000
50377  -16.385  -39.982  78.190 0.0000000000
59818  -7.263  -34.630  92.192 0.0000000000
58806  -30.610  -34.132  75.172 0.0000000000
65225  -32.448  -28.746  78.208 0.0000000000
50470  -18.218  -39.489  75.253 0.0000000000
54085  -21.252  -36.746  73.609 0.0000000000
85658  -48.749  -11.525  53.550 0.0000000000
85640  -52.518  -10.929  57.119 0.0000000000
71674  -36.486  -25.026  62.147 0.0000000000
75132  -41.145  -20.859  66.663 0.0000000000
57482  -13.422  -36.070  85.374 0.0000000000
55003  -7.688  -38.896  95.139 0.0000000000
81127  -45.223  -15.786  63.239 0.0000000000
69165  -35.284  -25.277  72.099 0.0000000000
50376  -13.887  -41.165  77.718 0.0000000000
59849  -8.219  -34.817  90.319 0.0000000000
57617  -32.067  -35.787  72.505 0.0000000000
56425  -30.682  -35.331  74.655 0.0000000000
51599  -20.531  -39.757  76.587 0.0000000000
52827  -19.489  -38.774  73.796 0.0000000000
52798  -21.878  -37.728  77.667 0.0000000000
54020  -28.448  -38.256  76.811 0.0000000000
55217  -25.906  -36.425  75.531 0.0000000000
55238  -28.308  -37.737  74.026 0.0000000000
50341  -21.262  -40.950  80.586 0.0000000000
49223  -19.212  -41.246  77.940 0.0000000000
83390  -43.350  -14.370  57.751 0.0000000000
84513  -47.057  -12.876  54.863 0.0000000000
84500  -51.688  -11.719  58.232 0.0000000000
67989  -32.142  -25.970  65.561 0.0000000000
68074  -35.222  -25.707  62.293 0.0000000000
70459  -40.565  -23.864  66.025 0.0000000000
57531  -16.122  -35.874  80.755 0.0000000000
58745  -15.095  -34.161  81.994 0.0000000000
61290  -13.052  -32.786  82.773 0.0000000000
55103  -14.483  -37.408  84.137 0.0000000000
53767  -10.079  -39.507  93.922 0.0000000000
53992  -30.527  -37.590  78.299 0.0000000000
55174  -31.394  -35.543  78.174 0.0000000000
56361  -32.543  -35.314  81.179 0.0000000000
52736  -24.465  -37.889  82.109 0.0000000000
53986  -24.228  -36.911  79.323 0.0000000000
53952  -27.437  -36.569  80.677 0.0000000000
53974  -28.753  -36.766  79.578 0.0000000000
78834  -40.101  -17.863  63.791 0.0000000000
78851  -42.615  -17.440  61.904 0.0000000000
81150  -44.807  -16.244  60.411 0.0000000000
82336  -45.792  -14.156  58.540 0.0000000000
83395  -48.101  -13.621  57.739 0.0000000000
82297  -48.763  -13.806  60.696 0.0000000000
66613  -32.019  -27.599  73.359 0.0000000000
66640  -30.431  -27.837  70.985 0.0000000000
67876  -32.675  -26.190  71.117 0.0000000000
69207  -33.457  -25.003  69.361 0.0000000000
69240  -34.750  -24.791  66.510 0.0000000000
67991  -36.599  -26.105  65.302 0.0000000000
67940  -37.964  -25.381  67.414 0.0000000000
52765  -16.158  -38.611  79.965 0.0000000000
52763  -14.597  -39.079  79.636 0.0000000000
90154  -53.443  -8.652  52.569 0.0000000000
58582  -6.286  -35.309  91.599 0.0000000000
60147  -30.641  -33.949  72.262 0.0000000000
62707  -29.383  -31.215  74.904 0.0000000000
60063  -31.555  -33.297  78.216 0.0000000000
62678  -30.731  -31.490  77.800 0.0000000000
65272  -31.482  -28.770  75.358 0.0000000000
66575  -33.982  -27.320  75.845 0.0000000000
55215  -23.471  -36.152  76.170 0.0000000000
49186  -17.809  -41.869  79.443 0.0000000000
50430  -17.493  -41.001  76.667 0.0000000000
84506  -48.908  -12.447  56.807 0.0000000000
85649  -50.645  -11.102  55.799 0.0000000000
87856  -51.913  -9.768  54.086 0.0000000000
87851  -54.128  -9.767  55.613 0.0000000000
52629  -12.033  -38.568  88.144 0.0000000000
55056  -11.856  -37.857  90.232 0.0000000000
73986  -37.307  -22.047  62.392 0.0000000000
68058  -37.582  -26.281  64.077 0.0000000000
72850  -38.724  -23.665  64.527 0.0000000000
76382  -39.432  -20.151  65.001 0.0000000000
78801  -41.557  -18.311  66.569 0.0000000000
58677  -11.516  -35.220  86.807 0.0000000000
57395  -9.679  -36.864  92.180 0.0000000000
57368  -7.363  -37.615  92.982 0.0000000000
56225  -6.282  -37.691  93.558 0.0000000000
59862  -8.383  -34.778  89.700 0.0000000000
55266  -30.546  -37.570  73.837 0.0000000000
55267  -31.026  -36.714  73.755 0.0000000000
55222  -30.868  -36.500  75.300 0.0000000000
51579  -21.049  -39.321  78.100 0.0000000000
52796  -20.865  -39.437  76.556 0.0000000000
52785  -21.469  -38.831  77.923 0.0000000000
54021  -29.538  -38.265  76.523 0.0000000000
55219  -27.834  -37.911  74.908 0.0000000000
55239  -29.225  -38.087  74.132 0.0000000000
55283  -29.598  -37.905  72.519 0.0000000000
51537  -23.288  -39.637  80.680 0.0000000000
50323  -22.854  -40.116  81.128 0.0000000000
50360  -21.944  -39.535  79.644 0.0000000000
50407  -20.293  -40.003  78.023 0.0000000000
84512  -46.148  -13.134  54.373 0.0000000000
63977  -28.819  -30.520  73.303 0.0000000000
65339  -28.867  -29.556  71.888 0.0000000000
69265  -32.866  -25.668  65.327 0.0000000000
68031  -32.189  -27.372  63.095 0.0000000000
68033  -34.334  -25.816  63.250 0.0000000000
53903  -13.972  -38.133  82.049 0.0000000000
56346  -16.085  -36.115  81.967 0.0000000000
56335  -15.336  -36.823  82.846 0.0000000000
56324  -14.807  -36.098  83.351 0.0000000000
52704  -12.934  -38.911  83.484 0.0000000000
53956  -30.575  -36.733  80.309 0.0000000000
55164  -31.306  -36.239  79.443 0.0000000000
55141  -31.938  -36.218  81.223 0.0000000000
52723  -25.814  -37.598  82.948 0.0000000000
53929  -26.082  -36.881  81.626 0.0000000000
52739  -27.080  -36.910  82.601 0.0000000000
53934  -30.361  -36.732  81.597 0.0000000000
53933  -29.637  -37.070  81.622 0.0000000000
53955  -29.889  -36.851  80.470 0.0000000000
53976  -30.078  -36.929  79.238 0.0000000000
78812  -41.986  -16.967  64.119 0.0000000000
78835  -41.481  -17.279  62.950 0.0000000000
79967  -42.813  -16.594  63.581 0.0000000000
81128  -45.915  -15.328  62.967 0.0000000000
80001  -45.080  -16.177  61.503 0.0000000000
81144  -45.950  -15.246  61.322 0.0000000000
81186  -45.571  -15.035  59.734 0.0000000000
81168  -46.464  -14.839  60.119 0.0000000000
82303  -47.470  -14.478  60.124 0.0000000000
82296  -47.957  -14.110  61.188 0.0000000000
67836  -33.771  -26.891  73.754 0.0000000000
66628  -32.137  -26.974  72.291 0.0000000000
67851  -33.717  -26.430  73.180 0.0000000000
69180  -36.261  -24.532  70.961 0.0000000000
69191  -34.260  -25.115  70.196 0.0000000000
69208  -34.429  -24.570  68.879 0.0000000000
69223  -34.584  -24.626  67.670 0.0000000000
70405  -35.241  -24.670  67.980 0.0000000000
69225  -36.894  -25.147  67.159 0.0000000000
69211  -37.697  -25.029  68.235 0.0000000000
50338  -16.921  -40.000  80.080 0.0000000000
52735  -16.402  -39.144  81.227 0.0000000000
51535  -16.387  -39.499  79.756 0.0000000000
51549  -14.540  -39.960  78.932 0.0000000000
90144  -54.864  -8.417  54.027 0.0000000000
90151  -55.914  -7.609  53.201 0.0000000000
59817  -6.887  -34.564  91.471 0.0000000000
58825  -30.666  -34.707  73.892 0.0000000000
58848  -31.141  -34.677  72.272 0.0000000000
60113  -30.210  -33.838  74.445 0.0000000000
61447  -29.920  -33.118  73.637 0.0000000000
61439  -30.140  -33.355  75.235 0.0000000000
57546  -32.346  -34.416  78.903 0.0000000000
57553  -31.401  -34.175  77.910 0.0000000000
60045  -32.363  -33.337  79.135 0.0000000000
63903  -32.016  -29.566  79.232 0.0000000000
62679  -31.049  -31.374  78.431 0.0000000000
63912  -31.649  -30.000  78.070 0.0000000000
63932  -31.270  -30.026  76.191 0.0000000000
65257  -32.037  -28.255  76.342 0.0000000000
65274  -32.650  -27.683  75.856 0.0000000000
66558  -33.553  -27.459  76.701 0.0000000000
52848  -20.267  -37.989  73.299 0.0000000000
53987  -25.747  -36.646  79.220 0.0000000000
54016  -24.134  -36.556  77.552 0.0000000000
54017  -25.328  -36.392  77.461 0.0000000000
56423  -24.731  -35.594  74.114 0.0000000000
47932  -18.738  -42.186  80.982 0.0000000000
50431  -18.300  -40.389  77.167 0.0000000000
49242  -18.068  -41.315  77.110 0.0000000000
50454  -17.614  -39.972  75.978 0.0000000000
50453  -17.131  -40.913  75.360 0.0000000000
82339  -48.499  -13.777  58.274 0.0000000000
83407  -48.302  -12.886  57.194 0.0000000000
83408  -49.408  -12.639  57.598 0.0000000000
84510  -52.269  -11.214  57.486 0.0000000000
84508  -50.707  -11.531  57.090 0.0000000000
85650  -51.326  -10.916  56.117 0.0000000000
86757  -51.054  -10.483  54.710 0.0000000000
86746  -52.363  -10.357  55.777 0.0000000000
87849  -52.875  -9.991  54.977 0.0000000000
86748  -53.506  -10.406  56.456 0.0000000000
66654  -30.672  -27.350  69.974 0.0000000000
66666  -29.315  -28.529  69.117 0.0000000000
72862  -36.341  -23.368  61.108 0.0000000000
72863  -37.018  -23.550  61.981 0.0000000000
67993  -38.141  -26.198  65.858 0.0000000000
68036  -37.283  -26.712  64.360 0.0000000000
68038  -38.100  -25.921  65.224 0.0000000000
72829  -40.848  -22.634  66.076 0.0000000000
71660  -39.495  -23.901  64.977 0.0000000000
73961  -39.977  -21.882  65.586 0.0000000000
73959  -38.555  -21.954  64.547 0.0000000000
75144  -39.875  -20.959  65.562 0.0000000000
76365  -40.436  -19.908  65.945 0.0000000000
76355  -41.573  -20.006  66.855 0.0000000000
59955  -12.876  -34.658  83.874 0.0000000000
59937  -12.080  -34.674  84.802 0.0000000000
59935  -10.863  -33.661  85.102 0.0000000000
57470  -12.734  -35.928  86.241 0.0000000000
53833  -12.415  -37.806  87.147 0.0000000000
53840  -12.791  -37.742  86.480 0.0000000000
52602  -11.406  -39.296  91.543 0.0000000000
57397  -10.834  -37.462  91.362 0.0000000000
53783  -10.622  -39.168  92.420 0.0000000000
55012  -8.701  -39.295  94.733 0.0000000000
56230  -8.852  -38.280  94.039 0.0000000000
56218  -7.567  -38.471  94.338 0.0000000000
56226  -6.712  -37.696  93.388 0.0000000000
56217  -7.148  -38.399  94.218 0.0000000000
53886  -28.492  -36.836  83.193 0.0000000000
81109  -44.724  -15.215  66.009 0.0000000000
81119  -43.878  -16.061  64.422 0.0000000000
82263  -45.674  -14.371  65.772 0.0000000000
69153  -35.220  -25.536  72.713 0.0000000000
50402  -15.983  -40.217  76.950 0.0000000000
51564  -15.295  -40.181  78.145 0.0000000000
61151  -7.234  -33.815  90.576 0.0000000000
59828  -8.266  -34.311  92.031 0.0000000000
56469  -31.202  -36.446  72.132 0.0000000000
56446  -30.970  -35.926  73.569 0.0000000000
57580  -30.667  -34.645  75.045 0.0000000000
66517  -33.692  -27.504  78.376 0.0000000000
50455  -18.791  -39.307  76.458 0.0000000000
51644  -18.504  -39.739  74.174 0.0000000000
51646  -19.889  -38.816  75.687 0.0000000000
52812  -20.305  -38.758  76.158 0.0000000000
52813  -20.789  -37.634  75.810 0.0000000000
54019  -27.388  -37.818  77.120 0.0000000000
54018  -26.392  -37.054  77.138 0.0000000000
54043  -26.914  -37.465  76.316 0.0000000000
55237  -27.221  -37.299  74.086 0.0000000000
55282  -28.601  -37.588  72.245 0.0000000000
49173  -20.615  -41.292  80.991 0.0000000000
49188  -19.258  -42.099  79.405 0.0000000000
49205  -19.968  -41.371  78.791 0.0000000000
50432  -19.330  -39.932  77.442 0.0000000000
82315  -42.120  -15.099  58.227 0.0000000000
84526  -47.467  -12.539  54.127 0.0000000000
83379  -50.986  -13.228  59.892 0.0000000000
83386  -51.198  -12.847  59.238 0.0000000000
67964  -31.086  -26.494  66.901 0.0000000000
68073  -34.467  -26.454  61.443 0.0000000000
69307  -35.712  -25.704  62.252 0.0000000000
67972  -40.497  -25.267  67.197 0.0000000000
69269  -39.675  -25.427  65.995 0.0000000000
70435  -41.446  -24.395  66.794 0.0000000000
57532  -16.590  -35.344  80.349 0.0000000000
60015  -17.213  -33.436  80.652 0.0000000000
62611  -15.335  -31.250  82.087 0.0000000000
59989  -13.711  -33.401  82.326 0.0000000000
58711  -14.513  -35.169  83.719 0.0000000000
55093  -13.863  -37.151  84.976 0.0000000000
52669  -12.527  -38.345  85.580 0.0000000000
52686  -12.560  -38.458  85.044 0.0000000000
54005  -30.782  -37.565  77.181 0.0000000000
54006  -31.054  -36.713  76.908 0.0000000000
55173  -31.230  -36.233  78.567 0.0000000000
55166  -31.810  -35.296  79.315 0.0000000000
51553  -23.414  -38.960  80.279 0.0000000000
52778  -23.402  -38.143  79.300 0.0000000000
52767  -24.085  -37.294  80.402 0.0000000000
53971  -25.223  -36.826  80.209 0.0000000000
53972  -26.635  -36.821  79.923 0.0000000000
53931  -28.124  -36.713  81.636 0.0000000000
53953  -28.419  -36.818  80.622 0.0000000000
53989  -28.142  -36.862  78.735 0.0000000000
53990  -29.193  -37.170  78.505 0.0000000000
54004  -30.248  -38.222  77.455 0.0000000000
51521  -23.630  -38.852  82.144 0.0000000000
78833  -38.943  -18.197  63.252 0.0000000000
78846  -38.000  -18.577  61.902 0.0000000000
78848  -39.555  -17.533  62.627 0.0000000000
79997  -41.397  -16.946  61.576 0.0000000000
80018  -42.025  -16.573  60.892 0.0000000000
79979  -44.030  -16.649  62.392 0.0000000000
80020  -44.047  -16.917  60.902 0.0000000000
81164  -43.257  -15.628  59.886 0.0000000000
81184  -43.885  -15.145  59.207 0.0000000000
82335  -44.709  -14.334  58.478 0.0000000000
83393  -46.169  -13.575  57.611 0.0000000000
83405  -46.340  -13.385  56.589 0.0000000000
82337  -46.918  -13.941  58.554 0.0000000000
82320  -47.739  -14.177  59.157 0.0000000000
82305  -49.659  -13.514  59.637 0.0000000000
82281  -49.193  -13.707  62.474 0.0000000000
83372  -51.220  -13.338  60.731 0.0000000000
65317  -31.033  -28.320  73.536 0.0000000000
65340  -29.705  -28.693  72.051 0.0000000000
66627  -31.170  -27.612  72.170 0.0000000000
66641  -31.561  -27.355  71.119 0.0000000000
67914  -31.062  -26.603  69.419 0.0000000000
67877  -33.845  -25.566  71.059 0.0000000000
67893  -32.836  -25.412  70.077 0.0000000000
67915  -31.866  -25.951  69.089 0.0000000000
69238  -32.741  -25.518  67.179 0.0000000000
69251  -32.783  -25.453  66.181 0.0000000000
69253  -34.934  -25.275  65.439 0.0000000000
68012  -35.037  -25.648  64.062 0.0000000000
69254  -35.965  -25.623  65.524 0.0000000000
67967  -37.266  -25.699  66.335 0.0000000000
67969  -38.754  -25.827  66.769 0.0000000000
67919  -39.444  -25.145  68.673 0.0000000000
67943  -40.160  -25.439  67.920 0.0000000000
55163  -17.344  -37.299  79.796 0.0000000000
51550  -15.734  -39.413  78.890 0.0000000000
52764  -15.730  -39.002  79.885 0.0000000000
55161  -16.470  -37.186  79.488 0.0000000000
55150  -15.158  -37.633  80.268 0.0000000000
62732  -28.940  -31.861  73.336 0.0000000000
63958  -29.592  -30.192  74.228 0.0000000000
55202  -31.047  -35.279  76.727 0.0000000000
57568  -30.763  -34.510  76.283 0.0000000000
60096  -30.440  -33.847  76.615 0.0000000000
61405  -30.805  -32.594  77.892 0.0000000000
61418  -30.201  -32.688  76.870 0.0000000000
62697  -30.268  -31.509  76.328 0.0000000000
63945  -30.366  -30.456  75.480 0.0000000000
65293  -31.088  -28.855  74.601 0.0000000000
65294  -31.905  -28.160  74.711 0.0000000000
66585  -33.093  -27.537  75.108 0.0000000000
66586  -34.195  -27.023  74.943 0.0000000000
66559  -34.404  -27.328  76.730 0.0000000000
66576  -34.817  -26.709  75.877 0.0000000000
53997  -22.540  -37.559  78.132 0.0000000000
54015  -22.735  -36.792  77.235 0.0000000000
55214  -22.652  -36.313  75.864 0.0000000000
55216  -24.875  -35.934  75.879 0.0000000000
55234  -24.083  -35.903  74.988 0.0000000000
49148  -17.905  -40.846  80.498 0.0000000000
49201  -17.553  -41.437  78.594 0.0000000000
49203  -18.517  -42.017  78.484 0.0000000000
49220  -17.400  -41.689  77.904 0.0000000000
50403  -17.237  -41.171  77.107 0.0000000000
50429  -16.542  -41.032  76.148 0.0000000000
83419  -47.574  -12.908  56.039 0.0000000000
84514  -47.909  -12.449  55.339 0.0000000000
84527  -48.396  -11.769  54.673 0.0000000000
83409  -50.357  -12.111  57.797 0.0000000000
84516  -50.010  -11.521  56.166 0.0000000000
85659  -49.456  -11.139  54.600 0.0000000000
86756  -50.240  -10.700  54.142 0.0000000000
86765  -51.018  -10.339  53.641 0.0000000000
87860  -51.625  -9.729  52.979 0.0000000000
89007  -52.228  -9.449  53.437 0.0000000000
90143  -53.918  -8.914  54.160 0.0000000000
57448  -12.012  -35.913  88.648 0.0000000000
58623  -11.522  -35.753  89.605 0.0000000000
53809  -12.038  -38.402  89.675 0.0000000000
65360  -28.984  -28.953  70.915 0.0000000000
75163  -37.056  -21.140  62.487 0.0000000000
68034  -35.511  -25.875  63.532 0.0000000000
68057  -36.823  -26.290  63.657 0.0000000000
70486  -37.419  -25.289  63.204 0.0000000000
69295  -38.946  -25.432  64.797 0.0000000000
71676  -38.356  -24.260  63.938 0.0000000000
71691  -37.524  -24.470  63.132 0.0000000000
72848  -37.464  -23.139  63.205 0.0000000000
75155  -37.801  -21.058  64.154 0.0000000000
76399  -38.274  -20.050  63.830 0.0000000000
77635  -39.713  -18.840  64.213 0.0000000000
78810  -40.921  -18.196  65.102 0.0000000000
79953  -41.780  -17.202  65.819 0.0000000000
59901  -8.656  -34.437  87.593 0.0000000000
61236  -9.553  -34.370  86.464 0.0000000000
59890  -10.686  -35.367  87.437 0.0000000000
56291  -12.193  -36.985  87.891 0.0000000000
52637  -11.966  -38.375  87.474 0.0000000000
58608  -10.338  -36.169  90.417 0.0000000000
58597  -9.397  -36.143  91.469 0.0000000000
58586  -8.550  -36.204  92.377 0.0000000000
56245  -9.897  -38.574  93.261 0.0000000000
57386  -8.980  -36.940  92.925 0.0000000000
57384  -7.692  -36.729  92.473 0.0000000000
57383  -7.116  -36.649  92.302 0.0000000000
57381  -6.028  -36.073  92.369 0.0000000000
53754  -7.248  -39.569  94.763 0.0000000000
55009  -6.436  -38.420  94.284 0.0000000000
59887  -8.502  -34.607  88.178 0.0000000000
59864  -9.791  -35.410  89.098 0.0000000000
54068  -30.465  -37.757  74.385 0.0000000000
55241  -30.813  -37.136  74.595 0.0000000000
55221  -30.845  -37.109  75.131 0.0000000000
51565  -21.569  -39.461  78.663 0.0000000000
51580  -21.599  -39.052  78.412 0.0000000000
51581  -22.107  -38.830  78.907 0.0000000000
54046  -29.784  -38.162  75.478 0.0000000000
54066  -29.271  -38.179  74.855 0.0000000000
54067  -29.933  -38.116  74.476 0.0000000000
55240  -29.671  -38.142  74.074 0.0000000000
50361  -22.637  -39.566  79.836 0.0000000000
50343  -22.809  -39.943  80.177 0.0000000000
50382  -21.889  -39.756  78.859 0.0000000000
83417  -45.437  -13.319  55.193 0.0000000000
65315  -29.090  -29.330  72.819 0.0000000000
63994  -28.690  -30.115  72.505 0.0000000000
68010  -32.231  -26.589  64.394 0.0000000000
68032  -33.199  -26.547  63.225 0.0000000000
68054  -33.833  -26.461  62.349 0.0000000000
56345  -15.420  -36.740  82.278 0.0000000000
53904  -14.427  -37.885  82.753 0.0000000000
55115  -15.075  -37.370  83.089 0.0000000000
55153  -31.268  -36.478  80.224 0.0000000000
52724  -26.591  -37.232  83.179 0.0000000000
52738  -26.368  -37.143  82.353 0.0000000000
52725  -27.444  -36.854  83.238 0.0000000000
52708  -25.894  -37.540  83.903 0.0000000000
79954  -42.515  -16.712  64.737 0.0000000000
81118  -43.261  -16.315  64.521 0.0000000000
81134  -46.724  -14.717  62.317 0.0000000000
81133  -45.975  -15.215  62.023 0.0000000000
81145  -46.556  -14.795  61.546 0.0000000000
81152  -45.833  -15.269  60.682 0.0000000000
81154  -47.102  -14.555  60.964 0.0000000000
69192  -35.312  -24.435  69.968 0.0000000000
69209  -35.526  -24.487  68.654 0.0000000000
69210  -36.635  -24.634  68.451 0.0000000000
69194  -37.522  -24.484  69.515 0.0000000000
50356  -16.686  -39.961  79.192 0.0000000000
90150  -55.086  -7.887  53.073 0.0000000000
90145  -55.743  -7.959  53.904 0.0000000000
61131  -7.109  -33.822  91.599 0.0000000000
61122  -6.952  -33.848  91.163 0.0000000000
58777  -32.365  -33.886  78.636 0.0000000000
63921  -31.895  -29.493  76.858 0.0000000000
65241  -32.233  -28.531  77.290 0.0000000000
65258  -32.671  -27.604  76.644 0.0000000000
65242  -32.821  -27.702  77.515 0.0000000000
50469  -17.658  -40.424  74.491 0.0000000000
51643  -18.034  -40.482  73.583 0.0000000000
53999  -24.878  -36.486  78.410 0.0000000000
83384  -49.280  -13.485  58.859 0.0000000000
83396  -49.072  -13.407  58.254 0.0000000000
84519  -52.006  -11.060  57.030 0.0000000000
85651  -52.096  -10.625  56.331 0.0000000000
86747  -52.864  -10.251  55.942 0.0000000000
85652  -52.909  -10.635  56.743 0.0000000000
66668  -30.312  -27.228  68.607 0.0000000000
66667  -29.752  -27.964  68.961 0.0000000000
70484  -35.925  -25.238  61.488 0.0000000000
70499  -35.520  -25.396  60.635 0.0000000000
71673  -36.340  -24.982  61.875 0.0000000000
71689  -36.307  -24.424  61.421 0.0000000000
71690  -36.801  -24.617  62.409 0.0000000000
68016  -38.187  -26.277  65.516 0.0000000000
68017  -39.025  -25.833  65.735 0.0000000000
73950  -41.234  -21.987  66.581 0.0000000000
72828  -40.523  -22.413  65.836 0.0000000000
73949  -40.489  -21.819  66.050 0.0000000000
75131  -40.444  -20.892  66.131 0.0000000000
76366  -40.968  -19.924  66.572 0.0000000000
75123  -41.699  -20.594  66.838 0.0000000000
58700  -13.083  -35.409  84.620 0.0000000000
59954  -11.851  -33.973  84.184 0.0000000000
59938  -12.515  -35.147  84.752 0.0000000000
59921  -12.086  -35.126  85.269 0.0000000000
57481  -13.092  -35.915  85.688 0.0000000000
56304  -13.186  -36.639  86.202 0.0000000000
55088  -13.292  -37.174  85.920 0.0000000000
56214  -8.125  -38.775  94.951 0.0000000000
56220  -8.432  -38.761  94.570 0.0000000000
56213  -7.835  -38.705  94.890 0.0000000000
56212  -7.521  -38.711  94.666 0.0000000000
67839  -36.169  -25.441  74.090 0.0000000000
51598  -15.003  -40.664  76.834 0.0000000000
59861  -7.722  -34.238  89.879 0.0000000000
61171  -7.039  -33.529  89.941 0.0000000000
59847  -7.510  -34.177  90.895 0.0000000000
59834  -7.717  -34.197  91.202 0.0000000000
59835  -8.117  -34.491  90.886 0.0000000000
55301  -30.910  -37.100  72.646 0.0000000000
55268  -30.775  -36.184  74.020 0.0000000000
56445  -31.651  -36.479  73.432 0.0000000000
57596  -30.758  -35.208  73.959 0.0000000000
50456  -19.918  -39.568  76.842 0.0000000000
51623  -19.807  -39.092  76.072 0.0000000000
52797  -21.135  -38.605  77.188 0.0000000000
54044  -27.616  -37.999  75.993 0.0000000000
55263  -27.861  -37.407  73.100 0.0000000000
50342  -21.900  -39.937  80.620 0.0000000000
50322  -22.120  -40.734  81.457 0.0000000000
50321  -21.386  -41.157  81.615 0.0000000000
50340  -20.508  -41.384  80.214 0.0000000000
50358  -20.702  -41.062  79.743 0.0000000000
50434  -20.652  -39.942  77.415 0.0000000000
50433  -20.325  -40.068  77.267 0.0000000000
82333  -42.659  -14.764  57.792 0.0000000000
67965  -31.929  -25.881  66.505 0.0000000000
67988  -31.236  -26.624  65.593 0.0000000000
68055  -34.855  -25.816  62.598 0.0000000000
69244  -41.530  -24.807  67.607 0.0000000000
69257  -41.433  -24.623  66.971 0.0000000000
73941  -42.131  -22.088  67.183 0.0000000000
56367  -16.064  -36.345  80.213 0.0000000000
58754  -17.352  -34.425  80.354 0.0000000000
58746  -15.754  -34.437  81.535 0.0000000000
60014  -16.279  -33.409  80.901 0.0000000000
60003  -15.366  -33.415  81.360 0.0000000000
61311  -14.006  -32.350  82.025 0.0000000000
60002  -14.412  -33.583  81.868 0.0000000000
57497  -14.565  -35.603  83.627 0.0000000000
55094  -14.494  -36.823  84.304 0.0000000000
57496  -14.266  -35.451  84.009 0.0000000000
56315  -14.199  -36.414  84.595 0.0000000000
53861  -13.296  -37.958  84.687 0.0000000000
53993  -30.921  -36.873  77.955 0.0000000000
55142  -32.093  -35.622  80.468 0.0000000000
55155  -31.839  -35.386  79.754 0.0000000000
56371  -32.144  -35.001  80.160 0.0000000000
52751  -23.689  -38.235  80.577 0.0000000000
52752  -24.101  -37.765  81.249 0.0000000000
53951  -26.365  -36.686  80.845 0.0000000000
53950  -25.545  -36.883  81.110 0.0000000000
53910  -29.173  -37.138  82.515 0.0000000000
53909  -28.548  -37.172  82.449 0.0000000000
53954  -29.281  -36.978  80.576 0.0000000000
53973  -27.721  -36.939  79.707 0.0000000000
53991  -29.987  -38.019  78.588 0.0000000000
52722  -25.113  -38.157  82.762 0.0000000000
51522  -23.987  -38.411  82.196 0.0000000000
51538  -23.401  -38.772  81.239 0.0000000000
78836  -42.490  -17.275  62.346 0.0000000000
78850  -41.959  -17.368  62.096 0.0000000000
79998  -42.461  -17.167  61.534 0.0000000000
81120  -45.073  -15.594  64.177 0.0000000000
79956  -44.229  -16.299  63.787 0.0000000000
79969  -44.639  -16.203  63.107 0.0000000000
80021  -44.755  -16.493  60.820 0.0000000000
80000  -44.375  -16.675  61.544 0.0000000000
80039  -44.442  -16.534  60.526 0.0000000000
80038  -43.706  -16.372  60.548 0.0000000000
81165  -44.339  -15.764  60.245 0.0000000000
82318  -45.330  -14.757  59.139 0.0000000000
83392  -44.961  -13.699  57.679 0.0000000000
82304  -48.663  -13.829  59.773 0.0000000000
82293  -50.494  -13.462  60.820 0.0000000000
66612  -31.193  -27.820  72.949 0.0000000000
66642  -32.114  -26.715  71.478 0.0000000000
67875  -31.924  -26.739  70.909 0.0000000000
66655  -31.436  -26.934  70.509 0.0000000000
67892  -31.794  -26.299  70.241 0.0000000000
67864  -34.523  -25.542  72.167 0.0000000000
67878  -34.625  -25.245  71.549 0.0000000000
67894  -33.663  -25.388  70.314 0.0000000000
67916  -32.645  -25.374  68.737 0.0000000000
67937  -31.988  -25.692  67.779 0.0000000000
67938  -32.664  -25.441  68.043 0.0000000000
69239  -33.603  -25.004  66.854 0.0000000000
69252  -33.796  -25.378  65.871 0.0000000000
69241  -35.963  -25.177  66.294 0.0000000000
69226  -37.518  -25.254  67.419 0.0000000000
69242  -36.709  -25.476  66.394 0.0000000000
67939  -37.449  -25.353  67.013 0.0000000000
67968  -38.100  -25.797  66.448 0.0000000000
67941  -38.718  -25.513  67.570 0.0000000000
67920  -40.162  -24.996  68.752 0.0000000000
67942  -39.443  -25.516  67.768 0.0000000000
67944  -40.839  -25.068  67.893 0.0000000000
52750  -16.310  -38.987  80.497 0.0000000000
53968  -16.689  -37.951  80.106 0.0000000000
53969  -17.237  -37.560  80.201 0.0000000000
51578  -14.955  -40.522  77.477 0.0000000000
51563  -14.060  -40.518  78.131 0.0000000000
52762  -13.836  -39.607  79.330 0.0000000000
53967  -16.072  -37.967  79.702 0.0000000000
53947  -15.371  -37.896  79.904 0.0000000000
55151  -15.835  -37.251  79.883 0.0000000000
53946  -14.645  -38.221  80.264 0.0000000000
58581  -5.562  -35.142  91.472 0.0000000000
61463  -30.153  -33.456  73.000 0.0000000000
61438  -29.706  -32.704  74.837 0.0000000000
61446  -29.345  -32.418  73.858 0.0000000000
61437  -29.299  -31.964  74.440 0.0000000000
62717  -29.035  -31.355  74.080 0.0000000000
55184  -31.264  -36.151  77.513 0.0000000000
55201  -31.022  -35.857  76.336 0.0000000000
55185  -31.231  -35.401  77.242 0.0000000000
58776  -31.803  -33.812  78.228 0.0000000000
57559  -30.983  -34.351  77.261 0.0000000000
58782  -31.159  -33.862  77.662 0.0000000000
58793  -30.619  -34.093  76.759 0.0000000000
60079  -30.767  -33.548  77.366 0.0000000000
61419  -30.531  -33.181  77.291 0.0000000000
61404  -30.511  -32.099  77.468 0.0000000000
61417  -30.162  -32.177  76.603 0.0000000000
62687  -30.528  -31.448  77.003 0.0000000000
63931  -30.671  -30.754  76.158 0.0000000000
63946  -30.951  -29.443  75.376 0.0000000000
63960  -30.685  -29.553  75.065 0.0000000000
66574  -33.269  -27.537  75.991 0.0000000000
66518  -34.223  -27.096  79.052 0.0000000000
66539  -34.451  -27.200  77.727 0.0000000000
67805  -35.510  -26.333  75.438 0.0000000000
51645  -19.245  -38.896  74.688 0.0000000000
51664  -19.053  -39.474  73.159 0.0000000000
53985  -23.549  -37.570  78.903 0.0000000000
52787  -22.953  -37.939  78.656 0.0000000000
55196  -23.716  -36.448  76.957 0.0000000000
54042  -22.695  -36.522  76.350 0.0000000000
54041  -21.958  -36.730  75.987 0.0000000000
55199  -26.181  -37.210  76.112 0.0000000000
55198  -25.559  -36.480  76.490 0.0000000000
49169  -17.927  -41.368  80.122 0.0000000000
49168  -17.605  -40.889  80.138 0.0000000000
49185  -17.713  -41.039  79.435 0.0000000000
49204  -19.425  -41.558  78.486 0.0000000000
49221  -17.829  -41.826  77.644 0.0000000000
50404  -17.674  -41.503  77.132 0.0000000000
84499  -47.003  -13.317  57.269 0.0000000000
84504  -46.835  -13.263  57.033 0.0000000000
83406  -47.242  -13.164  56.940 0.0000000000
83420  -48.280  -12.546  56.292 0.0000000000
84515  -48.840  -11.930  56.015 0.0000000000
83398  -51.280  -12.273  58.548 0.0000000000
83410  -51.142  -11.845  57.790 0.0000000000
84517  -50.847  -11.264  56.383 0.0000000000
85648  -49.975  -11.230  55.438 0.0000000000
84528  -49.295  -11.460  55.425 0.0000000000
85660  -50.410  -10.836  55.085 0.0000000000
86766  -51.493  -10.220  54.443 0.0000000000
87855  -51.406  -10.003  53.372 0.0000000000
89003  -52.336  -9.557  53.884 0.0000000000
87850  -53.554  -9.755  55.314 0.0000000000
88998  -53.485  -9.447  54.647 0.0000000000
88999  -54.097  -9.371  55.095 0.0000000000
90136  -54.587  -8.979  54.715 0.0000000000
89000  -54.800  -9.429  55.417 0.0000000000
56283  -11.938  -37.171  88.548 0.0000000000
55063  -11.809  -37.581  88.914 0.0000000000
53818  -12.004  -38.244  88.744 0.0000000000
65361  -29.831  -28.311  71.275 0.0000000000
66639  -29.634  -28.318  70.643 0.0000000000
73985  -36.784  -22.259  61.576 0.0000000000
75162  -36.667  -21.309  61.612 0.0000000000
68013  -36.014  -26.235  64.416 0.0000000000
68076  -37.198  -26.263  63.684 0.0000000000
69308  -36.642  -25.816  63.178 0.0000000000
69293  -37.726  -25.640  63.795 0.0000000000
70444  -40.367  -24.510  66.218 0.0000000000
69280  -39.424  -25.203  65.289 0.0000000000
70458  -40.086  -24.448  65.735 0.0000000000
71677  -38.860  -24.200  64.527 0.0000000000
71692  -37.876  -24.350  63.515 0.0000000000
71675  -37.742  -23.847  63.479 0.0000000000
72849  -38.107  -22.957  64.145 0.0000000000
75143  -38.957  -21.056  65.069 0.0000000000
75142  -38.378  -21.087  64.696 0.0000000000
76381  -38.744  -20.358  64.430 0.0000000000
77618  -38.788  -19.535  63.982 0.0000000000
77619  -39.338  -19.477  64.389 0.0000000000
77608  -40.931  -19.011  66.360 0.0000000000
77607  -40.684  -18.664  65.388 0.0000000000
79945  -42.054  -17.431  66.565 0.0000000000
59919  -11.289  -34.479  85.822 0.0000000000
59918  -10.294  -34.214  85.904 0.0000000000
59904  -11.081  -35.059  86.584 0.0000000000
59903  -9.961  -35.113  86.801 0.0000000000
57459  -11.854  -35.946  87.869 0.0000000000
58664  -11.833  -35.519  87.294 0.0000000000
52646  -12.169  -38.136  86.849 0.0000000000
52645  -11.868  -38.893  87.047 0.0000000000
56276  -11.971  -37.109  90.036 0.0000000000
58622  -10.837  -35.885  89.941 0.0000000000
56275  -11.437  -37.186  90.441 0.0000000000
57396  -10.469  -37.238  91.659 0.0000000000
57410  -10.324  -36.471  91.143 0.0000000000
58596  -8.982  -36.021  91.952 0.0000000000
57394  -9.148  -36.542  92.383 0.0000000000
52580  -10.263  -39.760  93.829 0.0000000000
53773  -10.204  -39.421  93.500 0.0000000000
55028  -10.012  -39.184  93.624 0.0000000000
56229  -8.193  -38.211  93.824 0.0000000000
57370  -8.562  -37.708  93.466 0.0000000000
57369  -7.936  -37.749  93.133 0.0000000000
57385  -8.257  -36.904  92.705 0.0000000000
56243  -6.299  -37.098  92.810 0.0000000000
56242  -5.909  -36.891  92.805 0.0000000000
53753  -6.614  -39.518  94.626 0.0000000000
55001  -6.836  -38.960  94.619 0.0000000000
55285  -30.908  -37.176  73.216 0.0000000000
55242  -30.797  -36.421  74.426 0.0000000000
55223  -30.763  -35.670  75.303 0.0000000000
51600  -21.021  -39.783  77.046 0.0000000000
54045  -28.737  -38.254  75.582 0.0000000000
55220  -28.657  -38.106  74.675 0.0000000000
55264  -28.876  -37.996  73.229 0.0000000000
55265  -29.859  -38.104  73.634 0.0000000000
51520  -23.307  -39.594  81.819 0.0000000000
50359  -21.243  -40.354  79.685 0.0000000000
50381  -21.125  -39.791  78.726 0.0000000000
50408  -20.689  -39.627  77.815 0.0000000000
83391  -43.890  -13.904  57.773 0.0000000000
62731  -28.510  -31.707  72.485 0.0000000000
68009  -31.266  -27.262  64.901 0.0000000000
55124  -14.391  -37.864  81.462 0.0000000000
57523  -16.103  -35.944  81.101 0.0000000000
55125  -14.931  -37.450  81.807 0.0000000000
57514  -15.774  -35.444  82.251 0.0000000000
58736  -15.104  -34.911  82.370 0.0000000000
55116  -15.233  -36.823  83.111 0.0000000000
53882  -14.050  -37.850  83.614 0.0000000000
53860  -13.308  -38.346  83.890 0.0000000000
53977  -30.736  -36.663  79.147 0.0000000000
55154  -31.652  -35.941  80.066 0.0000000000
52737  -25.505  -37.435  82.116 0.0000000000
52753  -25.024  -37.328  81.513 0.0000000000
53930  -27.059  -36.708  81.740 0.0000000000
53975  -29.574  -36.869  79.373 0.0000000000
52707  -25.403  -38.038  83.420 0.0000000000
78823  -41.277  -17.403  64.003 0.0000000000
78824  -42.172  -16.922  63.197 0.0000000000
79978  -43.119  -16.841  62.672 0.0000000000
79970  -45.182  -15.868  62.746 0.0000000000
79981  -45.386  -15.742  62.198 0.0000000000
80002  -45.524  -15.610  61.653 0.0000000000
81151  -45.193  -15.847  60.604 0.0000000000
81166  -45.092  -15.613  60.112 0.0000000000
81167  -45.704  -15.251  60.160 0.0000000000
81187  -46.068  -14.945  59.823 0.0000000000
82319  -46.525  -14.735  59.379 0.0000000000
82302  -46.827  -14.677  59.826 0.0000000000
66599  -33.293  -27.294  74.139 0.0000000000
66614  -33.008  -26.989  73.241 0.0000000000
66629  -32.986  -26.554  72.582 0.0000000000
67862  -32.595  -26.396  71.956 0.0000000000
69179  -35.145  -24.848  71.188 0.0000000000
69222  -33.305  -25.058  68.046 0.0000000000
70417  -34.977  -24.677  67.890 0.0000000000
69224  -35.614  -24.618  67.498 0.0000000000
52720  -16.559  -39.427  81.995 0.0000000000
50319  -16.625  -40.250  80.605 0.0000000000
51536  -16.311  -39.521  80.303 0.0000000000
52749  -16.094  -39.153  80.086 0.0000000000
52747  -13.362  -39.659  80.140 0.0000000000
90149  -54.190  -8.479  53.248 0.0000000000
91247  -55.619  -7.456  52.613 0.0000000000
58583  -6.888  -35.469  91.826 0.0000000000
57603  -31.484  -35.563  73.213 0.0000000000
58868  -31.427  -35.247  72.144 0.0000000000
58849  -31.266  -35.011  72.815 0.0000000000
60127  -30.707  -34.293  73.190 0.0000000000
60126  -30.171  -33.769  73.382 0.0000000000
60112  -29.888  -33.444  74.043 0.0000000000
56388  -32.005  -34.694  78.691 0.0000000000
56397  -31.332  -34.771  77.905 0.0000000000
57554  -31.896  -34.321  78.374 0.0000000000
60064  -32.147  -33.488  78.555 0.0000000000
62671  -31.562  -30.914  79.081 0.0000000000
63911  -31.043  -30.853  77.996 0.0000000000
63920  -31.168  -30.575  77.369 0.0000000000
65256  -31.590  -28.638  75.953 0.0000000000
65273  -32.123  -27.987  75.392 0.0000000000
66540  -35.162  -26.562  77.982 0.0000000000
52828  -19.925  -38.044  74.497 0.0000000000
53998  -23.539  -37.057  78.367 0.0000000000
55197  -24.543  -36.258  76.771 0.0000000000
55236  -26.275  -36.215  74.286 0.0000000000
56424  -25.527  -35.723  74.196 0.0000000000
49170  -18.391  -41.913  80.322 0.0000000000
50405  -19.019  -40.706  77.692 0.0000000000
49222  -18.538  -41.516  77.628 0.0000000000
50468  -17.053  -41.580  74.269 0.0000000000
84509  -51.656  -11.396  57.504 0.0000000000
84518  -51.459  -11.155  56.732 0.0000000000
85661  -51.178  -10.693  55.501 0.0000000000
86758  -51.955  -10.301  55.215 0.0000000000
87848  -52.320  -9.968  54.717 0.0000000000
86759  -52.523  -10.239  55.499 0.0000000000
87841  -53.207  -10.009  55.546 0.0000000000
87842  -53.579  -10.099  55.832 0.0000000000
51420  -11.920  -39.830  88.418 0.0000000000
52628  -12.264  -39.101  88.733 0.0000000000
66653  -29.794  -28.236  69.901 0.0000000000
66683  -29.139  -28.534  68.422 0.0000000000
73972  -37.299  -22.742  62.484 0.0000000000
67992  -37.505  -26.337  65.576 0.0000000000
68014  -36.924  -26.741  64.810 0.0000000000
68015  -37.683  -26.736  65.141 0.0000000000
68037  -37.810  -26.535  64.788 0.0000000000
68059  -37.748  -26.064  64.742 0.0000000000
71662  -40.641  -23.543  65.919 0.0000000000
71661  -40.339  -23.645  65.565 0.0000000000
72840  -40.666  -23.212  65.792 0.0000000000
72839  -40.132  -22.718  65.483 0.0000000000
72838  -39.016  -22.841  64.753 0.0000000000
72837  -38.532  -22.612  64.528 0.0000000000
73960  -39.417  -21.923  65.186 0.0000000000
76383  -39.807  -19.969  65.477 0.0000000000
77597  -41.371  -19.142  66.862 0.0000000000
61269  -12.791  -33.829  83.175 0.0000000000
61268  -12.306  -33.420  83.425 0.0000000000
59936  -11.566  -34.167  85.088 0.0000000000
59920  -11.739  -34.760  85.719 0.0000000000
58679  -12.221  -35.555  86.304 0.0000000000
57460  -12.328  -35.937  87.124 0.0000000000
57461  -12.823  -36.370  86.707 0.0000000000
55083  -13.037  -37.301  86.833 0.0000000000
52603  -11.675  -39.020  90.952 0.0000000000
55048  -11.613  -38.060  90.936 0.0000000000
53793  -11.596  -38.652  91.344 0.0000000000
55047  -11.242  -38.274  91.677 0.0000000000
55038  -10.596  -38.707  92.350 0.0000000000
55013  -9.175  -39.430  94.497 0.0000000000
55019  -9.867  -39.194  93.891 0.0000000000
56221  -8.918  -39.010  94.352 0.0000000000
56228  -7.691  -38.219  93.765 0.0000000000
57367  -6.877  -37.473  92.861 0.0000000000
56227  -7.180  -38.079  93.625 0.0000000000
56216  -6.745  -38.201  93.998 0.0000000000
53885  -28.101  -37.117  82.995 0.0000000000
53912  -30.520  -36.545  82.970 0.0000000000
81108  -44.216  -15.581  66.361 0.0000000000
81113  -43.959  -15.598  65.192 0.0000000000
81114  -44.643  -15.208  65.399 0.0000000000
82268  -45.137  -14.809  65.083 0.0000000000
82269  -45.837  -14.555  64.646 0.0000000000
81129  -47.012  -14.244  63.023 0.0000000000
81130  -47.702  -13.892  62.713 0.0000000000
81135  -47.560  -14.218  62.424 0.0000000000
67838  -35.212  -26.018  74.106 0.0000000000
67852  -34.619  -25.922  73.106 0.0000000000
67853  -35.582  -25.609  73.320 0.0000000000
69154  -35.925  -25.356  72.724 0.0000000000
69166  -36.107  -24.900  72.048 0.0000000000
69167  -37.151  -24.814  71.863 0.0000000000
59827  -7.438  -34.360  91.673 0.0000000000
59819  -7.938  -34.439  92.467 0.0000000000
56470  -32.014  -36.413  72.670 0.0000000000
56457  -31.610  -36.780  73.026 0.0000000000
56458  -32.064  -36.224  73.181 0.0000000000
65226  -33.020  -27.918  78.319 0.0000000000
51622  -18.882  -39.082  75.323 0.0000000000
51624  -20.608  -39.549  76.243 0.0000000000
52829  -20.410  -37.359  74.829 0.0000000000
54065  -21.145  -36.796  74.500 0.0000000000
54001  -27.382  -36.807  77.956 0.0000000000
55218  -26.847  -37.225  75.307 0.0000000000
55261  -26.206  -36.114  73.470 0.0000000000
49172  -19.865  -41.836  80.411 0.0000000000
49189  -20.073  -41.572  79.381 0.0000000000
50380  -20.321  -40.750  78.885 0.0000000000
50406  -19.761  -40.769  78.009 0.0000000000
81182  -41.719  -15.339  58.530 0.0000000000
84536  -48.024  -12.357  53.352 0.0000000000
83397  -50.141  -12.637  58.552 0.0000000000
85641  -53.091  -10.957  57.350 0.0000000000
66685  -30.323  -27.275  67.324 0.0000000000
66703  -30.391  -27.307  66.169 0.0000000000
70485  -36.463  -25.306  62.402 0.0000000000
67996  -39.998  -25.394  66.679 0.0000000000
68018  -39.568  -25.679  66.177 0.0000000000
69255  -40.092  -25.214  66.522 0.0000000000
69271  -40.767  -24.711  66.741 0.0000000000
70445  -40.890  -24.266  66.524 0.0000000000
71648  -41.584  -23.306  66.686 0.0000000000
72830  -41.599  -22.718  66.741 0.0000000000
73951  -41.699  -22.129  66.832 0.0000000000
75133  -41.723  -21.613  66.852 0.0000000000
58753  -16.558  -34.365  80.818 0.0000000000
61355  -16.892  -32.495  80.688 0.0000000000
58735  -14.541  -34.564  82.555 0.0000000000
59990  -13.937  -34.331  82.733 0.0000000000
59972  -13.255  -34.095  82.967 0.0000000000
59956  -13.676  -34.982  83.879 0.0000000000
57488  -13.970  -35.844  84.601 0.0000000000
56310  -13.623  -36.533  85.249 0.0000000000
53847  -13.086  -37.776  85.699 0.0000000000
53757  -8.308  -39.220  95.424 0.0000000000
54022  -30.432  -38.022  76.301 0.0000000000
54023  -31.071  -37.202  76.065 0.0000000000
55165  -31.606  -35.641  79.136 0.0000000000
56380  -31.811  -35.241  79.071 0.0000000000
56381  -32.024  -34.946  79.260 0.0000000000
56360  -32.288  -35.773  82.079 0.0000000000
51552  -23.130  -39.512  79.837 0.0000000000
51567  -22.706  -38.947  79.385 0.0000000000
51568  -23.328  -38.863  79.712 0.0000000000
52766  -23.622  -38.228  79.953 0.0000000000
53970  -24.249  -36.913  79.947 0.0000000000
52768  -24.800  -37.068  80.915 0.0000000000
53988  -26.977  -37.162  78.952 0.0000000000
53908  -27.881  -36.796  82.520 0.0000000000
53932  -29.026  -36.867  81.667 0.0000000000
54002  -28.355  -37.421  77.812 0.0000000000
54003  -29.338  -38.143  77.654 0.0000000000
51507  -23.918  -39.458  82.821 0.0000000000
77649  -38.145  -18.987  62.543 0.0000000000
77648  -37.587  -18.885  62.109 0.0000000000
78847  -38.460  -18.305  62.333 0.0000000000
79995  -39.145  -17.436  61.791 0.0000000000
78849  -40.808  -17.259  62.481 0.0000000000
79996  -40.103  -16.911  61.719 0.0000000000
79968  -43.770  -16.618  63.249 0.0000000000
79999  -43.321  -17.112  61.741 0.0000000000
79980  -44.820  -16.289  62.245 0.0000000000
80019  -43.090  -16.823  60.968 0.0000000000
80037  -42.665  -16.189  60.354 0.0000000000
81163  -42.203  -15.695  59.495 0.0000000000
81183  -42.717  -14.852  59.010 0.0000000000
81203  -43.383  -14.764  58.877 0.0000000000
82334  -43.721  -14.562  58.539 0.0000000000
81185  -44.798  -15.248  59.552 0.0000000000
82317  -44.440  -14.867  58.986 0.0000000000
83404  -45.219  -13.472  56.532 0.0000000000
84498  -46.698  -13.385  57.275 0.0000000000
83394  -47.188  -13.554  57.713 0.0000000000
82338  -47.932  -13.910  58.349 0.0000000000
82321  -48.777  -13.719  58.904 0.0000000000
82290  -48.246  -14.059  62.039 0.0000000000
82291  -48.977  -13.735  61.650 0.0000000000
82298  -49.675  -13.594  60.359 0.0000000000
82299  -50.404  -13.426  60.180 0.0000000000
82306  -50.300  -13.360  59.871 0.0000000000
65316  -30.065  -28.813  73.090 0.0000000000
65341  -30.659  -28.219  72.578 0.0000000000
66626  -30.435  -28.155  71.779 0.0000000000
67891  -31.199  -26.772  70.095 0.0000000000
67863  -33.560  -26.057  72.179 0.0000000000
69266  -33.682  -25.550  64.868 0.0000000000
69267  -34.642  -25.504  64.597 0.0000000000
67990  -35.573  -25.743  64.863 0.0000000000
67966  -36.562  -25.634  65.906 0.0000000000
69212  -38.263  -25.075  68.563 0.0000000000
67896  -39.504  -24.745  69.708 0.0000000000
67918  -38.675  -25.154  68.589 0.0000000000
67970  -39.430  -25.667  67.022 0.0000000000
67971  -40.044  -25.431  67.183 0.0000000000
69243  -41.031  -24.987  67.683 0.0000000000
55162  -16.858  -37.341  79.499 0.0000000000
56377  -16.409  -36.687  79.584 0.0000000000
55137  -15.416  -37.155  80.677 0.0000000000
52748  -13.776  -38.820  80.616 0.0000000000
55136  -14.724  -37.728  80.906 0.0000000000
91242  -56.501  -7.444  53.752 0.0000000000
61462  -29.341  -33.136  72.721 0.0000000000
55200  -31.089  -36.516  75.990 0.0000000000
56403  -30.970  -35.154  76.430 0.0000000000
56404  -30.993  -34.928  76.964 0.0000000000
56410  -30.871  -35.001  75.744 0.0000000000
57581  -30.670  -34.346  75.626 0.0000000000
58807  -30.597  -34.251  75.839 0.0000000000
58792  -30.467  -33.974  76.018 0.0000000000
61388  -31.643  -32.406  78.909 0.0000000000
60078  -30.369  -33.508  76.874 0.0000000000
60095  -30.389  -33.598  75.888 0.0000000000
61430  -30.321  -32.931  75.756 0.0000000000
61429  -30.067  -32.302  76.039 0.0000000000
62708  -29.771  -31.650  75.595 0.0000000000
62698  -30.650  -30.932  76.501 0.0000000000
63944  -30.018  -30.417  74.785 0.0000000000
63959  -30.354  -29.714  74.700 0.0000000000
65292  -30.235  -29.109  73.994 0.0000000000
65318  -31.768  -28.152  74.097 0.0000000000
66584  -32.396  -27.785  74.798 0.0000000000
66598  -32.418  -27.702  74.352 0.0000000000
66600  -34.142  -26.933  74.234 0.0000000000
67818  -34.719  -26.595  74.508 0.0000000000
66538  -33.700  -27.507  77.550 0.0000000000
66560  -35.140  -26.778  76.903 0.0000000000
66587  -34.911  -26.579  75.115 0.0000000000
67819  -35.253  -26.314  74.828 0.0000000000
52777  -22.640  -38.527  78.897 0.0000000000
52786  -21.955  -38.387  78.313 0.0000000000
54014  -21.578  -37.439  76.891 0.0000000000
55235  -25.271  -35.897  74.886 0.0000000000
55233  -22.597  -35.960  74.750 0.0000000000
50320  -17.116  -40.647  80.830 0.0000000000
50339  -17.320  -40.424  79.737 0.0000000000
50357  -17.231  -40.495  78.768 0.0000000000
49171  -19.008  -42.294  80.413 0.0000000000
49187  -18.442  -42.067  79.426 0.0000000000
49202  -17.829  -42.026  78.562 0.0000000000
50378  -17.134  -40.694  77.793 0.0000000000
50452  -16.309  -41.586  75.226 0.0000000000
83418  -46.646  -13.168  55.657 0.0000000000
84507  -49.662  -11.969  56.965 0.0000000000
86755  -49.493  -11.053  53.568 0.0000000000
86764  -50.124  -10.770  53.067 0.0000000000
86775  -50.729  -10.717  52.466 0.0000000000
89008  -52.706  -8.999  53.037 0.0000000000
89004  -52.856  -9.457  54.094 0.0000000000
90142  -53.390  -9.088  54.030 0.0000000000
90148  -53.386  -8.848  53.550 0.0000000000
90137  -55.730  -8.727  54.886 0.0000000000
58648  -11.246  -35.582  88.615 0.0000000000
58636  -11.106  -35.558  89.339 0.0000000000
57438  -11.971  -35.981  89.366 0.0000000000
55062  -11.927  -37.624  89.569 0.0000000000
52621  -12.154  -39.170  89.492 0.0000000000
52613  -11.789  -39.182  90.256 0.0000000000
66702  -29.694  -28.015  66.521 0.0000000000
68035  -36.460  -26.407  63.960 0.0000000000
68056  -35.937  -25.982  63.068 0.0000000000
69291  -36.173  -25.904  63.023 0.0000000000
69279  -38.924  -25.729  65.095 0.0000000000
69294  -38.226  -25.668  64.514 0.0000000000
70457  -39.486  -24.622  65.129 0.0000000000
70474  -38.933  -24.851  64.553 0.0000000000
70473  -38.140  -25.173  63.780 0.0000000000
70472  -37.769  -25.379  63.586 0.0000000000
72864  -37.321  -23.840  62.801 0.0000000000
72847  -37.298  -23.332  62.626 0.0000000000
73974  -37.934  -22.010  64.116 0.0000000000
73973  -37.785  -22.031  63.187 0.0000000000
75154  -37.577  -21.103  63.281 0.0000000000
76398  -37.572  -20.198  63.274 0.0000000000
77632  -37.780  -19.416  62.709 0.0000000000
77633  -38.464  -19.137  63.180 0.0000000000
77634  -39.181  -18.780  63.872 0.0000000000
77620  -40.137  -19.209  64.776 0.0000000000
78822  -40.734  -18.157  64.720 0.0000000000
78811  -41.301  -17.774  65.213 0.0000000000
79946  -42.456  -16.597  65.865 0.0000000000
76356  -42.049  -20.119  67.159 0.0000000000
58660  -8.620  -34.719  87.958 0.0000000000
61221  -8.943  -34.205  86.892 0.0000000000
59902  -9.226  -34.916  87.532 0.0000000000
59889  -10.027  -35.336  87.995 0.0000000000
58649  -11.643  -35.746  88.234 0.0000000000
57449  -11.980  -36.394  88.041 0.0000000000
55069  -11.998  -37.572  88.210 0.0000000000
55076  -12.466  -37.420  87.512 0.0000000000
53826  -12.100  -37.986  87.849 0.0000000000
52656  -12.311  -38.232  86.296 0.0000000000
58635  -10.174  -35.652  89.502 0.0000000000
58634  -9.471  -35.671  89.824 0.0000000000
58620  -9.170  -35.770  90.297 0.0000000000
57411  -10.845  -37.050  90.767 0.0000000000
58607  -9.704  -36.045  90.795 0.0000000000
59836  -8.114  -35.070  90.964 0.0000000000
58605  -8.548  -35.359  91.479 0.0000000000
58595  -8.525  -35.188  92.193 0.0000000000
58585  -8.074  -35.427  92.549 0.0000000000
52584  -10.463  -39.484  92.694 0.0000000000
53774  -10.344  -39.250  92.903 0.0000000000
56254  -9.764  -37.824  92.934 0.0000000000
56231  -9.402  -38.722  93.924 0.0000000000
57387  -9.445  -37.600  93.217 0.0000000000
58584  -7.397  -35.504  92.206 0.0000000000
57382  -6.588  -36.568  92.420 0.0000000000
54998  -7.764  -38.916  95.636 0.0000000000
53755  -7.563  -39.171  95.146 0.0000000000
55002  -7.253  -38.927  94.709 0.0000000000
55010  -6.925  -38.578  94.432 0.0000000000
49241  -17.926  -41.584  77.160 0.0000000000
50379  -19.880  -41.190  78.533 0.0000000000
51518  -16.546  -39.862  80.349 0.0000000000
51519  -16.364  -39.963  81.035 0.0000000000
51539  -23.831  -38.327  81.801 0.0000000000
51551  -22.518  -39.371  79.575 0.0000000000
51601  -21.166  -39.122  77.751 0.0000000000
52779  -23.861  -37.440  79.768 0.0000000000
53749  -7.571  -39.709  95.181 0.0000000000
53750  -7.748  -39.343  95.606 0.0000000000
53756  -7.618  -38.980  95.434 0.0000000000
53766  -9.864  -39.612  94.241 0.0000000000
53792  -11.113  -38.917  91.968 0.0000000000
53801  -11.780  -38.510  90.568 0.0000000000
53810  -11.849  -37.961  89.229 0.0000000000
53817  -12.254  -38.746  89.184 0.0000000000
53925  -14.033  -38.167  81.111 0.0000000000
53928  -25.573  -37.092  81.583 0.0000000000
53966  -15.317  -38.478  79.943 0.0000000000
54024  -31.122  -36.562  76.340 0.0000000000
54048  -30.934  -37.140  75.409 0.0000000000
54064  -20.444  -37.295  74.267 0.0000000000
54086  -30.300  -37.966  74.087 0.0000000000
54087  -30.468  -37.787  74.107 0.0000000000
54999  -7.887  -39.022  95.842 0.0000000000
55004  -8.029  -38.869  95.470 0.0000000000
55005  -8.316  -39.090  95.085 0.0000000000
55011  -8.425  -39.039  94.816 0.0000000000
55018  -9.526  -39.340  94.252 0.0000000000
55029  -10.204  -38.966  93.079 0.0000000000
55104  -14.878  -36.736  83.553 0.0000000000
55152  -17.675  -37.255  80.413 0.0000000000
55243  -30.697  -35.934  74.517 0.0000000000
56215  -8.262  -38.882  94.879 0.0000000000
56219  -8.035  -38.505  94.470 0.0000000000
56222  -9.165  -39.028  94.212 0.0000000000
56232  -9.796  -38.982  93.733 0.0000000000
56244  -9.588  -38.205  93.440 0.0000000000
56246  -10.302  -38.416  92.618 0.0000000000
56255  -10.170  -37.803  92.459 0.0000000000
56256  -10.760  -37.901  91.947 0.0000000000
56266  -11.220  -37.642  91.099 0.0000000000
56267  -11.614  -37.578  90.521 0.0000000000
56282  -11.949  -36.982  89.189 0.0000000000
56290  -12.022  -36.780  88.537 0.0000000000
56298  -12.854  -36.879  87.168 0.0000000000
56316  -14.481  -36.258  83.926 0.0000000000
56336  -15.492  -36.305  82.880 0.0000000000
56356  -15.792  -36.454  81.229 0.0000000000
56357  -16.120  -36.000  81.377 0.0000000000
56368  -16.869  -36.090  79.758 0.0000000000
56379  -17.322  -36.986  79.461 0.0000000000
56387  -31.718  -35.078  78.651 0.0000000000
56398  -31.725  -34.681  78.412 0.0000000000
56411  -30.920  -34.922  76.390 0.0000000000
57371  -9.133  -37.836  93.722 0.0000000000
57372  -9.388  -38.117  93.641 0.0000000000
57409  -9.815  -36.319  91.406 0.0000000000
57425  -10.774  -36.375  90.432 0.0000000000
57426  -11.472  -36.435  90.009 0.0000000000
57427  -12.004  -36.531  89.551 0.0000000000
57439  -12.116  -36.367  88.933 0.0000000000
57450  -12.461  -36.539  87.390 0.0000000000
57471  -13.097  -36.192  86.049 0.0000000000
57489  -14.253  -35.882  84.160 0.0000000000
57507  -14.956  -35.600  82.881 0.0000000000
57524  -16.138  -35.403  81.230 0.0000000000
57567  -30.722  -34.584  75.676 0.0000000000
58587  -8.909  -36.404  92.418 0.0000000000
58594  -8.291  -34.716  92.503 0.0000000000
58606  -8.754  -35.786  91.004 0.0000000000
58621  -9.951  -36.038  90.013 0.0000000000
58637  -11.709  -35.623  89.052 0.0000000000
58647  -10.474  -35.502  88.826 0.0000000000
58661  -8.773  -34.920  88.107 0.0000000000
58662  -10.798  -35.492  88.151 0.0000000000
58663  -11.309  -35.490  87.601 0.0000000000
58665  -12.110  -35.471  86.828 0.0000000000
58675  -8.819  -34.835  87.833 0.0000000000
58676  -8.951  -35.072  87.933 0.0000000000
58678  -11.793  -35.215  86.447 0.0000000000
58688  -11.965  -35.295  85.811 0.0000000000
58689  -12.583  -35.560  85.456 0.0000000000
58690  -13.216  -35.780  85.151 0.0000000000
58701  -13.624  -35.624  84.628 0.0000000000
58709  -13.553  -35.221  84.152 0.0000000000
58710  -14.066  -35.233  83.988 0.0000000000
58724  -14.324  -34.868  83.372 0.0000000000
58725  -14.628  -35.118  83.102 0.0000000000
58769  -32.501  -33.979  79.187 0.0000000000
58867  -31.099  -34.858  71.414 0.0000000000
59829  -8.458  -34.765  91.616 0.0000000000
59837  -8.537  -35.395  90.501 0.0000000000
59848  -7.668  -34.261  90.626 0.0000000000
59850  -8.793  -35.353  89.986 0.0000000000
59863  -9.181  -35.285  89.429 0.0000000000
59875  -9.155  -35.108  88.828 0.0000000000
59888  -9.184  -35.154  88.225 0.0000000000
59905  -11.550  -34.856  86.321 0.0000000000
59973  -13.776  -34.705  83.551 0.0000000000
60001  -14.047  -33.041  81.922 0.0000000000
61152  -7.354  -34.014  90.637 0.0000000000
61222  -9.386  -34.698  86.914 0.0000000000
61312  -14.617  -31.743  81.885 0.0000000000
61334  -14.305  -32.824  81.745 0.0000000000
62686  -30.195  -32.001  76.774 0.0000000000
63933  -31.630  -28.978  76.349 0.0000000000
63976  -28.517  -30.735  72.571 0.0000000000
65379  -29.264  -28.684  70.143 0.0000000000
67917  -38.151  -25.217  68.180 0.0000000000
67995  -39.479  -25.704  66.455 0.0000000000
67997  -40.353  -25.264  66.934 0.0000000000
68075  -36.997  -26.152  63.522 0.0000000000
69178  -34.438  -25.172  71.014 0.0000000000
69190  -33.584  -25.262  69.988 0.0000000000
69221  -32.680  -25.465  67.736 0.0000000000
69227  -41.198  -24.986  67.972 0.0000000000
69256  -40.647  -25.053  66.982 0.0000000000
69268  -39.314  -25.629  65.476 0.0000000000
69270  -40.232  -24.832  66.358 0.0000000000
69281  -39.755  -24.961  65.889 0.0000000000
69292  -36.388  -25.968  63.304 0.0000000000
69309  -37.259  -25.945  63.594 0.0000000000
70404  -34.958  -24.643  68.200 0.0000000000
70418  -35.140  -24.647  67.714 0.0000000000
70436  -41.915  -24.129  67.020 0.0000000000
70470  -36.211  -25.182  61.774 0.0000000000
70471  -36.313  -25.202  61.984 0.0000000000
70487  -37.903  -24.743  63.480 0.0000000000
71647  -41.031  -23.422  66.316 0.0000000000
73942  -42.490  -22.125  67.640 0.0000000000
75124  -42.125  -20.890  67.183 0.0000000000
78832  -38.613  -18.504  62.963 0.0000000000
79955  -43.423  -16.405  63.991 0.0000000000
80022  -45.106  -16.131  61.019 0.0000000000
81143  -45.423  -15.728  61.140 0.0000000000
81153  -46.441  -14.857  60.825 0.0000000000
81169  -46.859  -14.659  60.461 0.0000000000
81202  -43.124  -14.640  58.599 0.0000000000
82258  -44.875  -14.986  66.583 0.0000000000
82316  -44.046  -14.892  58.919 0.0000000000
82322  -49.374  -13.481  59.157 0.0000000000
83378  -50.180  -13.301  59.694 0.0000000000
84505  -47.065  -13.212  57.071 0.0000000000
85662  -51.645  -10.620  55.829 0.0000000000
86762  -48.991  -11.662  52.783 0.0000000000
87852  -54.497  -9.806  55.848 0.0000000000
87857  -52.496  -9.795  54.490 0.0000000000
87859  -51.194  -10.237  52.706 0.0000000000
88997  -53.086  -9.666  54.570 0.0000000000
89005  -53.421  -9.229  54.242 0.0000000000
90135  -54.027  -9.148  54.669 0.0000000000
