#!ascii label  , from subject 3083 vox2ras=TkReg
1391
65496  -41.068  -28.845  62.448 0.0000000000
82353  -55.151  -16.344  57.075 0.0000000000
76436  -45.298  -20.230  60.434 0.0000000000
43002  -14.596  -47.750  89.046 0.0000000000
65383  -36.275  -30.699  69.309 0.0000000000
49119  -26.594  -42.994  82.919 0.0000000000
52741  -35.937  -40.148  81.414 0.0000000000
58784  -36.871  -34.483  76.092 0.0000000000
63936  -39.375  -31.132  75.156 0.0000000000
43127  -20.135  -47.780  79.244 0.0000000000
45451  -23.775  -45.685  84.142 0.0000000000
47946  -22.102  -44.292  78.947 0.0000000000
51607  -30.610  -40.880  76.292 0.0000000000
54025  -35.575  -39.358  75.710 0.0000000000
65402  -44.712  -29.617  68.539 0.0000000000
68021  -47.007  -28.052  64.130 0.0000000000
78892  -49.611  -18.386  58.601 0.0000000000
71708  -44.017  -24.434  60.268 0.0000000000
83447  -53.599  -15.172  51.896 0.0000000000
45379  -11.841  -45.802  93.009 0.0000000000
65350  -41.814  -30.765  71.800 0.0000000000
64096  -39.629  -30.778  66.493 0.0000000000
50410  -25.877  -42.083  77.141 0.0000000000
50326  -30.673  -42.214  81.576 0.0000000000
72832  -47.712  -23.264  64.285 0.0000000000
89021  -60.652  -10.170  50.407 0.0000000000
57582  -36.490  -35.425  74.154 0.0000000000
60129  -36.745  -33.709  73.808 0.0000000000
45548  -21.392  -45.595  79.164 0.0000000000
52855  -32.640  -39.573  73.308 0.0000000000
54070  -35.281  -38.270  73.854 0.0000000000
56406  -37.040  -36.601  76.014 0.0000000000
65455  -42.505  -29.425  65.279 0.0000000000
67973  -45.374  -28.259  66.523 0.0000000000
66728  -44.455  -28.659  64.265 0.0000000000
81205  -52.477  -16.733  57.601 0.0000000000
80024  -53.397  -17.748  60.456 0.0000000000
81223  -57.798  -16.915  56.835 0.0000000000
46675  -11.781  -45.157  88.535 0.0000000000
45396  -12.537  -46.534  90.384 0.0000000000
65320  -37.797  -31.211  71.994 0.0000000000
65298  -40.610  -30.792  73.315 0.0000000000
64000  -39.622  -31.238  70.922 0.0000000000
64036  -40.559  -31.168  69.485 0.0000000000
65398  -37.656  -30.923  67.740 0.0000000000
47901  -23.674  -43.915  83.587 0.0000000000
46678  -24.988  -44.999  85.556 0.0000000000
47865  -26.802  -43.573  85.928 0.0000000000
50243  -29.019  -42.309  85.044 0.0000000000
50457  -24.169  -42.443  74.483 0.0000000000
51650  -25.821  -40.465  74.487 0.0000000000
50390  -33.587  -41.460  78.482 0.0000000000
50387  -30.423  -41.692  78.537 0.0000000000
50329  -33.743  -42.388  81.411 0.0000000000
50289  -33.376  -42.472  83.275 0.0000000000
43062  -17.026  -48.540  84.273 0.0000000000
40723  -21.084  -50.447  85.005 0.0000000000
39677  -22.031  -51.271  87.125 0.0000000000
75164  -44.317  -22.318  60.772 0.0000000000
71679  -45.795  -24.432  61.848 0.0000000000
75146  -46.370  -21.278  63.200 0.0000000000
90164  -62.027  -8.750  50.277 0.0000000000
44155  -16.866  -48.492  91.760 0.0000000000
61407  -38.650  -33.005  78.060 0.0000000000
63907  -40.097  -31.045  77.793 0.0000000000
62700  -37.921  -32.458  75.069 0.0000000000
63963  -37.276  -32.260  72.906 0.0000000000
41890  -22.046  -49.314  81.811 0.0000000000
43065  -24.366  -47.824  83.798 0.0000000000
44280  -22.769  -46.810  81.221 0.0000000000
46753  -21.903  -44.732  81.555 0.0000000000
47937  -24.230  -43.859  80.467 0.0000000000
51653  -28.718  -40.553  74.478 0.0000000000
51671  -30.166  -40.365  73.574 0.0000000000
51610  -33.526  -40.483  76.539 0.0000000000
52780  -36.177  -40.337  78.756 0.0000000000
55175  -37.904  -37.395  78.487 0.0000000000
58764  -38.017  -34.518  78.991 0.0000000000
44296  -17.708  -47.648  80.644 0.0000000000
65371  -46.749  -29.959  70.922 0.0000000000
66632  -48.703  -29.214  71.282 0.0000000000
67901  -47.093  -28.745  69.133 0.0000000000
67949  -48.075  -27.923  67.482 0.0000000000
77702  -47.545  -19.310  59.458 0.0000000000
77638  -48.205  -19.636  62.871 0.0000000000
78853  -50.359  -18.787  62.050 0.0000000000
42919  -11.118  -46.744  97.032 0.0000000000
68077  -42.073  -27.524  61.158 0.0000000000
74012  -41.629  -23.277  58.990 0.0000000000
77713  -44.841  -19.337  57.901 0.0000000000
78915  -46.632  -18.374  56.398 0.0000000000
80072  -49.588  -17.208  56.293 0.0000000000
81250  -52.294  -16.740  54.877 0.0000000000
81252  -54.293  -16.816  54.782 0.0000000000
82384  -50.869  -16.314  52.965 0.0000000000
44130  -15.394  -47.418  93.508 0.0000000000
45370  -14.240  -46.881  94.842 0.0000000000
45359  -12.611  -46.269  96.457 0.0000000000
65266  -46.129  -29.229  75.697 0.0000000000
65244  -41.104  -30.417  75.919 0.0000000000
65279  -42.591  -30.315  74.505 0.0000000000
65328  -45.035  -30.671  73.218 0.0000000000
64040  -43.900  -31.116  69.790 0.0000000000
65439  -41.459  -30.448  66.706 0.0000000000
65464  -40.057  -30.237  64.017 0.0000000000
43030  -24.713  -47.372  85.344 0.0000000000
47983  -24.244  -43.597  77.812 0.0000000000
49191  -25.933  -43.146  79.884 0.0000000000
51582  -28.128  -41.008  76.877 0.0000000000
50364  -28.959  -42.193  79.523 0.0000000000
50324  -28.597  -42.530  82.046 0.0000000000
50266  -30.762  -42.359  84.260 0.0000000000
45406  -13.234  -46.403  86.704 0.0000000000
44214  -14.416  -47.308  85.097 0.0000000000
43029  -16.592  -48.564  87.493 0.0000000000
68062  -44.854  -27.219  62.447 0.0000000000
69283  -47.608  -26.477  63.162 0.0000000000
70450  -50.425  -25.375  64.772 0.0000000000
77588  -48.717  -20.683  65.305 0.0000000000
81270  -56.929  -16.868  53.796 0.0000000000
82405  -58.425  -14.872  52.692 0.0000000000
84538  -59.720  -12.788  53.283 0.0000000000
86797  -59.633  -12.028  50.748 0.0000000000
86768  -60.981  -11.609  53.119 0.0000000000
56460  -35.744  -36.520  72.593 0.0000000000
58851  -36.516  -35.101  72.637 0.0000000000
57618  -35.263  -35.794  71.070 0.0000000000
54088  -33.992  -38.492  72.564 0.0000000000
55269  -35.081  -37.178  73.049 0.0000000000
55245  -35.787  -37.224  73.784 0.0000000000
65466  -41.723  -29.539  64.403 0.0000000000
66716  -43.233  -29.084  65.190 0.0000000000
65479  -42.028  -29.074  63.326 0.0000000000
82351  -53.754  -16.161  57.232 0.0000000000
81189  -53.740  -16.529  58.712 0.0000000000
82342  -55.136  -15.925  57.790 0.0000000000
81192  -56.645  -16.183  58.085 0.0000000000
81221  -55.879  -16.701  56.576 0.0000000000
45400  -13.170  -46.768  88.450 0.0000000000
46672  -11.879  -45.685  89.149 0.0000000000
44170  -13.171  -47.111  90.005 0.0000000000
65345  -37.217  -31.340  70.887 0.0000000000
65321  -38.784  -31.433  72.068 0.0000000000
65346  -38.310  -31.191  70.849 0.0000000000
64016  -38.972  -31.241  70.001 0.0000000000
65384  -37.090  -30.788  69.000 0.0000000000
38607  -24.033  -51.466  84.516 0.0000000000
47903  -25.387  -43.472  82.960 0.0000000000
47878  -25.587  -43.700  85.381 0.0000000000
47891  -26.305  -43.045  84.575 0.0000000000
49060  -27.652  -42.993  85.844 0.0000000000
49102  -27.409  -42.728  84.230 0.0000000000
50370  -35.140  -41.722  79.526 0.0000000000
50350  -34.038  -42.051  80.266 0.0000000000
50330  -34.788  -41.778  81.233 0.0000000000
50311  -34.526  -41.780  82.210 0.0000000000
40740  -21.918  -50.165  83.311 0.0000000000
39701  -22.038  -50.414  83.767 0.0000000000
39693  -22.404  -51.123  84.716 0.0000000000
66581  -47.868  -30.095  74.232 0.0000000000
76415  -44.602  -21.409  61.055 0.0000000000
75156  -45.146  -22.020  61.687 0.0000000000
76402  -45.815  -20.706  62.086 0.0000000000
61406  -38.145  -33.570  77.638 0.0000000000
62681  -38.644  -32.633  77.337 0.0000000000
61432  -37.481  -33.373  75.769 0.0000000000
62709  -36.929  -32.758  73.692 0.0000000000
62718  -36.016  -32.481  71.809 0.0000000000
63979  -36.090  -31.955  71.524 0.0000000000
41904  -20.759  -48.521  80.422 0.0000000000
43103  -22.454  -47.722  80.635 0.0000000000
43117  -21.975  -47.372  79.652 0.0000000000
46776  -21.025  -44.946  79.269 0.0000000000
46752  -21.213  -44.925  81.045 0.0000000000
46764  -21.462  -44.661  80.438 0.0000000000
46766  -22.852  -44.269  81.089 0.0000000000
47947  -22.893  -43.935  79.288 0.0000000000
51688  -29.616  -40.187  72.674 0.0000000000
52816  -34.936  -39.604  75.201 0.0000000000
52815  -33.866  -40.173  75.563 0.0000000000
52800  -35.126  -39.913  76.528 0.0000000000
51587  -34.666  -40.552  77.438 0.0000000000
52789  -35.933  -39.934  77.766 0.0000000000
53994  -37.263  -38.732  78.940 0.0000000000
54008  -37.241  -38.512  77.510 0.0000000000
57561  -37.006  -35.476  76.106 0.0000000000
57555  -37.083  -35.398  77.253 0.0000000000
58770  -37.110  -34.565  77.665 0.0000000000
60047  -38.027  -33.993  78.534 0.0000000000
43114  -18.649  -48.009  80.294 0.0000000000
65388  -45.443  -30.204  69.618 0.0000000000
66644  -47.092  -29.223  70.364 0.0000000000
66670  -45.748  -28.856  68.411 0.0000000000
67974  -46.187  -28.165  66.116 0.0000000000
67948  -46.932  -28.186  67.401 0.0000000000
67975  -47.496  -28.092  66.391 0.0000000000
67976  -48.582  -27.996  66.515 0.0000000000
68022  -47.893  -27.861  64.502 0.0000000000
78891  -48.133  -19.121  58.904 0.0000000000
78879  -48.614  -19.256  60.290 0.0000000000
78881  -50.627  -18.695  59.587 0.0000000000
80005  -55.368  -17.456  61.450 0.0000000000
78903  -46.173  -18.782  57.374 0.0000000000
78914  -45.475  -18.775  56.377 0.0000000000
80083  -47.730  -17.616  55.336 0.0000000000
81247  -49.092  -17.215  54.723 0.0000000000
81231  -50.757  -16.808  55.567 0.0000000000
81248  -50.182  -16.863  54.670 0.0000000000
81265  -51.568  -16.697  53.858 0.0000000000
46667  -10.867  -44.937  91.319 0.0000000000
46660  -11.267  -45.251  93.588 0.0000000000
42959  -18.016  -48.482  92.377 0.0000000000
44141  -15.816  -47.898  92.564 0.0000000000
42950  -16.823  -48.072  93.176 0.0000000000
42941  -15.305  -47.968  94.898 0.0000000000
42934  -13.847  -47.521  95.327 0.0000000000
45361  -13.454  -46.722  95.860 0.0000000000
41800  -13.169  -47.963  95.680 0.0000000000
41798  -12.206  -47.890  96.694 0.0000000000
63923  -39.400  -31.427  76.035 0.0000000000
65210  -40.380  -30.321  77.362 0.0000000000
63924  -39.977  -31.029  75.811 0.0000000000
65324  -41.286  -30.854  72.484 0.0000000000
65278  -41.687  -30.521  74.330 0.0000000000
65300  -42.426  -30.628  73.599 0.0000000000
65302  -44.271  -30.268  73.921 0.0000000000
63983  -43.825  -30.885  72.240 0.0000000000
64004  -44.471  -30.992  71.495 0.0000000000
64002  -42.577  -30.917  71.465 0.0000000000
64072  -39.960  -31.056  67.526 0.0000000000
65399  -41.891  -30.916  68.497 0.0000000000
64097  -40.494  -30.800  66.922 0.0000000000
65453  -40.695  -30.239  65.606 0.0000000000
64118  -39.918  -30.456  65.581 0.0000000000
43064  -24.310  -46.988  84.168 0.0000000000
41864  -24.404  -47.994  85.131 0.0000000000
44217  -24.411  -47.076  84.925 0.0000000000
50436  -24.919  -42.392  75.923 0.0000000000
49244  -23.929  -43.103  76.319 0.0000000000
49225  -25.185  -43.136  77.456 0.0000000000
49206  -25.379  -43.326  78.961 0.0000000000
49207  -26.282  -42.695  78.615 0.0000000000
51630  -29.206  -40.785  75.443 0.0000000000
51629  -28.227  -40.672  75.455 0.0000000000
50441  -29.356  -41.321  76.947 0.0000000000
50347  -30.906  -42.260  80.470 0.0000000000
50365  -30.105  -42.107  79.479 0.0000000000
50346  -29.816  -42.478  80.560 0.0000000000
50345  -28.531  -42.493  80.708 0.0000000000
50325  -29.629  -42.509  81.733 0.0000000000
50286  -30.201  -42.026  83.598 0.0000000000
50287  -31.127  -42.210  83.483 0.0000000000
56372  -38.162  -37.043  81.052 0.0000000000
44227  -15.071  -47.707  84.508 0.0000000000
43052  -16.662  -48.469  85.608 0.0000000000
43040  -15.772  -48.081  86.446 0.0000000000
38550  -23.371  -52.483  87.840 0.0000000000
69320  -43.006  -26.621  60.663 0.0000000000
68079  -43.465  -27.170  61.519 0.0000000000
70489  -44.622  -25.617  61.230 0.0000000000
72842  -46.858  -23.389  63.017 0.0000000000
70461  -46.557  -25.172  62.543 0.0000000000
70447  -47.780  -24.789  63.728 0.0000000000
70449  -49.106  -25.428  64.166 0.0000000000
71639  -49.067  -24.034  65.188 0.0000000000
78837  -49.625  -19.012  63.601 0.0000000000
77609  -48.156  -20.292  64.297 0.0000000000
77601  -49.661  -19.584  65.339 0.0000000000
81275  -53.886  -16.794  53.028 0.0000000000
81269  -55.785  -17.006  53.670 0.0000000000
82388  -55.198  -16.476  52.866 0.0000000000
83450  -56.758  -14.970  51.764 0.0000000000
83463  -57.920  -14.088  51.457 0.0000000000
84537  -59.313  -13.481  52.902 0.0000000000
84544  -59.013  -13.417  52.053 0.0000000000
87909  -59.543  -10.423  48.889 0.0000000000
87892  -58.316  -11.072  49.118 0.0000000000
87875  -59.873  -11.294  50.321 0.0000000000
86785  -59.957  -11.754  51.931 0.0000000000
87868  -60.889  -10.679  51.749 0.0000000000
89014  -61.703  -9.947  51.342 0.0000000000
87895  -62.289  -10.108  49.807 0.0000000000
57569  -36.816  -35.284  74.988 0.0000000000
60114  -36.980  -33.774  74.558 0.0000000000
58827  -36.697  -34.613  73.391 0.0000000000
58826  -36.440  -34.305  72.451 0.0000000000
43140  -20.824  -46.986  78.856 0.0000000000
52856  -33.568  -39.004  72.937 0.0000000000
52835  -34.157  -39.535  74.064 0.0000000000
54049  -35.550  -38.866  75.058 0.0000000000
54027  -37.100  -38.037  76.790 0.0000000000
54050  -36.284  -38.152  74.775 0.0000000000
56405  -36.937  -36.226  75.214 0.0000000000
65441  -43.487  -29.154  66.850 0.0000000000
66687  -44.800  -28.810  67.311 0.0000000000
66705  -43.731  -28.980  66.274 0.0000000000
66718  -44.901  -28.424  65.170 0.0000000000
66729  -45.272  -28.361  64.186 0.0000000000
80051  -51.134  -17.788  57.958 0.0000000000
78882  -51.542  -18.290  59.335 0.0000000000
80041  -52.963  -17.600  59.296 0.0000000000
80043  -54.512  -16.898  59.866 0.0000000000
81238  -58.284  -16.836  55.908 0.0000000000
45395  -11.664  -45.820  90.350 0.0000000000
45393  -12.157  -46.292  91.379 0.0000000000
63965  -38.559  -31.486  73.487 0.0000000000
63950  -39.526  -30.923  74.646 0.0000000000
65296  -39.103  -31.249  73.130 0.0000000000
65323  -40.428  -30.893  72.400 0.0000000000
65349  -41.083  -30.906  71.489 0.0000000000
64019  -41.514  -30.944  70.548 0.0000000000
64017  -39.921  -31.255  70.387 0.0000000000
64051  -39.364  -31.072  68.273 0.0000000000
64071  -39.013  -31.202  67.264 0.0000000000
46718  -23.335  -44.800  84.236 0.0000000000
45435  -24.135  -45.294  85.033 0.0000000000
46707  -24.260  -44.547  85.145 0.0000000000
47864  -25.749  -44.234  86.009 0.0000000000
49048  -29.556  -43.262  86.557 0.0000000000
51625  -25.355  -41.462  74.657 0.0000000000
51602  -26.094  -41.147  75.878 0.0000000000
50416  -31.569  -41.082  77.577 0.0000000000
50415  -30.724  -41.400  77.695 0.0000000000
50367  -32.193  -41.868  79.325 0.0000000000
50348  -31.921  -42.082  80.394 0.0000000000
50328  -32.695  -42.364  81.339 0.0000000000
50309  -32.608  -42.431  82.318 0.0000000000
50310  -33.657  -42.345  82.379 0.0000000000
43086  -17.343  -48.064  82.244 0.0000000000
41878  -18.488  -48.721  83.477 0.0000000000
40721  -19.503  -49.735  85.152 0.0000000000
40714  -20.167  -50.287  86.637 0.0000000000
39684  -21.340  -50.711  85.535 0.0000000000
72865  -44.367  -23.693  60.632 0.0000000000
71694  -44.618  -24.415  61.035 0.0000000000
73988  -44.979  -22.913  61.289 0.0000000000
73962  -46.234  -22.675  62.580 0.0000000000
73953  -47.262  -22.524  63.562 0.0000000000
83458  -52.762  -14.301  51.545 0.0000000000
83448  -54.639  -15.066  51.880 0.0000000000
83459  -53.818  -14.286  51.425 0.0000000000
89038  -60.539  -9.808  49.617 0.0000000000
89039  -61.313  -9.105  50.065 0.0000000000
90179  -61.154  -8.830  49.368 0.0000000000
90194  -61.711  -7.503  49.113 0.0000000000
43018  -16.662  -48.618  89.299 0.0000000000
42990  -15.603  -48.253  90.396 0.0000000000
63896  -40.102  -30.964  78.878 0.0000000000
63905  -39.086  -32.134  77.809 0.0000000000
62689  -38.646  -32.325  76.251 0.0000000000
62701  -38.666  -32.138  75.615 0.0000000000
61431  -37.286  -33.232  74.814 0.0000000000
62710  -37.350  -32.477  73.914 0.0000000000
63947  -37.829  -32.134  73.968 0.0000000000
63981  -37.393  -31.694  72.272 0.0000000000
65319  -37.121  -31.501  71.568 0.0000000000
40749  -23.046  -50.187  82.732 0.0000000000
40742  -24.412  -50.108  83.472 0.0000000000
41891  -23.444  -49.295  82.041 0.0000000000
43089  -23.628  -47.265  82.302 0.0000000000
44245  -23.169  -46.390  82.905 0.0000000000
45526  -21.780  -45.641  80.271 0.0000000000
45489  -22.164  -45.548  82.374 0.0000000000
46730  -22.583  -45.032  83.437 0.0000000000
46742  -23.226  -44.247  82.714 0.0000000000
47912  -23.821  -43.833  82.635 0.0000000000
47914  -25.417  -43.436  82.009 0.0000000000
51654  -29.689  -40.604  74.492 0.0000000000
51632  -31.140  -40.541  75.540 0.0000000000
51673  -31.956  -39.907  73.918 0.0000000000
51633  -32.261  -40.393  75.640 0.0000000000
51608  -31.616  -40.732  76.578 0.0000000000
51570  -33.275  -40.986  77.862 0.0000000000
51555  -35.201  -41.300  78.971 0.0000000000
51541  -36.107  -40.627  80.284 0.0000000000
53957  -36.349  -39.382  81.365 0.0000000000
52770  -36.983  -39.498  79.813 0.0000000000
55167  -37.933  -37.928  79.747 0.0000000000
55168  -38.364  -36.983  79.561 0.0000000000
55186  -37.363  -37.323  77.273 0.0000000000
56390  -38.159  -36.352  78.548 0.0000000000
57536  -38.312  -35.264  80.202 0.0000000000
60018  -38.208  -33.702  80.301 0.0000000000
43087  -18.358  -48.115  82.176 0.0000000000
66615  -46.912  -30.088  72.491 0.0000000000
66631  -47.877  -29.342  71.516 0.0000000000
66646  -48.697  -29.094  70.674 0.0000000000
67903  -48.547  -28.306  69.227 0.0000000000
67924  -46.608  -28.385  68.348 0.0000000000
67925  -47.734  -28.113  68.394 0.0000000000
77668  -46.561  -19.685  60.298 0.0000000000
77650  -46.642  -19.907  61.089 0.0000000000
77670  -48.230  -19.419  61.002 0.0000000000
78852  -49.590  -19.161  62.565 0.0000000000
78838  -50.387  -18.791  63.181 0.0000000000
78870  -51.636  -18.475  60.537 0.0000000000
78840  -52.135  -18.451  62.667 0.0000000000
66763  -40.058  -28.589  60.872 0.0000000000
66749  -41.220  -28.384  61.879 0.0000000000
68087  -40.858  -27.753  60.146 0.0000000000
69335  -41.640  -26.795  59.808 0.0000000000
70520  -42.630  -25.469  59.476 0.0000000000
72878  -43.017  -23.873  59.549 0.0000000000
75175  -42.761  -22.203  59.733 0.0000000000
76434  -43.492  -21.467  60.113 0.0000000000
76461  -43.465  -20.492  59.429 0.0000000000
77684  -44.911  -19.798  59.020 0.0000000000
77700  -46.155  -19.271  58.769 0.0000000000
78890  -46.773  -19.039  58.285 0.0000000000
78905  -48.540  -18.179  57.601 0.0000000000
78925  -46.558  -18.006  55.510 0.0000000000
78917  -48.430  -17.814  56.728 0.0000000000
80061  -49.952  -17.585  57.143 0.0000000000
80074  -50.945  -17.065  57.077 0.0000000000
81218  -52.211  -16.522  56.728 0.0000000000
81233  -53.087  -16.425  56.111 0.0000000000
81235  -55.067  -16.704  55.930 0.0000000000
81251  -53.320  -16.590  54.857 0.0000000000
82386  -52.684  -16.495  53.027 0.0000000000
82399  -52.197  -15.847  52.426 0.0000000000
83457  -51.806  -14.290  51.661 0.0000000000
44153  -15.107  -47.839  91.364 0.0000000000
44140  -14.473  -47.340  92.698 0.0000000000
45388  -13.584  -46.617  93.012 0.0000000000
44114  -16.064  -47.410  94.072 0.0000000000
45383  -14.957  -46.849  93.947 0.0000000000
45374  -13.006  -46.119  94.246 0.0000000000
46656  -12.364  -45.662  94.764 0.0000000000
46645  -12.223  -45.215  95.743 0.0000000000
46639  -11.610  -45.024  96.150 0.0000000000
44096  -11.699  -46.437  96.961 0.0000000000
66601  -46.801  -29.344  74.697 0.0000000000
65229  -42.065  -29.685  77.402 0.0000000000
65260  -41.018  -30.536  74.990 0.0000000000
65261  -41.862  -30.432  75.260 0.0000000000
65281  -44.457  -29.884  74.784 0.0000000000
65303  -45.292  -29.996  73.958 0.0000000000
65329  -46.139  -30.332  72.978 0.0000000000
64006  -45.973  -30.722  71.925 0.0000000000
64023  -45.130  -30.914  70.623 0.0000000000
65387  -44.317  -30.481  69.253 0.0000000000
64038  -42.143  -31.008  69.737 0.0000000000
65400  -42.437  -30.765  68.427 0.0000000000
65420  -42.663  -30.307  67.571 0.0000000000
65440  -42.825  -29.659  66.412 0.0000000000
65454  -41.627  -29.864  65.494 0.0000000000
65477  -40.170  -29.936  63.542 0.0000000000
65396  -36.243  -30.393  68.340 0.0000000000
65416  -36.204  -30.502  67.222 0.0000000000
64069  -37.318  -30.916  66.825 0.0000000000
64115  -37.089  -30.967  65.314 0.0000000000
64135  -38.453  -30.796  64.409 0.0000000000
64154  -38.838  -30.628  63.433 0.0000000000
64171  -39.285  -30.207  62.740 0.0000000000
65509  -39.721  -29.088  61.311 0.0000000000
44189  -24.716  -46.622  85.361 0.0000000000
47980  -21.604  -43.749  77.186 0.0000000000
48003  -22.961  -43.245  76.840 0.0000000000
47960  -22.711  -43.832  78.294 0.0000000000
47948  -23.871  -43.851  79.498 0.0000000000
47939  -25.446  -43.412  80.616 0.0000000000
49155  -26.297  -42.988  81.355 0.0000000000
51651  -26.666  -40.146  74.407 0.0000000000
51603  -26.757  -41.059  76.034 0.0000000000
50439  -27.042  -41.298  76.757 0.0000000000
50414  -29.808  -41.526  77.674 0.0000000000
50385  -28.286  -41.745  78.495 0.0000000000
50384  -27.147  -41.981  78.461 0.0000000000
49193  -27.535  -42.427  80.072 0.0000000000
49176  -27.570  -42.697  80.727 0.0000000000
49137  -27.192  -42.892  82.378 0.0000000000
50305  -28.719  -42.501  83.194 0.0000000000
50265  -29.951  -42.202  84.364 0.0000000000
46677  -12.131  -45.005  87.433 0.0000000000
45403  -13.142  -46.621  87.554 0.0000000000
45433  -13.818  -46.684  84.409 0.0000000000
46704  -12.650  -45.120  85.267 0.0000000000
44200  -13.805  -46.706  86.456 0.0000000000
44179  -14.417  -47.437  87.458 0.0000000000
43016  -14.970  -47.806  88.277 0.0000000000
41839  -16.926  -48.803  88.615 0.0000000000
39667  -21.379  -51.018  87.650 0.0000000000
66751  -42.862  -28.086  62.073 0.0000000000
68039  -44.482  -27.750  62.704 0.0000000000
68041  -45.830  -27.867  63.100 0.0000000000
70476  -45.769  -25.313  61.981 0.0000000000
69299  -46.155  -26.881  62.460 0.0000000000
68043  -47.719  -27.439  63.642 0.0000000000
69285  -49.121  -27.009  63.922 0.0000000000
77621  -46.872  -20.062  63.007 0.0000000000
76368  -47.514  -20.718  64.015 0.0000000000
73943  -48.246  -22.465  64.887 0.0000000000
81236  -56.211  -17.055  55.675 0.0000000000
81255  -57.528  -17.146  54.864 0.0000000000
81256  -58.599  -16.472  54.955 0.0000000000
82403  -56.508  -15.689  52.325 0.0000000000
82390  -57.360  -16.190  53.078 0.0000000000
82374  -59.424  -14.804  55.094 0.0000000000
83430  -59.596  -14.052  54.625 0.0000000000
84529  -60.110  -13.081  54.211 0.0000000000
85699  -58.565  -12.796  50.862 0.0000000000
85689  -59.470  -12.444  51.772 0.0000000000
85670  -60.412  -12.175  53.303 0.0000000000
87878  -62.343  -10.112  50.891 0.0000000000
56459  -35.494  -36.637  71.992 0.0000000000
55287  -34.507  -37.463  71.957 0.0000000000
56447  -35.506  -36.758  72.737 0.0000000000
65478  -40.950  -29.557  63.448 0.0000000000
65497  -41.775  -28.726  62.635 0.0000000000
82352  -54.490  -16.151  57.193 0.0000000000
82341  -54.289  -15.908  58.020 0.0000000000
82325  -55.865  -15.939  58.374 0.0000000000
82343  -55.815  -16.157  57.585 0.0000000000
81208  -56.350  -16.429  57.249 0.0000000000
82354  -55.705  -16.395  57.033 0.0000000000
45399  -12.616  -46.347  89.171 0.0000000000
44171  -13.876  -47.380  89.283 0.0000000000
65365  -37.201  -31.018  69.973 0.0000000000
65366  -38.022  -31.021  69.592 0.0000000000
38608  -24.503  -51.148  84.391 0.0000000000
39695  -24.275  -50.783  84.016 0.0000000000
49100  -26.040  -43.220  83.310 0.0000000000
47890  -25.669  -43.471  84.196 0.0000000000
49101  -26.610  -43.067  83.922 0.0000000000
49120  -27.308  -42.836  83.312 0.0000000000
51523  -35.707  -41.060  81.033 0.0000000000
50351  -35.066  -41.880  80.222 0.0000000000
52726  -35.657  -40.564  81.914 0.0000000000
39694  -23.441  -51.151  84.120 0.0000000000
76416  -45.184  -20.771  61.241 0.0000000000
60065  -37.269  -33.980  77.284 0.0000000000
61420  -37.775  -33.553  76.707 0.0000000000
60098  -37.063  -33.755  75.885 0.0000000000
61465  -35.525  -32.813  71.568 0.0000000000
61448  -36.203  -33.006  72.367 0.0000000000
41905  -21.673  -48.274  80.111 0.0000000000
43116  -21.032  -48.204  79.485 0.0000000000
47945  -21.363  -44.433  78.639 0.0000000000
47934  -21.529  -44.458  79.492 0.0000000000
47935  -22.028  -43.871  79.979 0.0000000000
52801  -36.073  -39.553  76.886 0.0000000000
54007  -36.613  -39.328  77.227 0.0000000000
58778  -37.037  -34.602  76.823 0.0000000000
43115  -19.790  -48.309  80.024 0.0000000000
65403  -45.503  -29.455  68.997 0.0000000000
67998  -46.281  -28.159  64.853 0.0000000000
67999  -47.158  -28.112  65.239 0.0000000000
68000  -48.165  -27.977  65.481 0.0000000000
78880  -49.467  -18.976  59.878 0.0000000000
79984  -55.103  -17.648  62.625 0.0000000000
81263  -49.524  -16.717  53.715 0.0000000000
81264  -50.545  -16.651  53.805 0.0000000000
45386  -11.652  -45.614  91.967 0.0000000000
46665  -10.884  -44.841  92.449 0.0000000000
42958  -17.523  -48.317  92.565 0.0000000000
41815  -17.478  -48.695  93.139 0.0000000000
42933  -13.509  -47.716  95.546 0.0000000000
41799  -12.771  -47.892  96.042 0.0000000000
63935  -38.744  -31.753  75.123 0.0000000000
65299  -41.509  -30.751  73.426 0.0000000000
65325  -42.264  -30.807  72.524 0.0000000000
65326  -43.164  -30.724  72.888 0.0000000000
63982  -43.072  -30.801  72.096 0.0000000000
65438  -40.431  -30.507  66.270 0.0000000000
64117  -39.056  -30.781  65.438 0.0000000000
44228  -23.813  -46.323  83.746 0.0000000000
43053  -24.374  -46.976  84.705 0.0000000000
44216  -24.263  -46.396  84.642 0.0000000000
50409  -25.169  -42.269  76.724 0.0000000000
49226  -25.981  -42.534  77.733 0.0000000000
50383  -26.382  -42.136  77.883 0.0000000000
51606  -29.705  -40.985  76.270 0.0000000000
50442  -30.205  -41.397  76.911 0.0000000000
50307  -30.446  -42.158  82.639 0.0000000000
50308  -31.456  -42.110  82.499 0.0000000000
56363  -38.077  -36.330  81.418 0.0000000000
41847  -18.725  -49.540  86.687 0.0000000000
70503  -43.914  -25.832  60.492 0.0000000000
70488  -44.332  -26.078  60.933 0.0000000000
70504  -44.470  -24.967  60.679 0.0000000000
71649  -47.271  -23.877  63.681 0.0000000000
71665  -47.372  -24.413  63.555 0.0000000000
71650  -47.761  -24.378  64.051 0.0000000000
71651  -48.594  -24.569  64.545 0.0000000000
71638  -48.316  -23.796  64.790 0.0000000000
78826  -50.308  -18.741  64.173 0.0000000000
78825  -49.645  -19.034  64.435 0.0000000000
82400  -53.361  -16.199  52.510 0.0000000000
82387  -54.656  -16.573  52.785 0.0000000000
82401  -54.446  -15.974  52.389 0.0000000000
83464  -58.486  -13.717  51.634 0.0000000000
84556  -58.104  -13.580  51.138 0.0000000000
87894  -60.402  -10.423  50.117 0.0000000000
87893  -59.709  -10.846  49.597 0.0000000000
87876  -60.459  -10.823  50.860 0.0000000000
87877  -60.975  -10.332  51.328 0.0000000000
87869  -61.382  -10.321  51.565 0.0000000000
89022  -61.254  -9.847  50.851 0.0000000000
58808  -36.796  -34.508  74.340 0.0000000000
58850  -36.056  -34.797  71.772 0.0000000000
52871  -32.793  -38.977  72.004 0.0000000000
54089  -34.537  -38.024  72.861 0.0000000000
54069  -34.333  -38.707  73.252 0.0000000000
52836  -35.014  -39.100  74.530 0.0000000000
54071  -35.986  -37.711  74.202 0.0000000000
56426  -36.071  -36.316  73.995 0.0000000000
55224  -36.365  -37.024  74.547 0.0000000000
56412  -36.266  -36.014  74.672 0.0000000000
57560  -37.011  -35.550  75.453 0.0000000000
66704  -43.064  -29.272  65.794 0.0000000000
66727  -43.477  -28.897  64.141 0.0000000000
66717  -44.064  -28.717  65.226 0.0000000000
80064  -52.119  -17.157  57.877 0.0000000000
80052  -51.880  -17.586  58.148 0.0000000000
80053  -52.585  -17.259  58.392 0.0000000000
81171  -54.917  -16.360  59.606 0.0000000000
80026  -55.133  -16.972  60.370 0.0000000000
81155  -55.577  -16.562  60.073 0.0000000000
82355  -58.766  -16.410  56.965 0.0000000000
45398  -11.918  -46.003  89.641 0.0000000000
44151  -13.019  -46.796  91.367 0.0000000000
65295  -38.413  -31.440  72.764 0.0000000000
65347  -39.393  -31.218  71.375 0.0000000000
65322  -39.634  -31.123  72.304 0.0000000000
65348  -40.172  -31.066  71.623 0.0000000000
65367  -39.945  -31.219  71.096 0.0000000000
65368  -40.488  -31.047  70.976 0.0000000000
64034  -38.734  -30.961  68.984 0.0000000000
64050  -38.449  -31.073  68.005 0.0000000000
47888  -23.581  -44.251  84.214 0.0000000000
46719  -23.813  -44.458  84.692 0.0000000000
47889  -24.416  -43.934  84.616 0.0000000000
49080  -28.375  -42.551  85.258 0.0000000000
49061  -28.486  -42.997  85.812 0.0000000000
49081  -29.095  -42.660  85.406 0.0000000000
51626  -25.667  -41.076  75.200 0.0000000000
50389  -32.528  -41.288  78.250 0.0000000000
50368  -33.260  -41.813  79.281 0.0000000000
50349  -32.959  -42.148  80.320 0.0000000000
49158  -32.903  -42.444  81.860 0.0000000000
49140  -33.439  -42.383  81.900 0.0000000000
50290  -34.420  -41.891  83.102 0.0000000000
41886  -18.697  -48.410  82.843 0.0000000000
43074  -17.988  -48.236  82.958 0.0000000000
41879  -19.282  -48.737  83.201 0.0000000000
40731  -20.154  -49.671  84.241 0.0000000000
40722  -20.481  -50.256  85.444 0.0000000000
39683  -20.911  -50.458  85.726 0.0000000000
38590  -23.824  -51.793  85.404 0.0000000000
38589  -22.927  -51.644  85.705 0.0000000000
73987  -44.462  -22.852  60.823 0.0000000000
72866  -44.819  -23.645  61.236 0.0000000000
75157  -45.545  -21.934  62.191 0.0000000000
75145  -46.267  -21.795  62.953 0.0000000000
73963  -46.767  -22.643  63.063 0.0000000000
75135  -46.753  -21.709  63.446 0.0000000000
89052  -59.612  -9.892  48.341 0.0000000000
89053  -60.605  -9.030  48.542 0.0000000000
43005  -17.038  -48.552  89.943 0.0000000000
40685  -18.474  -49.222  91.959 0.0000000000
62672  -39.048  -32.399  78.543 0.0000000000
62673  -39.369  -31.795  78.951 0.0000000000
62688  -38.200  -32.935  76.310 0.0000000000
61440  -36.827  -33.139  74.125 0.0000000000
62720  -37.055  -32.534  73.394 0.0000000000
63964  -38.040  -31.873  73.030 0.0000000000
63980  -36.711  -31.833  71.779 0.0000000000
41898  -22.723  -48.567  81.335 0.0000000000
43104  -23.243  -47.665  81.448 0.0000000000
44263  -23.017  -46.648  81.990 0.0000000000
44244  -22.605  -46.063  82.422 0.0000000000
44316  -21.603  -46.533  79.267 0.0000000000
44297  -21.579  -45.870  79.596 0.0000000000
45509  -21.882  -45.201  81.193 0.0000000000
46740  -21.775  -45.034  82.559 0.0000000000
46741  -22.431  -44.625  82.657 0.0000000000
47923  -23.749  -43.981  81.541 0.0000000000
46755  -23.380  -44.047  82.168 0.0000000000
47913  -24.624  -43.676  82.302 0.0000000000
47924  -24.872  -43.672  81.234 0.0000000000
51670  -29.184  -40.452  73.538 0.0000000000
51655  -30.668  -40.500  74.547 0.0000000000
52854  -31.716  -39.902  73.208 0.0000000000
51634  -33.028  -40.325  75.966 0.0000000000
52814  -32.950  -40.119  75.495 0.0000000000
51609  -32.618  -40.557  76.564 0.0000000000
51585  -33.029  -40.722  77.231 0.0000000000
51586  -33.802  -40.765  77.300 0.0000000000
51588  -35.265  -40.465  77.833 0.0000000000
51572  -34.905  -40.939  78.190 0.0000000000
51573  -35.598  -40.685  78.439 0.0000000000
51556  -35.902  -40.796  79.320 0.0000000000
52769  -36.507  -40.228  79.630 0.0000000000
55157  -38.315  -37.311  80.388 0.0000000000
55204  -36.943  -37.419  76.427 0.0000000000
57547  -37.352  -35.211  77.912 0.0000000000
56389  -37.640  -36.179  77.733 0.0000000000
57548  -38.044  -35.397  78.497 0.0000000000
56382  -38.306  -36.010  79.383 0.0000000000
57541  -38.229  -35.100  79.381 0.0000000000
58757  -38.108  -34.427  79.877 0.0000000000
61391  -38.397  -33.257  78.751 0.0000000000
62664  -38.775  -32.582  79.581 0.0000000000
43101  -18.256  -48.113  81.215 0.0000000000
41889  -20.992  -49.173  81.783 0.0000000000
66630  -47.125  -29.681  71.668 0.0000000000
67884  -47.121  -28.912  69.665 0.0000000000
67885  -47.591  -28.865  69.843 0.0000000000
67886  -48.572  -28.843  70.092 0.0000000000
67902  -47.678  -28.530  69.176 0.0000000000
67946  -45.138  -28.319  66.863 0.0000000000
66688  -45.541  -28.460  67.805 0.0000000000
67947  -45.717  -28.261  67.367 0.0000000000
67926  -48.726  -27.865  68.433 0.0000000000
67950  -49.099  -27.867  67.530 0.0000000000
67977  -49.612  -28.063  66.569 0.0000000000
77687  -47.123  -19.480  59.839 0.0000000000
77669  -47.302  -19.575  60.630 0.0000000000
77688  -47.830  -19.337  60.014 0.0000000000
78869  -50.448  -18.783  60.823 0.0000000000
78868  -49.235  -19.249  61.228 0.0000000000
80023  -52.380  -18.034  59.895 0.0000000000
78871  -52.619  -18.151  60.822 0.0000000000
79982  -53.024  -17.967  62.639 0.0000000000
44090  -10.815  -45.875  97.430 0.0000000000
45348  -10.539  -45.332  97.392 0.0000000000
44089  -10.302  -45.737  97.554 0.0000000000
70519  -41.980  -25.964  59.377 0.0000000000
71723  -41.433  -24.983  58.734 0.0000000000
72892  -42.359  -24.043  59.219 0.0000000000
72877  -42.263  -23.591  59.186 0.0000000000
73997  -43.364  -22.925  59.824 0.0000000000
75174  -42.402  -22.426  59.351 0.0000000000
76433  -42.721  -21.652  59.674 0.0000000000
76460  -42.300  -21.193  59.197 0.0000000000
77683  -44.096  -19.998  58.894 0.0000000000
77698  -44.581  -19.676  58.281 0.0000000000
77685  -45.637  -19.557  59.242 0.0000000000
77699  -45.308  -19.329  58.336 0.0000000000
78904  -47.324  -18.580  57.551 0.0000000000
80085  -49.032  -17.361  55.602 0.0000000000
80070  -48.068  -17.784  56.067 0.0000000000
80071  -48.792  -17.589  56.196 0.0000000000
80060  -49.139  -17.732  56.928 0.0000000000
80062  -50.727  -17.466  57.362 0.0000000000
80073  -50.448  -17.174  56.750 0.0000000000
81232  -51.811  -16.687  55.775 0.0000000000
82385  -51.853  -16.362  53.023 0.0000000000
81266  -52.549  -16.719  53.876 0.0000000000
47827  -10.569  -44.040  93.900 0.0000000000
42977  -16.009  -48.432  91.112 0.0000000000
44154  -16.228  -48.370  91.802 0.0000000000
44131  -16.504  -47.753  92.922 0.0000000000
44139  -13.424  -46.814  92.178 0.0000000000
44129  -14.594  -47.262  93.486 0.0000000000
40670  -16.409  -48.673  93.760 0.0000000000
44112  -14.761  -47.225  94.792 0.0000000000
45377  -14.952  -47.116  94.359 0.0000000000
45376  -14.283  -46.966  94.428 0.0000000000
45381  -13.617  -46.593  93.776 0.0000000000
45375  -13.655  -46.534  94.400 0.0000000000
46657  -12.975  -46.050  94.893 0.0000000000
45360  -13.235  -46.346  96.038 0.0000000000
46646  -12.992  -45.739  95.972 0.0000000000
46641  -12.823  -45.993  96.220 0.0000000000
46640  -12.190  -45.752  96.370 0.0000000000
46635  -11.719  -45.954  96.855 0.0000000000
44097  -12.284  -46.632  96.676 0.0000000000
40654  -12.031  -48.688  96.638 0.0000000000
66588  -46.587  -29.221  75.427 0.0000000000
66589  -47.236  -29.293  74.859 0.0000000000
65283  -46.186  -29.412  75.136 0.0000000000
65227  -40.470  -30.564  76.420 0.0000000000
65228  -41.087  -30.117  76.897 0.0000000000
65245  -41.951  -30.113  76.261 0.0000000000
65276  -39.899  -30.751  74.143 0.0000000000
65259  -40.387  -30.637  74.769 0.0000000000
65277  -40.825  -30.632  74.185 0.0000000000
65262  -42.756  -30.092  75.451 0.0000000000
65263  -43.685  -29.842  75.621 0.0000000000
65280  -43.492  -30.029  74.642 0.0000000000
65327  -44.051  -30.589  73.061 0.0000000000
63985  -45.582  -30.710  72.412 0.0000000000
64022  -44.178  -31.136  70.648 0.0000000000
64041  -44.681  -30.917  69.882 0.0000000000
65386  -43.687  -30.770  69.280 0.0000000000
64037  -41.375  -30.991  69.637 0.0000000000
64020  -42.379  -31.060  70.545 0.0000000000
65419  -41.826  -30.863  67.887 0.0000000000
65401  -43.436  -30.417  68.638 0.0000000000
64137  -40.188  -30.234  65.078 0.0000000000
65465  -40.600  -29.976  64.531 0.0000000000
64093  -36.839  -31.022  66.157 0.0000000000
64094  -37.662  -30.904  66.183 0.0000000000
64134  -37.395  -30.964  64.374 0.0000000000
64153  -37.735  -30.823  63.358 0.0000000000
65494  -39.051  -29.747  61.880 0.0000000000
41881  -24.499  -49.114  83.249 0.0000000000
41882  -24.699  -49.594  83.681 0.0000000000
41873  -24.558  -48.355  84.429 0.0000000000
41855  -24.478  -47.752  85.218 0.0000000000
45420  -24.781  -45.294  85.506 0.0000000000
45407  -24.582  -46.223  85.320 0.0000000000
45408  -24.948  -45.686  85.593 0.0000000000
49224  -24.184  -43.296  77.283 0.0000000000
47982  -23.442  -43.493  77.494 0.0000000000
47961  -23.633  -43.813  78.484 0.0000000000
47962  -24.579  -43.697  78.608 0.0000000000
49190  -25.351  -43.401  79.629 0.0000000000
49174  -25.949  -43.092  80.860 0.0000000000
49175  -26.609  -42.899  80.671 0.0000000000
51652  -27.736  -40.359  74.466 0.0000000000
51605  -28.718  -40.994  76.557 0.0000000000
51628  -27.231  -40.633  75.342 0.0000000000
51604  -27.696  -40.951  76.365 0.0000000000
50412  -27.758  -41.278  77.396 0.0000000000
50388  -31.419  -41.526  78.464 0.0000000000
50386  -29.384  -41.758  78.520 0.0000000000
50363  -27.783  -42.207  79.572 0.0000000000
50362  -27.256  -42.318  79.177 0.0000000000
49177  -28.115  -42.590  81.318 0.0000000000
49157  -27.732  -42.680  81.783 0.0000000000
49138  -27.942  -42.684  82.732 0.0000000000
50288  -32.179  -42.407  83.394 0.0000000000
53958  -36.941  -38.890  81.087 0.0000000000
43072  -16.325  -48.126  83.623 0.0000000000
44242  -15.578  -47.359  83.322 0.0000000000
44215  -14.847  -47.762  85.077 0.0000000000
45432  -13.296  -46.007  84.810 0.0000000000
45417  -13.748  -46.656  85.279 0.0000000000
45416  -13.333  -46.144  85.871 0.0000000000
44201  -14.119  -46.891  85.931 0.0000000000
43041  -16.606  -48.481  86.883 0.0000000000
43027  -15.081  -47.706  87.095 0.0000000000
43028  -16.001  -48.308  87.637 0.0000000000
41838  -16.388  -48.563  88.233 0.0000000000
41844  -16.602  -48.642  87.907 0.0000000000
39676  -21.411  -50.905  86.624 0.0000000000
39666  -20.768  -50.618  87.187 0.0000000000
66618  -48.983  -29.370  71.959 0.0000000000
66766  -42.174  -27.824  61.654 0.0000000000
66750  -41.802  -28.321  62.131 0.0000000000
69296  -44.338  -26.675  61.688 0.0000000000
68061  -43.962  -27.405  62.083 0.0000000000
68040  -45.019  -27.940  63.187 0.0000000000
68063  -45.538  -27.364  62.617 0.0000000000
71678  -45.162  -24.516  61.585 0.0000000000
70475  -45.073  -25.435  61.679 0.0000000000
70462  -47.515  -25.129  63.273 0.0000000000
69282  -46.810  -26.179  62.706 0.0000000000
68042  -46.727  -27.443  63.081 0.0000000000
69284  -48.398  -26.777  63.564 0.0000000000
69272  -49.773  -26.343  64.090 0.0000000000
77637  -47.439  -19.820  62.514 0.0000000000
77636  -46.617  -20.164  62.101 0.0000000000
77599  -48.602  -20.470  65.051 0.0000000000
76357  -48.238  -20.949  64.620 0.0000000000
75136  -47.597  -21.659  64.209 0.0000000000
75126  -48.413  -21.545  65.008 0.0000000000
81253  -55.380  -16.991  54.713 0.0000000000
81254  -56.497  -17.157  54.660 0.0000000000
81271  -58.053  -16.530  54.010 0.0000000000
82402  -55.435  -15.752  52.367 0.0000000000
83449  -55.686  -15.026  51.796 0.0000000000
82404  -57.621  -15.428  52.450 0.0000000000
82391  -58.558  -15.537  53.590 0.0000000000
83429  -59.187  -14.800  54.386 0.0000000000
83437  -59.122  -14.332  53.474 0.0000000000
83438  -59.537  -13.450  53.801 0.0000000000
84530  -60.775  -13.304  54.526 0.0000000000
85663  -60.735  -12.753  53.950 0.0000000000
86811  -58.908  -11.665  49.780 0.0000000000
86796  -58.303  -12.282  50.151 0.0000000000
85688  -59.016  -12.842  51.398 0.0000000000
85700  -59.206  -12.572  51.180 0.0000000000
86777  -60.924  -11.116  52.447 0.0000000000
86776  -60.301  -11.548  52.607 0.0000000000
85671  -61.052  -12.249  53.540 0.0000000000
86769  -61.277  -11.894  53.187 0.0000000000
90163  -61.743  -9.074  50.386 0.0000000000
89023  -62.010  -9.483  50.953 0.0000000000
57597  -36.326  -35.699  73.327 0.0000000000
57605  -36.091  -35.931  72.418 0.0000000000
57604  -35.826  -35.685  71.572 0.0000000000
52872  -33.533  -38.724  72.301 0.0000000000
54099  -34.114  -38.009  72.338 0.0000000000
55244  -35.400  -37.424  73.507 0.0000000000
55270  -35.433  -37.079  73.419 0.0000000000
56448  -35.767  -36.614  73.194 0.0000000000
65467  -42.607  -29.165  64.358 0.0000000000
65480  -42.756  -28.939  63.742 0.0000000000
66739  -42.992  -28.626  63.093 0.0000000000
81206  -53.488  -16.186  57.891 0.0000000000
82323  -54.615  -15.877  58.496 0.0000000000
81193  -57.765  -16.437  58.567 0.0000000000
81194  -58.355  -16.491  58.328 0.0000000000
81209  -57.274  -16.564  57.549 0.0000000000
81222  -56.791  -16.832  56.638 0.0000000000
63999  -39.239  -31.160  70.730 0.0000000000
65385  -37.830  -30.972  68.589 0.0000000000
47902  -24.580  -43.722  83.404 0.0000000000
47879  -26.280  -43.112  85.172 0.0000000000
49059  -26.947  -42.856  85.491 0.0000000000
49078  -26.801  -42.791  84.790 0.0000000000
49079  -27.523  -42.594  85.081 0.0000000000
49103  -28.121  -42.457  84.527 0.0000000000
50369  -34.367  -41.725  79.199 0.0000000000
51509  -35.336  -41.102  81.981 0.0000000000
39700  -21.454  -50.333  84.077 0.0000000000
39692  -21.542  -50.564  84.587 0.0000000000
38606  -23.299  -51.540  84.856 0.0000000000
76414  -44.206  -21.924  60.686 0.0000000000
75165  -44.668  -22.172  61.289 0.0000000000
76401  -45.301  -21.238  61.873 0.0000000000
76384  -45.900  -21.241  62.608 0.0000000000
62680  -38.228  -33.159  76.995 0.0000000000
60128  -36.555  -33.644  72.845 0.0000000000
61449  -36.657  -33.099  73.323 0.0000000000
62719  -36.717  -32.656  72.814 0.0000000000
63962  -36.510  -32.230  72.083 0.0000000000
63961  -36.092  -32.190  71.658 0.0000000000
41897  -21.605  -48.706  80.988 0.0000000000
46775  -21.325  -45.314  78.864 0.0000000000
45525  -20.952  -45.171  80.448 0.0000000000
46754  -22.833  -44.310  81.755 0.0000000000
46765  -22.346  -44.396  80.882 0.0000000000
47936  -23.115  -44.025  80.496 0.0000000000
52834  -32.747  -39.901  74.697 0.0000000000
52799  -34.200  -40.276  76.362 0.0000000000
51611  -34.267  -40.439  76.810 0.0000000000
52788  -35.247  -40.222  77.387 0.0000000000
52781  -36.716  -39.744  78.790 0.0000000000
52790  -36.783  -39.292  78.032 0.0000000000
56399  -37.030  -36.396  76.865 0.0000000000
58771  -37.716  -34.585  78.178 0.0000000000
60046  -37.465  -33.984  77.961 0.0000000000
61390  -38.094  -33.829  78.142 0.0000000000
43102  -19.192  -48.366  80.912 0.0000000000
41903  -19.955  -48.627  80.790 0.0000000000
66643  -46.394  -29.882  70.158 0.0000000000
66656  -46.186  -29.409  69.426 0.0000000000
66657  -46.713  -28.994  69.243 0.0000000000
66671  -46.569  -28.709  68.733 0.0000000000
66707  -45.339  -28.266  65.849 0.0000000000
68023  -48.751  -27.678  64.723 0.0000000000
80004  -54.284  -17.685  61.547 0.0000000000
80003  -53.296  -17.982  61.615 0.0000000000
83423  -60.432  -14.668  55.459 0.0000000000
75192  -41.851  -22.266  58.982 0.0000000000
78901  -44.654  -19.319  57.090 0.0000000000
78902  -45.102  -19.013  57.498 0.0000000000
80096  -48.698  -17.411  55.203 0.0000000000
81229  -49.463  -17.041  55.620 0.0000000000
81215  -49.766  -16.891  55.900 0.0000000000
81230  -49.903  -16.900  55.460 0.0000000000
81249  -51.211  -16.808  54.754 0.0000000000
46659  -10.748  -44.484  93.261 0.0000000000
46654  -11.034  -44.744  93.976 0.0000000000
42967  -17.612  -48.238  91.943 0.0000000000
44132  -17.212  -48.198  92.613 0.0000000000
44122  -16.089  -47.553  93.504 0.0000000000
41810  -15.600  -48.239  94.519 0.0000000000
42935  -14.612  -47.714  94.964 0.0000000000
44107  -14.272  -47.231  95.095 0.0000000000
45365  -13.379  -46.310  95.392 0.0000000000
44103  -13.722  -46.948  95.548 0.0000000000
44102  -13.392  -46.880  96.046 0.0000000000
44101  -13.028  -46.728  96.436 0.0000000000
42926  -12.607  -47.201  96.609 0.0000000000
40655  -12.391  -48.324  96.312 0.0000000000
63914  -39.506  -31.558  77.049 0.0000000000
63915  -39.990  -31.006  76.762 0.0000000000
65301  -43.336  -30.435  73.783 0.0000000000
63984  -44.731  -30.869  72.358 0.0000000000
64003  -43.544  -31.057  71.446 0.0000000000
64021  -43.255  -31.182  70.598 0.0000000000
64052  -40.298  -31.212  68.492 0.0000000000
64053  -41.277  -31.057  68.672 0.0000000000
64073  -40.910  -30.985  67.684 0.0000000000
64136  -39.639  -30.545  64.491 0.0000000000
43054  -24.330  -47.510  84.728 0.0000000000
43042  -24.432  -47.342  85.099 0.0000000000
44204  -24.539  -47.103  85.184 0.0000000000
46679  -25.635  -44.856  85.733 0.0000000000
45409  -25.613  -45.489  85.573 0.0000000000
50435  -24.352  -42.622  75.279 0.0000000000
49245  -24.816  -42.699  76.589 0.0000000000
50366  -31.157  -41.954  79.424 0.0000000000
50306  -29.521  -42.357  82.841 0.0000000000
43061  -15.950  -48.171  84.420 0.0000000000
43051  -15.361  -48.055  85.362 0.0000000000
43039  -14.781  -47.635  86.023 0.0000000000
41845  -17.122  -48.832  87.545 0.0000000000
38560  -23.081  -51.959  87.577 0.0000000000
38559  -22.454  -51.609  87.569 0.0000000000
68078  -42.795  -27.345  61.359 0.0000000000
69310  -43.381  -26.887  61.136 0.0000000000
69311  -44.068  -26.563  61.249 0.0000000000
69297  -44.803  -26.317  61.870 0.0000000000
72841  -46.320  -23.478  62.424 0.0000000000
71663  -46.329  -24.325  62.335 0.0000000000
71664  -46.999  -24.372  63.075 0.0000000000
70463  -48.333  -25.814  63.490 0.0000000000
70448  -48.159  -25.000  63.870 0.0000000000
71652  -49.530  -24.695  64.831 0.0000000000
77639  -48.988  -19.481  63.186 0.0000000000
77623  -48.419  -19.767  63.788 0.0000000000
77610  -48.692  -19.857  64.612 0.0000000000
77600  -49.091  -20.022  65.233 0.0000000000
81267  -53.509  -16.797  53.654 0.0000000000
81268  -54.609  -16.949  53.492 0.0000000000
82389  -56.201  -16.389  52.946 0.0000000000
83451  -57.754  -14.686  51.923 0.0000000000
83452  -58.658  -14.134  52.267 0.0000000000
84545  -59.391  -12.823  52.450 0.0000000000
87908  -58.876  -10.525  48.652 0.0000000000
86812  -59.554  -11.473  50.094 0.0000000000
86798  -60.212  -11.484  51.390 0.0000000000
86786  -60.482  -11.216  51.884 0.0000000000
87862  -61.504  -10.765  52.137 0.0000000000
90181  -62.240  -8.196  49.670 0.0000000000
89040  -62.207  -9.206  50.200 0.0000000000
89055  -62.407  -9.084  49.110 0.0000000000
58795  -36.811  -34.842  75.606 0.0000000000
58783  -36.867  -34.287  75.647 0.0000000000
58794  -36.901  -34.397  75.093 0.0000000000
43128  -21.188  -47.235  79.089 0.0000000000
45547  -21.246  -45.691  78.581 0.0000000000
46788  -21.102  -44.887  78.103 0.0000000000
52870  -31.570  -39.735  72.260 0.0000000000
54026  -36.436  -38.751  76.171 0.0000000000
55203  -36.645  -37.369  75.537 0.0000000000
57570  -36.889  -35.262  75.546 0.0000000000
65421  -43.785  -29.479  67.515 0.0000000000
65422  -44.559  -29.239  67.833 0.0000000000
66686  -43.846  -28.947  67.045 0.0000000000
66706  -44.762  -28.507  66.191 0.0000000000
66719  -45.605  -28.244  65.143 0.0000000000
66730  -45.795  -28.244  64.538 0.0000000000
78893  -50.792  -18.247  58.618 0.0000000000
78894  -51.520  -18.003  58.573 0.0000000000
80040  -52.150  -17.820  58.934 0.0000000000
80054  -53.199  -17.001  58.869 0.0000000000
80042  -53.782  -17.126  59.565 0.0000000000
80025  -54.422  -17.359  60.533 0.0000000000
82344  -58.728  -16.485  58.014 0.0000000000
83411  -59.266  -15.918  56.357 0.0000000000
82365  -58.979  -15.885  55.878 0.0000000000
46671  -11.552  -45.012  89.428 0.0000000000
46669  -11.142  -44.894  90.353 0.0000000000
45392  -11.417  -45.569  91.083 0.0000000000
63949  -39.021  -31.100  74.218 0.0000000000
65275  -39.427  -30.925  73.686 0.0000000000
65297  -39.827  -30.885  73.172 0.0000000000
64001  -41.871  -30.846  71.182 0.0000000000
65369  -40.962  -30.945  70.844 0.0000000000
64018  -40.798  -31.009  70.324 0.0000000000
64035  -39.643  -31.189  69.292 0.0000000000
64095  -38.583  -30.895  66.311 0.0000000000
46705  -23.618  -45.236  84.460 0.0000000000
45434  -24.080  -45.598  84.767 0.0000000000
46706  -23.843  -44.980  84.870 0.0000000000
46690  -24.235  -45.054  85.198 0.0000000000
46691  -24.764  -44.866  85.475 0.0000000000
47877  -24.977  -44.263  85.455 0.0000000000
46692  -25.370  -44.715  85.666 0.0000000000
47852  -26.083  -44.440  86.118 0.0000000000
49046  -27.944  -43.368  86.202 0.0000000000
50458  -25.000  -42.214  74.720 0.0000000000
50459  -25.451  -41.853  75.308 0.0000000000
50437  -25.737  -41.831  76.093 0.0000000000
50438  -26.339  -41.482  76.572 0.0000000000
50443  -30.950  -41.147  76.989 0.0000000000
50327  -31.694  -42.169  81.444 0.0000000000
44261  -16.462  -47.721  82.541 0.0000000000
43073  -16.953  -48.367  83.124 0.0000000000
43063  -17.700  -48.638  83.605 0.0000000000
41871  -19.189  -49.106  84.049 0.0000000000
41870  -18.115  -48.948  84.380 0.0000000000
41854  -18.824  -49.413  85.743 0.0000000000
40713  -19.490  -49.911  86.132 0.0000000000
39675  -20.874  -50.486  86.196 0.0000000000
39685  -22.064  -51.361  86.052 0.0000000000
38573  -22.660  -51.686  86.767 0.0000000000
71709  -44.419  -24.476  60.696 0.0000000000
72852  -45.724  -23.588  61.886 0.0000000000
73975  -45.249  -22.439  61.646 0.0000000000
73976  -45.624  -22.709  62.001 0.0000000000
72831  -47.345  -23.268  63.607 0.0000000000
83460  -54.896  -14.294  51.277 0.0000000000
89037  -59.902  -10.283  49.077 0.0000000000
90180  -61.724  -8.254  49.747 0.0000000000
89065  -60.591  -8.317  47.913 0.0000000000
90193  -61.162  -7.997  48.815 0.0000000000
43003  -15.253  -48.027  89.405 0.0000000000
44172  -14.622  -47.729  89.494 0.0000000000
43004  -16.173  -48.471  89.739 0.0000000000
42991  -16.497  -48.457  90.544 0.0000000000
42969  -18.142  -48.383  92.157 0.0000000000
63906  -39.524  -31.688  78.222 0.0000000000
63913  -39.018  -31.963  77.156 0.0000000000
63922  -38.999  -31.861  76.209 0.0000000000
60097  -37.073  -33.820  75.370 0.0000000000
62699  -37.230  -32.795  74.304 0.0000000000
63934  -38.231  -32.080  74.567 0.0000000000
63948  -38.403  -31.786  74.093 0.0000000000
65364  -36.354  -31.047  70.151 0.0000000000
40741  -23.784  -50.108  82.954 0.0000000000
43076  -24.229  -48.122  82.591 0.0000000000
41899  -23.332  -48.387  81.573 0.0000000000
43090  -23.725  -48.166  81.761 0.0000000000
43075  -24.006  -47.055  83.250 0.0000000000
45470  -23.119  -45.633  83.390 0.0000000000
43129  -21.760  -46.870  79.324 0.0000000000
44298  -21.890  -46.381  79.722 0.0000000000
44279  -22.271  -46.357  80.566 0.0000000000
44262  -22.483  -46.032  81.632 0.0000000000
46729  -22.171  -45.451  83.093 0.0000000000
46717  -23.279  -45.231  83.956 0.0000000000
46731  -23.180  -44.559  83.472 0.0000000000
49118  -25.959  -43.147  82.507 0.0000000000
51687  -28.661  -40.174  72.627 0.0000000000
51631  -30.167  -40.742  75.428 0.0000000000
51672  -31.183  -40.267  73.612 0.0000000000
51656  -31.653  -40.254  74.663 0.0000000000
51584  -32.331  -40.829  77.338 0.0000000000
51569  -32.770  -40.952  77.674 0.0000000000
51571  -34.116  -41.075  78.045 0.0000000000
50391  -34.146  -41.474  78.524 0.0000000000
51540  -35.655  -41.351  79.898 0.0000000000
51524  -35.947  -40.308  80.860 0.0000000000
52754  -36.385  -39.754  80.669 0.0000000000
52755  -36.933  -39.265  80.496 0.0000000000
53978  -37.362  -38.765  80.197 0.0000000000
55156  -37.797  -37.983  80.921 0.0000000000
56373  -38.296  -36.317  80.481 0.0000000000
55176  -38.152  -36.688  79.010 0.0000000000
58749  -38.166  -34.445  80.822 0.0000000000
60031  -38.056  -33.768  79.416 0.0000000000
61374  -38.357  -33.103  79.854 0.0000000000
41887  -19.307  -48.526  82.330 0.0000000000
43088  -18.977  -48.276  81.657 0.0000000000
41888  -20.162  -48.864  82.023 0.0000000000
40748  -22.198  -49.975  82.724 0.0000000000
66616  -47.587  -29.867  72.746 0.0000000000
66645  -48.138  -29.172  70.596 0.0000000000
67870  -49.012  -29.009  70.779 0.0000000000
67923  -45.827  -28.351  68.007 0.0000000000
67904  -49.343  -28.131  69.213 0.0000000000
76437  -46.035  -19.930  60.648 0.0000000000
76417  -45.920  -20.302  61.291 0.0000000000
77651  -47.389  -19.714  61.548 0.0000000000
77652  -48.104  -19.517  61.957 0.0000000000
78867  -48.708  -19.337  60.824 0.0000000000
77671  -48.597  -19.399  61.591 0.0000000000
77653  -48.796  -19.412  62.222 0.0000000000
78827  -51.212  -18.462  63.939 0.0000000000
78854  -51.352  -18.542  61.749 0.0000000000
78855  -52.375  -18.372  61.660 0.0000000000
78839  -51.234  -18.612  62.830 0.0000000000
47812  -10.968  -44.576  96.355 0.0000000000
65510  -40.386  -29.042  61.921 0.0000000000
66764  -40.648  -28.508  61.411 0.0000000000
66778  -41.036  -28.051  60.760 0.0000000000
68088  -41.634  -27.426  60.469 0.0000000000
68104  -41.184  -27.242  59.827 0.0000000000
68089  -42.329  -27.087  60.782 0.0000000000
69319  -42.213  -26.544  60.148 0.0000000000
70502  -42.797  -25.991  59.891 0.0000000000
71707  -43.225  -25.081  59.672 0.0000000000
71724  -42.387  -24.777  59.213 0.0000000000
72879  -43.798  -23.545  60.087 0.0000000000
75176  -43.816  -22.362  60.321 0.0000000000
76435  -44.424  -20.778  60.333 0.0000000000
76462  -44.553  -20.200  59.662 0.0000000000
76481  -43.361  -20.095  58.633 0.0000000000
76463  -45.232  -19.872  59.700 0.0000000000
77667  -45.840  -19.717  60.014 0.0000000000
77686  -46.392  -19.473  59.559 0.0000000000
77701  -47.023  -19.250  59.145 0.0000000000
78889  -45.775  -18.948  58.081 0.0000000000
78924  -45.805  -18.257  55.449 0.0000000000
80069  -47.259  -17.870  55.871 0.0000000000
78916  -47.692  -18.027  56.733 0.0000000000
78906  -49.484  -17.869  57.682 0.0000000000
80050  -50.246  -17.775  57.958 0.0000000000
80063  -51.530  -17.128  57.466 0.0000000000
81217  -51.209  -16.820  56.584 0.0000000000
81204  -51.824  -16.695  57.115 0.0000000000
81219  -53.026  -16.422  57.108 0.0000000000
82362  -54.010  -16.246  56.547 0.0000000000
82364  -55.009  -16.551  56.571 0.0000000000
81234  -54.069  -16.422  55.784 0.0000000000
83445  -51.542  -15.062  51.952 0.0000000000
83446  -52.540  -15.166  51.943 0.0000000000
44164  -14.794  -47.711  90.074 0.0000000000
44163  -13.975  -47.551  90.510 0.0000000000
44162  -13.293  -47.093  90.779 0.0000000000
44152  -13.896  -47.238  91.508 0.0000000000
44138  -12.803  -46.603  91.871 0.0000000000
45387  -12.596  -46.355  92.457 0.0000000000
41812  -16.627  -48.451  93.550 0.0000000000
44115  -16.313  -47.714  93.473 0.0000000000
42942  -16.128  -47.953  94.533 0.0000000000
44121  -15.600  -47.202  94.019 0.0000000000
45382  -14.398  -47.039  93.939 0.0000000000
45380  -12.884  -46.166  93.428 0.0000000000
46661  -12.117  -45.855  94.003 0.0000000000
46651  -12.907  -45.848  95.387 0.0000000000
46650  -12.406  -45.365  95.243 0.0000000000
46634  -11.273  -45.316  96.760 0.0000000000
45354  -11.555  -46.007  97.148 0.0000000000
44095  -11.304  -46.244  97.278 0.0000000000
42925  -12.019  -47.258  96.793 0.0000000000
42920  -11.586  -46.885  96.929 0.0000000000
66580  -47.566  -29.697  75.076 0.0000000000
65171  -40.586  -30.391  79.230 0.0000000000
63937  -39.890  -30.778  75.005 0.0000000000
65243  -40.464  -30.667  75.490 0.0000000000
65246  -42.915  -29.804  76.455 0.0000000000
65264  -44.622  -29.626  75.733 0.0000000000
65265  -45.528  -29.335  75.890 0.0000000000
65282  -45.430  -29.669  74.930 0.0000000000
65304  -46.421  -29.652  74.028 0.0000000000
65330  -46.939  -30.107  73.225 0.0000000000
65352  -46.470  -30.352  71.826 0.0000000000
65351  -46.026  -30.650  71.513 0.0000000000
64005  -45.436  -30.831  71.587 0.0000000000
65370  -46.025  -30.460  70.836 0.0000000000
64039  -43.062  -31.067  69.606 0.0000000000
64054  -41.958  -30.905  69.015 0.0000000000
64055  -42.612  -30.834  69.067 0.0000000000
65397  -37.032  -30.680  68.058 0.0000000000
65417  -37.066  -30.842  67.342 0.0000000000
65418  -37.536  -30.865  67.264 0.0000000000
64070  -38.050  -30.837  67.105 0.0000000000
64116  -38.038  -30.828  65.345 0.0000000000
64170  -38.081  -30.209  62.254 0.0000000000
64155  -39.679  -30.359  63.525 0.0000000000
64172  -39.776  -29.979  63.109 0.0000000000
65495  -40.050  -29.568  62.550 0.0000000000
40733  -24.879  -50.020  83.942 0.0000000000
45418  -24.273  -46.120  84.856 0.0000000000
44188  -24.577  -46.467  85.256 0.0000000000
47958  -21.104  -44.158  77.763 0.0000000000
47959  -21.811  -43.918  78.082 0.0000000000
47949  -24.811  -43.637  79.652 0.0000000000
47938  -24.935  -43.638  80.398 0.0000000000
47925  -25.615  -43.326  81.300 0.0000000000
49135  -25.921  -43.071  81.761 0.0000000000
49136  -26.488  -42.993  82.065 0.0000000000
51627  -26.327  -40.736  75.241 0.0000000000
50411  -26.735  -41.705  77.373 0.0000000000
50413  -28.812  -41.365  77.453 0.0000000000
51583  -28.344  -41.111  77.078 0.0000000000
49208  -26.982  -42.442  78.980 0.0000000000
49192  -26.965  -42.527  79.736 0.0000000000
50344  -27.846  -42.441  80.243 0.0000000000
49156  -27.006  -42.949  81.483 0.0000000000
49121  -28.040  -42.588  83.680 0.0000000000
50284  -28.723  -42.437  84.076 0.0000000000
50285  -29.413  -42.291  83.775 0.0000000000
50244  -29.604  -42.455  84.944 0.0000000000
50267  -31.714  -42.661  84.335 0.0000000000
45402  -12.440  -46.054  87.999 0.0000000000
44178  -13.878  -47.347  88.110 0.0000000000
44226  -14.558  -47.142  83.980 0.0000000000
46689  -12.775  -45.547  85.964 0.0000000000
44186  -13.798  -46.977  87.141 0.0000000000
43017  -16.039  -48.407  88.751 0.0000000000
39668  -21.971  -51.325  87.987 0.0000000000
66738  -42.277  -28.588  62.651 0.0000000000
66752  -43.478  -28.150  62.591 0.0000000000
68060  -43.246  -27.498  61.762 0.0000000000
66740  -44.084  -28.304  63.194 0.0000000000
66741  -44.725  -28.382  63.694 0.0000000000
68019  -45.519  -28.130  63.583 0.0000000000
68020  -46.082  -28.182  63.881 0.0000000000
69298  -45.492  -26.508  62.286 0.0000000000
70460  -46.252  -24.928  62.220 0.0000000000
70477  -46.123  -25.997  62.399 0.0000000000
68064  -46.077  -27.461  62.713 0.0000000000
68044  -48.506  -27.433  64.031 0.0000000000
68045  -49.027  -27.375  64.301 0.0000000000
70464  -48.958  -26.277  63.780 0.0000000000
76385  -46.401  -20.680  62.958 0.0000000000
77622  -47.575  -20.016  63.495 0.0000000000
76386  -46.970  -20.473  63.489 0.0000000000
76367  -46.805  -21.057  63.683 0.0000000000
73954  -47.690  -22.468  64.262 0.0000000000
73944  -48.774  -22.499  65.447 0.0000000000
72821  -48.245  -23.192  64.879 0.0000000000
81237  -57.260  -17.160  55.797 0.0000000000
80086  -56.862  -17.261  55.209 0.0000000000
81272  -58.676  -16.084  54.320 0.0000000000
82373  -59.071  -15.537  54.857 0.0000000000
82366  -59.304  -15.186  55.585 0.0000000000
83422  -59.710  -14.778  55.578 0.0000000000
84520  -60.289  -13.908  54.966 0.0000000000
84564  -57.806  -13.221  50.785 0.0000000000
84557  -58.650  -13.236  51.404 0.0000000000
84558  -59.121  -12.961  51.818 0.0000000000
85678  -59.768  -12.135  52.640 0.0000000000
39703  -23.784  -50.579  83.605 0.0000000000
40676  -16.883  -49.134  93.508 0.0000000000
40732  -20.982  -50.250  84.467 0.0000000000
41811  -16.209  -48.291  94.117 0.0000000000
41848  -24.977  -47.665  85.484 0.0000000000
41895  -19.662  -48.614  81.497 0.0000000000
42921  -11.991  -46.854  96.771 0.0000000000
42927  -13.275  -47.358  95.976 0.0000000000
42928  -13.530  -47.175  95.726 0.0000000000
42943  -16.310  -47.947  93.969 0.0000000000
42968  -17.824  -48.153  92.097 0.0000000000
42978  -16.751  -48.424  91.237 0.0000000000
43015  -14.325  -47.589  88.684 0.0000000000
43043  -24.515  -47.534  85.238 0.0000000000
43050  -14.803  -47.723  85.408 0.0000000000
43105  -23.442  -48.080  81.545 0.0000000000
44094  -10.676  -46.215  97.387 0.0000000000
44108  -14.877  -47.487  94.801 0.0000000000
44113  -15.315  -47.388  94.471 0.0000000000
44123  -16.784  -47.753  92.994 0.0000000000
44143  -17.359  -48.350  92.126 0.0000000000
44187  -14.338  -47.226  86.683 0.0000000000
44202  -24.362  -46.369  84.880 0.0000000000
44203  -24.438  -46.569  85.086 0.0000000000
44278  -17.554  -47.784  81.202 0.0000000000
45355  -11.918  -46.265  96.757 0.0000000000
45366  -13.676  -46.734  95.454 0.0000000000
45369  -13.586  -46.384  94.851 0.0000000000
45371  -14.873  -47.134  94.596 0.0000000000
45389  -14.127  -46.959  93.433 0.0000000000
45419  -24.435  -45.642  85.257 0.0000000000
45469  -22.466  -45.860  82.941 0.0000000000
45508  -20.971  -45.067  81.042 0.0000000000
46655  -11.629  -45.158  94.452 0.0000000000
47863  -25.263  -44.493  85.630 0.0000000000
47922  -23.149  -44.216  81.214 0.0000000000
47950  -25.295  -43.459  80.032 0.0000000000
49062  -29.106  -42.755  85.771 0.0000000000
49139  -33.162  -42.448  82.055 0.0000000000
49154  -25.933  -43.083  81.320 0.0000000000
49159  -33.190  -42.419  81.709 0.0000000000
50263  -28.705  -42.342  84.717 0.0000000000
50264  -29.250  -42.302  84.508 0.0000000000
50440  -28.954  -41.230  76.981 0.0000000000
51554  -34.556  -41.360  78.551 0.0000000000
52740  -35.661  -40.637  81.681 0.0000000000
60080  -36.916  -34.010  75.905 0.0000000000
60081  -37.074  -33.907  76.377 0.0000000000
63986  -46.096  -30.583  72.304 0.0000000000
64068  -36.695  -30.870  66.803 0.0000000000
66669  -44.993  -29.157  67.994 0.0000000000
66765  -41.520  -28.027  61.360 0.0000000000
69312  -44.485  -26.328  61.499 0.0000000000
69321  -43.626  -26.535  60.844 0.0000000000
70501  -42.344  -26.175  59.785 0.0000000000
71693  -44.393  -24.210  60.695 0.0000000000
72851  -45.213  -23.799  61.524 0.0000000000
72867  -45.216  -23.401  61.469 0.0000000000
73952  -46.609  -22.146  63.173 0.0000000000
73989  -45.393  -23.007  61.597 0.0000000000
73996  -42.503  -22.898  59.319 0.0000000000
73998  -44.047  -23.024  60.276 0.0000000000
75114  -48.752  -21.431  65.459 0.0000000000
75134  -46.517  -21.846  63.236 0.0000000000
75193  -42.417  -21.816  59.433 0.0000000000
76346  -48.693  -20.957  65.394 0.0000000000
76400  -45.069  -21.693  61.625 0.0000000000
77589  -48.965  -20.556  65.442 0.0000000000
77611  -49.275  -19.488  64.805 0.0000000000
77624  -49.058  -19.369  64.095 0.0000000000
77712  -44.387  -19.563  57.431 0.0000000000
78888  -45.357  -18.986  58.006 0.0000000000
80084  -48.427  -17.542  55.555 0.0000000000
80087  -57.230  -17.259  55.237 0.0000000000
80095  -48.227  -17.379  54.918 0.0000000000
80097  -56.958  -17.278  54.867 0.0000000000
80098  -57.152  -17.290  55.002 0.0000000000
81156  -56.278  -16.607  60.159 0.0000000000
81207  -53.983  -16.134  58.347 0.0000000000
81216  -50.245  -16.856  56.117 0.0000000000
81220  -55.341  -16.586  56.675 0.0000000000
81276  -54.204  -16.588  52.740 0.0000000000
82340  -53.839  -16.012  57.717 0.0000000000
82363  -54.610  -16.398  56.516 0.0000000000
84565  -58.274  -13.230  51.027 0.0000000000
86767  -60.624  -11.509  52.938 0.0000000000
87861  -61.170  -10.677  52.022 0.0000000000
89013  -61.460  -9.990  51.309 0.0000000000
