#!ascii label  , from subject 3083 vox2ras=TkReg
1004
56472  -34.684  -36.576  71.117 0.0000000000
46829  -17.090  -44.490  75.569 0.0000000000
52866  -25.279  -39.703  72.238 0.0000000000
83417  -45.437  -13.319  55.193 0.0000000000
87867  -51.640  -10.244  51.820 0.0000000000
52719  -13.341  -38.952  82.534 0.0000000000
81162  -41.260  -15.906  59.111 0.0000000000
61464  -34.809  -32.614  71.028 0.0000000000
52886  -30.572  -39.555  71.302 0.0000000000
49184  -13.743  -42.932  78.778 0.0000000000
45487  -14.837  -46.288  82.210 0.0000000000
56496  -30.507  -36.642  69.507 0.0000000000
60167  -30.630  -33.760  69.457 0.0000000000
49299  -21.831  -42.269  73.199 0.0000000000
55280  -26.557  -36.607  71.845 0.0000000000
70530  -37.794  -25.467  58.432 0.0000000000
76493  -39.618  -20.255  57.485 0.0000000000
78922  -43.475  -18.279  55.242 0.0000000000
50198  -11.230  -41.595  88.139 0.0000000000
51384  -10.688  -40.572  92.148 0.0000000000
62770  -30.140  -31.867  68.021 0.0000000000
64130  -33.221  -31.095  64.499 0.0000000000
64193  -35.243  -30.436  60.453 0.0000000000
47875  -11.826  -43.956  84.976 0.0000000000
44349  -18.620  -46.660  77.437 0.0000000000
46819  -19.715  -44.815  76.342 0.0000000000
54097  -32.928  -38.526  71.296 0.0000000000
50451  -15.687  -41.796  75.593 0.0000000000
47978  -15.763  -44.381  77.325 0.0000000000
45545  -16.209  -45.920  79.144 0.0000000000
55300  -30.327  -37.283  71.993 0.0000000000
55298  -28.382  -37.390  71.231 0.0000000000
73994  -36.442  -22.250  60.101 0.0000000000
74009  -38.477  -22.427  58.545 0.0000000000
77682  -37.703  -19.489  58.691 0.0000000000
81226  -41.439  -16.259  55.782 0.0000000000
82370  -43.254  -14.977  54.644 0.0000000000
80093  -46.585  -17.320  54.303 0.0000000000
83433  -46.051  -14.500  53.269 0.0000000000
83442  -48.496  -14.606  52.404 0.0000000000
61461  -28.765  -32.648  71.732 0.0000000000
62751  -29.921  -32.322  69.457 0.0000000000
64011  -28.229  -30.615  69.870 0.0000000000
65450  -30.482  -29.017  64.838 0.0000000000
66737  -31.734  -28.600  63.103 0.0000000000
64166  -33.541  -31.303  62.405 0.0000000000
66761  -33.358  -28.209  60.969 0.0000000000
68085  -34.707  -26.739  60.106 0.0000000000
52864  -23.895  -40.377  72.114 0.0000000000
50235  -11.131  -40.675  85.623 0.0000000000
50257  -12.000  -41.406  83.958 0.0000000000
50155  -9.423  -41.459  93.799 0.0000000000
50150  -8.715  -41.731  94.899 0.0000000000
80016  -39.204  -17.189  60.693 0.0000000000
65343  -35.641  -31.547  70.761 0.0000000000
51699  -28.210  -40.012  71.792 0.0000000000
50318  -12.522  -41.399  80.747 0.0000000000
49127  -12.399  -43.662  82.061 0.0000000000
46761  -14.329  -45.202  80.567 0.0000000000
87887  -53.675  -9.917  49.847 0.0000000000
55333  -32.876  -37.227  69.125 0.0000000000
58918  -33.130  -34.920  68.592 0.0000000000
57652  -31.121  -35.730  69.600 0.0000000000
49278  -17.121  -42.679  73.776 0.0000000000
48054  -19.554  -43.489  73.646 0.0000000000
50496  -19.066  -41.638  72.310 0.0000000000
52876  -20.615  -39.310  71.506 0.0000000000
54107  -23.192  -38.475  70.982 0.0000000000
56442  -24.301  -35.615  73.026 0.0000000000
55309  -24.927  -37.743  70.227 0.0000000000
54135  -27.758  -38.822  69.630 0.0000000000
52916  -30.395  -38.573  69.573 0.0000000000
68102  -39.734  -27.666  59.276 0.0000000000
80058  -39.611  -17.361  57.394 0.0000000000
77718  -41.345  -19.141  56.310 0.0000000000
84548  -50.385  -13.520  51.563 0.0000000000
50176  -10.883  -40.671  89.590 0.0000000000
49022  -9.982  -42.923  91.517 0.0000000000
61483  -33.063  -33.064  69.368 0.0000000000
64013  -33.551  -31.777  69.320 0.0000000000
65413  -33.899  -30.572  68.426 0.0000000000
65411  -28.789  -29.091  67.657 0.0000000000
64088  -31.321  -30.845  66.215 0.0000000000
65436  -35.301  -30.477  66.582 0.0000000000
64114  -36.174  -30.975  65.400 0.0000000000
64153  -37.735  -30.823  63.358 0.0000000000
65493  -38.375  -29.817  61.433 0.0000000000
66788  -37.142  -28.174  58.770 0.0000000000
70515  -36.219  -24.983  59.385 0.0000000000
48025  -21.790  -43.338  75.815 0.0000000000
52645  -11.868  -38.893  87.047 0.0000000000
49053  -11.456  -42.935  86.512 0.0000000000
46716  -13.642  -45.648  83.401 0.0000000000
50140  -7.234  -41.530  96.061 0.0000000000
45614  -18.260  -46.001  76.457 0.0000000000
45615  -19.101  -45.751  76.492 0.0000000000
46818  -18.582  -45.253  75.953 0.0000000000
55286  -33.886  -37.476  71.517 0.0000000000
48020  -16.376  -43.569  75.362 0.0000000000
47997  -15.226  -43.184  76.386 0.0000000000
46816  -16.639  -44.616  76.293 0.0000000000
46805  -16.985  -45.230  76.864 0.0000000000
76412  -36.594  -20.483  61.635 0.0000000000
75188  -37.032  -21.365  59.432 0.0000000000
77665  -37.094  -19.126  60.693 0.0000000000
83403  -44.084  -13.709  56.647 0.0000000000
83415  -43.417  -14.215  55.559 0.0000000000
83427  -44.483  -13.998  54.301 0.0000000000
82372  -44.768  -14.979  53.657 0.0000000000
83428  -45.377  -13.905  53.722 0.0000000000
84524  -46.199  -13.742  53.508 0.0000000000
62740  -28.434  -31.833  71.221 0.0000000000
66726  -31.580  -27.754  63.652 0.0000000000
68052  -32.268  -28.167  62.380 0.0000000000
68053  -32.852  -27.223  62.296 0.0000000000
68073  -34.467  -26.454  61.443 0.0000000000
52865  -24.611  -39.913  72.268 0.0000000000
52830  -25.073  -40.769  73.579 0.0000000000
52832  -25.857  -40.037  73.764 0.0000000000
51477  -12.329  -39.693  83.900 0.0000000000
51490  -12.163  -40.428  83.320 0.0000000000
86784  -52.159  -11.279  50.967 0.0000000000
50153  -8.925  -42.043  94.575 0.0000000000
61448  -36.203  -33.006  72.367 0.0000000000
63996  -34.888  -31.792  70.784 0.0000000000
51700  -29.040  -39.934  71.840 0.0000000000
51689  -30.652  -40.085  72.604 0.0000000000
49199  -13.562  -42.193  78.214 0.0000000000
50355  -13.128  -41.160  78.992 0.0000000000
52747  -13.362  -39.659  80.140 0.0000000000
49166  -12.575  -42.371  80.305 0.0000000000
49147  -12.656  -43.547  81.215 0.0000000000
47944  -14.520  -44.603  79.647 0.0000000000
44313  -17.479  -46.866  79.079 0.0000000000
45524  -16.492  -46.716  80.016 0.0000000000
55346  -31.779  -37.168  68.588 0.0000000000
56517  -32.032  -36.444  68.475 0.0000000000
57651  -30.835  -36.070  68.906 0.0000000000
50482  -17.629  -41.178  73.444 0.0000000000
50495  -18.076  -41.774  72.665 0.0000000000
51662  -18.077  -40.944  72.938 0.0000000000
52847  -19.807  -38.605  72.830 0.0000000000
54095  -20.948  -37.541  71.809 0.0000000000
54106  -21.873  -38.219  70.968 0.0000000000
55277  -21.747  -37.114  71.898 0.0000000000
55261  -26.206  -36.114  73.470 0.0000000000
56455  -25.101  -35.583  72.095 0.0000000000
56465  -24.465  -36.545  71.100 0.0000000000
55296  -26.093  -36.709  70.827 0.0000000000
54120  -27.053  -38.325  69.854 0.0000000000
55311  -27.012  -37.460  70.215 0.0000000000
56479  -29.958  -37.052  69.989 0.0000000000
55329  -29.532  -37.578  69.802 0.0000000000
54148  -30.425  -37.586  69.110 0.0000000000
54140  -31.666  -38.075  69.237 0.0000000000
69347  -38.629  -26.734  58.650 0.0000000000
69333  -40.264  -26.698  59.056 0.0000000000
70532  -39.488  -25.409  58.567 0.0000000000
75190  -39.248  -21.719  58.424 0.0000000000
74011  -40.720  -22.958  58.580 0.0000000000
80017  -40.640  -16.454  60.631 0.0000000000
80034  -39.618  -16.619  59.416 0.0000000000
81161  -40.401  -16.225  58.777 0.0000000000
80078  -42.781  -17.160  54.998 0.0000000000
80068  -41.227  -17.227  55.893 0.0000000000
78912  -42.930  -18.895  55.946 0.0000000000
77720  -43.259  -19.439  56.716 0.0000000000
83443  -49.467  -14.594  51.986 0.0000000000
85675  -49.111  -12.570  52.136 0.0000000000
85676  -50.047  -12.564  51.737 0.0000000000
51420  -11.920  -39.830  88.418 0.0000000000
51408  -11.744  -39.734  89.149 0.0000000000
50187  -10.972  -41.159  88.786 0.0000000000
47837  -10.134  -43.459  91.247 0.0000000000
47830  -10.200  -43.810  92.845 0.0000000000
60179  -31.924  -34.010  68.885 0.0000000000
60180  -33.254  -34.046  69.016 0.0000000000
61489  -31.782  -33.495  69.063 0.0000000000
62763  -30.844  -31.842  68.894 0.0000000000
62764  -31.880  -31.696  69.141 0.0000000000
64030  -31.784  -31.306  68.884 0.0000000000
64032  -33.818  -31.319  69.365 0.0000000000
64048  -32.337  -31.213  68.386 0.0000000000
66684  -29.531  -28.100  67.718 0.0000000000
64128  -31.476  -30.250  64.518 0.0000000000
64109  -30.780  -30.207  65.088 0.0000000000
64110  -31.861  -30.839  65.264 0.0000000000
64089  -32.878  -30.991  66.554 0.0000000000
64112  -34.075  -30.826  65.604 0.0000000000
64091  -35.583  -30.629  66.336 0.0000000000
64131  -34.288  -31.185  64.602 0.0000000000
64192  -34.420  -30.595  60.742 0.0000000000
64168  -35.870  -31.247  62.344 0.0000000000
64180  -36.093  -30.778  61.359 0.0000000000
64170  -38.081  -30.209  62.254 0.0000000000
64195  -37.273  -30.069  60.517 0.0000000000
65540  -37.996  -29.153  59.662 0.0000000000
65538  -36.393  -28.780  59.205 0.0000000000
70483  -35.455  -25.382  61.010 0.0000000000
70514  -35.706  -25.440  59.948 0.0000000000
70500  -35.939  -24.919  60.543 0.0000000000
49298  -20.462  -43.028  73.450 0.0000000000
48040  -20.836  -43.392  74.866 0.0000000000
49280  -21.399  -43.070  74.479 0.0000000000
49071  -11.547  -42.769  85.484 0.0000000000
50224  -11.207  -41.741  86.069 0.0000000000
47862  -11.959  -43.820  86.016 0.0000000000
46738  -13.567  -45.275  82.063 0.0000000000
47898  -12.642  -44.235  82.844 0.0000000000
46728  -14.186  -45.760  82.715 0.0000000000
44333  -18.704  -47.204  78.582 0.0000000000
45598  -20.417  -46.573  77.992 0.0000000000
46806  -20.561  -45.324  77.525 0.0000000000
47958  -21.104  -44.158  77.763 0.0000000000
52887  -31.753  -38.946  71.006 0.0000000000
52870  -31.570  -39.735  72.260 0.0000000000
50427  -14.676  -41.690  76.744 0.0000000000
47976  -14.512  -43.170  77.238 0.0000000000
47956  -14.360  -43.498  78.229 0.0000000000
47957  -14.806  -44.243  78.723 0.0000000000
46786  -16.011  -45.026  78.071 0.0000000000
44332  -17.713  -46.468  78.160 0.0000000000
56480  -30.340  -36.732  70.518 0.0000000000
56481  -31.083  -36.326  71.044 0.0000000000
55262  -26.814  -36.449  73.072 0.0000000000
55297  -27.239  -37.260  71.075 0.0000000000
55299  -29.373  -37.444  71.575 0.0000000000
71719  -37.377  -23.880  58.961 0.0000000000
71734  -38.487  -24.602  58.468 0.0000000000
74008  -37.432  -22.230  58.897 0.0000000000
75189  -38.057  -21.395  58.649 0.0000000000
77692  -38.562  -19.562  57.859 0.0000000000
82331  -41.217  -15.519  57.373 0.0000000000
82350  -42.473  -15.048  56.566 0.0000000000
81227  -42.152  -16.116  55.252 0.0000000000
80079  -43.935  -17.167  54.486 0.0000000000
80080  -45.167  -17.621  54.654 0.0000000000
80091  -44.791  -16.741  54.168 0.0000000000
81259  -46.009  -15.921  53.429 0.0000000000
82380  -47.068  -15.530  53.141 0.0000000000
83435  -47.339  -14.687  52.852 0.0000000000
84535  -47.488  -13.466  52.959 0.0000000000
49035  -11.248  -43.044  88.190 0.0000000000
49031  -11.195  -42.293  88.923 0.0000000000
47844  -11.190  -44.209  88.949 0.0000000000
61472  -29.398  -33.311  71.321 0.0000000000
61481  -29.952  -33.053  69.892 0.0000000000
61471  -29.090  -32.568  70.725 0.0000000000
62750  -28.807  -31.964  69.939 0.0000000000
62761  -28.789  -31.251  69.148 0.0000000000
66714  -30.048  -28.127  65.781 0.0000000000
66715  -30.793  -27.944  65.372 0.0000000000
66736  -31.271  -28.608  63.713 0.0000000000
65476  -31.800  -29.911  63.260 0.0000000000
64149  -33.415  -31.319  63.549 0.0000000000
65491  -32.341  -30.290  62.337 0.0000000000
66772  -33.331  -29.752  61.131 0.0000000000
65519  -34.321  -29.761  60.198 0.0000000000
66786  -35.192  -27.923  59.479 0.0000000000
66774  -34.324  -28.155  60.357 0.0000000000
51665  -23.328  -41.555  72.816 0.0000000000
50471  -23.141  -42.240  73.362 0.0000000000
51647  -24.300  -41.760  73.653 0.0000000000
51463  -11.872  -40.853  84.497 0.0000000000
49093  -11.683  -42.635  84.395 0.0000000000
50160  -9.934  -41.040  93.299 0.0000000000
52583  -10.325  -39.745  93.217 0.0000000000
51371  -9.858  -40.574  93.917 0.0000000000
52575  -9.338  -40.218  94.788 0.0000000000
53758  -8.587  -39.521  95.167 0.0000000000
65364  -36.354  -31.047  70.151 0.0000000000
52868  -26.856  -39.662  71.960 0.0000000000
51668  -27.291  -39.908  73.565 0.0000000000
53925  -14.033  -38.167  81.111 0.0000000000
52718  -13.170  -39.342  81.987 0.0000000000
50278  -12.004  -41.444  82.793 0.0000000000
49146  -12.186  -42.321  81.253 0.0000000000
47918  -13.359  -44.612  81.454 0.0000000000
45505  -14.977  -46.275  81.559 0.0000000000
46763  -15.636  -45.572  79.612 0.0000000000
46751  -15.422  -45.921  80.318 0.0000000000
44277  -16.861  -47.212  81.416 0.0000000000
87872  -52.482  -10.335  50.953 0.0000000000
56471  -34.050  -36.726  70.788 0.0000000000
57632  -34.212  -35.767  69.829 0.0000000000
57678  -33.344  -35.857  68.603 0.0000000000
58917  -32.151  -34.742  68.465 0.0000000000
58881  -30.736  -34.378  69.917 0.0000000000
57631  -31.270  -35.666  70.670 0.0000000000
58867  -31.099  -34.858  71.414 0.0000000000
60156  -30.240  -33.963  70.848 0.0000000000
61462  -29.341  -33.136  72.721 0.0000000000
48021  -17.184  -44.250  74.964 0.0000000000
46839  -18.323  -44.453  74.763 0.0000000000
48052  -18.204  -43.249  73.528 0.0000000000
49297  -19.301  -42.980  73.098 0.0000000000
49319  -20.787  -42.212  72.500 0.0000000000
51664  -19.053  -39.474  73.159 0.0000000000
51682  -19.872  -39.872  71.836 0.0000000000
50510  -21.049  -40.974  71.491 0.0000000000
51698  -22.919  -40.652  71.443 0.0000000000
52879  -23.897  -39.416  71.502 0.0000000000
52880  -24.654  -39.380  71.559 0.0000000000
56440  -22.590  -35.933  73.689 0.0000000000
56453  -23.186  -36.256  72.111 0.0000000000
55294  -23.859  -37.300  70.934 0.0000000000
52881  -25.378  -39.300  71.356 0.0000000000
52898  -26.680  -39.089  70.529 0.0000000000
52899  -27.692  -39.328  70.105 0.0000000000
52900  -28.734  -39.433  70.182 0.0000000000
55312  -28.253  -37.629  70.202 0.0000000000
52914  -28.993  -38.931  69.700 0.0000000000
52902  -30.741  -38.882  70.116 0.0000000000
54110  -31.868  -38.614  70.225 0.0000000000
55302  -33.046  -37.814  70.403 0.0000000000
49260  -16.325  -42.460  74.753 0.0000000000
72903  -40.062  -23.945  58.373 0.0000000000
80032  -37.645  -18.070  59.944 0.0000000000
78886  -38.136  -18.513  58.438 0.0000000000
77707  -39.427  -19.377  57.348 0.0000000000
81213  -40.376  -16.955  56.680 0.0000000000
78909  -40.434  -18.290  56.443 0.0000000000
77708  -40.501  -19.315  56.790 0.0000000000
76496  -42.370  -20.118  57.692 0.0000000000
84549  -51.104  -13.528  51.463 0.0000000000
85683  -50.989  -12.545  51.529 0.0000000000
87866  -51.097  -10.601  52.082 0.0000000000
51396  -11.722  -39.636  89.765 0.0000000000
50169  -10.477  -40.992  90.859 0.0000000000
49027  -10.625  -41.772  89.503 0.0000000000
49023  -10.182  -42.345  90.621 0.0000000000
50164  -10.180  -41.461  92.174 0.0000000000
50163  -9.735  -42.319  92.590 0.0000000000
58883  -34.354  -34.957  69.936 0.0000000000
60170  -34.490  -33.894  70.078 0.0000000000
61474  -34.296  -32.851  70.460 0.0000000000
61482  -31.618  -33.020  69.141 0.0000000000
62741  -33.704  -32.133  69.811 0.0000000000
62742  -34.214  -32.068  70.474 0.0000000000
64015  -34.466  -31.369  70.293 0.0000000000
65381  -34.660  -30.903  69.873 0.0000000000
65394  -34.649  -30.452  69.023 0.0000000000
64046  -28.511  -30.248  68.758 0.0000000000
62783  -29.591  -31.324  67.530 0.0000000000
65433  -29.662  -28.832  65.897 0.0000000000
64087  -30.161  -30.438  66.063 0.0000000000
64065  -30.518  -31.149  67.129 0.0000000000
64067  -33.126  -31.185  67.821 0.0000000000
65414  -34.493  -30.090  68.057 0.0000000000
64150  -34.485  -31.528  63.495 0.0000000000
64133  -36.404  -31.270  64.415 0.0000000000
65524  -39.175  -29.084  60.663 0.0000000000
66789  -38.246  -28.574  59.223 0.0000000000
68116  -37.386  -27.199  58.406 0.0000000000
66787  -36.056  -27.771  58.891 0.0000000000
69331  -36.315  -25.975  58.679 0.0000000000
70529  -36.871  -25.237  58.541 0.0000000000
71718  -36.823  -24.000  59.576 0.0000000000
73995  -36.553  -22.138  60.769 0.0000000000
46832  -19.426  -44.448  75.104 0.0000000000
48000  -20.407  -43.801  76.137 0.0000000000
49262  -22.538  -43.028  75.484 0.0000000000
51430  -11.802  -39.869  87.647 0.0000000000
52655  -11.977  -39.000  86.225 0.0000000000
50225  -10.821  -40.667  86.523 0.0000000000
50211  -11.050  -41.954  87.196 0.0000000000
49041  -11.479  -43.200  87.342 0.0000000000
49111  -11.690  -42.579  83.343 0.0000000000
47886  -11.985  -43.633  83.890 0.0000000000
47876  -12.427  -44.473  84.319 0.0000000000
48999  -9.110  -42.725  96.493 0.0000000000
51354  -8.011  -41.218  95.807 0.0000000000
53750  -7.748  -39.343  95.606 0.0000000000
46817  -17.555  -45.171  76.155 0.0000000000
46830  -17.892  -44.650  75.223 0.0000000000
55304  -34.004  -37.003  71.354 0.0000000000
76432  -36.628  -20.010  60.647 0.0000000000
77647  -36.939  -19.478  61.543 0.0000000000
83404  -45.219  -13.472  56.532 0.0000000000
83416  -44.325  -13.679  55.443 0.0000000000
84512  -46.148  -13.134  54.373 0.0000000000
68032  -33.199  -26.547  63.225 0.0000000000
52851  -25.225  -39.993  73.077 0.0000000000
52852  -25.936  -39.889  72.927 0.0000000000
53881  -13.659  -38.308  83.063 0.0000000000
52704  -12.934  -38.911  83.484 0.0000000000
51491  -12.585  -39.535  82.955 0.0000000000
61465  -35.525  -32.813  71.568 0.0000000000
63978  -35.597  -32.039  71.374 0.0000000000
62734  -35.145  -32.257  71.174 0.0000000000
51701  -29.965  -39.875  71.912 0.0000000000
51702  -30.509  -39.845  71.968 0.0000000000
49183  -13.133  -42.114  79.157 0.0000000000
50337  -12.856  -41.329  79.765 0.0000000000
49167  -13.292  -43.229  79.865 0.0000000000
47943  -14.078  -43.824  79.284 0.0000000000
56515  -30.825  -36.602  68.810 0.0000000000
54064  -20.444  -37.295  74.267 0.0000000000
54083  -20.429  -37.934  72.612 0.0000000000
54084  -20.844  -37.261  73.256 0.0000000000
55276  -21.312  -37.256  72.451 0.0000000000
55258  -21.515  -37.106  72.697 0.0000000000
56456  -25.943  -36.197  72.527 0.0000000000
56443  -25.514  -35.913  73.363 0.0000000000
56467  -25.742  -36.192  71.664 0.0000000000
56466  -25.056  -36.237  71.287 0.0000000000
55330  -30.199  -37.351  69.349 0.0000000000
55344  -30.558  -37.182  68.979 0.0000000000
55345  -31.099  -37.320  68.717 0.0000000000
70516  -39.351  -26.044  58.827 0.0000000000
70531  -38.899  -25.749  58.672 0.0000000000
76457  -39.397  -21.325  58.168 0.0000000000
76458  -39.923  -21.475  58.016 0.0000000000
76478  -40.325  -20.786  57.661 0.0000000000
80035  -40.680  -16.200  59.610 0.0000000000
78921  -42.410  -18.085  55.348 0.0000000000
86772  -48.946  -12.034  52.401 0.0000000000
50199  -11.384  -40.563  88.207 0.0000000000
60178  -31.116  -34.052  69.083 0.0000000000
60168  -31.354  -33.635  69.076 0.0000000000
64047  -31.252  -31.446  68.133 0.0000000000
64129  -32.205  -30.607  64.322 0.0000000000
64111  -32.966  -31.041  65.364 0.0000000000
64194  -36.316  -30.178  60.454 0.0000000000
64181  -37.139  -30.523  61.287 0.0000000000
65521  -36.744  -29.570  59.799 0.0000000000
65520  -35.452  -29.290  59.653 0.0000000000
46703  -12.228  -44.465  85.692 0.0000000000
51385  -11.029  -40.105  91.525 0.0000000000
52592  -10.869  -39.540  92.200 0.0000000000
60150  -35.808  -33.589  71.771 0.0000000000
44350  -19.610  -46.885  77.900 0.0000000000
44351  -20.129  -46.959  78.185 0.0000000000
45597  -19.822  -46.123  77.202 0.0000000000
46788  -21.102  -44.887  78.103 0.0000000000
46807  -20.594  -44.573  77.235 0.0000000000
52888  -32.554  -38.802  71.186 0.0000000000
52871  -32.793  -38.977  72.004 0.0000000000
50428  -15.406  -41.298  76.219 0.0000000000
47998  -15.956  -44.046  76.738 0.0000000000
47996  -14.676  -42.789  76.755 0.0000000000
47977  -15.275  -43.917  77.615 0.0000000000
46785  -15.514  -44.606  78.373 0.0000000000
46803  -15.756  -44.555  77.739 0.0000000000
44348  -17.698  -46.277  77.436 0.0000000000
45595  -17.015  -45.638  77.724 0.0000000000
56468  -30.627  -36.784  71.340 0.0000000000
55281  -27.578  -37.041  72.078 0.0000000000
55283  -29.598  -37.905  72.519 0.0000000000
55314  -29.954  -36.982  71.193 0.0000000000
72886  -37.014  -22.983  59.402 0.0000000000
72887  -37.802  -23.149  58.680 0.0000000000
74007  -36.778  -22.113  59.463 0.0000000000
76456  -37.401  -20.423  59.064 0.0000000000
76476  -38.272  -20.468  58.409 0.0000000000
82333  -42.659  -14.764  57.792 0.0000000000
82361  -42.644  -15.074  55.543 0.0000000000
81228  -42.950  -16.040  54.654 0.0000000000
81241  -43.784  -15.904  54.330 0.0000000000
80090  -44.248  -16.429  54.262 0.0000000000
81242  -44.449  -15.865  53.992 0.0000000000
82378  -45.583  -15.142  53.338 0.0000000000
82379  -46.323  -15.354  53.206 0.0000000000
83434  -46.636  -14.716  53.110 0.0000000000
84525  -46.770  -13.160  53.743 0.0000000000
84534  -46.751  -13.960  53.142 0.0000000000
64012  -28.242  -30.907  70.613 0.0000000000
62749  -28.397  -31.214  69.792 0.0000000000
62760  -28.432  -30.923  69.495 0.0000000000
66725  -31.046  -28.007  64.342 0.0000000000
65475  -31.456  -29.295  63.616 0.0000000000
66748  -32.001  -29.213  62.386 0.0000000000
68071  -32.672  -28.062  61.589 0.0000000000
66760  -32.886  -29.224  61.396 0.0000000000
66773  -33.547  -29.251  60.666 0.0000000000
66762  -33.853  -27.467  60.980 0.0000000000
51684  -23.220  -41.275  72.039 0.0000000000
51685  -23.794  -40.894  72.586 0.0000000000
51649  -25.409  -40.898  74.252 0.0000000000
51476  -12.070  -40.497  84.140 0.0000000000
50151  -8.845  -42.148  95.123 0.0000000000
51364  -9.155  -40.823  94.558 0.0000000000
51363  -8.944  -40.984  94.619 0.0000000000
52572  -9.046  -40.130  95.012 0.0000000000
51359  -8.695  -40.501  95.130 0.0000000000
63998  -36.059  -31.714  71.215 0.0000000000
65344  -36.397  -31.496  70.902 0.0000000000
65363  -35.589  -31.155  70.276 0.0000000000
51686  -27.642  -39.915  72.485 0.0000000000
51534  -13.022  -40.650  80.218 0.0000000000
52748  -13.776  -38.820  80.616 0.0000000000
51517  -12.923  -40.492  81.093 0.0000000000
52733  -13.222  -39.511  81.289 0.0000000000
50298  -12.335  -41.414  81.749 0.0000000000
47930  -13.778  -44.440  80.419 0.0000000000
46749  -13.999  -45.268  81.229 0.0000000000
46750  -14.713  -45.904  80.900 0.0000000000
46774  -15.819  -45.266  78.798 0.0000000000
46773  -15.205  -44.927  79.208 0.0000000000
44295  -17.028  -47.135  80.093 0.0000000000
45523  -16.092  -46.261  80.016 0.0000000000
45507  -16.434  -46.785  80.515 0.0000000000
45506  -15.670  -46.588  80.971 0.0000000000
55316  -33.324  -37.306  69.837 0.0000000000
56498  -33.460  -36.631  69.130 0.0000000000
57676  -31.471  -35.714  68.665 0.0000000000
58899  -31.245  -34.705  69.142 0.0000000000
58882  -31.204  -34.932  70.232 0.0000000000
57616  -31.483  -35.737  71.628 0.0000000000
60148  -31.039  -34.446  72.625 0.0000000000
60147  -30.641  -33.949  72.262 0.0000000000
60157  -30.731  -34.271  71.330 0.0000000000
60146  -29.842  -33.726  71.839 0.0000000000
48035  -16.727  -43.085  74.325 0.0000000000
48036  -17.735  -43.858  74.119 0.0000000000
49295  -17.893  -42.775  73.349 0.0000000000
49317  -18.768  -42.411  72.632 0.0000000000
49318  -19.759  -42.358  72.502 0.0000000000
52862  -20.173  -38.979  71.912 0.0000000000
51696  -20.909  -40.184  71.336 0.0000000000
50509  -20.478  -40.609  71.563 0.0000000000
51697  -22.093  -40.762  71.382 0.0000000000
52877  -21.517  -39.487  71.103 0.0000000000
55292  -21.945  -37.551  71.313 0.0000000000
52878  -22.896  -39.776  71.125 0.0000000000
55234  -24.083  -35.903  74.988 0.0000000000
56422  -23.573  -35.603  73.974 0.0000000000
56421  -22.905  -35.703  73.854 0.0000000000
56441  -23.071  -35.781  72.935 0.0000000000
55260  -22.696  -36.289  72.460 0.0000000000
55295  -25.037  -36.910  70.611 0.0000000000
55308  -24.407  -37.948  70.451 0.0000000000
54117  -24.221  -38.151  70.653 0.0000000000
54118  -24.922  -38.517  70.695 0.0000000000
52897  -25.820  -38.998  70.773 0.0000000000
54119  -25.878  -38.370  70.329 0.0000000000
52913  -28.237  -39.081  69.622 0.0000000000
54138  -30.223  -38.074  69.281 0.0000000000
54137  -29.261  -38.280  69.612 0.0000000000
52915  -29.887  -38.740  69.657 0.0000000000
54123  -31.378  -38.470  69.684 0.0000000000
55332  -32.182  -37.656  69.102 0.0000000000
54124  -32.098  -38.249  69.726 0.0000000000
55315  -32.713  -37.828  69.768 0.0000000000
50468  -17.053  -41.580  74.269 0.0000000000
50467  -16.565  -41.925  74.593 0.0000000000
49277  -16.734  -42.322  74.306 0.0000000000
66776  -39.555  -28.566  60.165 0.0000000000
70518  -40.928  -25.972  58.658 0.0000000000
69334  -41.105  -26.677  59.349 0.0000000000
72888  -38.840  -23.555  58.401 0.0000000000
72901  -39.068  -24.244  58.449 0.0000000000
72889  -39.919  -23.501  58.389 0.0000000000
78866  -38.589  -17.877  61.318 0.0000000000
80015  -38.131  -17.842  60.519 0.0000000000
80049  -39.087  -17.342  58.307 0.0000000000
80048  -38.506  -17.880  58.532 0.0000000000
78887  -38.624  -18.136  58.102 0.0000000000
78898  -38.572  -18.701  57.832 0.0000000000
78899  -39.079  -18.313  57.587 0.0000000000
82348  -41.220  -15.565  57.005 0.0000000000
81200  -40.877  -15.787  57.493 0.0000000000
81214  -40.850  -16.392  56.552 0.0000000000
78910  -41.082  -18.273  55.959 0.0000000000
80067  -40.650  -17.425  56.342 0.0000000000
77717  -40.812  -18.793  56.312 0.0000000000
77709  -41.660  -19.815  57.177 0.0000000000
77711  -43.526  -19.741  57.387 0.0000000000
80081  -46.131  -17.750  54.798 0.0000000000
83455  -50.143  -14.212  51.615 0.0000000000
86774  -50.211  -11.508  52.087 0.0000000000
85677  -50.446  -12.110  51.680 0.0000000000
86782  -50.676  -11.872  51.671 0.0000000000
86783  -51.156  -11.381  51.663 0.0000000000
50177  -11.379  -40.186  89.274 0.0000000000
51407  -11.445  -40.050  89.608 0.0000000000
51395  -11.294  -40.018  90.350 0.0000000000
49026  -10.595  -42.987  89.562 0.0000000000
49019  -10.122  -42.231  91.563 0.0000000000
50168  -10.262  -41.733  91.298 0.0000000000
49018  -9.897  -42.805  92.210 0.0000000000
47827  -10.569  -44.040  93.900 0.0000000000
57653  -33.888  -35.904  69.138 0.0000000000
58901  -33.745  -34.976  69.213 0.0000000000
60169  -33.710  -33.444  69.541 0.0000000000
61484  -33.889  -33.075  69.849 0.0000000000
62752  -31.192  -32.297  69.243 0.0000000000
62753  -32.906  -32.271  69.102 0.0000000000
62754  -33.727  -31.895  69.768 0.0000000000
63995  -34.351  -31.683  70.427 0.0000000000
64014  -33.984  -31.559  70.024 0.0000000000
64049  -33.423  -31.233  68.645 0.0000000000
65380  -34.164  -31.035  69.636 0.0000000000
65393  -34.110  -30.886  69.194 0.0000000000
65382  -35.477  -30.616  69.629 0.0000000000
65392  -28.684  -29.176  68.796 0.0000000000
64063  -28.596  -30.061  67.967 0.0000000000
62781  -28.704  -30.581  68.286 0.0000000000
64064  -29.366  -30.268  67.044 0.0000000000
66702  -29.694  -28.015  66.521 0.0000000000
64066  -31.898  -31.088  67.403 0.0000000000
65435  -34.322  -30.579  66.804 0.0000000000
65434  -33.795  -30.638  67.555 0.0000000000
65415  -35.331  -30.151  67.623 0.0000000000
64167  -34.755  -31.361  62.391 0.0000000000
64152  -36.667  -31.152  63.372 0.0000000000
64182  -37.837  -30.098  61.127 0.0000000000
65494  -39.051  -29.747  61.880 0.0000000000
65508  -38.852  -29.470  61.023 0.0000000000
65539  -37.369  -29.032  59.397 0.0000000000
68100  -37.951  -27.792  58.680 0.0000000000
68098  -35.408  -26.851  59.363 0.0000000000
69330  -35.715  -25.967  59.280 0.0000000000
71732  -36.858  -24.492  58.873 0.0000000000
72862  -36.341  -23.368  61.108 0.0000000000
48037  -18.990  -43.934  74.009 0.0000000000
46840  -18.804  -44.373  74.554 0.0000000000
46841  -19.371  -44.132  74.492 0.0000000000
48024  -21.117  -43.401  75.461 0.0000000000
48023  -20.417  -43.669  75.187 0.0000000000
48001  -21.325  -43.583  76.347 0.0000000000
47980  -21.604  -43.749  77.186 0.0000000000
48002  -22.212  -43.370  76.496 0.0000000000
49282  -23.612  -42.520  74.296 0.0000000000
49281  -22.857  -42.643  74.057 0.0000000000
49263  -23.587  -42.763  74.974 0.0000000000
52833  -26.506  -39.874  73.522 0.0000000000
52668  -12.177  -39.064  85.401 0.0000000000
51454  -11.508  -39.787  85.919 0.0000000000
49126  -11.982  -42.823  82.222 0.0000000000
47907  -12.329  -43.781  82.486 0.0000000000
46727  -13.298  -44.945  82.980 0.0000000000
47887  -12.590  -44.370  83.501 0.0000000000
46715  -13.134  -45.177  84.052 0.0000000000
89034  -53.394  -9.512  50.292 0.0000000000
50135  -7.697  -41.944  96.245 0.0000000000
50141  -8.297  -41.964  96.137 0.0000000000
51353  -7.672  -41.109  95.761 0.0000000000
52566  -7.887  -40.174  95.700 0.0000000000
52565  -7.643  -40.243  95.504 0.0000000000
44365  -17.981  -46.445  76.913 0.0000000000
45596  -18.894  -46.254  76.836 0.0000000000
54098  -33.614  -38.153  71.760 0.0000000000
48019  -15.658  -42.867  75.701 0.0000000000
49240  -15.423  -42.275  75.933 0.0000000000
46804  -16.158  -45.006  77.249 0.0000000000
55284  -30.384  -37.599  72.949 0.0000000000
75173  -36.634  -21.375  60.592 0.0000000000
75187  -36.567  -21.762  59.902 0.0000000000
76454  -36.607  -19.944  60.168 0.0000000000
77681  -36.984  -19.454  59.657 0.0000000000
83402  -43.189  -14.419  56.799 0.0000000000
83426  -43.742  -14.233  54.659 0.0000000000
82371  -43.898  -14.921  53.988 0.0000000000
84533  -46.389  -14.224  53.242 0.0000000000
63976  -28.517  -30.735  72.571 0.0000000000
63993  -28.422  -30.660  71.812 0.0000000000
65338  -28.418  -29.912  71.145 0.0000000000
68031  -32.189  -27.372  63.095 0.0000000000
68072  -33.480  -27.283  61.548 0.0000000000
68054  -33.833  -26.461  62.349 0.0000000000
52849  -24.211  -40.771  72.831 0.0000000000
52850  -24.707  -40.386  73.027 0.0000000000
52831  -25.348  -40.373  73.722 0.0000000000
51650  -25.821  -40.465  74.487 0.0000000000
85684  -51.987  -12.404  51.028 0.0000000000
85685  -53.292  -12.258  50.662 0.0000000000
49011  -9.445  -43.027  94.719 0.0000000000
65342  -35.256  -31.625  70.785 0.0000000000
51688  -29.616  -40.187  72.674 0.0000000000
51672  -31.183  -40.267  73.612 0.0000000000
50400  -13.721  -41.696  77.792 0.0000000000
51562  -13.419  -40.786  78.613 0.0000000000
51548  -13.366  -40.348  79.194 0.0000000000
47931  -14.347  -44.916  80.155 0.0000000000
45546  -16.669  -46.529  79.486 0.0000000000
44314  -18.070  -47.500  79.660 0.0000000000
55347  -32.376  -37.053  68.668 0.0000000000
56516  -31.349  -36.555  68.597 0.0000000000
57675  -31.055  -36.188  68.670 0.0000000000
50481  -17.518  -42.054  73.323 0.0000000000
51680  -18.571  -41.071  72.580 0.0000000000
52827  -19.489  -38.774  73.796 0.0000000000
52848  -20.267  -37.989  73.299 0.0000000000
54094  -20.354  -38.337  71.955 0.0000000000
54105  -20.872  -38.556  71.364 0.0000000000
55293  -22.540  -37.547  71.249 0.0000000000
56424  -25.527  -35.723  74.196 0.0000000000
56454  -23.944  -35.842  71.647 0.0000000000
55310  -25.978  -37.543  70.242 0.0000000000
54121  -27.611  -37.860  69.843 0.0000000000
55313  -29.376  -37.204  70.585 0.0000000000
55328  -28.803  -37.959  69.807 0.0000000000
54139  -31.044  -38.126  68.937 0.0000000000
55331  -31.564  -37.700  68.865 0.0000000000
69332  -39.340  -26.623  58.895 0.0000000000
70517  -39.824  -25.853  58.676 0.0000000000
71721  -39.771  -25.273  58.510 0.0000000000
74010  -39.601  -22.685  58.416 0.0000000000
81160  -39.738  -16.542  58.417 0.0000000000
81179  -39.711  -16.772  57.759 0.0000000000
80077  -41.901  -17.128  55.391 0.0000000000
78920  -41.636  -17.939  55.510 0.0000000000
78911  -41.924  -18.694  55.823 0.0000000000
77719  -42.289  -19.369  56.465 0.0000000000
77721  -43.873  -19.553  56.960 0.0000000000
84541  -48.047  -13.942  52.521 0.0000000000
84542  -48.520  -13.383  52.391 0.0000000000
84543  -49.561  -13.478  51.810 0.0000000000
86773  -49.407  -11.883  52.236 0.0000000000
50188  -11.355  -40.321  88.866 0.0000000000
60193  -32.753  -34.460  68.634 0.0000000000
58900  -33.414  -34.612  68.895 0.0000000000
60192  -32.509  -34.267  68.709 0.0000000000
61490  -32.319  -33.470  69.101 0.0000000000
64031  -32.849  -31.648  68.782 0.0000000000
64108  -30.073  -29.539  65.493 0.0000000000
64090  -33.595  -30.897  66.083 0.0000000000
65451  -34.819  -30.546  66.165 0.0000000000
64113  -35.200  -30.734  65.742 0.0000000000
64132  -35.365  -31.324  64.543 0.0000000000
64178  -34.024  -30.961  61.468 0.0000000000
64179  -35.058  -31.117  61.344 0.0000000000
64169  -36.943  -30.851  62.322 0.0000000000
64196  -37.757  -29.886  60.612 0.0000000000
65507  -38.175  -29.661  60.750 0.0000000000
65522  -37.717  -29.585  60.076 0.0000000000
69306  -35.060  -25.655  60.937 0.0000000000
69318  -35.255  -25.959  59.989 0.0000000000
70499  -35.520  -25.396  60.635 0.0000000000
71706  -36.371  -24.182  60.386 0.0000000000
48055  -20.059  -43.493  73.851 0.0000000000
49279  -20.750  -43.154  74.102 0.0000000000
49261  -21.723  -43.233  75.312 0.0000000000
47851  -11.742  -44.049  86.891 0.0000000000
47908  -12.878  -44.338  82.188 0.0000000000
60149  -35.232  -33.051  71.352 0.0000000000
43138  -19.585  -47.494  78.898 0.0000000000
43139  -20.353  -47.342  78.784 0.0000000000
44335  -20.566  -46.865  78.524 0.0000000000
45573  -21.035  -46.223  78.518 0.0000000000
45572  -20.842  -45.955  77.958 0.0000000000
52869  -30.836  -39.846  72.029 0.0000000000
51577  -14.452  -40.912  77.362 0.0000000000
49239  -14.912  -42.258  76.479 0.0000000000
49219  -14.369  -42.354  77.114 0.0000000000
50401  -14.243  -41.588  77.317 0.0000000000
49218  -13.913  -42.136  77.618 0.0000000000
49200  -14.018  -42.742  77.836 0.0000000000
45594  -16.433  -45.259  77.881 0.0000000000
45570  -16.384  -45.544  78.365 0.0000000000
45571  -16.872  -46.193  78.634 0.0000000000
56497  -31.006  -36.305  70.229 0.0000000000
56469  -31.202  -36.446  72.132 0.0000000000
55282  -28.601  -37.588  72.245 0.0000000000
71733  -37.523  -24.595  58.595 0.0000000000
71720  -37.989  -23.943  58.574 0.0000000000
75201  -38.806  -21.123  58.370 0.0000000000
76477  -39.207  -20.757  57.906 0.0000000000
81201  -41.256  -15.483  58.005 0.0000000000
82314  -41.841  -15.266  58.140 0.0000000000
82349  -41.821  -15.233  56.849 0.0000000000
82360  -41.860  -15.441  55.948 0.0000000000
78923  -44.701  -18.398  55.276 0.0000000000
80092  -45.692  -17.075  54.181 0.0000000000
81243  -45.317  -16.112  53.679 0.0000000000
81244  -46.215  -16.644  53.749 0.0000000000
83436  -47.982  -14.992  52.592 0.0000000000
83441  -47.830  -14.334  52.601 0.0000000000
49034  -11.092  -43.721  88.599 0.0000000000
49030  -10.981  -43.395  88.904 0.0000000000
61480  -29.426  -32.455  70.053 0.0000000000
62762  -29.579  -31.905  68.967 0.0000000000
66703  -30.391  -27.307  66.169 0.0000000000
68009  -31.266  -27.262  64.901 0.0000000000
65462  -31.072  -29.381  64.216 0.0000000000
65463  -31.657  -29.858  64.011 0.0000000000
64148  -32.507  -30.845  63.450 0.0000000000
64165  -32.745  -31.134  62.739 0.0000000000
65492  -32.790  -30.913  62.156 0.0000000000
66759  -32.416  -29.477  61.924 0.0000000000
65505  -32.627  -29.852  61.765 0.0000000000
65506  -33.082  -30.366  61.607 0.0000000000
65518  -33.713  -30.173  60.857 0.0000000000
50483  -22.151  -41.791  72.631 0.0000000000
49300  -22.665  -42.279  73.349 0.0000000000
50484  -22.780  -41.859  72.843 0.0000000000
50472  -23.798  -42.194  73.701 0.0000000000
50473  -24.517  -42.076  74.021 0.0000000000
51667  -24.588  -40.914  73.274 0.0000000000
51648  -24.861  -41.449  73.858 0.0000000000
52685  -12.613  -38.881  84.493 0.0000000000
51464  -12.032  -40.142  84.938 0.0000000000
50234  -11.605  -41.452  84.982 0.0000000000
44260  -15.855  -47.182  82.144 0.0000000000
52591  -10.504  -39.822  92.670 0.0000000000
51376  -10.395  -40.411  92.844 0.0000000000
51372  -10.143  -40.320  93.713 0.0000000000
51368  -10.175  -40.097  94.032 0.0000000000
51367  -9.770  -40.512  94.128 0.0000000000
52576  -9.775  -40.088  94.466 0.0000000000
53762  -9.091  -39.786  94.878 0.0000000000
55006  -8.586  -39.389  94.941 0.0000000000
79995  -39.145  -17.436  61.791 0.0000000000
80036  -41.605  -16.262  59.958 0.0000000000
52867  -26.084  -39.669  72.080 0.0000000000
52853  -26.741  -39.755  72.771 0.0000000000
51690  -31.288  -40.050  72.910 0.0000000000
52734  -13.703  -38.896  81.655 0.0000000000
51503  -12.541  -40.157  82.160 0.0000000000
46739  -14.391  -45.810  81.816 0.0000000000
46762  -14.842  -45.356  80.028 0.0000000000
45488  -15.402  -46.657  81.816 0.0000000000
56482  -33.901  -36.612  69.969 0.0000000000
56518  -32.816  -36.518  68.608 0.0000000000
57677  -32.481  -35.672  68.411 0.0000000000
58898  -30.908  -34.199  69.356 0.0000000000
58868  -31.427  -35.247  72.144 0.0000000000
58866  -30.800  -34.481  70.750 0.0000000000
61447  -29.920  -33.118  73.637 0.0000000000
48053  -18.711  -43.447  73.538 0.0000000000
49315  -17.984  -42.529  73.096 0.0000000000
49296  -18.512  -42.880  73.177 0.0000000000
51644  -18.504  -39.739  74.174 0.0000000000
51663  -18.496  -40.337  73.046 0.0000000000
51681  -19.165  -40.630  72.354 0.0000000000
50497  -20.179  -41.327  71.866 0.0000000000
50498  -21.629  -41.649  72.033 0.0000000000
51683  -22.382  -41.380  71.872 0.0000000000
52863  -23.313  -40.545  71.601 0.0000000000
55259  -21.998  -36.561  73.158 0.0000000000
55278  -22.693  -36.681  71.775 0.0000000000
55279  -23.415  -36.500  71.588 0.0000000000
54108  -24.169  -38.603  71.078 0.0000000000
54109  -24.768  -38.943  71.184 0.0000000000
52882  -26.345  -39.488  71.264 0.0000000000
52883  -27.355  -39.822  71.203 0.0000000000
52884  -28.395  -39.789  70.973 0.0000000000
52885  -29.403  -39.656  71.054 0.0000000000
54136  -28.206  -38.341  69.614 0.0000000000
52901  -29.742  -39.355  70.192 0.0000000000
54111  -32.546  -38.431  70.548 0.0000000000
54112  -33.016  -37.980  71.044 0.0000000000
55303  -33.594  -37.385  70.850 0.0000000000
50452  -16.309  -41.586  75.226 0.0000000000
49259  -15.852  -42.383  75.298 0.0000000000
68103  -40.572  -27.353  59.563 0.0000000000
71735  -39.449  -24.831  58.423 0.0000000000
71722  -40.341  -25.043  58.478 0.0000000000
78865  -37.838  -18.501  61.276 0.0000000000
78877  -37.345  -18.663  60.112 0.0000000000
78878  -37.617  -18.588  59.336 0.0000000000
80033  -38.313  -17.593  59.360 0.0000000000
81181  -40.914  -15.740  58.305 0.0000000000
81180  -40.190  -16.165  57.962 0.0000000000
81198  -39.802  -16.905  57.446 0.0000000000
80059  -40.069  -17.476  56.744 0.0000000000
78900  -39.774  -18.358  56.950 0.0000000000
76494  -40.123  -20.033  57.270 0.0000000000
77695  -41.442  -20.236  57.669 0.0000000000
77710  -42.684  -19.761  57.218 0.0000000000
84550  -51.915  -13.429  51.370 0.0000000000
85682  -50.628  -13.042  51.575 0.0000000000
87859  -51.194  -10.237  52.706 0.0000000000
52612  -11.459  -39.510  90.922 0.0000000000
50165  -10.641  -40.765  91.692 0.0000000000
49024  -10.314  -41.363  90.035 0.0000000000
50159  -9.430  -42.008  93.068 0.0000000000
49015  -9.749  -43.049  93.051 0.0000000000
49013  -9.514  -43.036  93.889 0.0000000000
57633  -34.775  -35.776  70.390 0.0000000000
60181  -34.008  -34.434  69.520 0.0000000000
60158  -34.923  -33.313  71.027 0.0000000000
61473  -33.756  -32.506  69.818 0.0000000000
62733  -34.690  -32.213  70.864 0.0000000000
62743  -34.701  -31.978  70.789 0.0000000000
65362  -35.056  -31.379  70.473 0.0000000000
64033  -34.172  -31.177  69.894 0.0000000000
65359  -28.241  -29.863  70.267 0.0000000000
66652  -29.136  -28.736  69.542 0.0000000000
65378  -28.649  -29.205  69.780 0.0000000000
65377  -28.329  -29.891  69.572 0.0000000000
64029  -28.624  -30.766  68.930 0.0000000000
62769  -29.289  -31.489  68.298 0.0000000000
65412  -29.342  -28.979  66.776 0.0000000000
64086  -29.644  -29.652  66.180 0.0000000000
65395  -35.405  -30.314  68.689 0.0000000000
65383  -36.275  -30.699  69.309 0.0000000000
65437  -35.790  -30.575  66.629 0.0000000000
64151  -35.615  -31.506  63.423 0.0000000000
65523  -38.576  -29.128  60.153 0.0000000000
66775  -38.887  -28.712  59.677 0.0000000000
66790  -39.117  -28.361  59.284 0.0000000000
68101  -38.810  -27.665  58.744 0.0000000000
68117  -38.177  -27.202  58.447 0.0000000000
69346  -38.013  -26.448  58.299 0.0000000000
65537  -35.749  -28.491  59.245 0.0000000000
68099  -36.013  -26.786  58.829 0.0000000000
66805  -36.692  -27.483  58.594 0.0000000000
68115  -36.608  -26.837  58.502 0.0000000000
69345  -37.143  -26.197  58.401 0.0000000000
72876  -36.465  -23.242  60.224 0.0000000000
75162  -36.667  -21.309  61.612 0.0000000000
46831  -18.845  -44.832  75.230 0.0000000000
48022  -19.844  -43.903  74.794 0.0000000000
47999  -19.864  -44.023  75.550 0.0000000000
46820  -20.327  -44.237  76.700 0.0000000000
47979  -20.830  -43.949  76.941 0.0000000000
49244  -23.929  -43.103  76.319 0.0000000000
49243  -22.864  -43.017  76.339 0.0000000000
47981  -22.455  -43.607  77.404 0.0000000000
52636  -11.954  -39.108  87.922 0.0000000000
50212  -11.060  -40.659  87.480 0.0000000000
51442  -11.413  -39.758  86.856 0.0000000000
47848  -11.435  -44.164  87.776 0.0000000000
47897  -12.019  -43.644  83.016 0.0000000000
45467  -14.810  -46.544  82.901 0.0000000000
44241  -14.782  -46.851  83.384 0.0000000000
45432  -13.296  -46.007  84.810 0.0000000000
46704  -12.650  -45.120  85.267 0.0000000000
86790  -53.034  -11.182  50.519 0.0000000000
49004  -9.383  -43.023  96.147 0.0000000000
50146  -8.936  -42.263  95.503 0.0000000000
50137  -8.576  -42.593  96.567 0.0000000000
50142  -8.567  -42.186  96.191 0.0000000000
51355  -8.498  -41.168  95.333 0.0000000000
52567  -8.183  -40.222  95.639 0.0000000000
53751  -8.060  -39.394  95.740 0.0000000000
50139  -6.932  -41.784  96.106 0.0000000000
51358  -6.695  -40.942  95.226 0.0000000000
51351  -6.955  -41.004  95.549 0.0000000000
52564  -7.406  -40.371  95.233 0.0000000000
44276  -15.883  -47.004  81.537 0.0000000000
44334  -19.814  -47.240  78.429 0.0000000000
44366  -18.421  -46.390  76.882 0.0000000000
45613  -17.543  -45.822  76.892 0.0000000000
48038  -19.724  -43.790  74.140 0.0000000000
48039  -20.435  -43.449  74.343 0.0000000000
48994  -8.959  -42.921  97.035 0.0000000000
49316  -18.162  -42.457  72.929 0.0000000000
50136  -8.240  -42.222  96.346 0.0000000000
50143  -8.887  -42.237  95.804 0.0000000000
50147  -9.204  -42.664  95.817 0.0000000000
50156  -9.831  -40.783  93.758 0.0000000000
50375  -13.422  -41.352  78.312 0.0000000000
50485  -23.417  -41.846  73.148 0.0000000000
50494  -17.882  -42.321  73.002 0.0000000000
50499  -22.435  -41.596  72.290 0.0000000000
51349  -7.972  -41.633  96.058 0.0000000000
51350  -8.172  -41.782  96.090 0.0000000000
51352  -7.279  -41.008  95.682 0.0000000000
51356  -8.705  -41.748  95.166 0.0000000000
51360  -8.797  -40.844  94.902 0.0000000000
51377  -10.758  -40.085  92.318 0.0000000000
51504  -12.828  -39.418  82.372 0.0000000000
51597  -14.678  -41.143  76.809 0.0000000000
51666  -23.932  -41.362  73.127 0.0000000000
52568  -8.600  -40.028  95.367 0.0000000000
52571  -8.863  -40.068  95.159 0.0000000000
52579  -10.086  -39.859  94.159 0.0000000000
52903  -31.439  -38.740  70.257 0.0000000000
53748  -7.444  -39.963  94.934 0.0000000000
53752  -8.384  -39.602  95.481 0.0000000000
53759  -8.839  -39.664  94.953 0.0000000000
53763  -9.547  -39.725  94.553 0.0000000000
54096  -21.610  -37.571  71.433 0.0000000000
54104  -20.474  -38.792  71.658 0.0000000000
54122  -30.756  -38.471  69.457 0.0000000000
54149  -30.671  -37.692  68.939 0.0000000000
55124  -14.391  -37.864  81.462 0.0000000000
56444  -26.107  -36.166  73.106 0.0000000000
56483  -34.411  -36.350  70.371 0.0000000000
56495  -30.066  -37.156  69.660 0.0000000000
58919  -33.560  -35.400  68.844 0.0000000000
62768  -28.778  -30.924  68.531 0.0000000000
62782  -28.994  -30.871  67.871 0.0000000000
63997  -35.549  -31.754  71.106 0.0000000000
64028  -28.423  -30.521  69.310 0.0000000000
64045  -28.412  -30.097  69.195 0.0000000000
65358  -28.251  -30.209  69.747 0.0000000000
65391  -28.472  -29.698  69.198 0.0000000000
65449  -30.168  -28.707  65.401 0.0000000000
65452  -35.108  -30.540  66.167 0.0000000000
66804  -36.336  -27.246  58.687 0.0000000000
68070  -32.400  -28.813  61.902 0.0000000000
71736  -40.032  -24.354  58.383 0.0000000000
72902  -39.549  -24.053  58.398 0.0000000000
73984  -36.435  -22.659  60.761 0.0000000000
75172  -36.517  -21.796  60.180 0.0000000000
75202  -39.175  -21.247  58.252 0.0000000000
76431  -36.646  -19.861  60.391 0.0000000000
76455  -36.721  -20.339  59.875 0.0000000000
76495  -41.890  -20.310  57.802 0.0000000000
77664  -36.711  -19.680  60.231 0.0000000000
77666  -37.314  -18.928  61.438 0.0000000000
77680  -36.671  -19.829  59.946 0.0000000000
77693  -39.173  -20.017  57.613 0.0000000000
77706  -38.838  -18.998  57.580 0.0000000000
78864  -37.473  -18.636  60.657 0.0000000000
80014  -37.665  -18.325  60.502 0.0000000000
81199  -40.105  -16.666  57.210 0.0000000000
82315  -42.120  -15.099  58.227 0.0000000000
82332  -41.631  -15.316  57.694 0.0000000000
82359  -41.347  -15.690  56.350 0.0000000000
