#!ascii label  , from subject 3083 vox2ras=TkReg
985
82928  -23.296  -15.905  5.164 0.5555555820
82944  -23.860  -15.934  4.626 0.6666666865
84013  -24.349  -14.691  4.191 0.7777777910
82965  -24.894  -15.201  4.010 0.7777777910
85128  -25.159  -13.548  3.545 0.8888888955
85130  -27.040  -13.622  2.928 0.8888888955
81889  -21.669  -16.493  6.202 0.5555555820
82927  -22.412  -15.632  5.589 0.5555555820
83999  -22.901  -14.865  5.378 0.6666666865
85097  -23.094  -14.171  4.960 0.8888888955
84030  -25.748  -14.586  3.403 0.8888888955
85129  -26.128  -13.673  3.027 0.8888888955
86307  -26.399  -12.066  2.575 1.0000000000
85145  -27.386  -13.029  2.846 0.8888888955
87380  -27.506  -11.482  2.645 1.0000000000
85096  -22.396  -13.984  5.293 0.7777777910
86278  -22.772  -12.564  4.415 1.0000000000
87351  -23.154  -12.055  3.907 1.0000000000
86291  -24.500  -12.474  3.424 1.0000000000
87364  -24.664  -11.526  2.845 1.0000000000
87363  -23.673  -11.529  3.497 1.0000000000
87377  -25.484  -11.383  2.522 1.0000000000
88482  -24.135  -10.603  2.978 1.0000000000
88496  -24.893  -10.548  2.455 1.0000000000
88497  -25.776  -10.567  2.340 1.0000000000
88483  -27.772  -10.588  2.874 1.0000000000
89654  -26.253  -9.809  2.377 1.0000000000
89640  -28.358  -9.842  3.332 1.0000000000
90775  -26.943  -8.553  2.999 1.0000000000
90776  -28.042  -8.788  3.406 0.7777777910
88480  -22.831  -10.397  3.746 0.8888888955
88481  -23.496  -10.497  3.381 1.0000000000
89652  -24.224  -9.498  2.654 1.0000000000
90788  -26.009  -8.568  2.446 1.0000000000
90774  -26.346  -8.048  2.823 1.0000000000
91912  -28.132  -8.199  3.831 0.8888888955
91911  -27.461  -8.024  3.712 1.0000000000
91900  -28.301  -7.626  4.490 0.7777777910
91901  -29.190  -7.767  4.684 0.7777777910
89636  -22.420  -9.485  3.856 0.5555555820
91919  -22.679  -7.432  2.751 0.7777777910
90773  -22.558  -8.820  3.272 0.8888888955
90786  -23.948  -8.344  2.606 1.0000000000
90787  -24.872  -8.463  2.446 1.0000000000
91921  -24.328  -7.427  2.430 1.0000000000
91922  -25.241  -7.465  2.512 1.0000000000
91910  -26.506  -7.536  3.286 1.0000000000
91899  -27.048  -7.204  4.033 0.8888888955
91898  -26.538  -6.925  3.594 1.0000000000
92978  -28.468  -6.395  5.557 0.7777777910
92979  -29.537  -6.970  6.133 0.6666666865
91897  -21.117  -7.478  4.675 0.4444444478
91909  -22.162  -7.419  3.389 0.7777777910
93002  -21.786  -6.565  3.585 0.6666666865
93014  -22.928  -6.565  2.379 0.7777777910
93015  -23.752  -6.505  2.268 0.8888888955
93016  -24.605  -6.459  2.368 0.8888888955
91923  -25.985  -7.496  2.674 1.0000000000
93017  -25.500  -6.499  2.726 1.0000000000
93004  -25.692  -6.075  3.326 1.0000000000
92990  -25.699  -5.881  3.796 0.8888888955
94047  -27.480  -5.810  5.032 0.7777777910
92977  -27.840  -5.986  5.149 0.7777777910
92958  -29.261  -6.162  6.467 0.5555555820
94034  -28.314  -5.634  6.078 0.7777777910
94015  -28.763  -5.411  6.732 0.6666666865
94044  -21.380  -5.706  3.882 0.6666666865
94056  -22.608  -5.722  2.650 0.7777777910
94055  -21.961  -5.654  3.125 0.7777777910
94064  -23.226  -5.682  2.366 0.8888888955
94065  -23.955  -5.534  2.274 0.8888888955
95136  -24.033  -4.578  2.428 1.0000000000
95137  -24.644  -4.604  2.827 1.0000000000
95138  -25.190  -4.856  3.204 1.0000000000
95107  -25.856  -4.427  4.611 0.8888888955
94032  -27.032  -4.791  5.427 0.8888888955
94033  -27.666  -5.443  5.539 0.7777777910
95108  -26.498  -4.502  5.187 0.7777777910
95093  -27.400  -4.513  5.968 0.7777777910
94014  -28.019  -4.965  6.361 0.7777777910
95079  -29.198  -4.832  7.534 0.6666666865
95104  -20.672  -4.826  4.409 0.6666666865
94043  -20.922  -5.947  4.500 0.5555555820
95105  -21.514  -4.689  3.351 0.7777777910
95119  -22.443  -4.683  2.762 0.8888888955
95135  -23.225  -4.648  2.532 0.8888888955
96231  -23.414  -3.644  2.525 1.0000000000
95121  -24.790  -4.279  3.490 1.0000000000
95122  -25.359  -4.725  3.829 0.8888888955
95092  -26.861  -4.028  5.590 0.7777777910
96173  -27.052  -2.866  6.316 0.7777777910
96175  -28.074  -3.670  7.375 0.6666666865
95060  -28.822  -3.968  7.770 0.5555555820
95061  -29.537  -4.271  8.288 0.5555555820
96203  -21.266  -3.592  3.725 0.6666666865
96215  -21.888  -3.627  2.869 0.8888888955
96216  -24.040  -3.133  3.213 1.0000000000
96204  -24.737  -2.932  4.247 0.8888888955
95106  -25.041  -3.886  4.167 0.8888888955
97214  -25.033  -2.228  4.587 0.8888888955
96206  -26.238  -3.684  5.179 0.8888888955
97185  -27.165  -2.273  6.741 0.7777777910
97174  -27.621  -2.349  7.373 0.7777777910
96159  -28.384  -3.188  8.016 0.5555555820
98221  -26.280  -1.521  5.959 0.7777777910
97176  -28.700  -2.472  8.302 0.5555555820
98210  -27.425  -1.648  7.106 0.6666666865
96188  -19.376  -3.504  6.039 0.4444444478
96202  -20.544  -3.488  4.421 0.5555555820
97224  -21.557  -2.513  3.107 0.7777777910
97236  -22.198  -2.592  2.554 1.0000000000
98273  -23.041  -1.741  2.624 1.0000000000
97225  -23.830  -2.433  3.295 0.8888888955
98245  -24.002  -1.631  3.848 0.8888888955
97226  -24.250  -2.528  3.683 0.8888888955
97197  -25.657  -2.195  4.998 0.8888888955
98222  -26.896  -1.325  6.504 0.6666666865
98190  -28.685  -1.447  8.500 0.5555555820
99313  -20.389  -0.444  4.527 0.6666666865
98243  -20.704  -1.467  4.292 0.6666666865
99342  -21.788  -0.591  2.997 0.7777777910
99330  -22.827  -0.765  3.056 0.8888888955
100434  -22.221  -0.289  2.852 0.7777777910
100418  -22.727  -0.218  3.234 0.7777777910
99315  -23.478  -1.053  3.679 0.8888888955
99302  -24.183  -0.243  4.756 0.7777777910
98246  -24.575  -1.401  4.490 0.8888888955
99303  -24.816  -0.610  4.853 0.7777777910
98230  -25.655  -1.275  5.417 0.6666666865
100393  -25.056  0.461  5.174 0.6666666865
100383  -26.619  0.460  6.267 0.6666666865
99296  -26.273  -0.531  5.949 0.6666666865
101534  -26.477  1.545  5.886 0.6666666865
101522  -26.957  1.029  6.400 0.5555555820
100384  -27.400  0.452  6.899 0.5555555820
99288  -28.019  -0.545  7.762 0.4444444478
100385  -27.811  1.078  7.092 0.5555555820
101521  -19.680  1.498  6.424 0.3333333433
100390  -19.756  0.596  5.782 0.3333333433
100401  -20.697  0.611  4.483 0.5555555820
100415  -21.176  0.524  3.722 0.6666666865
101544  -21.004  1.471  4.044 0.5555555820
101563  -22.275  0.669  3.404 0.7777777910
101530  -22.366  1.848  4.451 0.6666666865
100404  -23.783  0.152  4.524 0.6666666865
101547  -23.421  0.887  4.376 0.6666666865
101548  -23.954  0.693  4.663 0.6666666865
101532  -24.139  1.300  5.058 0.6666666865
101533  -25.316  1.451  5.531 0.6666666865
101523  -27.414  1.626  6.470 0.5555555820
102660  -27.966  2.539  6.638 0.5555555820
101528  -20.206  1.520  5.662 0.4444444478
103736  -20.319  2.884  5.738 0.5555555820
101529  -20.563  1.575  4.855 0.5555555820
102682  -21.207  2.189  4.078 0.6666666865
101545  -21.603  1.484  3.842 0.6666666865
102684  -22.132  1.956  4.299 0.6666666865
102670  -24.563  2.291  5.757 0.6666666865
102672  -26.721  2.637  5.667 0.6666666865
103760  -27.986  3.359  5.910 0.5555555820
103724  -19.961  2.900  6.526 0.4444444478
102667  -21.241  2.866  4.487 0.6666666865
102668  -22.110  2.469  4.861 0.6666666865
102669  -23.292  2.523  5.607 0.6666666865
101531  -22.925  1.685  4.749 0.6666666865
102671  -25.688  2.616  5.612 0.6666666865
85111  -24.538  -13.932  4.057 0.8888888955
85110  -23.614  -13.702  4.354 1.0000000000
86279  -23.645  -12.592  3.908 1.0000000000
87379  -26.850  -11.492  2.486 1.0000000000
92989  -21.284  -6.634  4.273 0.5555555820
94045  -25.801  -5.430  4.170 0.8888888955
97210  -19.611  -2.428  5.410 0.5555555820
97238  -23.505  -2.718  2.823 1.0000000000
96189  -26.111  -2.846  5.168 0.8888888955
96187  -19.108  -3.016  6.517 0.2222222239
99287  -27.477  -0.715  7.152 0.6666666865
100403  -23.058  0.032  3.712 0.7777777910
100371  -27.737  -0.056  7.455 0.4444444478
102666  -20.696  2.484  4.575 0.6666666865
103755  -21.304  3.547  5.360 0.6666666865
95088  -20.322  -5.292  5.118 0.4444444478
103743  -28.506  3.086  6.462 0.5555555820
102661  -28.894  2.463  7.100 0.5555555820
101505  -19.402  1.577  7.165 0.2222222239
102656  -20.098  2.239  6.132 0.3333333433
103761  -28.525  3.692  6.205 0.5555555820
80705  -22.498  -17.750  5.895 0.5555555820
80721  -24.098  -17.691  5.213 0.5555555820
81919  -23.784  -16.353  4.834 0.6666666865
81921  -25.187  -16.325  4.246 0.5555555820
84031  -26.581  -14.578  3.510 0.7777777910
84032  -27.211  -14.076  3.482 0.8888888955
82946  -25.141  -15.686  4.074 0.6666666865
82966  -25.501  -15.345  3.741 0.6666666865
85131  -27.708  -13.289  3.641 0.7777777910
86295  -28.169  -12.199  3.352 0.7777777910
87365  -28.105  -11.405  3.061 0.8888888955
80703  -21.216  -17.011  6.988 0.4444444478
83997  -21.328  -14.605  6.333 0.5555555820
85095  -21.577  -13.524  5.840 0.2222222239
85108  -22.222  -13.220  5.231 0.6666666865
89624  -28.903  -9.212  3.877 0.6666666865
90761  -28.594  -8.432  3.951 0.7777777910
90762  -29.483  -8.426  4.362 0.6666666865
86264  -22.383  -11.934  4.624 0.5555555820
90747  -29.706  -7.875  4.961 0.6666666865
88468  -22.167  -10.399  4.628 0.4444444478
91885  -30.207  -7.554  5.735 0.5555555820
92959  -30.414  -6.654  7.014 0.5555555820
90759  -21.088  -8.382  5.137 0.2222222239
94016  -29.614  -5.694  7.301 0.5555555820
92988  -20.658  -6.736  4.812 0.4444444478
93996  -29.983  -5.073  8.123 0.5555555820
94011  -19.691  -5.593  6.220 0.3333333433
95062  -30.463  -4.366  8.619 0.5555555820
96201  -19.852  -3.456  5.007 0.4444444478
96148  -30.618  -3.352  9.143 0.4444444478
96172  -19.115  -4.040  6.513 0.3333333433
97163  -29.419  -2.302  8.751 0.5555555820
99267  -29.090  -0.470  8.688 0.4444444478
100382  -19.180  0.650  6.842 0.3333333433
99301  -19.438  -0.374  6.245 0.3333333433
100372  -28.360  0.517  7.716 0.4444444478
102645  -29.334  1.984  7.598 0.4444444478
103745  -29.782  3.435  7.110 0.2222222239
102644  -19.631  2.285  6.815 0.3333333433
103754  -20.641  3.366  5.228 0.6666666865
103756  -22.304  3.281  5.710 0.6666666865
102659  -24.861  3.107  5.870 0.6666666865
103758  -26.320  3.590  5.626 0.6666666865
103759  -27.198  3.462  5.611 0.6666666865
103744  -29.107  3.464  6.657 0.3333333433
104748  -20.796  3.945  5.549 0.5555555820
81902  -22.054  -16.095  5.791 0.5555555820
81903  -22.574  -16.713  5.599 0.5555555820
81904  -23.669  -16.882  5.117 0.6666666865
81920  -24.393  -16.619  4.622 0.6666666865
84012  -23.614  -15.007  4.640 0.6666666865
82945  -24.456  -15.658  4.288 0.7777777910
84029  -25.047  -14.569  3.817 0.8888888955
86292  -25.608  -12.427  2.890 1.0000000000
85127  -24.316  -13.222  3.928 1.0000000000
86294  -27.097  -13.023  2.671 1.0000000000
81890  -22.061  -17.181  5.940 0.5555555820
82926  -21.767  -15.509  5.990 0.5555555820
83998  -21.972  -14.703  5.625 0.6666666865
86293  -26.606  -12.894  2.725 1.0000000000
86308  -27.198  -12.359  2.605 1.0000000000
86306  -25.911  -11.809  2.577 1.0000000000
86309  -27.751  -12.025  2.843 1.0000000000
88499  -27.153  -10.903  2.562 1.0000000000
86277  -22.409  -12.881  4.913 0.8888888955
85109  -22.727  -13.425  4.828 1.0000000000
87350  -22.803  -11.409  4.171 1.0000000000
87378  -26.163  -11.343  2.463 1.0000000000
89638  -23.799  -10.017  3.067 1.0000000000
88498  -26.536  -10.719  2.456 1.0000000000
88484  -28.687  -10.683  3.218 0.8888888955
89655  -27.004  -10.152  2.603 1.0000000000
89653  -25.342  -9.570  2.306 1.0000000000
90789  -26.766  -9.317  2.576 1.0000000000
89639  -27.514  -9.530  2.888 1.0000000000
87339  -22.184  -11.371  4.881 0.6666666865
87362  -23.194  -10.963  3.690 1.0000000000
88454  -21.913  -10.905  5.074 0.5555555820
89637  -23.282  -9.490  3.221 0.8888888955
89651  -23.634  -8.930  2.786 1.0000000000
91884  -29.097  -7.389  5.275 0.6666666865
89623  -21.763  -9.354  4.482 0.5555555820
90760  -21.482  -8.701  4.561 0.6666666865
90784  -22.470  -8.106  3.176 0.7777777910
90785  -23.110  -8.383  2.818 0.8888888955
91920  -23.445  -7.446  2.461 0.8888888955
93005  -26.163  -6.702  3.212 1.0000000000
92991  -26.274  -6.364  4.059 0.8888888955
92992  -27.542  -6.464  4.765 0.8888888955
92993  -28.166  -6.930  5.009 0.7777777910
91883  -28.484  -7.112  5.109 0.7777777910
92957  -28.720  -5.885  6.181 0.6666666865
92980  -30.137  -7.136  6.328 0.5555555820
91908  -21.622  -7.438  4.021 0.5555555820
91896  -20.582  -7.585  5.405 0.3333333433
90771  -21.468  -8.087  4.449 0.3333333433
90772  -21.939  -8.442  3.844 0.6666666865
93003  -22.347  -6.556  2.944 0.7777777910
94067  -25.288  -5.439  2.886 1.0000000000
94046  -26.744  -5.427  4.865 0.7777777910
95120  -22.905  -5.181  2.647 0.8888888955
95077  -27.725  -4.105  6.668 0.7777777910
95078  -28.420  -4.513  7.071 0.6666666865
94028  -20.413  -5.900  4.947 0.4444444478
96230  -22.694  -3.711  2.511 0.8888888955
96233  -24.356  -3.868  3.165 1.0000000000
96217  -24.482  -3.466  3.686 0.8888888955
96190  -26.674  -3.052  5.681 0.7777777910
96174  -27.443  -3.148  6.947 0.6666666865
96160  -29.218  -3.299  8.421 0.5555555820
96161  -29.933  -3.681  8.679 0.5555555820
95103  -20.175  -4.116  4.748 0.5555555820
96205  -25.522  -3.178  4.719 0.8888888955
97184  -26.616  -2.236  6.196 0.8888888955
97175  -28.178  -2.430  7.839 0.6666666865
98229  -25.210  -1.518  4.796 0.8888888955
98212  -28.468  -1.982  8.021 0.5555555820
97212  -21.022  -2.471  3.988 0.5555555820
98271  -21.885  -1.552  2.733 0.7777777910
98259  -23.503  -1.737  3.299 0.8888888955
98272  -22.503  -1.713  2.539 0.7777777910
98191  -29.740  -1.223  9.177 0.5555555820
99312  -19.742  -0.443  5.301 0.5555555820
98242  -19.996  -1.433  4.963 0.5555555820
99314  -20.992  -0.695  3.992 0.6666666865
99327  -20.881  -0.037  3.987 0.6666666865
98258  -21.362  -1.350  3.492 0.7777777910
97211  -20.335  -2.457  4.727 0.7777777910
100416  -21.696  0.252  3.103 0.7777777910
99316  -23.928  -0.765  4.470 0.7777777910
100392  -24.327  0.297  4.858 0.6666666865
99304  -25.587  -0.275  5.357 0.6666666865
100394  -25.933  0.525  5.629 0.6666666865
99297  -26.897  -0.329  6.589 0.5555555820
101510  -28.922  1.508  7.597 0.4444444478
100352  -28.723  0.051  8.410 0.4444444478
101524  -28.090  1.715  7.293 0.5555555820
100391  -20.400  0.890  5.233 0.5555555820
101561  -21.504  0.926  3.604 0.6666666865
101546  -22.373  1.212  3.967 0.7777777910
102673  -27.394  2.621  5.996 0.6666666865
102665  -20.383  2.303  5.316 0.5555555820
103753  -20.439  2.832  5.126 0.6666666865
97196  -19.051  -2.321  6.304 0.3333333433
92972  -20.143  -6.736  5.496 0.4444444478
94027  -20.052  -5.804  5.575 0.4444444478
102646  -29.869  2.490  7.591 0.3333333433
104736  -28.813  4.368  6.234 0.3333333433
80720  -23.248  -17.670  5.478 0.5555555820
84015  -27.250  -14.510  4.247 0.6666666865
80704  -21.854  -17.651  6.465 0.4444444478
82913  -21.314  -15.517  6.580 0.4444444478
89622  -21.258  -9.194  5.029 0.3333333433
89621  -20.772  -9.216  5.546 0.1111111119
90758  -20.478  -8.495  5.880 0.1111111119
95087  -19.923  -4.661  5.408 0.3333333433
98228  -19.143  -1.270  6.577 0.3333333433
104751  -27.763  4.228  5.354 0.6666666865
104752  -28.320  4.152  5.757 0.4444444478
80706  -26.741  -17.393  5.880 0.4444444478
80688  -27.699  -17.892  7.248 0.2222222239
79530  -23.759  -18.431  5.563 0.4444444478
79531  -24.671  -18.327  5.523 0.4444444478
80722  -24.946  -17.497  4.821 0.4444444478
79533  -26.260  -17.742  5.355 0.4444444478
80725  -27.029  -16.704  5.566 0.4444444478
81892  -28.157  -16.216  6.518 0.2222222239
80739  -25.566  -16.985  4.430 0.4444444478
80740  -26.073  -17.037  4.451 0.4444444478
81906  -26.489  -16.532  4.584 0.4444444478
82915  -28.291  -15.322  6.524 0.1111111119
82899  -29.346  -15.097  7.198 0.1111111119
81907  -26.807  -16.159  4.814 0.4444444478
82914  -27.656  -14.976  5.835 0.3333333433
81922  -26.140  -16.293  4.169 0.4444444478
82929  -27.196  -15.224  5.124 0.3333333433
83982  -27.780  -14.604  5.741 0.3333333433
83984  -28.752  -14.488  6.751 0.2222222239
82948  -26.789  -15.369  4.417 0.4444444478
81938  -25.861  -15.779  3.779 0.5555555820
82947  -26.461  -15.453  3.945 0.4444444478
85099  -28.320  -13.652  5.494 0.2222222239
86250  -28.758  -13.199  6.164 0.1111111119
86252  -30.507  -12.155  6.852 0.1111111119
85112  -27.849  -13.813  4.771 0.3333333433
85113  -28.354  -13.036  4.601 0.3333333433
85132  -28.391  -12.570  3.932 0.4444444478
87352  -29.166  -11.734  3.897 0.6666666865
87340  -29.825  -11.263  5.298 0.4444444478
87366  -28.854  -11.442  3.465 0.6666666865
88457  -31.357  -10.165  5.135 0.3333333433
88485  -29.425  -10.657  3.623 0.6666666865
89626  -30.566  -9.588  4.085 0.5555555820
89641  -29.259  -10.029  3.594 0.6666666865
90764  -31.182  -9.226  4.352 0.5555555820
89627  -31.081  -9.825  4.481 0.4444444478
90749  -31.462  -8.614  4.820 0.3333333433
91886  -31.289  -7.885  5.522 0.4444444478
91868  -31.012  -7.364  6.339 0.4444444478
102658  -24.053  3.108  5.982 0.5555555820
103757  -23.044  3.374  5.905 0.5555555820
103742  -25.384  3.731  5.885 0.5555555820
104750  -26.877  4.418  5.393 0.5555555820
105727  -27.454  5.106  4.935 0.5555555820
79514  -26.353  -18.244  6.232 0.4444444478
80707  -27.570  -16.951  6.514 0.2222222239
81905  -24.291  -17.181  4.945 0.4444444478
85084  -28.543  -13.849  6.278 0.2222222239
85085  -29.137  -13.596  6.734 0.1111111119
86265  -28.805  -12.560  5.477 0.4444444478
86266  -29.414  -11.923  5.752 0.3333333433
87367  -29.378  -11.231  3.819 0.6666666865
88455  -29.930  -10.792  4.635 0.4444444478
92936  -30.905  -5.987  7.910 0.4444444478
103740  -23.521  3.805  6.270 0.5555555820
104734  -23.977  4.657  6.466 0.5555555820
80738  -25.031  -16.900  4.483 0.4444444478
87341  -30.405  -10.965  5.808 0.2222222239
78387  -24.658  -19.466  6.679 0.4444444478
79494  -25.682  -19.003  6.961 0.4444444478
79495  -26.131  -18.772  7.209 0.4444444478
79496  -27.000  -18.401  7.101 0.2222222239
80669  -27.798  -18.103  7.697 0.2222222239
80670  -28.108  -17.834  7.841 0.1111111119
79511  -23.425  -18.970  6.140 0.4444444478
79512  -24.292  -18.974  6.106 0.4444444478
80708  -28.235  -16.601  6.869 0.1111111119
81875  -28.726  -16.037  7.187 0.1111111119
80689  -28.385  -17.102  7.327 0.1111111119
83965  -29.469  -14.159  7.090 0.1111111119
85070  -30.644  -13.664  7.461 0.1111111119
88442  -30.944  -10.541  5.775 0.2222222239
89600  -31.934  -9.738  5.509 0.1111111119
90750  -32.131  -8.837  5.248 0.2222222239
91887  -32.256  -8.239  5.616 0.2222222239
92960  -31.712  -7.046  7.058 0.4444444478
92937  -31.622  -6.346  7.776 0.3333333433
94017  -30.323  -5.745  7.716 0.4444444478
93998  -31.585  -5.540  8.336 0.3333333433
98241  -19.528  -1.387  5.797 0.4444444478
97164  -30.190  -2.348  9.331 0.4444444478
100353  -29.303  0.488  8.491 0.3333333433
103737  -20.326  3.469  6.185 0.4444444478
105728  -28.468  5.238  5.452 0.5555555820
103738  -21.745  4.010  5.969 0.5555555820
103739  -22.544  3.931  6.235 0.5555555820
104749  -25.845  4.682  5.576 0.5555555820
104733  -22.891  4.719  6.521 0.5555555820
79529  -23.027  -18.381  5.789 0.4444444478
82967  -26.064  -15.426  3.600 0.5555555820
84014  -26.748  -14.987  4.026 0.5555555820
89625  -29.871  -9.377  3.908 0.5555555820
90748  -30.495  -8.199  4.883 0.4444444478
93997  -30.737  -5.285  8.285 0.4444444478
101511  -29.638  1.480  8.163 0.3333333433
79515  -27.095  -17.835  6.571 0.4444444478
79513  -25.339  -18.855  6.465 0.4444444478
79532  -25.605  -18.130  5.431 0.4444444478
80723  -25.876  -17.518  4.753 0.4444444478
80724  -26.523  -17.026  4.827 0.4444444478
81891  -27.577  -15.971  5.805 0.4444444478
81876  -29.791  -15.997  7.491 0.1111111119
84001  -28.015  -14.139  5.532 0.3333333433
84000  -27.662  -14.439  5.344 0.3333333433
83983  -28.100  -14.427  5.969 0.2222222239
86251  -29.488  -12.608  6.499 0.1111111119
87325  -30.026  -11.609  6.192 0.1111111119
86237  -30.185  -12.984  7.205 0.1111111119
86280  -28.920  -12.203  4.417 0.4444444478
87353  -29.472  -11.419  4.425 0.4444444478
88456  -30.495  -10.524  5.100 0.3333333433
86281  -29.261  -11.854  5.076 0.4444444478
88470  -30.348  -10.255  4.264 0.4444444478
89642  -30.011  -10.075  3.688 0.5555555820
88486  -29.873  -10.393  3.865 0.5555555820
90763  -30.610  -8.848  4.227 0.5555555820
89611  -31.752  -9.404  4.867 0.3333333433
91869  -32.002  -7.660  6.330 0.4444444478
103741  -24.494  3.813  6.222 0.5555555820
86236  -29.654  -13.303  6.968 0.1111111119
87326  -30.945  -11.178  6.467 0.2222222239
78388  -25.147  -19.402  6.860 0.4444444478
79473  -26.845  -18.698  7.598 0.2222222239
79510  -22.477  -18.741  6.485 0.4444444478
83966  -30.129  -14.397  7.371 0.1111111119
72322  -25.542  -24.347  11.139 0.1111111119
73469  -22.947  -23.059  9.598 0.3333333433
73448  -25.110  -23.534  10.785 0.2222222239
73428  -25.581  -23.857  10.973 0.1111111119
73449  -25.791  -23.016  10.894 0.1111111119
75844  -21.219  -21.434  8.176 0.3333333433
74636  -21.762  -22.897  8.883 0.3333333433
75828  -23.579  -21.918  9.076 0.3333333433
75829  -24.120  -21.716  9.503 0.3333333433
74614  -24.336  -22.472  10.326 0.2222222239
75803  -24.916  -21.847  10.293 0.2222222239
74615  -25.369  -22.553  10.655 0.2222222239
74616  -25.918  -22.556  10.909 0.1111111119
77185  -20.985  -20.204  7.758 0.2222222239
77168  -21.251  -20.778  7.902 0.2222222239
75845  -22.070  -21.739  8.074 0.3333333433
74654  -22.343  -22.310  8.562 0.3333333433
74655  -22.862  -22.263  8.863 0.3333333433
77126  -25.449  -21.277  10.275 0.1111111119
78368  -21.374  -19.570  7.621 0.2222222239
78369  -22.065  -19.740  7.243 0.3333333433
77186  -21.776  -20.455  7.587 0.3333333433
78370  -22.607  -19.735  6.837 0.3333333433
77187  -22.667  -20.489  7.327 0.3333333433
75859  -22.426  -21.183  7.712 0.3333333433
77188  -23.616  -20.609  7.714 0.3333333433
77170  -24.409  -20.816  8.769 0.3333333433
77171  -25.420  -20.034  8.623 0.3333333433
77150  -25.299  -20.697  9.636 0.3333333433
77151  -26.429  -20.083  9.502 0.2222222239
79491  -21.190  -18.633  7.834 0.2222222239
79492  -21.771  -18.903  7.132 0.2222222239
78385  -23.172  -19.601  6.565 0.3333333433
78371  -24.218  -19.923  7.148 0.3333333433
77189  -24.617  -20.109  7.887 0.3333333433
78372  -24.930  -19.706  7.226 0.3333333433
80686  -20.802  -17.485  7.842 0.3333333433
80687  -21.444  -17.985  7.196 0.3333333433
78386  -23.900  -19.550  6.540 0.3333333433
77190  -25.233  -19.667  7.816 0.3333333433
78373  -25.557  -19.297  7.245 0.3333333433
78374  -26.042  -19.172  7.626 0.3333333433
92961  -32.697  -7.041  6.834 0.2222222239
95047  -31.208  -3.961  8.913 0.3333333433
95063  -31.377  -4.686  8.630 0.2222222239
74613  -23.498  -22.847  10.019 0.3333333433
75804  -26.046  -21.922  10.892 0.1111111119
75858  -21.734  -21.160  7.820 0.3333333433
77169  -23.790  -21.114  8.422 0.3333333433
75847  -23.917  -21.364  8.756 0.3333333433
78352  -25.830  -19.432  8.021 0.3333333433
72321  -24.684  -24.613  11.166 0.1111111119
73467  -21.147  -23.521  9.407 0.3333333433
73468  -22.284  -23.646  9.512 0.3333333433
73445  -22.581  -24.063  9.820 0.3333333433
73446  -23.037  -23.749  9.956 0.3333333433
73447  -23.924  -23.484  10.467 0.3333333433
71167  -26.087  -25.180  11.588 0.1111111119
73429  -26.023  -23.661  11.077 0.1111111119
74653  -21.492  -22.190  8.432 0.3333333433
73430  -27.032  -23.623  11.305 0.1111111119
77167  -20.699  -20.590  8.296 0.2222222239
75784  -26.447  -22.267  11.134 0.1111111119
78351  -20.809  -19.522  8.370 0.2222222239
77127  -26.232  -20.852  10.436 0.1111111119
77172  -26.228  -19.542  8.666 0.1111111119
78353  -26.651  -19.137  8.038 0.1111111119
92938  -32.575  -6.522  7.524 0.2222222239
96149  -31.592  -3.279  9.195 0.2222222239
95048  -31.941  -3.983  8.735 0.2222222239
81888  -21.225  -16.152  6.909 0.2222222239
79509  -21.864  -18.326  6.798 0.4444444478
93999  -32.567  -5.691  8.114 0.2222222239
72323  -26.575  -24.446  11.315 0.1111111119
72342  -24.950  -24.188  10.902 0.1111111119
74638  -23.324  -22.312  9.324 0.3333333433
74637  -22.563  -22.731  9.151 0.3333333433
75843  -20.565  -21.434  8.654 0.2222222239
74635  -20.683  -22.445  8.993 0.2222222239
74639  -23.787  -22.301  9.852 0.3333333433
75846  -23.190  -21.614  8.502 0.3333333433
75802  -24.427  -21.976  10.099 0.2222222239
75830  -24.855  -21.275  9.881 0.2222222239
79493  -22.232  -19.288  6.919 0.3333333433
77205  -23.118  -20.212  6.928 0.3333333433
75860  -23.015  -21.092  7.677 0.3333333433
77149  -24.636  -21.075  9.492 0.3333333433
77206  -23.606  -20.027  6.928 0.3333333433
71166  -25.133  -25.092  11.675 0.1111111119
72341  -24.347  -24.160  10.750 0.2222222239
72340  -23.463  -24.313  10.455 0.3333333433
74652  -20.972  -21.906  8.521 0.2222222239
92962  -33.605  -6.728  6.817 0.1111111119
92963  -34.542  -6.603  6.517 0.1111111119
94000  -33.491  -5.879  7.507 0.1111111119
94019  -35.012  -5.714  6.143 0.1111111119
95064  -32.307  -4.760  8.466 0.1111111119
95080  -33.876  -4.837  6.885 0.1111111119
95065  -33.335  -4.524  7.886 0.1111111119
98171  -30.447  -0.797  9.385 0.2222222239
100331  -30.627  0.392  9.326 0.1111111119
100354  -30.111  0.440  8.900 0.2222222239
101512  -30.250  1.956  8.271 0.1111111119
99244  -30.816  -0.283  9.547 0.1111111119
101494  -31.614  1.383  9.093 0.1111111119
104721  -20.188  4.705  6.960 0.4444444478
104732  -21.866  4.659  6.415 0.4444444478
103726  -30.446  3.396  7.534 0.1111111119
104735  -24.867  4.627  6.015 0.4444444478
105729  -29.299  5.656  5.806 0.3333333433
105712  -29.157  5.044  6.190 0.2222222239
104738  -30.166  5.016  6.812 0.1111111119
104723  -30.658  4.483  7.240 0.1111111119
105711  -25.121  5.462  5.736 0.4444444478
105710  -24.394  5.493  6.305 0.4444444478
106634  -24.783  6.101  6.122 0.4444444478
105725  -25.735  5.580  5.292 0.4444444478
105739  -26.551  5.992  4.732 0.4444444478
105726  -26.525  5.395  5.072 0.4444444478
105740  -27.065  5.876  4.572 0.4444444478
106663  -28.345  6.660  4.358 0.4444444478
106650  -28.498  6.050  4.846 0.2222222239
106651  -29.194  6.498  5.099 0.2222222239
106652  -30.023  6.852  5.593 0.2222222239
106635  -30.574  6.652  6.067 0.2222222239
111367  -28.620  11.874  5.993 0.1111111119
110329  -29.824  10.315  6.339 0.1111111119
107585  -31.596  7.542  6.353 0.1111111119
105708  -21.963  5.651  6.865 0.4444444478
105709  -23.394  5.594  6.698 0.3333333433
106660  -25.770  6.826  4.842 0.4444444478
107609  -26.829  7.209  3.540 0.4444444478
106661  -26.516  6.604  4.397 0.4444444478
106662  -27.424  6.522  4.107 0.4444444478
107621  -26.333  8.106  3.224 0.3333333433
107611  -28.569  7.607  4.064 0.3333333433
108542  -28.988  8.511  4.479 0.1111111119
107612  -29.203  7.573  4.690 0.1111111119
108528  -29.556  8.290  5.012 0.1111111119
108529  -30.265  8.523  5.568 0.1111111119
109405  -30.017  9.077  5.568 0.1111111119
105699  -21.167  6.269  7.597 0.2222222239
106633  -24.057  6.592  6.608 0.3333333433
106647  -24.730  6.659  6.024 0.3333333433
108550  -26.533  8.792  2.860 0.2222222239
107622  -27.244  7.899  3.031 0.2222222239
108541  -28.442  8.431  3.760 0.2222222239
109419  -28.913  9.027  4.675 0.1111111119
109428  -26.752  9.628  2.865 0.1111111119
109429  -27.662  9.668  3.426 0.1111111119
110365  -27.951  10.116  3.865 0.1111111119
110339  -29.267  10.284  5.865 0.1111111119
110364  -27.189  10.489  3.295 0.1111111119
110353  -28.362  10.386  4.517 0.1111111119
110338  -28.823  10.320  5.243 0.1111111119
106632  -22.861  6.467  7.117 0.3333333433
106629  -23.217  7.315  7.197 0.3333333433
107582  -24.695  7.226  6.228 0.3333333433
107596  -24.925  6.937  5.734 0.3333333433
107608  -25.835  7.705  4.064 0.3333333433
107620  -25.825  8.404  3.400 0.2222222239
109427  -25.629  9.685  2.088 0.1111111119
111397  -27.406  11.391  4.048 0.1111111119
111383  -28.316  11.377  5.196 0.1111111119
113333  -27.703  13.474  5.014 0.1111111119
108508  -23.024  8.554  8.763 0.1111111119
108509  -23.826  8.538  8.338 0.1111111119
107583  -25.151  7.896  6.579 0.2222222239
108527  -25.380  8.579  5.974 0.2222222239
107597  -25.321  7.473  5.468 0.3333333433
108540  -25.366  8.696  4.633 0.3333333433
109417  -24.880  9.759  3.494 0.2222222239
109425  -24.540  10.046  2.537 0.1111111119
111407  -24.408  11.117  2.088 0.1111111119
110373  -24.873  10.548  1.432 0.1111111119
111409  -25.304  11.529  2.008 0.1111111119
111410  -26.471  11.459  2.865 0.1111111119
112388  -26.596  12.746  3.663 0.1111111119
111382  -27.736  11.924  4.597 0.1111111119
113318  -28.794  13.432  6.305 0.1111111119
112357  -28.832  12.538  6.342 0.1111111119
109380  -25.663  9.134  7.291 0.1111111119
108514  -25.381  8.619  6.965 0.1111111119
109402  -25.978  10.344  5.640 0.1111111119
109401  -25.312  9.766  5.314 0.1111111119
110336  -25.237  10.643  4.107 0.1111111119
112387  -24.965  12.662  3.241 0.1111111119
111408  -24.612  11.552  2.373 0.1111111119
112399  -25.052  12.840  2.645 0.1111111119
112400  -25.840  12.558  2.942 0.1111111119
109381  -26.485  9.481  7.400 0.1111111119
109372  -26.606  9.034  8.203 0.1111111119
109388  -26.530  10.057  6.325 0.1111111119
111381  -26.252  11.576  5.343 0.1111111119
112373  -25.908  12.211  5.029 0.1111111119
112372  -25.266  12.486  4.344 0.1111111119
110312  -27.461  10.971  7.280 0.1111111119
110298  -27.863  10.509  7.805 0.1111111119
111366  -27.255  11.732  6.899 0.1111111119
91889  -34.858  -7.318  6.362 0.1111111119
92939  -33.132  -6.591  7.226 0.1111111119
94018  -34.204  -5.752  6.716 0.1111111119
96150  -32.418  -3.220  8.788 0.1111111119
95049  -32.719  -3.918  8.377 0.1111111119
97166  -32.088  -2.408  9.191 0.1111111119
102635  -31.223  1.807  8.767 0.1111111119
105707  -21.288  5.026  6.709 0.4444444478
105713  -29.814  5.322  6.342 0.1111111119
105714  -30.711  5.627  6.541 0.1111111119
103727  -31.328  3.530  7.743 0.1111111119
107599  -30.525  7.517  5.731 0.2222222239
109404  -29.330  9.279  5.262 0.1111111119
109390  -29.643  9.775  5.940 0.1111111119
109392  -31.484  9.634  6.816 0.1111111119
109416  -24.562  10.031  2.956 0.1111111119
111380  -25.588  11.539  4.560 0.1111111119
112386  -24.730  13.214  2.893 0.1111111119
112356  -26.937  12.302  6.542 0.1111111119
92994  -36.219  -6.589  4.500 0.1111111119
92981  -35.358  -6.673  6.096 0.1111111119
97165  -31.139  -2.435  9.498 0.2222222239
99268  -29.803  -0.270  8.915 0.2222222239
102647  -30.911  2.474  8.315 0.1111111119
104731  -20.877  4.513  6.147 0.4444444478
106649  -26.044  6.104  4.923 0.4444444478
106648  -25.301  6.382  5.512 0.4444444478
107610  -27.790  7.227  3.619 0.4444444478
107623  -28.032  7.939  3.361 0.2222222239
108511  -25.846  9.084  7.802 0.1111111119
108496  -25.294  8.384  9.912 0.1111111119
109373  -27.690  9.663  8.448 0.1111111119
110328  -26.914  10.961  6.573 0.1111111119
111365  -26.723  11.653  6.175 0.1111111119
92982  -36.064  -6.841  5.416 0.1111111119
91870  -33.033  -7.614  6.153 0.1111111119
91871  -34.030  -7.579  6.575 0.1111111119
92995  -36.507  -7.148  3.937 0.1111111119
92983  -36.379  -7.249  4.745 0.1111111119
95095  -35.671  -5.566  4.827 0.1111111119
95081  -34.553  -4.862  6.270 0.1111111119
96193  -34.320  -4.136  5.821 0.1111111119
96176  -33.682  -3.712  6.621 0.1111111119
97167  -32.884  -2.403  8.663 0.1111111119
96151  -33.116  -3.218  8.343 0.1111111119
96162  -33.425  -3.392  7.658 0.1111111119
98194  -32.562  -1.507  8.983 0.1111111119
100355  -32.501  0.208  9.062 0.1111111119
101495  -32.543  1.191  8.864 0.1111111119
104747  -20.580  3.951  5.877 0.4444444478
102636  -31.829  1.987  8.655 0.1111111119
102648  -31.992  2.802  8.215 0.1111111119
105700  -31.407  5.128  7.077 0.1111111119
104724  -31.752  4.402  7.455 0.1111111119
105698  -20.537  5.367  7.203 0.4444444478
106638  -33.119  6.656  6.649 0.1111111119
108517  -32.074  8.547  6.605 0.1111111119
105694  -20.874  6.701  8.080 0.2222222239
106631  -21.971  6.514  7.483 0.3333333433
106627  -21.370  7.143  7.887 0.2222222239
110331  -31.337  10.408  7.124 0.1111111119
107574  -21.563  7.579  8.707 0.1111111119
107579  -24.246  7.884  7.219 0.2222222239
112342  -30.016  12.105  7.264 0.1111111119
113320  -30.024  12.955  7.108 0.1111111119
107575  -22.351  8.199  9.070 0.1111111119
108493  -23.232  8.201  9.931 0.1111111119
108495  -24.465  8.452  10.151 0.1111111119
114217  -29.069  14.139  6.492 0.1111111119
108497  -26.380  8.437  9.863 0.1111111119
113357  -24.749  13.685  2.425 0.1111111119
113358  -25.431  13.856  2.466 0.1111111119
114245  -26.678  14.379  3.856 0.1111111119
115107  -27.243  14.849  4.695 0.1111111119
108505  -26.873  8.842  8.994 0.1111111119
113332  -25.801  12.948  5.201 0.1111111119
114229  -24.666  14.358  4.702 0.1111111119
112341  -27.317  12.592  7.229 0.1111111119
98192  -30.670  -1.534  9.492 0.1111111119
104722  -30.120  3.946  7.187 0.1111111119
105741  -27.883  5.896  4.679 0.4444444478
101493  -30.616  1.293  8.921 0.2222222239
94035  -35.532  -5.956  5.453 0.1111111119
96177  -34.153  -4.343  6.432 0.1111111119
98172  -31.004  -0.909  9.562 0.1111111119
101471  -31.377  0.822  9.432 0.1111111119
100333  -31.856  0.167  9.494 0.1111111119
106664  -28.790  7.098  4.591 0.2222222239
107598  -29.827  7.536  5.242 0.1111111119
107584  -31.006  7.207  6.103 0.2222222239
106636  -31.317  6.562  6.335 0.1111111119
111368  -29.248  11.321  6.436 0.1111111119
112375  -28.380  12.320  5.659 0.1111111119
109391  -30.303  9.364  6.052 0.1111111119
111384  -28.871  10.802  5.736 0.1111111119
111369  -30.022  10.876  6.655 0.1111111119
110330  -30.637  10.425  6.765 0.1111111119
107586  -32.619  7.581  6.583 0.1111111119
106637  -32.180  6.651  6.539 0.1111111119
107600  -30.985  7.773  6.038 0.2222222239
108515  -30.549  8.821  5.902 0.2222222239
108551  -27.680  8.782  3.174 0.2222222239
109418  -28.503  9.341  4.185 0.1111111119
110352  -27.766  10.649  4.066 0.1111111119
107577  -21.951  7.598  7.977 0.1111111119
108548  -25.378  8.811  3.450 0.2222222239
109437  -25.120  10.211  1.607 0.1111111119
110363  -26.144  10.559  2.246 0.1111111119
112389  -27.248  12.334  4.184 0.1111111119
112374  -27.841  12.568  4.957 0.1111111119
113346  -27.095  13.295  4.258 0.1111111119
113334  -28.287  13.222  5.686 0.1111111119
114232  -27.298  14.041  4.694 0.1111111119
107567  -22.567  7.911  9.921 0.1111111119
108502  -23.556  8.564  9.242 0.1111111119
107580  -25.071  8.235  7.209 0.1111111119
109426  -24.955  9.540  2.486 0.1111111119
110351  -24.576  10.687  2.992 0.1111111119
111417  -24.639  11.342  1.567 0.1111111119
113345  -26.280  13.516  3.307 0.1111111119
108510  -24.850  9.059  7.752 0.1111111119
108503  -24.500  8.708  9.152 0.1111111119
109387  -25.647  9.342  6.606 0.1111111119
110337  -25.739  10.764  5.121 0.1111111119
111396  -25.070  11.580  3.533 0.1111111119
113343  -24.545  13.345  3.435 0.1111111119
108504  -25.775  8.746  8.779 0.1111111119
109382  -27.309  10.101  7.263 0.1111111119
109389  -27.095  10.497  6.835 0.1111111119
112355  -26.437  12.473  5.807 0.1111111119
113331  -25.283  13.399  4.733 0.1111111119
114243  -24.854  13.726  4.514 0.1111111119
98193  -31.610  -1.420  9.365 0.1111111119
105715  -31.761  5.799  6.675 0.1111111119
108516  -30.982  8.518  6.195 0.1111111119
113356  -24.386  13.684  2.939 0.1111111119
113317  -26.759  13.056  6.631 0.1111111119
94036  -35.890  -6.166  4.909 0.1111111119
99269  -32.186  -0.615  9.191 0.1111111119
110314  -31.060  10.930  7.264 0.1111111119
107578  -22.746  8.039  8.007 0.1111111119
107566  -21.832  7.552  9.775 0.1111111119
111350  -30.292  11.414  7.154 0.1111111119
108494  -23.842  8.464  9.961 0.1111111119
113370  -25.204  14.745  2.100 0.1111111119
115104  -24.577  14.748  4.829 0.1111111119
114242  -24.309  14.002  4.191 0.1111111119
72339  -22.466  -24.681  9.985 0.2222222239
87318  -21.196  -11.644  5.779 0.2222222239
88453  -21.519  -10.586  5.297 0.2222222239
86263  -21.919  -12.319  5.220 0.3333333433
87338  -21.657  -11.295  5.363 0.4444444478
104730  -20.274  4.106  6.628 0.3333333433
103725  -19.889  3.513  6.992 0.2222222239
105692  -19.628  5.037  8.148 0.1111111119
105693  -20.568  5.883  8.467 0.1111111119
99295  -18.916  -0.395  7.022 0.2222222239
97181  -18.756  -1.801  6.726 0.1111111119
86249  -21.143  -12.373  6.173 0.2222222239
98216  -18.682  -1.291  7.204 0.1111111119
100366  -18.934  0.976  7.756 0.1111111119
101484  -19.603  1.455  7.600 0.1111111119
103715  -19.858  3.297  7.776 0.1111111119
104713  -19.598  4.153  8.876 0.1111111119
105682  -20.062  4.946  9.092 0.1111111119
102627  -19.661  2.355  7.396 0.1111111119
83981  -20.924  -14.910  6.818 0.2222222239
85083  -20.962  -13.147  6.545 0.2222222239
103714  -19.714  2.890  7.136 0.1111111119
104720  -19.837  4.264  7.587 0.3333333433
105697  -19.854  4.920  7.443 0.1111111119
102628  -19.879  2.440  7.708 0.1111111119
102629  -20.479  2.461  7.490 0.1111111119
103716  -20.074  3.496  8.307 0.1111111119
72319  -22.270  -25.008  10.708 0.1111111119
71182  -23.162  -24.948  10.598 0.1111111119
72317  -20.536  -24.920  10.801 0.1111111119
72356  -20.947  -24.167  9.636 0.1111111119
82897  -20.854  -15.481  7.714 0.1111111119
88452  -20.851  -10.121  5.773 0.1111111119
87337  -21.127  -10.968  5.759 0.1111111119
95074  -19.413  -4.637  6.350 0.2222222239
95073  -18.873  -4.513  6.832 0.2222222239
95056  -18.647  -4.117  7.348 0.2222222239
72337  -20.244  -24.241  10.018 0.1111111119
88467  -21.371  -9.890  5.051 0.1111111119
72318  -21.600  -24.942  10.815 0.1111111119
71181  -22.697  -25.082  10.740 0.1111111119
72320  -23.819  -24.702  11.049 0.1111111119
72316  -19.473  -24.548  10.967 0.1111111119
73444  -19.736  -23.734  10.066 0.1111111119
73466  -20.157  -23.403  9.581 0.1111111119
74634  -19.716  -22.461  9.664 0.1111111119
75827  -19.992  -21.499  9.310 0.1111111119
77148  -20.262  -20.629  8.967 0.1111111119
78332  -20.527  -20.091  8.732 0.1111111119
83980  -20.762  -14.620  7.269 0.1111111119
87317  -20.669  -11.216  6.517 0.1111111119
94010  -19.238  -5.493  6.842 0.2222222239
95042  -18.402  -3.834  7.862 0.2222222239
96154  -18.359  -3.279  7.602 0.1111111119
71163  -22.139  -25.316  11.431 0.1111111119
96171  -18.788  -3.470  6.800 0.2222222239
97195  -18.845  -2.793  6.674 0.1111111119
85094  -20.933  -13.842  6.507 0.1111111119
88466  -21.026  -9.613  5.339 0.1111111119
82912  -20.975  -15.485  7.156 0.1111111119
78350  -20.665  -19.039  8.888 0.1111111119
79472  -20.879  -18.474  8.545 0.1111111119
81874  -20.863  -16.322  7.483 0.1111111119
72357  -21.633  -24.202  9.639 0.1111111119
72338  -21.241  -24.650  9.999 0.1111111119
83996  -20.719  -14.324  6.765 0.1111111119
72336  -19.687  -24.045  10.396 0.1111111119
72355  -20.593  -23.858  9.623 0.1111111119
83964  -21.176  -14.737  7.767 0.1111111119
93992  -18.957  -4.988  7.247 0.1111111119
73465  -19.545  -23.192  10.026 0.1111111119
81864  -20.700  -16.403  8.221 0.1111111119
82891  -21.096  -15.348  8.282 0.1111111119
85082  -20.553  -13.577  7.049 0.1111111119
96142  -18.083  -3.344  8.074 0.1111111119
97171  -17.788  -2.473  8.169 0.1111111119
92951  -19.530  -6.321  6.728 0.1111111119
100381  -18.741  0.267  7.565 0.1111111119
75785  -26.863  -22.172  11.237 0.1111111119
81923  -26.548  -15.847  4.310 0.4444444478
81937  -25.595  -15.896  3.982 0.6666666865
82898  -28.787  -15.378  6.963 0.1111111119
82916  -28.806  -15.077  6.857 0.1111111119
85068  -29.554  -13.688  7.019 0.1111111119
85098  -27.945  -14.006  5.293 0.3333333433
85146  -27.659  -12.597  2.985 0.8888888955
86296  -28.747  -12.063  3.758 0.5555555820
88469  -29.716  -10.758  4.076 0.6666666865
88471  -30.848  -10.176  4.710 0.4444444478
91867  -30.442  -7.202  6.359 0.5555555820
93018  -26.102  -7.018  2.861 1.0000000000
94048  -35.803  -5.966  4.217 0.1111111119
94057  -25.508  -5.391  3.479 0.8888888955
94066  -24.692  -5.499  2.508 0.8888888955
95050  -33.171  -3.775  8.090 0.1111111119
95134  -22.788  -4.331  2.553 0.8888888955
96147  -29.895  -2.996  8.837 0.4444444478
96158  -27.831  -2.954  7.661 0.6666666865
96191  -27.226  -3.616  6.160 0.7777777910
96232  -24.006  -3.745  2.722 1.0000000000
97198  -26.176  -2.188  5.552 0.8888888955
97213  -24.516  -2.143  4.187 0.8888888955
97237  -22.907  -2.639  2.473 1.0000000000
98170  -30.083  -0.619  9.189 0.2222222239
98189  -28.231  -1.004  8.129 0.4444444478
98211  -28.042  -1.525  7.706 0.6666666865
98244  -23.639  -1.482  3.629 0.8888888955
98260  -23.923  -2.064  3.502 0.8888888955
99243  -30.312  -0.188  9.230 0.2222222239
99245  -31.459  -0.475  9.484 0.1111111119
99266  -28.415  -0.464  8.329 0.4444444478
99317  -24.439  -0.935  4.649 0.7777777910
99328  -21.319  -0.281  3.490 0.7777777910
99329  -22.464  -0.461  2.951 0.7777777910
99343  -22.283  -0.726  2.812 0.8888888955
99344  -22.642  -1.238  2.731 0.7777777910
100332  -31.169  0.242  9.578 0.1111111119
100365  -18.589  0.237  8.425 0.1111111119
100373  -29.122  0.955  7.901 0.4444444478
100400  -20.137  0.260  5.019 0.4444444478
100402  -22.504  0.506  3.487 0.7777777910
100417  -22.373  0.036  3.011 0.7777777910
100433  -22.029  -0.190  2.783 0.7777777910
101470  -30.919  0.725  9.396 0.1111111119
101472  -32.070  0.814  9.388 0.1111111119
101492  -29.878  0.957  8.687 0.2222222239
101535  -27.067  2.072  5.861 0.6666666865
101562  -21.958  0.843  3.341 0.7777777910
102657  -23.496  3.226  5.892 0.5555555820
102662  -29.470  2.912  7.006 0.2222222239
102683  -21.740  2.102  4.161 0.6666666865
104737  -29.674  4.403  6.755 0.1111111119
105730  -29.947  6.091  5.882 0.2222222239
106628  -22.366  7.176  7.631 0.2222222239
108501  -22.932  8.361  9.360 0.1111111119
108530  -30.745  8.091  5.817 0.2222222239
108549  -25.751  8.897  2.898 0.2222222239
109403  -28.792  9.838  4.786 0.1111111119
109435  -24.484  9.792  2.147 0.1111111119
109436  -24.873  10.044  1.740 0.1111111119
110315  -31.775  10.842  7.373 0.1111111119
110327  -26.414  10.871  5.826 0.1111111119
110350  -24.431  10.417  2.550 0.1111111119
110361  -24.392  10.570  2.131 0.1111111119
110362  -24.424  10.866  2.351 0.1111111119
110372  -24.539  10.572  1.552 0.1111111119
110374  -25.238  10.625  1.533 0.1111111119
110381  -24.680  11.188  1.027 0.1111111119
110382  -24.779  10.960  1.032 0.1111111119
110383  -24.623  10.944  1.329 0.1111111119
111349  -29.749  11.780  7.013 0.1111111119
111398  -27.970  10.944  4.476 0.1111111119
111416  -24.207  10.972  2.096 0.1111111119
111418  -24.955  11.143  1.339 0.1111111119
111426  -24.650  11.076  1.460 0.1111111119
111427  -24.794  11.171  1.227 0.1111111119
111428  -25.026  11.156  1.147 0.1111111119
112358  -29.602  12.357  6.909 0.1111111119
112359  -30.053  12.501  7.220 0.1111111119
112398  -24.771  13.385  2.657 0.1111111119
112401  -26.688  12.080  3.533 0.1111111119
113307  -30.422  13.463  7.330 0.1111111119
113344  -24.710  13.220  4.105 0.1111111119
113368  -24.486  14.184  2.522 0.1111111119
114230  -25.177  14.272  5.174 0.1111111119
114233  -27.873  14.216  5.407 0.1111111119
