#!ascii label  , from subject 3083 vox2ras=TkReg
543
16750  -42.596  -70.438  8.844 0.0000000000
26419  -52.095  -62.464  5.919 0.0000000000
23863  -40.487  -64.711  10.203 0.0000000000
23947  -44.650  -64.527  5.589 0.0000000000
22558  -48.190  -65.445  11.660 0.0000000000
16682  -40.038  -70.749  12.889 0.0000000000
23788  -38.346  -64.061  14.986 0.0000000000
26162  -39.043  -62.252  20.283 0.0000000000
25076  -43.198  -63.556  13.315 0.0000000000
22582  -44.754  -65.440  11.454 0.0000000000
25079  -46.285  -63.669  13.585 0.0000000000
20254  -39.081  -67.743  13.616 0.0000000000
20214  -39.981  -67.265  16.209 0.0000000000
31127  -40.104  -57.850  21.971 0.0000000000
30016  -38.841  -59.650  19.202 0.0000000000
17928  -45.601  -70.096  7.915 0.0000000000
25184  -48.915  -63.627  6.102 0.0000000000
23977  -46.384  -64.886  2.910 0.0000000000
26488  -48.976  -62.792  2.421 0.0000000000
21463  -40.253  -67.105  8.506 0.0000000000
20363  -42.908  -67.803  6.743 0.0000000000
23896  -46.901  -64.878  8.523 0.0000000000
23883  -50.580  -64.612  9.224 0.0000000000
20306  -38.679  -67.680  10.497 0.0000000000
23816  -38.925  -64.495  12.382 0.0000000000
26242  -40.831  -62.122  14.309 0.0000000000
22490  -41.268  -65.358  18.403 0.0000000000
25034  -38.419  -63.286  17.639 0.0000000000
28790  -39.380  -60.894  15.869 0.0000000000
30043  -42.772  -59.377  16.251 0.0000000000
20375  -45.876  -67.486  4.933 0.0000000000
27600  -49.295  -61.868  9.565 0.0000000000
27667  -51.192  -61.082  6.208 0.0000000000
27744  -47.330  -61.265  2.107 0.0000000000
26245  -43.637  -62.558  14.309 0.0000000000
25078  -45.097  -63.514  13.669 0.0000000000
17912  -43.918  -70.118  8.467 0.0000000000
25186  -50.525  -63.535  6.246 0.0000000000
25225  -48.947  -63.079  4.693 0.0000000000
26457  -50.762  -62.735  4.273 0.0000000000
26490  -50.858  -61.669  2.040 0.0000000000
27736  -52.214  -61.229  3.719 0.0000000000
22656  -40.192  -65.938  8.655 0.0000000000
23879  -42.436  -64.734  9.583 0.0000000000
22584  -46.611  -65.593  11.263 0.0000000000
22634  -45.517  -65.207  10.127 0.0000000000
22611  -47.983  -65.840  10.479 0.0000000000
22661  -48.559  -65.126  9.159 0.0000000000
22587  -49.797  -65.561  11.027 0.0000000000
17883  -39.314  -69.508  10.110 0.0000000000
17867  -39.396  -69.478  11.974 0.0000000000
21373  -38.406  -66.086  13.876 0.0000000000
21397  -38.409  -66.400  12.468 0.0000000000
22543  -38.450  -65.162  13.232 0.0000000000
25073  -40.222  -63.202  13.269 0.0000000000
25054  -38.917  -62.962  14.514 0.0000000000
23731  -40.344  -64.088  19.256 0.0000000000
22488  -39.857  -65.045  18.214 0.0000000000
25017  -38.912  -63.504  18.568 0.0000000000
31172  -39.966  -58.209  18.416 0.0000000000
28737  -39.085  -59.836  17.844 0.0000000000
31208  -40.702  -58.905  17.111 0.0000000000
28792  -40.955  -60.391  15.849 0.0000000000
22708  -43.555  -65.549  5.943 0.0000000000
20365  -44.545  -67.756  5.907 0.0000000000
21508  -44.784  -66.394  4.676 0.0000000000
21538  -47.274  -66.590  2.926 0.0000000000
27598  -47.579  -61.912  10.241 0.0000000000
27643  -50.760  -61.466  7.355 0.0000000000
27710  -47.169  -61.307  4.337 0.0000000000
23819  -42.246  -64.324  12.154 0.0000000000
23865  -42.910  -64.877  10.730 0.0000000000
23821  -43.986  -64.518  12.612 0.0000000000
23823  -45.900  -64.855  12.476 0.0000000000
23802  -47.942  -64.547  12.886 0.0000000000
19095  -39.930  -69.148  12.775 0.0000000000
20243  -39.268  -67.680  14.586 0.0000000000
21367  -38.479  -66.214  15.194 0.0000000000
28682  -39.295  -60.474  21.322 0.0000000000
28706  -38.774  -60.538  20.323 0.0000000000
29987  -39.076  -59.028  20.463 0.0000000000
32282  -39.787  -57.589  19.370 0.0000000000
33331  -41.323  -56.369  18.483 0.0000000000
23949  -46.848  -63.756  5.628 0.0000000000
23966  -45.513  -64.356  4.303 0.0000000000
25203  -47.247  -63.391  4.929 0.0000000000
25242  -47.517  -63.070  3.183 0.0000000000
24009  -47.840  -64.314  1.252 0.0000000000
25263  -48.824  -63.328  0.937 0.0000000000
25274  -49.065  -62.328  0.435 0.0000000000
27777  -48.062  -61.547  -0.083 0.0000000000
19124  -41.627  -68.938  8.352 0.0000000000
17925  -42.739  -69.220  8.116 0.0000000000
22693  -42.071  -65.886  6.806 0.0000000000
23926  -43.455  -64.809  6.701 0.0000000000
23880  -43.705  -64.833  9.867 0.0000000000
23894  -44.338  -64.608  8.730 0.0000000000
23912  -46.111  -64.408  7.670 0.0000000000
23913  -47.356  -64.403  7.593 0.0000000000
23915  -49.838  -64.256  7.545 0.0000000000
23917  -51.424  -63.577  7.640 0.0000000000
17896  -40.598  -69.743  9.093 0.0000000000
20323  -39.515  -67.948  9.351 0.0000000000
22629  -38.967  -66.287  9.664 0.0000000000
20292  -38.910  -68.161  12.019 0.0000000000
21431  -38.497  -66.733  10.796 0.0000000000
23843  -39.470  -64.678  11.087 0.0000000000
25094  -40.904  -63.639  12.672 0.0000000000
26269  -42.004  -62.912  13.871 0.0000000000
27500  -43.384  -61.868  14.760 0.0000000000
21339  -41.247  -66.726  17.291 0.0000000000
22526  -39.224  -65.552  17.093 0.0000000000
23783  -38.228  -64.105  16.112 0.0000000000
27435  -38.461  -61.323  18.090 0.0000000000
26213  -38.343  -62.160  17.272 0.0000000000
26225  -38.829  -62.204  15.303 0.0000000000
27496  -39.904  -61.663  15.056 0.0000000000
27477  -42.151  -61.198  15.277 0.0000000000
19139  -44.800  -69.121  7.480 0.0000000000
19159  -46.192  -68.661  6.499 0.0000000000
21524  -46.138  -66.515  3.859 0.0000000000
20385  -46.742  -67.600  4.391 0.0000000000
22589  -51.410  -64.861  10.973 0.0000000000
25152  -52.029  -63.373  8.957 0.0000000000
26399  -52.720  -62.167  7.540 0.0000000000
27644  -51.859  -61.197  7.202 0.0000000000
28947  -52.328  -60.811  5.480 0.0000000000
27713  -50.754  -60.611  4.050 0.0000000000
27745  -48.512  -61.245  2.242 0.0000000000
27501  -44.369  -61.973  14.735 0.0000000000
26246  -44.707  -62.786  14.226 0.0000000000
16738  -43.995  -71.307  8.950 0.0000000000
16751  -43.494  -70.603  8.781 0.0000000000
25208  -51.517  -62.876  5.960 0.0000000000
25227  -50.631  -63.060  5.088 0.0000000000
26437  -51.607  -62.658  5.080 0.0000000000
26458  -51.895  -62.015  4.005 0.0000000000
26459  -52.380  -61.696  4.318 0.0000000000
23877  -40.363  -65.236  9.231 0.0000000000
23878  -41.315  -64.750  9.360 0.0000000000
22557  -47.200  -65.411  11.748 0.0000000000
22610  -47.017  -65.589  10.613 0.0000000000
22586  -48.645  -65.732  11.066 0.0000000000
22612  -49.016  -65.545  10.379 0.0000000000
15437  -40.274  -71.697  13.041 0.0000000000
16681  -39.532  -70.551  12.096 0.0000000000
17868  -39.901  -69.904  12.624 0.0000000000
22537  -38.268  -65.092  14.416 0.0000000000
23796  -38.743  -64.107  13.742 0.0000000000
27384  -39.915  -61.555  21.342 0.0000000000
26143  -40.512  -62.077  21.213 0.0000000000
24973  -40.527  -63.052  20.296 0.0000000000
25000  -40.849  -63.561  19.810 0.0000000000
24999  -39.869  -63.413  19.735 0.0000000000
25018  -39.479  -63.701  19.046 0.0000000000
26182  -39.251  -62.833  19.959 0.0000000000
32319  -40.756  -57.611  18.059 0.0000000000
31190  -40.637  -58.391  17.617 0.0000000000
31209  -41.234  -58.816  16.865 0.0000000000
31191  -41.784  -58.039  17.105 0.0000000000
23946  -43.972  -64.890  6.000 0.0000000000
21507  -43.951  -66.384  5.342 0.0000000000
22709  -44.109  -65.417  5.196 0.0000000000
27665  -48.604  -61.651  6.485 0.0000000000
27689  -47.820  -61.464  5.422 0.0000000000
25096  -42.689  -63.882  12.733 0.0000000000
23820  -43.129  -64.415  12.304 0.0000000000
25097  -43.472  -64.065  12.884 0.0000000000
23799  -44.586  -64.220  13.088 0.0000000000
23800  -45.551  -64.211  13.035 0.0000000000
23801  -46.654  -64.394  13.035 0.0000000000
20231  -38.866  -67.083  15.068 0.0000000000
21368  -38.952  -66.799  15.584 0.0000000000
28659  -39.647  -59.979  21.840 0.0000000000
31095  -39.627  -59.083  21.774 0.0000000000
29962  -39.198  -59.449  21.218 0.0000000000
31126  -39.554  -58.129  21.253 0.0000000000
33330  -40.591  -56.442  19.130 0.0000000000
16770  -46.126  -70.482  7.391 0.0000000000
23930  -47.922  -63.921  6.442 0.0000000000
23950  -47.558  -63.637  5.609 0.0000000000
26477  -48.932  -62.627  3.334 0.0000000000
26476  -48.193  -62.735  3.585 0.0000000000
26487  -48.223  -62.800  2.837 0.0000000000
25251  -47.819  -63.559  2.078 0.0000000000
24010  -48.326  -63.773  1.052 0.0000000000
26499  -50.101  -62.261  1.176 0.0000000000
26509  -49.921  -61.535  1.137 0.0000000000
26507  -48.887  -62.084  0.202 0.0000000000
27769  -49.596  -61.367  1.145 0.0000000000
20339  -40.813  -68.189  8.371 0.0000000000
20340  -41.335  -68.282  8.031 0.0000000000
22694  -42.771  -65.556  6.582 0.0000000000
23910  -43.779  -64.465  7.668 0.0000000000
22606  -43.577  -65.209  10.917 0.0000000000
23866  -43.517  -65.042  10.554 0.0000000000
22632  -43.907  -65.152  10.562 0.0000000000
23882  -45.531  -65.005  9.548 0.0000000000
23895  -45.664  -64.823  8.841 0.0000000000
23911  -44.905  -64.363  7.721 0.0000000000
22639  -49.910  -65.136  9.331 0.0000000000
23899  -49.540  -64.624  8.346 0.0000000000
23900  -50.383  -64.463  8.241 0.0000000000
23916  -50.818  -63.815  7.391 0.0000000000
23901  -51.292  -63.928  8.355 0.0000000000
19112  -38.877  -68.631  10.524 0.0000000000
19116  -39.320  -68.748  9.698 0.0000000000
20307  -39.002  -68.114  9.924 0.0000000000
21447  -39.393  -66.945  9.250 0.0000000000
21446  -38.700  -66.887  9.945 0.0000000000
19080  -39.649  -68.392  13.092 0.0000000000
19094  -39.325  -68.563  12.319 0.0000000000
20273  -38.927  -67.804  12.583 0.0000000000
22553  -38.488  -65.518  12.160 0.0000000000
21416  -38.381  -66.478  11.694 0.0000000000
23842  -38.784  -64.978  11.609 0.0000000000
22579  -39.186  -65.176  10.507 0.0000000000
23817  -40.031  -63.890  12.150 0.0000000000
26267  -40.302  -62.561  13.920 0.0000000000
26268  -41.071  -62.689  13.789 0.0000000000
26243  -41.752  -62.285  14.328 0.0000000000
26244  -42.684  -62.415  14.326 0.0000000000
22512  -40.720  -65.847  17.850 0.0000000000
23774  -38.850  -64.310  17.771 0.0000000000
22511  -39.721  -65.378  17.769 0.0000000000
22510  -39.087  -65.044  17.460 0.0000000000
22525  -38.607  -65.063  16.720 0.0000000000
23781  -38.420  -64.006  16.989 0.0000000000
28723  -38.670  -60.282  19.469 0.0000000000
27421  -38.579  -61.283  19.242 0.0000000000
28736  -38.720  -60.279  18.572 0.0000000000
28756  -39.248  -60.145  17.179 0.0000000000
27453  -38.544  -61.239  17.313 0.0000000000
27460  -38.619  -61.350  16.537 0.0000000000
26218  -38.431  -62.272  16.187 0.0000000000
27473  -38.732  -61.621  15.828 0.0000000000
26226  -39.397  -61.928  14.997 0.0000000000
27474  -39.406  -61.392  15.500 0.0000000000
30062  -42.313  -59.968  15.808 0.0000000000
28793  -41.848  -60.546  15.579 0.0000000000
28794  -42.754  -60.591  15.569 0.0000000000
19156  -43.058  -68.381  7.235 0.0000000000
19138  -43.688  -68.980  7.606 0.0000000000
19157  -43.846  -68.419  6.977 0.0000000000
19172  -45.478  -68.062  5.795 0.0000000000
19158  -44.952  -68.424  6.615 0.0000000000
19160  -47.030  -68.963  6.339 0.0000000000
19173  -46.500  -68.364  5.702 0.0000000000
23976  -45.930  -64.751  3.481 0.0000000000
22728  -45.534  -65.420  3.818 0.0000000000
22743  -46.210  -65.626  3.313 0.0000000000
20396  -47.028  -67.401  3.331 0.0000000000
21525  -46.921  -66.895  3.585 0.0000000000
23848  -51.215  -64.849  11.612 0.0000000000
23849  -51.724  -64.604  11.521 0.0000000000
25153  -52.510  -62.836  9.104 0.0000000000
25169  -52.470  -62.711  8.399 0.0000000000
26375  -52.637  -62.271  8.705 0.0000000000
27645  -52.366  -61.445  6.798 0.0000000000
27668  -52.150  -60.812  5.978 0.0000000000
28972  -51.858  -60.567  4.538 0.0000000000
27691  -50.365  -60.989  5.199 0.0000000000
27732  -47.790  -61.148  3.217 0.0000000000
27733  -48.934  -60.835  3.210 0.0000000000
26271  -43.808  -63.155  13.782 0.0000000000
25077  -44.038  -63.814  13.352 0.0000000000
26272  -44.397  -63.315  13.758 0.0000000000
25056  -45.368  -63.019  14.149 0.0000000000
25057  -46.003  -63.109  14.136 0.0000000000
32256  -40.093  -57.216  21.726 0.0000000000
33288  -40.543  -56.658  22.106 0.0000000000
17913  -44.888  -70.443  8.407 0.0000000000
25185  -49.772  -63.711  6.163 0.0000000000
25205  -49.362  -63.406  5.478 0.0000000000
25226  -49.951  -63.142  4.856 0.0000000000
26456  -49.553  -62.736  4.090 0.0000000000
26478  -49.927  -62.604  3.168 0.0000000000
26489  -49.984  -62.606  2.032 0.0000000000
26479  -50.949  -62.321  3.007 0.0000000000
26480  -51.499  -61.561  3.030 0.0000000000
29037  -51.357  -60.774  2.760 0.0000000000
22657  -40.710  -65.744  8.240 0.0000000000
23891  -41.177  -65.239  8.379 0.0000000000
23892  -42.056  -64.691  8.514 0.0000000000
22583  -45.651  -65.547  11.390 0.0000000000
22608  -45.114  -65.477  10.834 0.0000000000
22609  -46.043  -65.558  10.714 0.0000000000
22635  -46.438  -65.360  10.062 0.0000000000
22636  -47.352  -65.484  9.924 0.0000000000
22660  -47.628  -65.247  9.208 0.0000000000
22637  -48.293  -65.530  9.789 0.0000000000
22638  -49.230  -65.295  9.644 0.0000000000
22613  -50.231  -65.231  10.174 0.0000000000
17874  -39.036  -69.517  10.988 0.0000000000
20253  -38.484  -66.939  13.170 0.0000000000
23797  -39.377  -63.746  13.009 0.0000000000
25072  -39.312  -63.308  13.641 0.0000000000
23732  -41.292  -64.208  19.412 0.0000000000
23751  -40.766  -64.699  18.796 0.0000000000
22489  -40.295  -65.190  18.307 0.0000000000
23750  -39.650  -64.450  18.465 0.0000000000
23749  -39.097  -64.095  18.267 0.0000000000
30017  -39.263  -59.106  18.478 0.0000000000
31189  -39.900  -58.740  17.993 0.0000000000
30031  -39.820  -59.283  17.448 0.0000000000
30040  -39.827  -59.908  16.808 0.0000000000
28768  -40.253  -60.179  16.366 0.0000000000
28769  -40.857  -59.943  16.380 0.0000000000
30042  -41.580  -59.598  16.303 0.0000000000
21495  -43.335  -66.496  5.986 0.0000000000
20364  -43.705  -67.593  6.306 0.0000000000
20373  -43.991  -67.148  5.706 0.0000000000
20374  -44.736  -67.246  5.338 0.0000000000
21537  -46.685  -66.314  3.259 0.0000000000
26347  -48.389  -62.184  9.304 0.0000000000
26348  -48.857  -62.158  9.042 0.0000000000
27619  -50.200  -61.739  8.480 0.0000000000
27642  -49.483  -61.798  7.455 0.0000000000
27666  -49.957  -61.528  6.296 0.0000000000
27711  -48.372  -61.136  4.270 0.0000000000
23845  -41.919  -64.594  11.394 0.0000000000
23864  -41.610  -64.673  10.419 0.0000000000
23846  -42.862  -64.678  11.590 0.0000000000
23847  -43.622  -64.835  11.826 0.0000000000
22554  -44.383  -65.150  12.036 0.0000000000
23798  -44.091  -64.230  13.053 0.0000000000
23822  -44.918  -64.774  12.577 0.0000000000
22555  -45.271  -65.360  12.059 0.0000000000
22556  -46.233  -65.399  11.930 0.0000000000
23824  -46.925  -64.973  12.374 0.0000000000
23825  -47.772  -65.088  12.176 0.0000000000
19067  -39.789  -68.403  14.015 0.0000000000
19047  -39.970  -68.280  14.964 0.0000000000
20242  -38.621  -67.035  14.274 0.0000000000
22531  -38.312  -65.052  15.582 0.0000000000
27403  -39.271  -61.578  20.758 0.0000000000
27402  -38.777  -61.555  20.168 0.0000000000
28707  -38.988  -61.041  20.657 0.0000000000
30003  -38.764  -59.684  19.963 0.0000000000
30004  -39.072  -58.973  19.535 0.0000000000
32255  -39.791  -56.968  21.028 0.0000000000
31144  -39.407  -58.181  19.992 0.0000000000
31159  -39.518  -58.296  19.096 0.0000000000
32299  -39.851  -57.816  18.861 0.0000000000
32300  -40.372  -57.296  18.665 0.0000000000
33349  -41.419  -56.862  18.019 0.0000000000
23948  -45.666  -63.977  5.476 0.0000000000
23965  -45.027  -64.365  4.907 0.0000000000
25202  -46.292  -63.653  4.658 0.0000000000
25222  -46.180  -63.983  3.694 0.0000000000
25241  -46.773  -63.959  2.854 0.0000000000
23992  -47.403  -64.764  1.925 0.0000000000
25253  -49.450  -62.778  1.275 0.0000000000
25264  -49.280  -62.559  0.747 0.0000000000
25272  -47.884  -63.513  -0.181 0.0000000000
25286  -48.012  -62.495  -0.422 0.0000000000
26516  -47.698  -62.207  -0.596 0.0000000000
17910  -41.557  -69.820  8.771 0.0000000000
17911  -42.721  -69.669  8.504 0.0000000000
19125  -42.303  -69.034  8.136 0.0000000000
19137  -42.610  -68.697  7.730 0.0000000000
20353  -42.369  -67.840  7.220 0.0000000000
21493  -41.974  -66.395  6.826 0.0000000000
21494  -42.532  -66.765  6.513 0.0000000000
23881  -44.897  -64.850  9.613 0.0000000000
23927  -44.317  -64.443  6.708 0.0000000000
23928  -45.338  -64.212  6.634 0.0000000000
23929  -46.518  -63.986  6.611 0.0000000000
23897  -47.993  -64.770  8.520 0.0000000000
23914  -48.685  -64.353  7.736 0.0000000000
23931  -49.230  -63.920  6.837 0.0000000000
23932  -50.158  -63.798  6.841 0.0000000000
25187  -51.153  -63.388  6.534 0.0000000000
25188  -51.769  -62.905  6.682 0.0000000000
19123  -40.782  -69.019  8.690 0.0000000000
20324  -40.159  -68.082  8.797 0.0000000000
17895  -39.765  -69.407  9.500 0.0000000000
19117  -39.963  -68.826  9.116 0.0000000000
21448  -39.810  -67.506  8.960 0.0000000000
21462  -39.807  -66.382  8.912 0.0000000000
22631  -39.892  -65.688  9.123 0.0000000000
23876  -39.687  -65.488  9.532 0.0000000000
19104  -38.885  -68.551  11.517 0.0000000000
19111  -38.666  -68.151  11.111 0.0000000000
20272  -38.440  -67.092  12.301 0.0000000000
20291  -38.623  -67.654  11.558 0.0000000000
22603  -38.683  -66.176  10.232 0.0000000000
23862  -39.691  -65.097  10.078 0.0000000000
23844  -40.766  -64.467  11.233 0.0000000000
23818  -41.258  -64.147  12.053 0.0000000000
25095  -41.786  -63.762  12.677 0.0000000000
25074  -41.370  -63.286  13.282 0.0000000000
25075  -42.312  -63.429  13.316 0.0000000000
26270  -42.931  -62.995  13.814 0.0000000000
21338  -40.076  -66.276  17.285 0.0000000000
21352  -39.256  -66.357  16.397 0.0000000000
21351  -38.582  -65.701  15.999 0.0000000000
26181  -38.765  -62.468  19.470 0.0000000000
26197  -38.442  -62.367  18.411 0.0000000000
28755  -38.737  -60.570  17.665 0.0000000000
25041  -38.292  -63.176  16.646 0.0000000000
25048  -38.425  -63.138  15.626 0.0000000000
26241  -39.820  -62.201  14.504 0.0000000000
27497  -40.588  -61.589  14.830 0.0000000000
27476  -41.231  -61.094  15.297 0.0000000000
27498  -41.499  -61.626  14.748 0.0000000000
27478  -43.102  -61.260  15.270 0.0000000000
17926  -43.357  -69.418  8.094 0.0000000000
17927  -44.437  -69.694  8.073 0.0000000000
19140  -45.886  -69.230  7.214 0.0000000000
17929  -46.492  -69.829  7.319 0.0000000000
22727  -44.795  -65.148  4.505 0.0000000000
21523  -45.329  -66.050  4.192 0.0000000000
20384  -46.170  -67.087  4.394 0.0000000000
20376  -46.677  -68.089  5.120 0.0000000000
26248  -46.630  -62.568  14.521 0.0000000000
25080  -47.480  -63.824  13.608 0.0000000000
23826  -48.736  -64.890  12.184 0.0000000000
22559  -49.290  -65.325  11.613 0.0000000000
22560  -50.396  -65.179  11.626 0.0000000000
22614  -51.112  -64.961  10.584 0.0000000000
23867  -51.050  -64.718  10.006 0.0000000000
23869  -52.129  -64.225  11.171 0.0000000000
25137  -51.928  -63.729  9.998 0.0000000000
23884  -51.460  -64.147  9.509 0.0000000000
25168  -52.014  -63.089  7.678 0.0000000000
26398  -52.364  -62.480  6.790 0.0000000000
27620  -51.458  -61.418  8.429 0.0000000000
27621  -52.434  -61.633  8.222 0.0000000000
26420  -52.518  -61.816  6.139 0.0000000000
29001  -52.547  -60.852  4.560 0.0000000000
28999  -51.527  -60.595  3.849 0.0000000000
29022  -50.797  -60.452  2.713 0.0000000000
27734  -49.960  -60.576  3.154 0.0000000000
27747  -50.125  -60.572  1.948 0.0000000000
27758  -49.129  -61.249  1.490 0.0000000000
16699  -39.314  -70.254  11.362 0.0000000000
16771  -46.799  -70.056  7.123 0.0000000000
17897  -41.232  -70.320  9.078 0.0000000000
17909  -40.962  -69.530  8.806 0.0000000000
17946  -46.895  -69.633  6.796 0.0000000000
19103  -38.718  -68.123  11.411 0.0000000000
19136  -41.880  -68.584  7.959 0.0000000000
19141  -46.577  -69.274  6.866 0.0000000000
20322  -38.966  -67.528  9.726 0.0000000000
21337  -39.553  -65.902  17.141 0.0000000000
21381  -38.504  -66.014  12.982 0.0000000000
21478  -41.762  -66.915  7.118 0.0000000000
21479  -42.346  -67.347  6.855 0.0000000000
21509  -45.650  -66.727  4.379 0.0000000000
22561  -50.946  -64.963  11.623 0.0000000000
22578  -38.663  -65.571  10.959 0.0000000000
22580  -43.371  -65.022  11.213 0.0000000000
22581  -43.973  -65.256  11.395 0.0000000000
22585  -47.598  -65.763  11.155 0.0000000000
22588  -50.926  -65.189  11.164 0.0000000000
22604  -39.111  -65.607  9.985 0.0000000000
22605  -43.295  -65.070  10.941 0.0000000000
22607  -44.280  -65.401  10.927 0.0000000000
22630  -39.437  -65.997  9.262 0.0000000000
22633  -44.565  -65.126  10.367 0.0000000000
22655  -39.811  -65.975  8.965 0.0000000000
22662  -49.360  -64.976  9.012 0.0000000000
22663  -49.995  -64.911  8.783 0.0000000000
22744  -46.810  -65.727  2.823 0.0000000000
22761  -47.491  -65.568  1.684 0.0000000000
23730  -39.822  -63.930  19.131 0.0000000000
23775  -39.308  -64.799  17.862 0.0000000000
23868  -51.722  -64.362  10.549 0.0000000000
23890  -40.603  -65.493  8.619 0.0000000000
23898  -48.837  -64.709  8.628 0.0000000000
23933  -50.683  -63.632  6.759 0.0000000000
24029  -48.245  -63.714  0.753 0.0000000000
24998  -39.197  -63.212  19.373 0.0000000000
25055  -39.652  -62.752  13.884 0.0000000000
25098  -43.856  -64.191  13.003 0.0000000000
25125  -51.991  -63.918  10.427 0.0000000000
25167  -51.474  -63.397  7.172 0.0000000000
25204  -48.257  -63.412  5.383 0.0000000000
25206  -50.244  -63.408  5.570 0.0000000000
25207  -50.983  -63.122  5.642 0.0000000000
25240  -46.326  -64.394  3.254 0.0000000000
25262  -48.320  -63.609  1.334 0.0000000000
25273  -48.425  -62.915  0.136 0.0000000000
26163  -39.851  -62.476  20.617 0.0000000000
26164  -40.868  -62.541  20.787 0.0000000000
26240  -39.216  -62.323  14.815 0.0000000000
26374  -48.550  -62.227  8.769 0.0000000000
26436  -51.021  -62.874  5.036 0.0000000000
26438  -52.360  -61.933  4.963 0.0000000000
26454  -48.214  -62.752  3.957 0.0000000000
26455  -48.616  -62.714  4.016 0.0000000000
26491  -51.347  -61.255  2.512 0.0000000000
26500  -50.248  -61.593  1.339 0.0000000000
26508  -49.591  -61.884  0.693 0.0000000000
26517  -48.266  -61.997  -0.250 0.0000000000
26526  -47.357  -62.075  -1.049 0.0000000000
27461  -38.974  -61.071  15.929 0.0000000000
27475  -40.332  -61.155  15.411 0.0000000000
27499  -42.433  -61.768  14.777 0.0000000000
27504  -46.997  -62.085  14.762 0.0000000000
27599  -48.171  -61.932  10.078 0.0000000000
27618  -49.033  -62.033  8.478 0.0000000000
27669  -52.446  -61.094  5.788 0.0000000000
27692  -51.592  -60.644  5.138 0.0000000000
27693  -52.182  -60.685  5.456 0.0000000000
27694  -52.533  -61.263  5.162 0.0000000000
27714  -51.473  -60.597  4.403 0.0000000000
27715  -52.389  -61.568  4.058 0.0000000000
27716  -52.539  -61.330  4.372 0.0000000000
27735  -50.561  -60.497  3.169 0.0000000000
27737  -52.598  -60.990  4.096 0.0000000000
27746  -49.657  -60.743  2.280 0.0000000000
27748  -51.291  -60.943  2.230 0.0000000000
27749  -51.539  -61.053  2.987 0.0000000000
27768  -48.724  -61.487  0.456 0.0000000000
27770  -50.115  -61.260  1.433 0.0000000000
28660  -40.035  -60.170  22.033 0.0000000000
28681  -38.906  -60.186  20.881 0.0000000000
28766  -38.788  -60.724  16.984 0.0000000000
28767  -39.335  -60.572  16.399 0.0000000000
28791  -39.919  -60.709  15.840 0.0000000000
28946  -52.305  -60.765  5.618 0.0000000000
28973  -52.245  -60.654  5.049 0.0000000000
28974  -52.479  -60.857  5.216 0.0000000000
28998  -50.997  -60.527  3.326 0.0000000000
29000  -52.165  -60.655  4.230 0.0000000000
29021  -50.346  -60.441  2.731 0.0000000000
29023  -51.269  -60.651  3.006 0.0000000000
29024  -51.831  -60.805  3.505 0.0000000000
29025  -52.412  -60.831  3.980 0.0000000000
29034  -50.079  -60.482  2.565 0.0000000000
29035  -50.392  -60.463  2.205 0.0000000000
29047  -50.358  -60.575  1.863 0.0000000000
29936  -39.505  -59.699  21.685 0.0000000000
29937  -39.918  -59.543  22.101 0.0000000000
29961  -38.965  -59.971  21.068 0.0000000000
29986  -38.885  -59.804  20.681 0.0000000000
30032  -40.409  -58.991  17.219 0.0000000000
30041  -40.563  -59.438  16.779 0.0000000000
30061  -41.670  -60.099  15.849 0.0000000000
31173  -40.425  -57.888  18.214 0.0000000000
32301  -40.986  -57.058  18.121 0.0000000000
