#!ascii label  , from subject 3083 vox2ras=TkReg
948
73448  -25.110  -23.534  10.785 0.4285714328
77126  -25.449  -21.277  10.275 0.2857142985
74615  -25.369  -22.553  10.655 0.4285714328
75804  -26.046  -21.922  10.892 0.4285714328
75805  -27.074  -21.389  11.023 0.4285714328
77150  -25.299  -20.697  9.636 0.2857142985
77127  -26.232  -20.852  10.436 0.4285714328
77128  -27.452  -20.416  10.468 0.4285714328
77172  -26.228  -19.542  8.666 0.4285714328
78333  -27.003  -19.449  8.904 0.4285714328
78353  -26.651  -19.137  8.038 0.4285714328
79474  -27.625  -18.539  7.992 0.4285714328
79515  -27.095  -17.835  6.571 0.5714285970
79496  -27.000  -18.401  7.101 0.5714285970
80669  -27.798  -18.103  7.697 0.4285714328
80689  -28.385  -17.102  7.327 0.2857142985
80707  -27.570  -16.951  6.514 0.7142857313
81875  -28.726  -16.037  7.187 0.7142857313
81876  -29.791  -15.997  7.491 0.4285714328
80708  -28.235  -16.601  6.869 0.7142857313
83966  -30.129  -14.397  7.371 0.5714285970
82915  -28.291  -15.322  6.524 0.5714285970
83984  -28.752  -14.488  6.751 0.5714285970
83965  -29.469  -14.159  7.090 0.5714285970
85069  -29.952  -13.701  7.187 0.5714285970
85070  -30.644  -13.664  7.461 0.4285714328
86237  -30.185  -12.984  7.205 0.5714285970
87307  -31.831  -12.148  7.345 0.5714285970
86250  -28.758  -13.199  6.164 0.7142857313
86252  -30.507  -12.155  6.852 0.7142857313
86253  -31.303  -11.898  7.035 0.7142857313
87308  -32.591  -12.049  7.360 0.5714285970
86251  -29.488  -12.608  6.499 0.5714285970
85112  -27.849  -13.813  4.771 0.5714285970
87325  -30.026  -11.609  6.192 0.8571428657
87327  -31.985  -11.188  7.070 0.7142857313
87328  -33.117  -11.131  7.230 0.5714285970
86266  -29.414  -11.923  5.752 0.7142857313
86265  -28.805  -12.560  5.477 0.5714285970
88444  -32.669  -10.212  6.705 0.7142857313
87326  -30.945  -11.178  6.467 0.7142857313
88445  -33.699  -10.306  6.686 0.5714285970
88442  -30.944  -10.541  5.775 0.7142857313
87341  -30.405  -10.965  5.808 0.5714285970
89602  -33.308  -9.292  6.219 0.7142857313
89600  -31.934  -9.738  5.509 0.7142857313
89601  -32.440  -9.621  6.021 0.7142857313
89613  -32.786  -9.244  5.749 0.7142857313
90740  -34.099  -8.518  6.519 0.7142857313
89612  -32.333  -9.250  5.465 0.7142857313
88470  -30.348  -10.255  4.264 0.5714285970
91872  -34.669  -7.976  6.368 0.5714285970
91889  -34.858  -7.318  6.362 0.5714285970
90750  -32.131  -8.837  5.248 0.8571428657
89611  -31.752  -9.404  4.867 0.8571428657
91871  -34.030  -7.579  6.575 0.7142857313
91870  -33.033  -7.614  6.153 0.7142857313
91887  -32.256  -8.239  5.616 0.8571428657
91888  -32.943  -8.145  5.704 0.7142857313
92938  -32.575  -6.522  7.524 0.8571428657
92962  -33.605  -6.728  6.817 0.5714285970
92961  -32.697  -7.041  6.834 0.8571428657
91869  -32.002  -7.660  6.330 0.8571428657
93998  -31.585  -5.540  8.336 0.8571428657
95064  -32.307  -4.760  8.466 0.8571428657
95047  -31.208  -3.961  8.913 0.8571428657
92960  -31.712  -7.046  7.058 0.8571428657
93997  -30.737  -5.285  8.285 0.8571428657
95061  -29.537  -4.271  8.288 1.0000000000
95062  -30.463  -4.366  8.619 1.0000000000
92936  -30.905  -5.987  7.910 0.8571428657
96161  -29.933  -3.681  8.679 1.0000000000
93996  -29.983  -5.073  8.123 1.0000000000
97176  -28.700  -2.472  8.302 1.0000000000
98210  -27.425  -1.648  7.106 0.7142857313
96160  -29.218  -3.299  8.421 1.0000000000
96159  -28.384  -3.188  8.016 1.0000000000
98212  -28.468  -1.982  8.021 1.0000000000
101524  -28.090  1.715  7.293 1.0000000000
101523  -27.414  1.626  6.470 0.8571428657
103760  -27.986  3.359  5.910 0.8571428657
102660  -27.966  2.539  6.638 1.0000000000
106650  -28.498  6.050  4.846 0.8571428657
105728  -28.468  5.238  5.452 0.8571428657
104752  -28.320  4.152  5.757 1.0000000000
107611  -28.569  7.607  4.064 0.8571428657
107623  -28.032  7.939  3.361 0.7142857313
106661  -26.516  6.604  4.397 0.5714285970
108550  -26.533  8.792  2.860 0.7142857313
109429  -27.662  9.668  3.426 0.5714285970
107620  -25.825  8.404  3.400 0.5714285970
106660  -25.770  6.826  4.842 0.5714285970
108548  -25.378  8.811  3.450 0.4285714328
109425  -24.540  10.046  2.537 0.4285714328
110373  -24.873  10.548  1.432 0.4285714328
109401  -25.312  9.766  5.314 0.2857142985
109387  -25.647  9.342  6.606 0.2857142985
108527  -25.380  8.579  5.974 0.2857142985
109388  -26.530  10.057  6.325 0.2857142985
86236  -29.654  -13.303  6.968 0.5714285970
90739  -33.419  -8.273  6.070 0.7142857313
94000  -33.491  -5.879  7.507 0.8571428657
93999  -32.567  -5.691  8.114 0.8571428657
95063  -31.377  -4.686  8.630 0.8571428657
99288  -28.019  -0.545  7.762 0.8571428657
109373  -27.690  9.663  8.448 0.1428571492
75830  -24.855  -21.275  9.881 0.2857142985
77151  -26.429  -20.083  9.502 0.2857142985
78334  -27.893  -18.987  9.138 0.4285714328
79473  -26.845  -18.698  7.598 0.4285714328
79456  -28.157  -18.513  8.673 0.4285714328
79495  -26.131  -18.772  7.209 0.5714285970
80688  -27.699  -17.892  7.248 0.5714285970
81892  -28.157  -16.216  6.518 0.7142857313
82899  -29.346  -15.097  7.198 0.4285714328
82914  -27.656  -14.976  5.835 0.5714285970
85071  -31.559  -13.738  7.536 0.4285714328
83983  -28.100  -14.427  5.969 0.7142857313
85084  -28.543  -13.849  6.278 0.7142857313
86238  -31.144  -12.745  7.436 0.5714285970
86239  -32.135  -12.912  7.531 0.4285714328
85113  -28.354  -13.036  4.601 0.5714285970
88446  -34.698  -10.418  6.493 0.5714285970
86281  -29.261  -11.854  5.076 0.5714285970
87329  -34.180  -11.534  6.702 0.5714285970
88443  -31.701  -10.280  6.186 0.7142857313
89603  -34.320  -9.444  6.547 0.5714285970
88456  -30.495  -10.524  5.100 0.8571428657
90751  -32.800  -8.727  5.614 0.7142857313
92939  -33.132  -6.591  7.226 0.5714285970
96148  -30.618  -3.352  9.143 1.0000000000
95079  -29.198  -4.832  7.534 1.0000000000
97174  -27.621  -2.349  7.373 0.8571428657
99297  -26.897  -0.329  6.589 0.7142857313
100371  -27.737  -0.056  7.455 1.0000000000
100352  -28.723  0.051  8.410 1.0000000000
100385  -27.811  1.078  7.092 0.7142857313
100372  -28.360  0.517  7.716 1.0000000000
100384  -27.400  0.452  6.899 0.7142857313
105727  -27.454  5.106  4.935 0.8571428657
103761  -28.525  3.692  6.205 1.0000000000
107610  -27.790  7.227  3.619 0.7142857313
107609  -26.829  7.209  3.540 0.5714285970
107621  -26.333  8.106  3.224 0.7142857313
107597  -25.321  7.473  5.468 0.4285714328
109416  -24.562  10.031  2.956 0.4285714328
109427  -25.629  9.685  2.088 0.4285714328
111407  -24.408  11.117  2.088 0.4285714328
109402  -25.978  10.344  5.640 0.2857142985
110336  -25.237  10.643  4.107 0.4285714328
81891  -27.577  -15.971  5.805 0.4285714328
109417  -24.880  9.759  3.494 0.4285714328
75803  -24.916  -21.847  10.293 0.2857142985
75802  -24.427  -21.976  10.099 0.2857142985
75785  -26.863  -22.172  11.237 0.4285714328
78352  -25.830  -19.432  8.021 0.2857142985
78354  -27.322  -19.085  8.489 0.4285714328
78374  -26.042  -19.172  7.626 0.4285714328
85085  -29.137  -13.596  6.734 0.5714285970
85099  -28.320  -13.652  5.494 0.7142857313
84001  -28.015  -14.139  5.532 0.7142857313
87340  -29.825  -11.263  5.298 0.5714285970
88457  -31.357  -10.165  5.135 0.8571428657
89627  -31.081  -9.825  4.481 0.8571428657
92937  -31.622  -6.346  7.776 0.8571428657
91886  -31.289  -7.885  5.522 0.8571428657
94017  -30.323  -5.745  7.716 1.0000000000
97175  -28.178  -2.430  7.839 1.0000000000
99287  -27.477  -0.715  7.152 0.8571428657
106663  -28.345  6.660  4.358 0.8571428657
107622  -27.244  7.899  3.031 0.7142857313
107608  -25.835  7.705  4.064 0.5714285970
108540  -25.366  8.696  4.633 0.4285714328
109426  -24.955  9.540  2.486 0.4285714328
109380  -25.663  9.134  7.291 0.2857142985
109382  -27.309  10.101  7.263 0.1428571492
77171  -25.420  -20.034  8.623 0.2857142985
80725  -27.029  -16.704  5.566 0.2857142985
113369  -24.749  14.349  2.088 0.2857142985
115115  -24.264  15.040  4.087 0.1428571492
112399  -25.052  12.840  2.645 0.2857142985
113370  -25.204  14.745  2.100 0.2857142985
114242  -24.309  14.002  4.191 0.1428571492
115938  -24.540  15.535  4.871 0.1428571492
111380  -25.588  11.539  4.560 0.1428571492
112387  -24.965  12.662  3.241 0.2857142985
112372  -25.266  12.486  4.344 0.1428571492
113345  -26.280  13.516  3.307 0.2857142985
113358  -25.431  13.856  2.466 0.2857142985
112357  -28.832  12.538  6.342 0.2857142985
112374  -27.841  12.568  4.957 0.2857142985
115104  -24.577  14.748  4.829 0.1428571492
111417  -24.639  11.342  1.567 0.2857142985
110353  -28.362  10.386  4.517 0.2857142985
112400  -25.840  12.558  2.942 0.2857142985
109391  -30.303  9.364  6.052 0.1428571492
111383  -28.316  11.377  5.196 0.2857142985
112389  -27.248  12.334  4.184 0.2857142985
114243  -24.854  13.726  4.514 0.1428571492
111410  -26.471  11.459  2.865 0.2857142985
108518  -33.101  8.545  6.765 0.1428571492
109392  -31.484  9.634  6.816 0.1428571492
111384  -28.871  10.802  5.736 0.4285714328
110364  -27.189  10.489  3.295 0.2857142985
106636  -31.317  6.562  6.335 0.2857142985
108528  -29.556  8.290  5.012 0.4285714328
109418  -28.503  9.341  4.185 0.2857142985
109437  -25.120  10.211  1.607 0.2857142985
105716  -32.662  5.849  6.811 0.1428571492
107600  -30.985  7.773  6.038 0.2857142985
109419  -28.913  9.027  4.675 0.4285714328
106652  -30.023  6.852  5.593 0.5714285970
108542  -28.988  8.511  4.479 0.7142857313
104724  -31.752  4.402  7.455 0.1428571492
105700  -31.407  5.128  7.077 0.1428571492
107612  -29.203  7.573  4.690 0.7142857313
108551  -27.680  8.782  3.174 0.4285714328
106635  -30.574  6.652  6.067 0.4285714328
102649  -32.874  2.758  7.819 0.2857142985
103727  -31.328  3.530  7.743 0.7142857313
106651  -29.194  6.498  5.099 0.7142857313
103743  -28.506  3.086  6.462 0.8571428657
104722  -30.120  3.946  7.187 0.8571428657
105729  -29.299  5.656  5.806 0.5714285970
101496  -33.243  1.251  8.152 0.2857142985
102637  -32.687  2.058  8.365 0.2857142985
105713  -29.814  5.322  6.342 0.7142857313
105712  -29.157  5.044  6.190 0.8571428657
100356  -33.086  0.303  8.417 0.1428571492
102647  -30.911  2.474  8.315 0.7142857313
99289  -33.388  -0.615  7.896 0.1428571492
94033  -27.666  -5.443  5.539 0.5714285970
96175  -28.074  -3.670  7.375 0.8571428657
96174  -27.443  -3.148  6.947 0.8571428657
95077  -27.725  -4.105  6.668 0.4285714328
101510  -28.922  1.508  7.597 0.8571428657
99268  -29.803  -0.270  8.915 0.8571428657
102645  -29.334  1.984  7.598 0.8571428657
99270  -32.867  -0.627  8.665 0.2857142985
101493  -30.616  1.293  8.921 0.8571428657
102646  -29.869  2.490  7.591 0.8571428657
104736  -28.813  4.368  6.234 0.8571428657
98223  -33.378  -1.579  7.313 0.4285714328
101471  -31.377  0.822  9.432 0.7142857313
102635  -31.223  1.807  8.767 0.7142857313
94047  -27.480  -5.810  5.032 0.2857142985
94014  -28.019  -4.965  6.361 0.5714285970
95060  -28.822  -3.968  7.770 0.8571428657
98191  -29.740  -1.223  9.177 0.8571428657
99267  -29.090  -0.470  8.688 0.8571428657
100354  -30.111  0.440  8.900 0.8571428657
100353  -29.303  0.488  8.491 0.8571428657
98194  -32.562  -1.507  8.983 0.4285714328
98172  -31.004  -0.909  9.562 0.8571428657
100331  -30.627  0.392  9.326 0.8571428657
97177  -33.404  -2.457  7.928 0.4285714328
89641  -29.259  -10.029  3.594 0.7142857313
90776  -28.042  -8.788  3.406 0.4285714328
89626  -30.566  -9.588  4.085 0.7142857313
90748  -30.495  -8.199  4.883 0.8571428657
91901  -29.190  -7.767  4.684 0.5714285970
92993  -28.166  -6.930  5.009 0.5714285970
91899  -27.048  -7.204  4.033 0.4285714328
91885  -30.207  -7.554  5.735 0.8571428657
91883  -28.484  -7.112  5.109 0.5714285970
92977  -27.840  -5.986  5.149 0.5714285970
92959  -30.414  -6.654  7.014 0.8571428657
92958  -29.261  -6.162  6.467 0.7142857313
92957  -28.720  -5.885  6.181 0.5714285970
95048  -31.941  -3.983  8.735 0.7142857313
97165  -31.139  -2.435  9.498 0.7142857313
98192  -30.670  -1.534  9.492 0.8571428657
96193  -34.320  -4.136  5.821 0.2857142985
96162  -33.425  -3.392  7.658 0.4285714328
96151  -33.116  -3.218  8.343 0.5714285970
87353  -29.472  -11.419  4.425 0.4285714328
88485  -29.425  -10.657  3.623 0.4285714328
89640  -28.358  -9.842  3.332 0.4285714328
90749  -31.462  -8.614  4.820 0.7142857313
92980  -30.137  -7.136  6.328 0.8571428657
96177  -34.153  -4.343  6.432 0.2857142985
95065  -33.335  -4.524  7.886 0.5714285970
86280  -28.920  -12.203  4.417 0.4285714328
86295  -28.169  -12.199  3.352 0.5714285970
88486  -29.873  -10.393  3.865 0.5714285970
89642  -30.011  -10.075  3.688 0.5714285970
92963  -34.542  -6.603  6.517 0.4285714328
94019  -35.012  -5.714  6.143 0.4285714328
95081  -34.553  -4.862  6.270 0.4285714328
95080  -33.876  -4.837  6.885 0.4285714328
84000  -27.662  -14.439  5.344 0.5714285970
90753  -36.123  -8.701  5.655 0.4285714328
90741  -34.911  -8.680  6.441 0.4285714328
91891  -36.300  -7.847  5.260 0.4285714328
92981  -35.358  -6.673  6.096 0.4285714328
79475  -28.419  -18.053  8.474 0.1428571492
89604  -35.203  -9.545  6.417 0.4285714328
89614  -35.900  -9.554  5.949 0.4285714328
80671  -28.895  -17.431  8.112 0.1428571492
80691  -30.160  -16.609  7.801 0.1428571492
83967  -30.962  -14.510  7.584 0.2857142985
85100  -34.501  -13.804  5.116 0.2857142985
86282  -35.641  -12.551  3.450 0.2857142985
86268  -35.596  -12.562  4.716 0.2857142985
86240  -33.058  -12.932  7.332 0.4285714328
87354  -36.074  -11.834  3.901 0.2857142985
86256  -35.771  -11.855  5.664 0.2857142985
86255  -34.988  -12.700  5.976 0.2857142985
87342  -36.135  -11.204  4.907 0.2857142985
88458  -36.178  -10.349  5.585 0.4285714328
79476  -29.319  -17.865  8.788 0.1428571492
80672  -30.009  -17.249  8.285 0.1428571492
80670  -28.108  -17.834  7.841 0.1428571492
81877  -30.658  -16.029  7.826 0.2857142985
83985  -33.195  -14.810  7.005 0.2857142985
85087  -34.168  -13.776  6.214 0.2857142985
85086  -33.489  -13.803  6.951 0.2857142985
85072  -32.575  -13.970  7.431 0.2857142985
82903  -32.866  -15.670  7.381 0.2857142985
81865  -30.870  -16.753  8.141 0.2857142985
82902  -32.127  -15.522  7.826 0.2857142985
81878  -31.532  -16.151  8.129 0.2857142985
83969  -32.515  -14.933  7.428 0.2857142985
77152  -27.402  -19.696  9.658 0.2857142985
79457  -28.707  -18.439  9.091 0.1428571492
73449  -25.791  -23.016  10.894 0.2857142985
73428  -25.581  -23.857  10.973 0.2857142985
78314  -28.269  -19.636  10.131 0.2857142985
73430  -27.032  -23.623  11.305 0.1428571492
72342  -24.950  -24.188  10.902 0.2857142985
72321  -24.684  -24.613  11.166 0.1428571492
86267  -35.144  -13.193  5.158 0.2857142985
87309  -33.420  -12.070  7.203 0.4285714328
87330  -35.264  -11.353  6.255 0.4285714328
87355  -36.546  -11.052  4.018 0.2857142985
90762  -29.483  -8.426  4.362 0.7142857313
89615  -36.475  -9.515  5.347 0.4285714328
92978  -28.468  -6.395  5.557 0.5714285970
91890  -35.522  -7.842  6.005 0.4285714328
94018  -34.204  -5.752  6.716 0.4285714328
94035  -35.532  -5.956  5.453 0.2857142985
96176  -33.682  -3.712  6.621 0.5714285970
97166  -32.088  -2.408  9.191 0.7142857313
102661  -28.894  2.463  7.100 0.8571428657
106662  -27.424  6.522  4.107 0.4285714328
105740  -27.065  5.876  4.572 0.5714285970
97186  -33.352  -2.592  6.901 0.2857142985
102636  -31.829  1.987  8.655 0.5714285970
105715  -31.761  5.799  6.675 0.4285714328
107584  -31.006  7.207  6.103 0.4285714328
114214  -25.691  13.938  5.731 0.1428571492
110329  -29.824  10.315  6.339 0.2857142985
74597  -26.427  -22.744  11.188 0.1428571492
74614  -24.336  -22.472  10.326 0.2857142985
80673  -31.089  -17.423  8.570 0.1428571492
80674  -32.128  -17.580  8.620 0.1428571492
82900  -30.350  -15.235  7.586 0.2857142985
84003  -33.933  -14.870  5.572 0.2857142985
87352  -29.166  -11.734  3.897 0.5714285970
88484  -28.687  -10.683  3.218 0.2857142985
87369  -36.380  -11.490  2.977 0.2857142985
88487  -36.634  -10.495  3.387 0.2857142985
89625  -29.871  -9.377  3.908 0.7142857313
90763  -30.610  -8.848  4.227 0.5714285970
91911  -27.461  -8.024  3.712 0.4285714328
90761  -28.594  -8.432  3.951 0.5714285970
88472  -36.607  -10.271  4.201 0.4285714328
94046  -26.744  -5.427  4.865 0.2857142985
92992  -27.542  -6.464  4.765 0.5714285970
89628  -36.674  -9.513  4.548 0.2857142985
91884  -29.097  -7.389  5.275 0.7142857313
94032  -27.032  -4.791  5.427 0.2857142985
91902  -36.554  -7.919  4.407 0.1428571492
92994  -36.219  -6.589  4.500 0.4285714328
94036  -35.890  -6.166  4.909 0.1428571492
97163  -29.419  -2.302  8.751 0.8571428657
95095  -35.671  -5.566  4.827 0.1428571492
97167  -32.884  -2.403  8.663 0.5714285970
100333  -31.856  0.167  9.494 0.7142857313
103745  -29.782  3.435  7.110 0.8571428657
99298  -33.521  -0.597  6.826 0.2857142985
100355  -32.501  0.208  9.062 0.4285714328
101513  -33.788  1.410  7.346 0.1428571492
104723  -30.658  4.483  7.240 0.5714285970
102638  -33.344  2.036  7.895 0.1428571492
103728  -32.294  3.569  7.681 0.1428571492
105702  -33.125  5.113  7.177 0.1428571492
113331  -25.283  13.399  4.733 0.1428571492
105714  -30.711  5.627  6.541 0.5714285970
104725  -32.700  4.360  7.409 0.1428571492
110339  -29.267  10.284  5.865 0.2857142985
109405  -30.017  9.077  5.568 0.2857142985
107585  -31.596  7.542  6.353 0.2857142985
107586  -32.619  7.581  6.583 0.1428571492
108517  -32.074  8.547  6.605 0.1428571492
111368  -29.248  11.321  6.436 0.2857142985
112342  -30.016  12.105  7.264 0.2857142985
111350  -30.292  11.414  7.154 0.1428571492
110314  -31.060  10.930  7.264 0.1428571492
75786  -27.752  -21.997  11.509 0.1428571492
79458  -29.669  -18.451  9.431 0.1428571492
85101  -35.005  -13.385  4.553 0.2857142985
96208  -34.202  -4.095  4.747 0.2857142985
110317  -33.188  10.684  7.035 0.1428571492
113320  -30.024  12.955  7.108 0.2857142985
74616  -25.918  -22.556  10.909 0.2857142985
75784  -26.447  -22.267  11.134 0.1428571492
80690  -29.345  -16.759  7.677 0.1428571492
88455  -29.930  -10.792  4.635 0.4285714328
90764  -31.182  -9.226  4.352 0.7142857313
91868  -31.012  -7.364  6.339 0.7142857313
96149  -31.592  -3.279  9.195 0.7142857313
95078  -28.420  -4.513  7.071 0.8571428657
94016  -29.614  -5.694  7.301 0.8571428657
97164  -30.190  -2.348  9.331 0.8571428657
98190  -28.685  -1.447  8.500 0.8571428657
105741  -27.883  5.896  4.679 0.5714285970
106664  -28.790  7.098  4.591 0.7142857313
108541  -28.442  8.431  3.760 0.5714285970
109428  -26.752  9.628  2.865 0.2857142985
110365  -27.951  10.116  3.865 0.2857142985
111409  -25.304  11.529  2.008 0.2857142985
83982  -27.780  -14.604  5.741 0.5714285970
88447  -35.565  -10.384  6.162 0.4285714328
94015  -28.763  -5.411  6.732 0.5714285970
101511  -29.638  1.480  8.163 0.8571428657
103744  -29.107  3.464  6.657 0.8571428657
110351  -24.576  10.687  2.992 0.2857142985
110363  -26.144  10.559  2.246 0.2857142985
111408  -24.612  11.552  2.373 0.2857142985
111396  -25.070  11.580  3.533 0.2857142985
113357  -24.749  13.685  2.425 0.2857142985
114263  -24.416  14.873  2.434 0.1428571492
113356  -24.386  13.684  2.939 0.2857142985
114229  -24.666  14.358  4.702 0.1428571492
112386  -24.730  13.214  2.893 0.2857142985
113343  -24.545  13.345  3.435 0.1428571492
111367  -28.620  11.874  5.993 0.2857142985
113346  -27.095  13.295  4.258 0.2857142985
111382  -27.736  11.924  4.597 0.2857142985
110352  -27.766  10.649  4.066 0.2857142985
110338  -28.823  10.320  5.243 0.2857142985
112388  -26.596  12.746  3.663 0.2857142985
109390  -29.643  9.775  5.940 0.2857142985
110330  -30.637  10.425  6.765 0.1428571492
110331  -31.337  10.408  7.124 0.1428571492
111397  -27.406  11.391  4.048 0.2857142985
109393  -32.557  9.413  7.089 0.1428571492
108516  -30.982  8.518  6.195 0.1428571492
109384  -32.172  10.165  7.302 0.1428571492
111369  -30.022  10.876  6.655 0.1428571492
106637  -32.180  6.651  6.539 0.1428571492
107598  -29.827  7.536  5.242 0.5714285970
108529  -30.265  8.523  5.568 0.4285714328
109404  -29.330  9.279  5.262 0.5714285970
108515  -30.549  8.821  5.902 0.2857142985
107599  -30.525  7.517  5.731 0.4285714328
104738  -30.166  5.016  6.812 0.5714285970
102648  -31.992  2.802  8.215 0.5714285970
103726  -30.446  3.396  7.534 0.7142857313
101495  -32.543  1.191  8.864 0.5714285970
101512  -30.250  1.956  8.271 0.8571428657
94034  -28.314  -5.634  6.078 0.5714285970
96173  -27.052  -2.866  6.316 0.4285714328
95093  -27.400  -4.513  5.968 0.4285714328
98171  -30.447  -0.797  9.385 0.8571428657
99244  -30.816  -0.283  9.547 0.8571428657
99269  -32.186  -0.615  9.191 0.4285714328
98213  -33.203  -1.532  8.301 0.5714285970
101494  -31.614  1.383  9.093 0.8571428657
98193  -31.610  -1.420  9.365 0.7142857313
89624  -28.903  -9.212  3.877 0.4285714328
90747  -29.706  -7.875  4.961 0.7142857313
91900  -28.301  -7.626  4.490 0.4285714328
92979  -29.537  -6.970  6.133 0.7142857313
95049  -32.719  -3.918  8.377 0.5714285970
96150  -32.418  -3.220  8.788 0.7142857313
87367  -29.378  -11.231  3.819 0.5714285970
87366  -28.854  -11.442  3.465 0.5714285970
95094  -35.208  -4.824  5.268 0.2857142985
87331  -35.797  -11.027  5.735 0.4285714328
90752  -35.581  -8.847  6.173 0.4285714328
90765  -36.568  -8.688  4.923 0.4285714328
92982  -36.064  -6.841  5.416 0.4285714328
82901  -31.250  -15.354  7.771 0.2857142985
83968  -31.840  -14.672  7.597 0.2857142985
86254  -33.965  -12.822  6.840 0.2857142985
88459  -36.559  -10.278  4.923 0.4285714328
79477  -30.364  -17.871  9.042 0.1428571492
83986  -33.655  -14.465  6.405 0.2857142985
73429  -26.023  -23.661  11.077 0.1428571492
72322  -25.542  -24.347  11.139 0.1428571492
113332  -25.801  12.948  5.201 0.1428571492
74598  -27.418  -22.801  11.490 0.1428571492
75806  -28.165  -21.202  11.229 0.1428571492
112373  -25.908  12.211  5.029 0.1428571492
103758  -26.320  3.590  5.626 0.5714285970
102672  -26.721  2.637  5.667 0.4285714328
102671  -25.688  2.616  5.612 0.4285714328
103759  -27.198  3.462  5.611 0.5714285970
101534  -26.477  1.545  5.886 0.4285714328
104751  -27.763  4.228  5.354 0.4285714328
99296  -26.273  -0.531  5.949 0.4285714328
101522  -26.957  1.029  6.400 0.4285714328
100394  -25.933  0.525  5.629 0.4285714328
102673  -27.394  2.621  5.996 0.5714285970
97185  -27.165  -2.273  6.741 0.5714285970
85148  -34.984  -12.917  1.615 0.1428571492
87368  -36.005  -12.076  3.204 0.1428571492
86298  -36.016  -11.714  2.349 0.1428571492
79514  -26.353  -18.244  6.232 0.2857142985
85160  -34.390  -13.583  0.748 0.1428571492
85147  -34.461  -13.662  1.811 0.1428571492
86328  -34.919  -13.004  -0.219 0.1428571492
85169  -35.589  -13.359  -0.049 0.1428571492
85114  -34.476  -13.943  3.927 0.1428571492
84044  -33.921  -14.317  1.986 0.1428571492
84065  -35.424  -14.405  0.298 0.1428571492
84057  -33.698  -13.994  1.189 0.1428571492
85149  -37.349  -13.432  2.146 0.1428571492
84066  -36.444  -14.264  0.477 0.1428571492
79494  -25.682  -19.003  6.961 0.2857142985
82930  -33.752  -15.857  5.988 0.1428571492
82950  -33.877  -15.581  4.844 0.1428571492
84002  -33.578  -15.137  6.339 0.1428571492
84017  -33.878  -14.828  4.182 0.1428571492
84056  -33.143  -14.612  1.136 0.1428571492
84033  -33.518  -15.163  3.142 0.1428571492
84063  -33.669  -14.683  0.516 0.1428571492
82997  -36.010  -14.953  0.452 0.1428571492
84058  -36.694  -14.739  1.279 0.1428571492
84037  -36.836  -14.131  2.669 0.1428571492
78373  -25.557  -19.297  7.245 0.2857142985
78372  -24.930  -19.706  7.226 0.2857142985
77189  -24.617  -20.109  7.887 0.2857142985
81880  -33.302  -16.435  7.344 0.1428571492
81908  -33.827  -16.774  5.723 0.1428571492
81909  -33.820  -16.140  5.397 0.1428571492
82949  -33.549  -15.728  4.095 0.1428571492
82988  -33.047  -15.606  1.472 0.1428571492
84016  -33.566  -15.361  3.683 0.1428571492
82995  -34.269  -15.632  0.502 0.1428571492
82990  -36.353  -15.288  0.776 0.1428571492
82996  -35.437  -15.591  0.549 0.1428571492
85136  -37.165  -13.561  3.574 0.1428571492
81879  -32.567  -16.546  8.017 0.1428571492
81893  -33.762  -16.698  6.687 0.1428571492
81924  -33.668  -16.461  4.748 0.1428571492
81959  -32.951  -16.478  1.839 0.1428571492
81968  -33.168  -16.527  1.103 0.1428571492
82968  -33.402  -15.827  3.292 0.1428571492
82994  -33.317  -15.560  0.774 0.1428571492
84046  -36.324  -14.787  2.254 0.1428571492
82989  -35.904  -15.951  1.298 0.1428571492
84036  -36.381  -14.604  3.602 0.1428571492
80693  -33.504  -17.610  7.655 0.1428571492
81866  -31.744  -16.928  8.313 0.1428571492
79534  -33.660  -18.618  5.419 0.1428571492
80726  -33.639  -17.629  5.062 0.1428571492
80709  -33.952  -17.890  6.358 0.1428571492
80741  -33.296  -17.404  4.033 0.1428571492
81969  -33.911  -16.621  0.655 0.1428571492
80783  -32.828  -17.338  1.419 0.1428571492
81970  -34.954  -16.798  0.513 0.1428571492
81960  -35.595  -16.802  0.998 0.1428571492
82979  -36.301  -15.351  1.501 0.1428571492
78400  -33.487  -19.514  4.822 0.1428571492
79516  -33.828  -18.650  6.144 0.1428571492
80710  -34.040  -18.252  6.718 0.1428571492
80757  -32.570  -17.977  2.711 0.1428571492
79545  -32.742  -18.798  3.695 0.1428571492
80774  -32.482  -18.045  1.844 0.1428571492
80796  -35.021  -17.509  0.696 0.1428571492
79555  -32.894  -17.975  3.466 0.1428571492
81950  -33.097  -16.501  2.766 0.1428571492
82977  -33.265  -15.758  2.414 0.1428571492
85135  -36.810  -14.037  4.374 0.1428571492
86283  -37.734  -12.667  4.319 0.1428571492
84047  -36.879  -14.228  1.865 0.1428571492
84064  -34.479  -14.617  0.250 0.1428571492
85115  -35.176  -13.327  3.707 0.1428571492
86310  -35.403  -12.152  1.337 0.1428571492
77190  -25.233  -19.667  7.816 0.2857142985
82978  -35.824  -15.758  2.292 0.1428571492
84035  -35.912  -15.078  3.496 0.1428571492
85117  -37.197  -13.593  4.924 0.1428571492
98222  -26.896  -1.325  6.504 0.4285714328
86299  -37.719  -12.393  3.021 0.1428571492
84067  -37.179  -13.600  0.533 0.1428571492
86311  -35.794  -11.796  1.926 0.1428571492
104750  -26.877  4.418  5.393 0.4285714328
113308  -31.144  13.391  7.474 0.1428571492
114204  -29.630  13.937  6.903 0.1428571492
82917  -33.389  -15.772  6.762 0.1428571492
81867  -32.289  -17.095  8.296 0.1428571492
89643  -36.647  -9.627  3.665 0.1428571492
90777  -36.680  -8.751  3.991 0.1428571492
85134  -35.201  -13.186  2.630 0.1428571492
86297  -35.691  -12.248  2.440 0.1428571492
86320  -34.814  -12.881  0.149 0.1428571492
85168  -34.669  -13.649  0.101 0.1428571492
85167  -33.873  -13.981  0.113 0.1428571492
85133  -34.585  -13.893  2.850 0.1428571492
85161  -34.895  -12.721  0.810 0.1428571492
85175  -36.105  -12.716  -0.346 0.1428571492
84034  -33.911  -14.485  3.054 0.1428571492
85159  -33.608  -14.122  0.663 0.1428571492
84059  -37.166  -14.013  1.182 0.1428571492
82931  -33.847  -15.670  5.384 0.1428571492
84043  -33.487  -15.001  2.166 0.1428571492
81939  -33.307  -16.513  3.690 0.1428571492
80692  -32.711  -17.304  8.266 0.1428571492
80694  -34.067  -18.178  7.027 0.1428571492
80775  -32.761  -17.246  2.266 0.1428571492
79546  -33.132  -18.599  4.138 0.1428571492
80758  -32.924  -17.245  3.171 0.1428571492
80795  -34.542  -17.544  0.733 0.1428571492
81951  -35.716  -16.841  1.904 0.1428571492
71182  -23.162  -24.948  10.598 0.1428571492
72341  -24.347  -24.160  10.750 0.1428571492
72340  -23.463  -24.313  10.455 0.1428571492
73447  -23.924  -23.484  10.467 0.1428571492
74613  -23.498  -22.847  10.019 0.1428571492
75829  -24.120  -21.716  9.503 0.1428571492
75828  -23.579  -21.918  9.076 0.1428571492
75847  -23.917  -21.364  8.756 0.1428571492
77170  -24.409  -20.816  8.769 0.1428571492
74655  -22.862  -22.263  8.863 0.1428571492
77169  -23.790  -21.114  8.422 0.1428571492
77188  -23.616  -20.609  7.714 0.1428571492
77206  -23.606  -20.027  6.928 0.1428571492
78387  -24.658  -19.466  6.679 0.1428571492
79513  -25.339  -18.855  6.465 0.2857142985
80706  -26.741  -17.393  5.880 0.1428571492
79531  -24.671  -18.327  5.523 0.2857142985
85131  -27.708  -13.289  3.641 0.4285714328
85132  -28.391  -12.570  3.932 0.4285714328
98221  -26.280  -1.521  5.959 0.2857142985
102670  -24.563  2.291  5.757 0.2857142985
78388  -25.147  -19.402  6.860 0.1428571492
79532  -25.605  -18.130  5.431 0.2857142985
75846  -23.190  -21.614  8.502 0.1428571492
78386  -23.900  -19.550  6.540 0.1428571492
79512  -24.292  -18.974  6.106 0.1428571492
80722  -24.946  -17.497  4.821 0.2857142985
79533  -26.260  -17.742  5.355 0.2857142985
80723  -25.876  -17.518  4.753 0.2857142985
80724  -26.523  -17.026  4.827 0.2857142985
81907  -26.807  -16.159  4.814 0.2857142985
82929  -27.196  -15.224  5.124 0.4285714328
84015  -27.250  -14.510  4.247 0.4285714328
84032  -27.211  -14.076  3.482 0.2857142985
95092  -26.861  -4.028  5.590 0.2857142985
96189  -26.111  -2.846  5.168 0.2857142985
97184  -26.616  -2.236  6.196 0.2857142985
98229  -25.210  -1.518  4.796 0.2857142985
98230  -25.655  -1.275  5.417 0.2857142985
100383  -26.619  0.460  6.267 0.2857142985
101532  -24.139  1.300  5.058 0.2857142985
81906  -26.489  -16.532  4.584 0.2857142985
96190  -26.674  -3.052  5.681 0.2857142985
97197  -25.657  -2.195  4.998 0.2857142985
96205  -25.522  -3.178  4.719 0.2857142985
99303  -24.816  -0.610  4.853 0.2857142985
100392  -24.327  0.297  4.858 0.2857142985
99304  -25.587  -0.275  5.357 0.2857142985
100393  -25.056  0.461  5.174 0.2857142985
101548  -23.954  0.693  4.663 0.2857142985
101533  -25.316  1.451  5.531 0.2857142985
98246  -24.575  -1.401  4.490 0.2857142985
99316  -23.928  -0.765  4.470 0.2857142985
99302  -24.183  -0.243  4.756 0.2857142985
77149  -24.636  -21.075  9.492 0.1428571492
74639  -23.787  -22.301  9.852 0.1428571492
78371  -24.218  -19.923  7.148 0.1428571492
72320  -23.819  -24.702  11.049 0.1428571492
73469  -22.947  -23.059  9.598 0.1428571492
74638  -23.324  -22.312  9.324 0.1428571492
75860  -23.015  -21.092  7.677 0.1428571492
82948  -26.789  -15.369  4.417 0.4285714328
86309  -27.751  -12.025  2.843 0.2857142985
116724  -29.060  17.670  5.393 0.1428571492
116715  -29.167  17.045  6.271 0.1428571492
115108  -27.786  15.249  5.380 0.1428571492
115093  -28.334  14.704  6.116 0.1428571492
114217  -29.069  14.139  6.492 0.1428571492
117575  -29.426  18.362  5.003 0.1428571492
114233  -27.873  14.216  5.407 0.1428571492
114244  -26.198  14.329  2.851 0.1428571492
115966  -26.058  16.853  2.196 0.1428571492
87365  -28.105  -11.405  3.061 0.2857142985
115083  -29.575  14.550  6.927 0.1428571492
115932  -30.114  16.197  7.065 0.1428571492
113318  -28.794  13.432  6.305 0.1428571492
115930  -28.346  15.642  6.065 0.1428571492
115094  -28.943  15.029  6.651 0.1428571492
112375  -28.380  12.320  5.659 0.1428571492
114245  -26.678  14.379  3.856 0.1428571492
113334  -28.287  13.222  5.686 0.1428571492
115950  -27.075  16.535  3.795 0.1428571492
115958  -26.558  16.723  2.708 0.1428571492
115949  -26.560  15.975  3.088 0.1428571492
114265  -25.416  15.504  1.967 0.1428571492
115133  -24.941  16.039  1.824 0.1428571492
114255  -25.854  14.891  2.298 0.1428571492
113333  -27.703  13.474  5.014 0.1428571492
114232  -27.298  14.041  4.694 0.1428571492
116714  -28.514  16.470  5.903 0.1428571492
117574  -28.741  17.914  4.613 0.1428571492
115107  -27.243  14.849  4.695 0.1428571492
115940  -27.318  15.698  4.599 0.1428571492
115117  -26.681  15.474  3.940 0.1428571492
115931  -29.169  15.904  6.655 0.1428571492
97226  -24.250  -2.528  3.683 0.1428571492
97214  -25.033  -2.228  4.587 0.1428571492
100404  -23.783  0.152  4.524 0.1428571492
101561  -21.504  0.926  3.604 0.1428571492
101545  -21.603  1.484  3.842 0.1428571492
96206  -26.238  -3.684  5.179 0.1428571492
101547  -23.421  0.887  4.376 0.1428571492
102666  -20.696  2.484  4.575 0.1428571492
102667  -21.241  2.866  4.487 0.1428571492
103755  -21.304  3.547  5.360 0.2857142985
91912  -28.132  -8.199  3.831 0.2857142985
90775  -26.943  -8.553  2.999 0.1428571492
94045  -25.801  -5.430  4.170 0.1428571492
95107  -25.856  -4.427  4.611 0.1428571492
95106  -25.041  -3.886  4.167 0.1428571492
98245  -24.002  -1.631  3.848 0.1428571492
101531  -22.925  1.685  4.749 0.1428571492
102658  -24.053  3.108  5.982 0.1428571492
103756  -22.304  3.281  5.710 0.1428571492
103740  -23.521  3.805  6.270 0.2857142985
106633  -24.057  6.592  6.608 0.2857142985
106632  -22.861  6.467  7.117 0.2857142985
107582  -24.695  7.226  6.228 0.2857142985
110337  -25.739  10.764  5.121 0.1428571492
108511  -25.846  9.084  7.802 0.1428571492
103742  -25.384  3.731  5.885 0.2857142985
104735  -24.867  4.627  6.015 0.2857142985
105739  -26.551  5.992  4.732 0.2857142985
105710  -24.394  5.493  6.305 0.2857142985
105709  -23.394  5.594  6.698 0.2857142985
107596  -24.925  6.937  5.734 0.2857142985
107577  -21.951  7.598  7.977 0.2857142985
109389  -27.095  10.497  6.835 0.1428571492
106631  -21.971  6.514  7.483 0.1428571492
105699  -21.167  6.269  7.597 0.1428571492
104748  -20.796  3.945  5.549 0.2857142985
106629  -23.217  7.315  7.197 0.2857142985
107583  -25.151  7.896  6.579 0.1428571492
107579  -24.246  7.884  7.219 0.2857142985
108514  -25.381  8.619  6.965 0.1428571492
108509  -23.826  8.538  8.338 0.1428571492
103736  -20.319  2.884  5.738 0.2857142985
107574  -21.563  7.579  8.707 0.1428571492
108495  -24.465  8.452  10.151 0.1428571492
108508  -23.024  8.554  8.763 0.1428571492
100366  -18.934  0.976  7.756 0.1428571492
98232  -33.158  -1.663  6.006 0.1428571492
95109  -34.875  -4.497  3.995 0.1428571492
92990  -25.699  -5.881  3.796 0.1428571492
95121  -24.790  -4.279  3.490 0.1428571492
97199  -33.200  -2.714  5.902 0.1428571492
96217  -24.482  -3.466  3.686 0.1428571492
98259  -23.503  -1.737  3.299 0.1428571492
99330  -22.827  -0.765  3.056 0.1428571492
100418  -22.727  -0.218  3.234 0.1428571492
100415  -21.176  0.524  3.722 0.1428571492
101530  -22.366  1.848  4.451 0.1428571492
102665  -20.383  2.303  5.316 0.1428571492
102668  -22.110  2.469  4.861 0.1428571492
103754  -20.641  3.366  5.228 0.2857142985
103739  -22.544  3.931  6.235 0.1428571492
104733  -22.891  4.719  6.521 0.1428571492
104734  -23.977  4.657  6.466 0.2857142985
105708  -21.963  5.651  6.865 0.1428571492
107575  -22.351  8.199  9.070 0.1428571492
108503  -24.500  8.708  9.152 0.1428571492
96192  -33.690  -3.391  5.389 0.1428571492
106649  -26.044  6.104  4.923 0.2857142985
108510  -24.850  9.059  7.752 0.1428571492
110328  -26.914  10.961  6.573 0.1428571492
104749  -25.845  4.682  5.576 0.2857142985
92991  -26.274  -6.364  4.059 0.1428571492
91898  -26.538  -6.925  3.594 0.1428571492
105726  -26.525  5.395  5.072 0.2857142985
95108  -26.498  -4.502  5.187 0.1428571492
95110  -35.482  -5.206  4.149 0.1428571492
102669  -23.292  2.523  5.607 0.1428571492
102659  -24.861  3.107  5.870 0.1428571492
96204  -24.737  -2.932  4.247 0.1428571492
99315  -23.478  -1.053  3.679 0.1428571492
100403  -23.058  0.032  3.712 0.1428571492
97225  -23.830  -2.433  3.295 0.1428571492
96216  -24.040  -3.133  3.213 0.1428571492
101563  -22.275  0.669  3.404 0.1428571492
101546  -22.373  1.212  3.967 0.1428571492
102682  -21.207  2.189  4.078 0.1428571492
102684  -22.132  1.956  4.299 0.1428571492
103753  -20.439  2.832  5.126 0.1428571492
95122  -25.359  -4.725  3.829 0.1428571492
103757  -23.044  3.374  5.905 0.2857142985
103738  -21.745  4.010  5.969 0.2857142985
103741  -24.494  3.813  6.222 0.2857142985
106647  -24.730  6.659  6.024 0.2857142985
106627  -21.370  7.143  7.887 0.1428571492
108504  -25.775  8.746  8.779 0.1428571492
105711  -25.121  5.462  5.736 0.2857142985
105725  -25.735  5.580  5.292 0.2857142985
106634  -24.783  6.101  6.122 0.2857142985
106648  -25.301  6.382  5.512 0.2857142985
107580  -25.071  8.235  7.209 0.1428571492
107578  -22.746  8.039  8.007 0.2857142985
111365  -26.723  11.653  6.175 0.1428571492
104732  -21.866  4.659  6.415 0.1428571492
108502  -23.556  8.564  9.242 0.1428571492
80721  -24.098  -17.691  5.213 0.1428571492
80739  -25.566  -16.985  4.430 0.1428571492
81919  -23.784  -16.353  4.834 0.1428571492
82945  -24.456  -15.658  4.288 0.1428571492
84013  -24.349  -14.691  4.191 0.1428571492
81921  -25.187  -16.325  4.246 0.1428571492
84029  -25.047  -14.569  3.817 0.1428571492
82946  -25.141  -15.686  4.074 0.1428571492
81922  -26.140  -16.293  4.169 0.1428571492
85128  -25.159  -13.548  3.545 0.1428571492
84030  -25.748  -14.586  3.403 0.1428571492
84014  -26.748  -14.987  4.026 0.1428571492
84031  -26.581  -14.578  3.510 0.1428571492
85111  -24.538  -13.932  4.057 0.1428571492
85129  -26.128  -13.673  3.027 0.1428571492
85130  -27.040  -13.622  2.928 0.1428571492
86308  -27.198  -12.359  2.605 0.1428571492
88483  -27.772  -10.588  2.874 0.1428571492
103737  -20.326  3.469  6.185 0.1428571492
80720  -23.248  -17.670  5.478 0.1428571492
81904  -23.669  -16.882  5.117 0.1428571492
82944  -23.860  -15.934  4.626 0.1428571492
80740  -26.073  -17.037  4.451 0.1428571492
82947  -26.461  -15.453  3.945 0.1428571492
85145  -27.386  -13.029  2.846 0.1428571492
81905  -24.291  -17.181  4.945 0.1428571492
80738  -25.031  -16.900  4.483 0.1428571492
81920  -24.393  -16.619  4.622 0.1428571492
84012  -23.614  -15.007  4.640 0.1428571492
82965  -24.894  -15.201  4.010 0.1428571492
82966  -25.501  -15.345  3.741 0.1428571492
81938  -25.861  -15.779  3.779 0.1428571492
82967  -26.064  -15.426  3.600 0.1428571492
85110  -23.614  -13.702  4.354 0.1428571492
80705  -22.498  -17.750  5.895 0.1428571492
81923  -26.548  -15.847  4.310 0.1428571492
81925  -33.864  -15.960  5.097 0.1428571492
81937  -25.595  -15.896  3.982 0.1428571492
82898  -28.787  -15.378  6.963 0.5714285970
82916  -28.806  -15.077  6.857 0.4285714328
84045  -35.720  -14.995  2.989 0.1428571492
85068  -29.554  -13.688  7.019 0.5714285970
85098  -27.945  -14.006  5.293 0.7142857313
85146  -27.659  -12.597  2.985 0.1428571492
86296  -28.747  -12.063  3.758 0.4285714328
87343  -36.450  -10.688  4.529 0.4285714328
88469  -29.716  -10.758  4.076 0.5714285970
88471  -30.848  -10.176  4.710 0.5714285970
91867  -30.442  -7.202  6.359 0.8571428657
94048  -35.803  -5.966  4.217 0.1428571492
95050  -33.171  -3.775  8.090 0.5714285970
96147  -29.895  -2.996  8.837 0.8571428657
96158  -27.831  -2.954  7.661 1.0000000000
96191  -27.226  -3.616  6.160 0.4285714328
97198  -26.176  -2.188  5.552 0.2857142985
97213  -24.516  -2.143  4.187 0.1428571492
98170  -30.083  -0.619  9.189 0.8571428657
98189  -28.231  -1.004  8.129 0.8571428657
98211  -28.042  -1.525  7.706 0.7142857313
98244  -23.639  -1.482  3.629 0.1428571492
98260  -23.923  -2.064  3.502 0.1428571492
99243  -30.312  -0.188  9.230 0.8571428657
99245  -31.459  -0.475  9.484 0.8571428657
99266  -28.415  -0.464  8.329 0.8571428657
99317  -24.439  -0.935  4.649 0.2857142985
99343  -22.283  -0.726  2.812 0.1428571492
100332  -31.169  0.242  9.578 0.8571428657
100373  -29.122  0.955  7.901 1.0000000000
100402  -22.504  0.506  3.487 0.1428571492
100417  -22.373  0.036  3.011 0.1428571492
101470  -30.919  0.725  9.396 0.8571428657
101472  -32.070  0.814  9.388 0.7142857313
101492  -29.878  0.957  8.687 0.8571428657
101535  -27.067  2.072  5.861 0.5714285970
101562  -21.958  0.843  3.341 0.1428571492
102656  -20.098  2.239  6.132 0.2857142985
102657  -23.496  3.226  5.892 0.2857142985
102662  -29.470  2.912  7.006 0.8571428657
102683  -21.740  2.102  4.161 0.1428571492
104737  -29.674  4.403  6.755 0.7142857313
104747  -20.580  3.951  5.877 0.1428571492
105701  -32.231  5.137  7.165 0.1428571492
105730  -29.947  6.091  5.882 0.5714285970
106628  -22.366  7.176  7.631 0.2857142985
107566  -21.832  7.552  9.775 0.1428571492
108501  -22.932  8.361  9.360 0.1428571492
108530  -30.745  8.091  5.817 0.2857142985
108549  -25.751  8.897  2.898 0.5714285970
109383  -31.694  10.249  7.220 0.1428571492
109385  -32.843  10.126  7.310 0.1428571492
109403  -28.792  9.838  4.786 0.4285714328
109435  -24.484  9.792  2.147 0.4285714328
109436  -24.873  10.044  1.740 0.4285714328
110315  -31.775  10.842  7.373 0.1428571492
110327  -26.414  10.871  5.826 0.1428571492
110350  -24.431  10.417  2.550 0.4285714328
110361  -24.392  10.570  2.131 0.4285714328
110362  -24.424  10.866  2.351 0.4285714328
110372  -24.539  10.572  1.552 0.4285714328
110374  -25.238  10.625  1.533 0.4285714328
110381  -24.680  11.188  1.027 0.4285714328
110382  -24.779  10.960  1.032 0.4285714328
110383  -24.623  10.944  1.329 0.4285714328
111349  -29.749  11.780  7.013 0.2857142985
111398  -27.970  10.944  4.476 0.2857142985
111416  -24.207  10.972  2.096 0.4285714328
111418  -24.955  11.143  1.339 0.4285714328
111426  -24.650  11.076  1.460 0.4285714328
111427  -24.794  11.171  1.227 0.4285714328
111428  -25.026  11.156  1.147 0.4285714328
112358  -29.602  12.357  6.909 0.2857142985
112359  -30.053  12.501  7.220 0.2857142985
112398  -24.771  13.385  2.657 0.2857142985
112401  -26.688  12.080  3.533 0.2857142985
113306  -29.903  13.553  7.110 0.1428571492
113307  -30.422  13.463  7.330 0.2857142985
113315  -25.625  13.608  5.374 0.1428571492
113319  -29.447  13.282  6.704 0.1428571492
113344  -24.710  13.220  4.105 0.1428571492
113368  -24.486  14.184  2.522 0.2857142985
114216  -28.465  13.948  6.038 0.1428571492
114230  -25.177  14.272  5.174 0.1428571492
114254  -24.253  14.505  3.174 0.1428571492
114264  -24.795  15.192  1.981 0.1428571492
115084  -30.138  14.849  7.215 0.1428571492
115116  -26.469  15.137  2.926 0.1428571492
115125  -24.307  15.438  3.174 0.1428571492
115924  -29.544  15.180  6.938 0.1428571492
115941  -27.825  16.310  5.072 0.1428571492
116723  -28.385  17.238  5.105 0.1428571492
116750  -26.177  17.200  2.373 0.1428571492
