#!ascii label  , from subject 3083 vox2ras=TkReg
385
85069  -29.952  -13.701  7.187 0.0000000000
88485  -29.425  -10.657  3.623 0.0000000000
101534  -26.477  1.545  5.886 0.0000000000
97175  -28.178  -2.430  7.839 0.0000000000
92960  -31.712  -7.046  7.058 0.0000000000
88446  -34.698  -10.418  6.493 0.0000000000
103758  -26.320  3.590  5.626 0.0000000000
93996  -29.983  -5.073  8.123 0.0000000000
91883  -28.484  -7.112  5.109 0.0000000000
86266  -29.414  -11.923  5.752 0.0000000000
89600  -31.934  -9.738  5.509 0.0000000000
87308  -32.591  -12.049  7.360 0.0000000000
79495  -26.131  -18.772  7.209 0.0000000000
83982  -27.780  -14.604  5.741 0.0000000000
108548  -25.378  8.811  3.450 0.0000000000
107622  -27.244  7.899  3.031 0.0000000000
106663  -28.345  6.660  4.358 0.0000000000
105712  -29.157  5.044  6.190 0.0000000000
102646  -29.869  2.490  7.591 0.0000000000
99297  -26.897  -0.329  6.589 0.0000000000
100331  -30.627  0.392  9.326 0.0000000000
97166  -32.088  -2.408  9.191 0.0000000000
95065  -33.335  -4.524  7.886 0.0000000000
92981  -35.358  -6.673  6.096 0.0000000000
90749  -31.462  -8.614  4.820 0.0000000000
90740  -34.099  -8.518  6.519 0.0000000000
92977  -27.840  -5.986  5.149 0.0000000000
91899  -27.048  -7.204  4.033 0.0000000000
86251  -29.488  -12.608  6.499 0.0000000000
86252  -30.507  -12.155  6.852 0.0000000000
86238  -31.144  -12.745  7.436 0.0000000000
75804  -26.046  -21.922  10.892 0.0000000000
77127  -26.232  -20.852  10.436 0.0000000000
77151  -26.429  -20.083  9.502 0.0000000000
85112  -27.849  -13.813  4.771 0.0000000000
82948  -26.789  -15.369  4.417 0.0000000000
107610  -27.790  7.227  3.619 0.0000000000
102671  -25.688  2.616  5.612 0.0000000000
104751  -27.763  4.228  5.354 0.0000000000
103760  -27.986  3.359  5.910 0.0000000000
103744  -29.107  3.464  6.657 0.0000000000
102660  -27.966  2.539  6.638 0.0000000000
98210  -27.425  -1.648  7.106 0.0000000000
100352  -28.723  0.051  8.410 0.0000000000
98191  -29.740  -1.223  9.177 0.0000000000
98172  -31.004  -0.909  9.562 0.0000000000
97164  -30.190  -2.348  9.331 0.0000000000
92936  -30.905  -5.987  7.910 0.0000000000
95064  -32.307  -4.760  8.466 0.0000000000
94000  -33.491  -5.879  7.507 0.0000000000
94019  -35.012  -5.714  6.143 0.0000000000
92962  -33.605  -6.728  6.817 0.0000000000
89640  -28.358  -9.842  3.332 0.0000000000
90762  -29.483  -8.426  4.362 0.0000000000
89626  -30.566  -9.588  4.085 0.0000000000
88445  -33.699  -10.306  6.686 0.0000000000
89613  -32.786  -9.244  5.749 0.0000000000
89603  -34.320  -9.444  6.547 0.0000000000
90752  -35.581  -8.847  6.173 0.0000000000
88458  -36.178  -10.349  5.585 0.0000000000
79474  -27.625  -18.539  7.992 0.0000000000
79515  -27.095  -17.835  6.571 0.0000000000
80688  -27.699  -17.892  7.248 0.0000000000
80708  -28.235  -16.601  6.869 0.0000000000
95077  -27.725  -4.105  6.668 0.0000000000
95060  -28.822  -3.968  7.770 0.0000000000
94014  -28.019  -4.965  6.361 0.0000000000
92958  -29.261  -6.162  6.467 0.0000000000
92980  -30.137  -7.136  6.328 0.0000000000
87353  -29.472  -11.419  4.425 0.0000000000
88470  -30.348  -10.255  4.264 0.0000000000
87341  -30.405  -10.965  5.808 0.0000000000
87327  -31.985  -11.188  7.070 0.0000000000
87328  -33.117  -11.131  7.230 0.0000000000
78354  -27.322  -19.085  8.489 0.0000000000
86295  -28.169  -12.199  3.352 0.0000000000
85113  -28.354  -13.036  4.601 0.0000000000
85099  -28.320  -13.652  5.494 0.0000000000
83984  -28.752  -14.488  6.751 0.0000000000
111407  -24.408  11.117  2.088 0.0000000000
107597  -25.321  7.473  5.468 0.0000000000
107620  -25.825  8.404  3.400 0.0000000000
108551  -27.680  8.782  3.174 0.0000000000
108542  -28.988  8.511  4.479 0.0000000000
107598  -29.827  7.536  5.242 0.0000000000
105727  -27.454  5.106  4.935 0.0000000000
105728  -28.468  5.238  5.452 0.0000000000
106652  -30.023  6.852  5.593 0.0000000000
105714  -30.711  5.627  6.541 0.0000000000
104723  -30.658  4.483  7.240 0.0000000000
103727  -31.328  3.530  7.743 0.0000000000
101522  -26.957  1.029  6.400 0.0000000000
101510  -28.922  1.508  7.597 0.0000000000
101512  -30.250  1.956  8.271 0.0000000000
102636  -31.829  1.987  8.655 0.0000000000
100355  -32.501  0.208  9.062 0.0000000000
97177  -33.404  -2.457  7.928 0.0000000000
95047  -31.208  -3.961  8.913 0.0000000000
95049  -32.719  -3.918  8.377 0.0000000000
91900  -28.301  -7.626  4.490 0.0000000000
90747  -29.706  -7.875  4.961 0.0000000000
91886  -31.289  -7.885  5.522 0.0000000000
89611  -31.752  -9.404  4.867 0.0000000000
91887  -32.256  -8.239  5.616 0.0000000000
91870  -33.033  -7.614  6.153 0.0000000000
91889  -34.858  -7.318  6.362 0.0000000000
91891  -36.300  -7.847  5.260 0.0000000000
81891  -27.577  -15.971  5.805 0.0000000000
82915  -28.291  -15.322  6.524 0.0000000000
82899  -29.346  -15.097  7.198 0.0000000000
86236  -29.654  -13.303  6.968 0.0000000000
86237  -30.185  -12.984  7.205 0.0000000000
85070  -30.644  -13.664  7.461 0.0000000000
85071  -31.559  -13.738  7.536 0.0000000000
75785  -26.863  -22.172  11.237 0.0000000000
75805  -27.074  -21.389  11.023 0.0000000000
102672  -26.721  2.637  5.667 0.0000000000
102673  -27.394  2.621  5.996 0.0000000000
101523  -27.414  1.626  6.470 0.0000000000
97174  -27.621  -2.349  7.373 0.0000000000
97185  -27.165  -2.273  6.741 0.0000000000
98190  -28.685  -1.447  8.500 0.0000000000
98212  -28.468  -1.982  8.021 0.0000000000
97163  -29.419  -2.302  8.751 0.0000000000
97176  -28.700  -2.472  8.302 0.0000000000
92937  -31.622  -6.346  7.776 0.0000000000
92938  -32.575  -6.522  7.524 0.0000000000
92939  -33.132  -6.591  7.226 0.0000000000
89641  -29.259  -10.029  3.594 0.0000000000
89642  -30.011  -10.075  3.688 0.0000000000
89604  -35.203  -9.545  6.417 0.0000000000
88447  -35.565  -10.384  6.162 0.0000000000
87331  -35.797  -11.027  5.735 0.0000000000
80669  -27.798  -18.103  7.697 0.0000000000
95093  -27.400  -4.513  5.968 0.0000000000
92978  -28.468  -6.395  5.557 0.0000000000
92957  -28.720  -5.885  6.181 0.0000000000
92979  -29.537  -6.970  6.133 0.0000000000
86281  -29.261  -11.854  5.076 0.0000000000
87340  -29.825  -11.263  5.298 0.0000000000
86253  -31.303  -11.898  7.035 0.0000000000
87326  -30.945  -11.178  6.467 0.0000000000
87309  -33.420  -12.070  7.203 0.0000000000
74615  -25.369  -22.553  10.655 0.0000000000
78333  -27.003  -19.449  8.904 0.0000000000
78334  -27.893  -18.987  9.138 0.0000000000
85132  -28.391  -12.570  3.932 0.0000000000
84000  -27.662  -14.439  5.344 0.0000000000
84001  -28.015  -14.139  5.532 0.0000000000
85084  -28.543  -13.849  6.278 0.0000000000
83983  -28.100  -14.427  5.969 0.0000000000
109417  -24.880  9.759  3.494 0.0000000000
109416  -24.562  10.031  2.956 0.0000000000
109425  -24.540  10.046  2.537 0.0000000000
110373  -24.873  10.548  1.432 0.0000000000
109426  -24.955  9.540  2.486 0.0000000000
106660  -25.770  6.826  4.842 0.0000000000
107608  -25.835  7.705  4.064 0.0000000000
107621  -26.333  8.106  3.224 0.0000000000
108550  -26.533  8.792  2.860 0.0000000000
109429  -27.662  9.668  3.426 0.0000000000
107611  -28.569  7.607  4.064 0.0000000000
107612  -29.203  7.573  4.690 0.0000000000
106664  -28.790  7.098  4.591 0.0000000000
104750  -26.877  4.418  5.393 0.0000000000
104752  -28.320  4.152  5.757 0.0000000000
105729  -29.299  5.656  5.806 0.0000000000
106635  -30.574  6.652  6.067 0.0000000000
105713  -29.814  5.322  6.342 0.0000000000
103745  -29.782  3.435  7.110 0.0000000000
104722  -30.120  3.946  7.187 0.0000000000
103726  -30.446  3.396  7.534 0.0000000000
98222  -26.896  -1.325  6.504 0.0000000000
99296  -26.273  -0.531  5.949 0.0000000000
100384  -27.400  0.452  6.899 0.0000000000
100385  -27.811  1.078  7.092 0.0000000000
100354  -30.111  0.440  8.900 0.0000000000
100353  -29.303  0.488  8.491 0.0000000000
101493  -30.616  1.293  8.921 0.0000000000
102635  -31.223  1.807  8.767 0.0000000000
101494  -31.614  1.383  9.093 0.0000000000
101495  -32.543  1.191  8.864 0.0000000000
101471  -31.377  0.822  9.432 0.0000000000
98193  -31.610  -1.420  9.365 0.0000000000
99269  -32.186  -0.615  9.191 0.0000000000
98194  -32.562  -1.507  8.983 0.0000000000
98213  -33.203  -1.532  8.301 0.0000000000
97167  -32.884  -2.403  8.663 0.0000000000
95061  -29.537  -4.271  8.288 0.0000000000
96161  -29.933  -3.681  8.679 0.0000000000
95062  -30.463  -4.366  8.619 0.0000000000
96162  -33.425  -3.392  7.658 0.0000000000
96176  -33.682  -3.712  6.621 0.0000000000
92994  -36.219  -6.589  4.500 0.0000000000
91911  -27.461  -8.024  3.712 0.0000000000
90748  -30.495  -8.199  4.883 0.0000000000
91885  -30.207  -7.554  5.735 0.0000000000
88457  -31.357  -10.165  5.135 0.0000000000
89627  -31.081  -9.825  4.481 0.0000000000
90751  -32.800  -8.727  5.614 0.0000000000
90739  -33.419  -8.273  6.070 0.0000000000
91888  -32.943  -8.145  5.704 0.0000000000
91871  -34.030  -7.579  6.575 0.0000000000
91872  -34.669  -7.976  6.368 0.0000000000
90753  -36.123  -8.701  5.655 0.0000000000
90765  -36.568  -8.688  4.923 0.0000000000
81875  -28.726  -16.037  7.187 0.0000000000
81892  -28.157  -16.216  6.518 0.0000000000
81876  -29.791  -15.997  7.491 0.0000000000
94033  -27.666  -5.443  5.539 0.0000000000
92992  -27.542  -6.464  4.765 0.0000000000
92993  -28.166  -6.930  5.009 0.0000000000
87325  -30.026  -11.609  6.192 0.0000000000
87307  -31.831  -12.148  7.345 0.0000000000
86239  -32.135  -12.912  7.531 0.0000000000
77128  -27.452  -20.416  10.468 0.0000000000
85131  -27.708  -13.289  3.641 0.0000000000
84015  -27.250  -14.510  4.247 0.0000000000
82929  -27.196  -15.224  5.124 0.0000000000
108540  -25.366  8.696  4.633 0.0000000000
107609  -26.829  7.209  3.540 0.0000000000
106661  -26.516  6.604  4.397 0.0000000000
106662  -27.424  6.522  4.107 0.0000000000
105740  -27.065  5.876  4.572 0.0000000000
103759  -27.198  3.462  5.611 0.0000000000
103761  -28.525  3.692  6.205 0.0000000000
104736  -28.813  4.368  6.234 0.0000000000
103743  -28.506  3.086  6.462 0.0000000000
102661  -28.894  2.463  7.100 0.0000000000
99287  -27.477  -0.715  7.152 0.0000000000
100371  -27.737  -0.056  7.455 0.0000000000
99288  -28.019  -0.545  7.762 0.0000000000
99267  -29.090  -0.470  8.688 0.0000000000
99268  -29.803  -0.270  8.915 0.0000000000
99244  -30.816  -0.283  9.547 0.0000000000
98171  -30.447  -0.797  9.385 0.0000000000
98192  -30.670  -1.534  9.492 0.0000000000
97165  -31.139  -2.435  9.498 0.0000000000
94017  -30.323  -5.745  7.716 0.0000000000
93997  -30.737  -5.285  8.285 0.0000000000
93998  -31.585  -5.540  8.336 0.0000000000
93999  -32.567  -5.691  8.114 0.0000000000
95080  -33.876  -4.837  6.885 0.0000000000
94018  -34.204  -5.752  6.716 0.0000000000
92963  -34.542  -6.603  6.517 0.0000000000
90776  -28.042  -8.788  3.406 0.0000000000
89624  -28.903  -9.212  3.877 0.0000000000
89625  -29.871  -9.377  3.908 0.0000000000
90763  -30.610  -8.848  4.227 0.0000000000
88444  -32.669  -10.212  6.705 0.0000000000
89601  -32.440  -9.621  6.021 0.0000000000
89602  -33.308  -9.292  6.219 0.0000000000
90741  -34.911  -8.680  6.441 0.0000000000
89614  -35.900  -9.554  5.949 0.0000000000
89615  -36.475  -9.515  5.347 0.0000000000
88472  -36.607  -10.271  4.201 0.0000000000
88459  -36.559  -10.278  4.923 0.0000000000
79473  -26.845  -18.698  7.598 0.0000000000
79496  -27.000  -18.401  7.101 0.0000000000
80707  -27.570  -16.951  6.514 0.0000000000
80689  -28.385  -17.102  7.327 0.0000000000
96173  -27.052  -2.866  6.316 0.0000000000
96174  -27.443  -3.148  6.947 0.0000000000
96159  -28.384  -3.188  8.016 0.0000000000
96175  -28.074  -3.670  7.375 0.0000000000
95078  -28.420  -4.513  7.071 0.0000000000
95079  -29.198  -4.832  7.534 0.0000000000
94034  -28.314  -5.634  6.078 0.0000000000
94015  -28.763  -5.411  6.732 0.0000000000
94016  -29.614  -5.694  7.301 0.0000000000
92959  -30.414  -6.654  7.014 0.0000000000
87367  -29.378  -11.231  3.819 0.0000000000
88486  -29.873  -10.393  3.865 0.0000000000
88455  -29.930  -10.792  4.635 0.0000000000
88456  -30.495  -10.524  5.100 0.0000000000
88442  -30.944  -10.541  5.775 0.0000000000
88443  -31.701  -10.280  6.186 0.0000000000
87329  -34.180  -11.534  6.702 0.0000000000
87330  -35.264  -11.353  6.255 0.0000000000
86240  -33.058  -12.932  7.332 0.0000000000
73448  -25.110  -23.534  10.785 0.0000000000
78374  -26.042  -19.172  7.626 0.0000000000
77172  -26.228  -19.542  8.666 0.0000000000
78353  -26.651  -19.137  8.038 0.0000000000
79456  -28.157  -18.513  8.673 0.0000000000
87366  -28.854  -11.442  3.465 0.0000000000
87352  -29.166  -11.734  3.897 0.0000000000
86280  -28.920  -12.203  4.417 0.0000000000
86265  -28.805  -12.560  5.477 0.0000000000
86250  -28.758  -13.199  6.164 0.0000000000
85085  -29.137  -13.596  6.734 0.0000000000
83965  -29.469  -14.159  7.090 0.0000000000
110336  -25.237  10.643  4.107 0.0000000000
109427  -25.629  9.685  2.088 0.0000000000
107623  -28.032  7.939  3.361 0.0000000000
108541  -28.442  8.431  3.760 0.0000000000
109419  -28.913  9.027  4.675 0.0000000000
109404  -29.330  9.279  5.262 0.0000000000
108528  -29.556  8.290  5.012 0.0000000000
108529  -30.265  8.523  5.568 0.0000000000
105741  -27.883  5.896  4.679 0.0000000000
106650  -28.498  6.050  4.846 0.0000000000
106651  -29.194  6.498  5.099 0.0000000000
107599  -30.525  7.517  5.731 0.0000000000
107584  -31.006  7.207  6.103 0.0000000000
105715  -31.761  5.799  6.675 0.0000000000
104738  -30.166  5.016  6.812 0.0000000000
100394  -25.933  0.525  5.629 0.0000000000
101524  -28.090  1.715  7.293 0.0000000000
102645  -29.334  1.984  7.598 0.0000000000
100372  -28.360  0.517  7.716 0.0000000000
101511  -29.638  1.480  8.163 0.0000000000
102647  -30.911  2.474  8.315 0.0000000000
102648  -31.992  2.802  8.215 0.0000000000
100333  -31.856  0.167  9.494 0.0000000000
99289  -33.388  -0.615  7.896 0.0000000000
98223  -33.378  -1.579  7.313 0.0000000000
96160  -29.218  -3.299  8.421 0.0000000000
96148  -30.618  -3.352  9.143 0.0000000000
96149  -31.592  -3.279  9.195 0.0000000000
95063  -31.377  -4.686  8.630 0.0000000000
95048  -31.941  -3.983  8.735 0.0000000000
96150  -32.418  -3.220  8.788 0.0000000000
96151  -33.116  -3.218  8.343 0.0000000000
95081  -34.553  -4.862  6.270 0.0000000000
90761  -28.594  -8.432  3.951 0.0000000000
91901  -29.190  -7.767  4.684 0.0000000000
91884  -29.097  -7.389  5.275 0.0000000000
91868  -31.012  -7.364  6.339 0.0000000000
91869  -32.002  -7.660  6.330 0.0000000000
90764  -31.182  -9.226  4.352 0.0000000000
89612  -32.333  -9.250  5.465 0.0000000000
90750  -32.131  -8.837  5.248 0.0000000000
92961  -32.697  -7.041  6.834 0.0000000000
91890  -35.522  -7.842  6.005 0.0000000000
92982  -36.064  -6.841  5.416 0.0000000000
82914  -27.656  -14.976  5.835 0.0000000000
83966  -30.129  -14.397  7.371 0.0000000000
82898  -28.787  -15.378  6.963 0.0000000000
82916  -28.806  -15.077  6.857 0.0000000000
85068  -29.554  -13.688  7.019 0.0000000000
85098  -27.945  -14.006  5.293 0.0000000000
86296  -28.747  -12.063  3.758 0.0000000000
87343  -36.450  -10.688  4.529 0.0000000000
88469  -29.716  -10.758  4.076 0.0000000000
88471  -30.848  -10.176  4.710 0.0000000000
91867  -30.442  -7.202  6.359 0.0000000000
94047  -27.480  -5.810  5.032 0.0000000000
95050  -33.171  -3.775  8.090 0.0000000000
96147  -29.895  -2.996  8.837 0.0000000000
96158  -27.831  -2.954  7.661 0.0000000000
96191  -27.226  -3.616  6.160 0.0000000000
98170  -30.083  -0.619  9.189 0.0000000000
98189  -28.231  -1.004  8.129 0.0000000000
98211  -28.042  -1.525  7.706 0.0000000000
99243  -30.312  -0.188  9.230 0.0000000000
99245  -31.459  -0.475  9.484 0.0000000000
99266  -28.415  -0.464  8.329 0.0000000000
100332  -31.169  0.242  9.578 0.0000000000
100373  -29.122  0.955  7.901 0.0000000000
100383  -26.619  0.460  6.267 0.0000000000
101470  -30.919  0.725  9.396 0.0000000000
101472  -32.070  0.814  9.388 0.0000000000
101492  -29.878  0.957  8.687 0.0000000000
101535  -27.067  2.072  5.861 0.0000000000
102662  -29.470  2.912  7.006 0.0000000000
104737  -29.674  4.403  6.755 0.0000000000
105730  -29.947  6.091  5.882 0.0000000000
108549  -25.751  8.897  2.898 0.0000000000
109403  -28.792  9.838  4.786 0.0000000000
109435  -24.484  9.792  2.147 0.0000000000
109436  -24.873  10.044  1.740 0.0000000000
110350  -24.431  10.417  2.550 0.0000000000
110361  -24.392  10.570  2.131 0.0000000000
110362  -24.424  10.866  2.351 0.0000000000
110372  -24.539  10.572  1.552 0.0000000000
110374  -25.238  10.625  1.533 0.0000000000
110381  -24.680  11.188  1.027 0.0000000000
110382  -24.779  10.960  1.032 0.0000000000
110383  -24.623  10.944  1.329 0.0000000000
111416  -24.207  10.972  2.096 0.0000000000
111418  -24.955  11.143  1.339 0.0000000000
111426  -24.650  11.076  1.460 0.0000000000
111427  -24.794  11.171  1.227 0.0000000000
111428  -25.026  11.156  1.147 0.0000000000
