#!ascii label  , from subject 3083 vox2ras=TkReg
1009
56458  29.994  -36.522  63.639 0.0000000000
81465  41.540  -15.291  50.529 0.0000000000
66261  34.261  -29.225  57.043 0.0000000000
50275  13.215  -42.002  80.712 0.0000000000
55357  24.791  -36.590  69.903 0.0000000000
71067  35.038  -24.024  55.052 0.0000000000
53024  17.961  -39.438  74.744 0.0000000000
47772  16.680  -43.488  77.207 0.0000000000
51809  20.879  -40.647  72.208 0.0000000000
82600  46.427  -14.714  50.153 0.0000000000
61318  29.694  -33.187  67.200 0.0000000000
64930  29.654  -30.315  64.474 0.0000000000
60030  34.219  -33.463  64.602 0.0000000000
87194  44.420  -10.498  50.373 0.0000000000
86102  48.159  -11.381  47.262 0.0000000000
80294  38.345  -16.600  54.309 0.0000000000
75867  42.532  -20.125  52.446 0.0000000000
73373  39.052  -22.542  52.635 0.0000000000
66310  39.490  -28.368  54.484 0.0000000000
51863  30.035  -40.780  67.961 0.0000000000
45275  11.585  -46.159  82.845 0.0000000000
46465  7.800  -44.775  87.072 0.0000000000
46430  6.927  -43.780  91.557 0.0000000000
55411  26.786  -37.485  66.296 0.0000000000
51834  25.807  -41.161  69.551 0.0000000000
68515  29.979  -25.703  62.328 0.0000000000
66178  34.708  -30.432  62.017 0.0000000000
90598  51.574  -7.250  46.670 0.0000000000
81462  44.056  -15.258  50.123 0.0000000000
79224  44.520  -17.709  50.748 0.0000000000
58733  30.337  -34.887  64.010 0.0000000000
61334  30.331  -32.929  64.457 0.0000000000
58711  33.252  -35.000  64.024 0.0000000000
83749  41.434  -13.087  52.872 0.0000000000
86045  43.171  -11.428  52.613 0.0000000000
84969  42.388  -12.693  50.586 0.0000000000
84980  45.137  -12.310  48.846 0.0000000000
41593  7.234  -48.903  91.068 0.0000000000
77004  37.871  -19.368  53.312 0.0000000000
75833  36.328  -20.548  54.398 0.0000000000
67392  33.689  -26.767  55.372 0.0000000000
68675  36.196  -26.273  53.903 0.0000000000
66296  37.088  -28.889  55.091 0.0000000000
65099  37.071  -30.193  57.470 0.0000000000
48973  14.624  -42.875  78.582 0.0000000000
46550  15.827  -44.674  79.329 0.0000000000
46524  14.515  -45.190  80.314 0.0000000000
45273  13.521  -45.840  82.497 0.0000000000
47727  11.827  -44.438  81.774 0.0000000000
47666  9.448  -43.304  86.507 0.0000000000
46449  7.704  -44.035  89.097 0.0000000000
55396  25.279  -37.272  67.885 0.0000000000
51867  25.964  -39.696  67.816 0.0000000000
53143  23.476  -38.887  68.673 0.0000000000
49060  21.159  -42.656  74.029 0.0000000000
50381  22.772  -42.602  72.908 0.0000000000
66095  33.647  -30.234  64.515 0.0000000000
66158  32.316  -29.396  63.080 0.0000000000
73353  36.552  -21.818  56.604 0.0000000000
71005  34.281  -23.888  57.339 0.0000000000
69881  32.442  -24.967  57.658 0.0000000000
49046  18.693  -42.553  74.860 0.0000000000
47770  18.626  -43.989  77.082 0.0000000000
50332  17.067  -42.004  75.878 0.0000000000
50302  15.553  -40.922  77.929 0.0000000000
50272  15.254  -40.847  80.149 0.0000000000
55344  22.179  -37.698  70.438 0.0000000000
54212  20.739  -37.472  72.846 0.0000000000
53059  19.366  -40.021  73.154 0.0000000000
63698  28.889  -30.325  69.518 0.0000000000
66097  27.555  -28.570  66.286 0.0000000000
62596  28.904  -31.846  65.566 0.0000000000
63721  32.343  -31.122  64.484 0.0000000000
89455  48.581  -8.040  49.450 0.0000000000
87204  46.331  -10.004  49.166 0.0000000000
83793  47.340  -13.122  48.419 0.0000000000
81440  39.840  -15.411  51.887 0.0000000000
79211  42.801  -18.098  51.283 0.0000000000
78119  40.352  -18.660  52.506 0.0000000000
75849  40.404  -20.760  52.683 0.0000000000
72204  41.233  -24.029  52.726 0.0000000000
72209  36.428  -23.077  53.580 0.0000000000
69943  39.232  -25.457  52.968 0.0000000000
138372  30.403  -39.135  65.666 0.0000000000
55407  33.200  -37.700  65.820 0.0000000000
81413  40.661  -14.504  54.948 0.0000000000
48900  12.224  -42.160  83.138 0.0000000000
47685  10.743  -43.163  83.873 0.0000000000
45223  9.427  -45.602  84.815 0.0000000000
43979  9.113  -47.411  86.724 0.0000000000
43963  7.640  -46.746  88.355 0.0000000000
43949  6.979  -46.391  90.525 0.0000000000
45142  6.628  -45.574  91.476 0.0000000000
43916  5.747  -45.195  92.555 0.0000000000
55422  28.944  -37.267  65.296 0.0000000000
51893  27.816  -39.513  66.420 0.0000000000
51850  27.876  -40.979  68.874 0.0000000000
51825  23.092  -41.109  70.417 0.0000000000
67316  30.842  -27.526  59.241 0.0000000000
67281  28.871  -27.897  63.436 0.0000000000
66201  31.432  -29.531  60.928 0.0000000000
65069  33.740  -30.200  59.124 0.0000000000
57460  35.452  -35.908  66.080 0.0000000000
90624  52.450  -7.281  44.648 0.0000000000
89464  49.613  -8.421  47.437 0.0000000000
87251  50.882  -9.557  44.921 0.0000000000
81463  43.012  -15.261  50.106 0.0000000000
81450  44.634  -16.022  50.338 0.0000000000
80333  43.068  -16.668  50.632 0.0000000000
58754  30.250  -35.580  63.717 0.0000000000
60070  31.320  -34.164  63.826 0.0000000000
57500  31.670  -35.701  63.649 0.0000000000
82590  40.891  -14.248  51.118 0.0000000000
84970  41.968  -12.794  51.057 0.0000000000
83772  41.701  -13.490  50.681 0.0000000000
83771  42.804  -13.522  49.944 0.0000000000
41578  6.584  -48.267  91.749 0.0000000000
76987  36.804  -19.247  55.502 0.0000000000
75821  36.736  -20.090  56.259 0.0000000000
66284  33.379  -27.607  56.164 0.0000000000
66298  34.997  -28.289  55.104 0.0000000000
66282  35.227  -28.850  56.046 0.0000000000
65116  36.822  -29.894  56.601 0.0000000000
66260  35.409  -29.574  56.744 0.0000000000
48958  13.698  -42.712  79.640 0.0000000000
47750  14.195  -44.061  79.526 0.0000000000
47740  13.564  -43.887  80.015 0.0000000000
46505  12.705  -44.763  80.800 0.0000000000
47726  12.122  -43.564  81.515 0.0000000000
55375  25.115  -36.600  68.804 0.0000000000
54311  23.936  -37.821  68.028 0.0000000000
55377  23.484  -37.582  69.174 0.0000000000
49044  21.038  -43.043  74.601 0.0000000000
67245  28.962  -26.518  67.178 0.0000000000
66114  34.372  -29.930  64.632 0.0000000000
69880  33.535  -24.237  57.469 0.0000000000
69851  32.916  -24.024  58.396 0.0000000000
51735  18.086  -40.787  74.543 0.0000000000
49047  18.122  -42.197  75.036 0.0000000000
50331  17.650  -41.497  75.263 0.0000000000
50301  16.441  -40.495  77.823 0.0000000000
50287  16.654  -40.140  79.168 0.0000000000
50288  15.504  -40.816  79.155 0.0000000000
55314  22.653  -36.644  72.722 0.0000000000
53023  19.007  -38.357  75.034 0.0000000000
54178  19.353  -38.454  74.108 0.0000000000
53043  18.121  -40.043  74.225 0.0000000000
51734  18.726  -40.997  74.209 0.0000000000
63715  28.561  -31.692  66.869 0.0000000000
61319  29.309  -32.655  66.733 0.0000000000
61332  33.344  -32.792  64.196 0.0000000000
62602  31.783  -31.934  64.497 0.0000000000
62593  33.829  -31.805  64.756 0.0000000000
63714  34.352  -31.209  65.326 0.0000000000
61316  35.262  -32.140  65.714 0.0000000000
86056  43.833  -10.624  51.762 0.0000000000
88293  46.627  -9.051  50.279 0.0000000000
87205  45.444  -10.298  49.452 0.0000000000
83782  45.530  -13.307  48.937 0.0000000000
84994  45.705  -12.257  48.514 0.0000000000
83781  46.586  -13.453  48.841 0.0000000000
80305  39.016  -16.312  53.426 0.0000000000
79214  39.618  -16.892  52.566 0.0000000000
79201  39.235  -17.619  53.136 0.0000000000
75851  38.152  -20.401  53.022 0.0000000000
75850  39.309  -20.600  52.777 0.0000000000
74603  39.754  -21.641  52.577 0.0000000000
73371  41.548  -22.993  52.718 0.0000000000
72205  40.515  -23.777  52.582 0.0000000000
72193  35.512  -23.317  55.468 0.0000000000
72192  35.903  -23.222  54.675 0.0000000000
71066  35.741  -24.123  54.324 0.0000000000
67404  38.304  -27.643  53.776 0.0000000000
68688  37.595  -26.085  53.240 0.0000000000
68672  38.764  -26.994  53.419 0.0000000000
68685  40.497  -26.557  53.160 0.0000000000
53166  30.599  -40.288  66.799 0.0000000000
53181  31.459  -39.062  66.038 0.0000000000
80276  39.352  -16.080  56.174 0.0000000000
81414  39.671  -14.755  54.154 0.0000000000
81428  39.741  -14.866  52.955 0.0000000000
47771  17.554  -43.883  77.002 0.0000000000
47759  17.322  -44.179  77.792 0.0000000000
45274  12.305  -46.024  82.383 0.0000000000
45254  13.438  -46.124  83.516 0.0000000000
45255  12.201  -46.482  83.758 0.0000000000
44010  11.280  -46.533  84.074 0.0000000000
48859  11.914  -41.853  84.527 0.0000000000
47684  11.375  -42.681  83.814 0.0000000000
47674  10.745  -42.840  84.719 0.0000000000
46471  8.898  -44.256  86.190 0.0000000000
46474  9.472  -43.845  85.350 0.0000000000
45208  8.506  -46.001  86.118 0.0000000000
43988  9.532  -46.904  85.969 0.0000000000
43980  8.484  -46.788  86.775 0.0000000000
42823  8.643  -47.442  87.229 0.0000000000
45179  7.742  -45.691  87.822 0.0000000000
46435  7.291  -43.674  90.732 0.0000000000
45159  7.255  -44.880  89.947 0.0000000000
45151  6.939  -44.935  90.972 0.0000000000
43950  6.899  -46.910  90.980 0.0000000000
45141  6.656  -44.918  91.557 0.0000000000
55393  28.110  -37.169  66.758 0.0000000000
55408  28.922  -37.147  65.752 0.0000000000
55423  27.803  -37.355  65.649 0.0000000000
53197  28.316  -38.430  65.504 0.0000000000
53186  26.948  -38.562  65.843 0.0000000000
51852  25.997  -40.721  68.704 0.0000000000
51866  26.941  -40.462  67.779 0.0000000000
50468  26.435  -41.237  69.286 0.0000000000
53103  21.415  -39.400  70.641 0.0000000000
51838  22.194  -39.813  70.216 0.0000000000
51807  22.438  -41.178  71.260 0.0000000000
50404  24.032  -42.747  72.245 0.0000000000
78117  42.237  -18.887  51.697 0.0000000000
78115  44.324  -19.118  51.145 0.0000000000
77013  43.816  -19.837  51.707 0.0000000000
69795  30.720  -24.815  61.551 0.0000000000
69818  31.190  -25.242  59.760 0.0000000000
68537  30.178  -26.315  61.132 0.0000000000
64932  27.835  -29.482  65.108 0.0000000000
67272  27.799  -28.480  64.643 0.0000000000
64957  28.960  -29.714  63.992 0.0000000000
66157  33.426  -29.584  63.162 0.0000000000
66181  31.181  -29.552  62.119 0.0000000000
66200  32.676  -29.897  61.324 0.0000000000
66211  32.523  -29.659  60.089 0.0000000000
65025  34.317  -30.664  60.656 0.0000000000
65043  35.606  -31.171  60.177 0.0000000000
56425  33.874  -36.795  65.958 0.0000000000
90597  52.225  -7.044  46.398 0.0000000000
88304  47.951  -9.475  48.271 0.0000000000
89465  48.994  -8.900  47.759 0.0000000000
87224  49.039  -9.950  46.815 0.0000000000
87240  50.603  -10.432  45.204 0.0000000000
86131  52.230  -11.123  44.599 0.0000000000
53004  18.058  -38.686  75.880 0.0000000000
51695  17.517  -39.238  76.775 0.0000000000
82601  45.502  -14.646  49.754 0.0000000000
82589  46.654  -15.147  50.868 0.0000000000
81449  45.863  -15.693  50.633 0.0000000000
60032  30.113  -34.031  66.109 0.0000000000
61326  29.787  -33.137  65.686 0.0000000000
60051  30.715  -33.781  64.429 0.0000000000
60050  32.125  -33.498  63.811 0.0000000000
60048  34.336  -34.182  64.604 0.0000000000
83747  43.641  -12.528  54.009 0.0000000000
84951  42.120  -12.276  52.691 0.0000000000
86058  42.519  -11.578  51.957 0.0000000000
87195  43.762  -10.893  50.624 0.0000000000
87206  44.646  -10.905  49.536 0.0000000000
84982  43.812  -12.389  49.524 0.0000000000
83769  45.030  -13.848  49.471 0.0000000000
41592  7.346  -48.717  90.380 0.0000000000
79192  37.729  -17.195  55.068 0.0000000000
79202  38.241  -17.619  53.996 0.0000000000
78096  37.492  -18.061  54.552 0.0000000000
75852  36.937  -20.173  53.747 0.0000000000
74605  37.438  -21.318  53.155 0.0000000000
69936  34.350  -25.485  55.068 0.0000000000
69934  35.660  -25.066  54.166 0.0000000000
67407  35.793  -26.991  54.440 0.0000000000
67388  36.734  -28.091  54.548 0.0000000000
66295  38.360  -28.891  54.971 0.0000000000
66279  38.537  -29.405  55.829 0.0000000000
65098  38.170  -30.038  57.491 0.0000000000
50476  30.205  -41.259  68.659 0.0000000000
48988  15.284  -43.024  77.981 0.0000000000
46573  16.289  -44.417  78.676 0.0000000000
47749  14.711  -44.112  78.868 0.0000000000
46551  14.921  -44.860  79.497 0.0000000000
46504  14.961  -45.310  81.128 0.0000000000
46506  12.264  -45.175  81.481 0.0000000000
46493  11.686  -45.061  81.986 0.0000000000
47659  10.512  -42.273  86.460 0.0000000000
47656  9.078  -42.906  88.081 0.0000000000
46464  8.444  -43.778  87.529 0.0000000000
46457  7.752  -44.466  88.145 0.0000000000
46448  8.480  -43.223  89.375 0.0000000000
46441  7.788  -43.339  89.873 0.0000000000
47642  7.566  -42.800  91.416 0.0000000000
55395  26.228  -37.350  67.334 0.0000000000
54329  26.093  -37.944  66.666 0.0000000000
53170  24.942  -38.310  67.308 0.0000000000
53141  24.770  -39.301  68.127 0.0000000000
51854  24.180  -39.827  68.868 0.0000000000
50407  21.251  -41.764  72.871 0.0000000000
50406  22.329  -41.867  72.400 0.0000000000
50382  22.025  -42.371  73.250 0.0000000000
75831  43.196  -21.516  53.206 0.0000000000
68480  29.381  -26.077  64.240 0.0000000000
66117  31.565  -30.019  63.868 0.0000000000
64979  31.022  -29.493  63.675 0.0000000000
66138  32.395  -29.649  63.630 0.0000000000
66137  33.390  -29.668  63.830 0.0000000000
90586  51.185  -6.823  47.950 0.0000000000
41569  5.888  -48.076  92.322 0.0000000000
72159  36.153  -22.930  57.430 0.0000000000
71049  35.162  -23.494  56.457 0.0000000000
71050  34.359  -24.350  56.002 0.0000000000
69921  33.341  -25.480  55.939 0.0000000000
68643  32.802  -26.056  56.135 0.0000000000
67359  32.324  -26.967  57.177 0.0000000000
49023  20.421  -43.475  75.424 0.0000000000
49002  20.060  -43.715  76.277 0.0000000000
49024  19.289  -43.359  75.418 0.0000000000
49026  17.426  -42.799  76.006 0.0000000000
49005  16.824  -42.763  76.537 0.0000000000
51696  16.971  -39.871  77.458 0.0000000000
50315  16.196  -41.753  77.198 0.0000000000
48987  15.724  -42.486  77.560 0.0000000000
50303  14.968  -41.811  78.235 0.0000000000
50289  14.646  -41.531  79.161 0.0000000000
50257  13.933  -41.126  80.790 0.0000000000
55343  22.950  -37.006  70.391 0.0000000000
55328  22.166  -37.065  71.272 0.0000000000
55329  21.405  -37.699  71.292 0.0000000000
54235  20.206  -38.841  72.103 0.0000000000
54195  20.088  -38.105  73.689 0.0000000000
54213  19.846  -38.661  72.886 0.0000000000
53058  19.888  -39.659  72.621 0.0000000000
51756  19.699  -41.199  73.244 0.0000000000
50357  19.928  -42.433  74.069 0.0000000000
66070  28.893  -28.306  69.504 0.0000000000
67233  28.418  -27.398  67.970 0.0000000000
64866  27.832  -29.656  68.457 0.0000000000
63716  28.022  -30.760  67.080 0.0000000000
63735  29.030  -30.996  64.729 0.0000000000
61335  29.759  -32.605  64.921 0.0000000000
62604  29.613  -31.963  64.994 0.0000000000
64905  31.626  -30.717  64.430 0.0000000000
64903  33.605  -30.705  64.624 0.0000000000
64883  34.593  -30.812  65.465 0.0000000000
89451  47.400  -8.716  50.132 0.0000000000
88296  47.122  -9.307  49.367 0.0000000000
87214  47.021  -10.145  48.654 0.0000000000
87216  45.667  -11.009  48.661 0.0000000000
86093  46.229  -11.428  48.277 0.0000000000
81455  40.217  -15.343  51.257 0.0000000000
80334  42.107  -16.485  50.805 0.0000000000
80318  41.131  -16.916  51.361 0.0000000000
79212  41.444  -17.735  51.528 0.0000000000
77016  41.495  -19.681  52.443 0.0000000000
78105  39.678  -18.660  52.844 0.0000000000
77001  40.987  -19.898  52.705 0.0000000000
75848  41.443  -20.910  52.669 0.0000000000
74601  41.882  -21.832  52.864 0.0000000000
73358  42.682  -22.960  53.196 0.0000000000
74577  36.229  -21.063  55.928 0.0000000000
73376  36.247  -22.360  54.043 0.0000000000
72208  37.252  -23.297  53.078 0.0000000000
69946  36.458  -25.386  53.583 0.0000000000
71078  37.691  -24.342  52.937 0.0000000000
71077  38.805  -24.451  52.872 0.0000000000
71075  40.729  -24.686  52.696 0.0000000000
138371  29.965  -37.987  64.431 0.0000000000
55420  31.933  -37.658  65.126 0.0000000000
54324  32.631  -38.943  66.733 0.0000000000
83733  41.126  -13.585  53.441 0.0000000000
82578  40.163  -14.455  52.389 0.0000000000
48941  13.701  -41.190  81.408 0.0000000000
48899  13.067  -41.313  82.999 0.0000000000
48924  12.498  -42.110  82.251 0.0000000000
47711  11.834  -42.797  82.555 0.0000000000
47712  11.411  -43.994  82.370 0.0000000000
46485  10.676  -44.719  83.300 0.0000000000
47675  10.059  -43.256  85.007 0.0000000000
46478  10.012  -44.226  84.226 0.0000000000
45257  10.418  -45.826  83.867 0.0000000000
44003  10.148  -46.281  84.535 0.0000000000
43987  10.654  -47.197  86.459 0.0000000000
42807  7.686  -47.901  88.949 0.0000000000
45170  7.383  -45.364  88.786 0.0000000000
43956  7.132  -46.518  89.390 0.0000000000
42800  7.196  -47.753  89.931 0.0000000000
42791  6.975  -47.721  90.745 0.0000000000
42792  6.823  -47.629  91.199 0.0000000000
42775  6.361  -47.167  91.820 0.0000000000
46427  6.507  -44.157  92.356 0.0000000000
43922  5.910  -45.633  91.983 0.0000000000
42764  5.943  -46.311  91.816 0.0000000000
58734  29.805  -35.889  63.849 0.0000000000
55421  29.448  -36.672  65.628 0.0000000000
54365  29.493  -36.780  64.049 0.0000000000
54352  29.321  -38.039  64.823 0.0000000000
53183  29.495  -39.057  65.620 0.0000000000
51879  28.863  -40.299  67.157 0.0000000000
51881  26.897  -39.686  66.845 0.0000000000
51880  27.885  -40.088  67.108 0.0000000000
51864  29.137  -40.632  67.956 0.0000000000
54272  22.467  -38.198  69.700 0.0000000000
53121  22.908  -39.360  69.159 0.0000000000
50451  24.350  -41.321  69.780 0.0000000000
50418  23.154  -41.877  71.489 0.0000000000
50432  23.999  -41.874  70.536 0.0000000000
50431  25.204  -42.298  70.708 0.0000000000
79225  43.484  -17.468  50.871 0.0000000000
69831  32.297  -24.157  59.285 0.0000000000
68601  31.420  -26.590  58.280 0.0000000000
66243  32.155  -28.281  57.839 0.0000000000
67246  28.347  -27.535  66.803 0.0000000000
67280  28.767  -26.922  64.030 0.0000000000
68495  29.295  -26.601  63.152 0.0000000000
66160  29.947  -29.160  63.106 0.0000000000
67291  29.577  -28.111  61.942 0.0000000000
68538  29.761  -27.606  61.326 0.0000000000
66212  31.323  -28.816  59.625 0.0000000000
66226  32.124  -29.213  58.775 0.0000000000
66241  34.033  -29.446  57.779 0.0000000000
65085  35.276  -29.991  58.416 0.0000000000
56446  32.857  -36.440  64.464 0.0000000000
57485  34.243  -35.321  64.922 0.0000000000
58675  35.381  -34.886  65.552 0.0000000000
58674  36.037  -34.901  66.276 0.0000000000
60016  35.635  -33.827  66.097 0.0000000000
91690  53.525  -6.312  44.702 0.0000000000
90588  49.849  -7.597  48.370 0.0000000000
89467  50.287  -8.182  46.531 0.0000000000
87233  49.679  -10.475  46.165 0.0000000000
88327  50.044  -9.167  45.739 0.0000000000
89477  50.771  -7.949  45.810 0.0000000000
89491  51.636  -7.986  44.673 0.0000000000
88353  52.702  -8.805  43.276 0.0000000000
81464  42.099  -15.270  50.279 0.0000000000
81451  43.567  -16.079  50.171 0.0000000000
81452  42.591  -15.961  50.396 0.0000000000
57520  30.088  -36.004  63.574 0.0000000000
57518  31.050  -35.434  63.491 0.0000000000
56448  31.125  -36.379  63.690 0.0000000000
82605  41.531  -14.692  50.487 0.0000000000
82604  42.363  -14.457  50.029 0.0000000000
66283  34.160  -28.246  55.975 0.0000000000
50274  13.571  -41.827  80.355 0.0000000000
48959  13.200  -42.664  80.392 0.0000000000
47741  12.983  -43.610  80.706 0.0000000000
48942  12.899  -42.137  81.224 0.0000000000
55376  24.112  -37.221  68.912 0.0000000000
55358  23.714  -36.918  69.742 0.0000000000
49022  21.255  -43.567  75.454 0.0000000000
49021  21.936  -43.502  75.282 0.0000000000
67232  29.074  -26.499  68.309 0.0000000000
51711  17.532  -40.010  75.532 0.0000000000
53042  18.622  -39.501  73.902 0.0000000000
62588  29.067  -32.320  67.460 0.0000000000
62587  29.581  -32.493  68.005 0.0000000000
62601  32.761  -32.072  64.250 0.0000000000
61325  34.644  -32.681  65.314 0.0000000000
87181  44.374  -10.269  51.597 0.0000000000
87171  44.692  -10.310  52.618 0.0000000000
87180  45.096  -9.713  51.866 0.0000000000
87193  45.014  -9.714  50.652 0.0000000000
88294  45.762  -9.353  49.950 0.0000000000
83768  46.018  -14.039  49.402 0.0000000000
83767  46.985  -14.012  49.653 0.0000000000
40454  8.774  -49.405  89.457 0.0000000000
80306  38.682  -16.976  53.711 0.0000000000
74604  38.602  -21.478  52.775 0.0000000000
73372  40.218  -22.720  52.484 0.0000000000
66311  38.672  -28.215  54.199 0.0000000000
67403  39.416  -27.607  53.648 0.0000000000
51878  29.895  -40.498  67.045 0.0000000000
51877  30.721  -40.535  67.298 0.0000000000
80293  38.938  -15.656  54.683 0.0000000000
81415  39.168  -15.490  53.844 0.0000000000
47673  11.366  -42.526  84.316 0.0000000000
46472  8.176  -45.205  86.508 0.0000000000
45192  8.132  -45.893  86.993 0.0000000000
55394  27.229  -37.194  67.017 0.0000000000
55372  27.824  -37.254  67.557 0.0000000000
55410  27.518  -37.193  66.172 0.0000000000
55424  27.265  -37.399  65.867 0.0000000000
54354  27.176  -37.790  65.630 0.0000000000
54342  26.572  -38.097  66.074 0.0000000000
51835  25.028  -40.913  69.313 0.0000000000
50449  26.202  -41.694  69.969 0.0000000000
53081  20.754  -39.398  71.241 0.0000000000
51827  21.301  -39.943  70.946 0.0000000000
51808  21.367  -40.517  71.550 0.0000000000
77014  42.897  -19.575  52.085 0.0000000000
75866  43.294  -20.344  52.409 0.0000000000
68494  30.075  -25.393  63.462 0.0000000000
69779  30.802  -24.579  62.682 0.0000000000
64958  28.185  -29.518  64.467 0.0000000000
66179  33.549  -29.934  62.210 0.0000000000
66180  32.427  -29.643  62.200 0.0000000000
66199  33.626  -30.318  60.962 0.0000000000
66198  34.382  -30.560  61.200 0.0000000000
65024  34.920  -31.005  61.032 0.0000000000
90592  52.205  -6.768  47.138 0.0000000000
88312  48.144  -9.942  47.503 0.0000000000
88311  48.721  -9.400  47.518 0.0000000000
87225  48.619  -10.565  46.967 0.0000000000
53003  19.171  -37.809  76.323 0.0000000000
52990  18.401  -38.247  77.148 0.0000000000
82602  44.511  -14.519  49.778 0.0000000000
81460  45.768  -15.164  49.998 0.0000000000
81461  45.095  -15.250  50.039 0.0000000000
80331  45.167  -16.875  50.788 0.0000000000
58731  32.370  -34.992  63.801 0.0000000000
60069  32.251  -34.290  63.763 0.0000000000
60068  32.861  -34.548  63.867 0.0000000000
60049  33.394  -34.036  64.011 0.0000000000
84936  42.342  -12.509  53.484 0.0000000000
84959  42.204  -12.301  51.458 0.0000000000
86072  42.726  -11.817  50.885 0.0000000000
86057  43.323  -11.045  51.511 0.0000000000
86071  43.417  -11.491  50.366 0.0000000000
86084  43.810  -11.879  49.633 0.0000000000
84968  43.360  -12.537  49.976 0.0000000000
82603  43.426  -14.453  49.802 0.0000000000
83770  43.912  -13.573  49.482 0.0000000000
79181  37.553  -17.695  56.073 0.0000000000
79193  37.336  -17.964  55.280 0.0000000000
75832  36.547  -19.930  54.922 0.0000000000
76994  36.984  -19.306  54.540 0.0000000000
75853  36.479  -20.640  53.957 0.0000000000
68658  34.115  -26.183  55.184 0.0000000000
68677  34.679  -25.919  54.936 0.0000000000
68657  34.709  -26.539  54.981 0.0000000000
66297  35.952  -28.743  55.078 0.0000000000
67389  35.837  -27.806  54.711 0.0000000000
67387  37.742  -28.288  54.337 0.0000000000
66280  37.502  -29.579  55.752 0.0000000000
65115  37.859  -29.834  56.580 0.0000000000
65083  37.361  -30.500  58.607 0.0000000000
79180  37.954  -16.905  56.034 0.0000000000
47761  15.365  -43.992  78.348 0.0000000000
45291  14.531  -45.514  81.316 0.0000000000
45312  13.842  -45.409  80.730 0.0000000000
46456  8.428  -43.523  88.588 0.0000000000
47645  7.881  -42.686  90.592 0.0000000000
55374  26.121  -36.932  68.553 0.0000000000
54330  25.361  -37.776  67.170 0.0000000000
53155  23.835  -38.534  68.281 0.0000000000
53154  24.395  -38.595  67.817 0.0000000000
53142  24.181  -39.255  68.483 0.0000000000
53120  23.711  -39.599  68.899 0.0000000000
50408  20.594  -41.796  73.084 0.0000000000
50383  21.061  -42.318  73.494 0.0000000000
68479  30.215  -25.169  64.554 0.0000000000
68466  29.479  -25.859  65.301 0.0000000000
66116  32.423  -30.175  63.940 0.0000000000
66115  33.495  -29.897  64.222 0.0000000000
66113  35.238  -30.041  64.978 0.0000000000
66136  34.379  -29.716  64.077 0.0000000000
42766  5.477  -46.975  92.515 0.0000000000
71048  35.623  -22.992  57.171 0.0000000000
71027  33.923  -24.292  56.760 0.0000000000
71051  33.667  -24.858  56.104 0.0000000000
69903  32.797  -25.190  57.059 0.0000000000
68626  32.558  -26.241  56.623 0.0000000000
67358  32.660  -27.021  56.601 0.0000000000
68627  32.291  -26.124  57.105 0.0000000000
49045  19.700  -42.898  74.696 0.0000000000
49025  18.036  -42.822  75.481 0.0000000000
50273  14.267  -41.458  80.000 0.0000000000
50256  14.736  -40.678  80.957 0.0000000000
55327  23.469  -36.517  71.664 0.0000000000
55298  21.773  -36.783  72.862 0.0000000000
55315  21.504  -37.150  72.071 0.0000000000
54234  20.809  -38.080  71.661 0.0000000000
54196  19.287  -38.925  73.348 0.0000000000
54214  19.554  -39.315  72.983 0.0000000000
51782  20.235  -40.958  72.741 0.0000000000
51783  19.566  -40.801  73.194 0.0000000000
50358  18.958  -41.829  74.257 0.0000000000
50385  19.461  -41.837  73.821 0.0000000000
64865  28.516  -29.592  69.236 0.0000000000
63724  28.365  -31.253  65.672 0.0000000000
62605  29.170  -31.458  65.076 0.0000000000
61327  29.533  -32.655  65.971 0.0000000000
63732  31.479  -31.495  64.589 0.0000000000
62603  30.593  -32.002  64.525 0.0000000000
63733  31.108  -31.143  64.618 0.0000000000
63722  31.848  -30.868  64.483 0.0000000000
64884  34.041  -31.018  64.990 0.0000000000
84948  44.384  -11.810  53.867 0.0000000000
89445  47.929  -8.011  51.683 0.0000000000
89446  47.397  -8.401  51.209 0.0000000000
88297  46.415  -9.477  49.543 0.0000000000
88292  47.071  -9.089  49.964 0.0000000000
87203  46.733  -9.732  49.176 0.0000000000
86083  44.464  -11.615  49.299 0.0000000000
86082  45.150  -11.295  49.024 0.0000000000
83794  46.616  -12.770  48.397 0.0000000000
84993  46.172  -12.194  48.311 0.0000000000
84992  47.030  -12.159  48.082 0.0000000000
86092  46.845  -11.027  47.957 0.0000000000
80336  40.420  -15.812  51.298 0.0000000000
80319  40.312  -16.657  51.690 0.0000000000
79213  40.130  -17.923  52.310 0.0000000000
78118  41.102  -19.006  52.148 0.0000000000
78106  38.615  -18.565  53.358 0.0000000000
77002  39.967  -19.780  52.781 0.0000000000
73359  42.179  -23.478  52.964 0.0000000000
73360  36.055  -21.931  55.156 0.0000000000
73375  36.840  -22.274  53.261 0.0000000000
68689  36.839  -25.985  53.366 0.0000000000
68687  38.551  -26.235  53.134 0.0000000000
69944  38.171  -25.324  52.906 0.0000000000
71076  39.842  -24.600  52.779 0.0000000000
138376  30.252  -38.419  64.937 0.0000000000
53164  32.381  -39.620  67.063 0.0000000000
53180  32.262  -38.989  66.579 0.0000000000
82561  41.379  -13.815  54.240 0.0000000000
82546  40.828  -14.184  54.373 0.0000000000
81441  39.547  -15.430  52.592 0.0000000000
82591  40.273  -14.776  51.468 0.0000000000
49003  18.931  -43.753  76.205 0.0000000000
47769  19.685  -44.037  77.137 0.0000000000
45272  14.498  -45.691  82.313 0.0000000000
48922  14.366  -40.482  81.826 0.0000000000
48878  12.441  -41.434  83.780 0.0000000000
48877  13.335  -40.492  83.841 0.0000000000
47698  11.435  -42.887  83.208 0.0000000000
47699  10.918  -43.805  83.139 0.0000000000
47713  11.058  -44.446  82.830 0.0000000000
46477  10.549  -43.944  83.611 0.0000000000
47665  9.864  -43.313  86.025 0.0000000000
47664  10.563  -42.641  85.539 0.0000000000
46475  9.293  -44.732  85.025 0.0000000000
46479  9.635  -45.120  84.489 0.0000000000
45238  10.026  -45.484  84.150 0.0000000000
45239  9.773  -45.698  84.494 0.0000000000
44004  9.703  -46.016  84.687 0.0000000000
42815  8.466  -47.969  87.963 0.0000000000
41613  8.661  -48.813  88.892 0.0000000000
43942  6.769  -46.397  91.299 0.0000000000
42783  6.596  -47.396  91.593 0.0000000000
43933  6.439  -46.159  91.489 0.0000000000
46423  6.523  -44.018  92.695 0.0000000000
45123  6.250  -44.643  92.587 0.0000000000
45124  5.976  -44.940  92.518 0.0000000000
43923  5.799  -45.632  92.126 0.0000000000
43924  5.533  -45.918  92.423 0.0000000000
58713  30.169  -36.000  64.864 0.0000000000
55435  29.555  -36.533  64.574 0.0000000000
53185  27.617  -38.930  65.953 0.0000000000
53184  28.473  -39.066  65.888 0.0000000000
51892  28.676  -39.707  66.427 0.0000000000
51891  29.467  -39.956  66.449 0.0000000000
53152  25.890  -39.110  67.226 0.0000000000
53168  26.392  -38.818  66.605 0.0000000000
51882  26.276  -39.370  67.113 0.0000000000
51851  27.091  -41.000  68.655 0.0000000000
51865  28.067  -40.636  68.028 0.0000000000
50478  28.554  -40.928  68.591 0.0000000000
50477  29.281  -41.110  68.660 0.0000000000
50466  28.296  -41.452  69.312 0.0000000000
55359  23.083  -37.517  69.567 0.0000000000
51837  22.637  -40.122  69.886 0.0000000000
51836  23.803  -40.482  69.349 0.0000000000
51824  23.768  -41.311  69.956 0.0000000000
50419  22.504  -41.518  71.801 0.0000000000
50405  23.412  -42.550  72.339 0.0000000000
49090  24.352  -42.889  72.136 0.0000000000
50417  24.286  -42.545  71.594 0.0000000000
50416  25.036  -42.656  71.365 0.0000000000
79226  42.462  -17.190  51.149 0.0000000000
69816  32.641  -23.865  60.230 0.0000000000
69817  31.638  -24.476  59.977 0.0000000000
68579  30.920  -26.453  58.837 0.0000000000
69833  31.175  -25.541  59.161 0.0000000000
67342  31.535  -27.141  58.190 0.0000000000
66244  31.589  -27.622  58.153 0.0000000000
66080  27.732  -28.445  67.696 0.0000000000
67271  28.211  -27.721  64.492 0.0000000000
68496  29.229  -27.558  62.689 0.0000000000
66159  31.059  -29.450  63.166 0.0000000000
66202  30.401  -29.120  61.296 0.0000000000
66182  29.893  -29.180  62.173 0.0000000000
67303  29.896  -28.492  61.376 0.0000000000
67302  30.257  -28.070  60.399 0.0000000000
66210  33.411  -30.034  59.864 0.0000000000
66225  33.038  -29.806  59.050 0.0000000000
66242  33.287  -29.287  58.026 0.0000000000
65087  33.556  -29.809  58.620 0.0000000000
65086  34.207  -29.815  58.302 0.0000000000
65068  34.560  -30.385  59.174 0.0000000000
65066  36.437  -30.821  59.418 0.0000000000
56436  32.545  -36.968  64.627 0.0000000000
56435  33.302  -36.954  65.020 0.0000000000
56424  34.766  -36.716  66.046 0.0000000000
57472  33.843  -36.317  65.319 0.0000000000
57471  34.533  -35.840  65.424 0.0000000000
58689  34.665  -34.825  64.991 0.0000000000
60015  36.300  -34.059  66.624 0.0000000000
60001  36.110  -33.330  66.674 0.0000000000
91691  52.900  -6.665  45.362 0.0000000000
90638  52.576  -7.511  43.804 0.0000000000
89458  49.202  -8.026  48.649 0.0000000000
90595  50.061  -7.590  47.811 0.0000000000
89468  49.883  -8.534  46.724 0.0000000000
87241  50.038  -9.596  45.690 0.0000000000
88326  50.482  -8.936  45.447 0.0000000000
88325  50.967  -8.717  45.133 0.0000000000
89476  51.169  -8.217  45.240 0.0000000000
88338  51.249  -8.946  44.706 0.0000000000
80332  44.075  -16.852  50.453 0.0000000000
58753  30.682  -35.224  63.589 0.0000000000
58732  31.346  -34.866  63.575 0.0000000000
57499  32.682  -35.770  64.047 0.0000000000
83758  40.991  -13.294  51.811 0.0000000000
84952  41.488  -12.798  52.251 0.0000000000
41586  6.842  -48.614  91.566 0.0000000000
78089  37.129  -18.498  55.819 0.0000000000
76980  37.130  -19.277  56.403 0.0000000000
75822  36.210  -20.476  55.282 0.0000000000
67375  33.785  -27.440  55.531 0.0000000000
66299  34.421  -27.730  55.250 0.0000000000
66281  36.271  -29.468  56.032 0.0000000000
66259  35.975  -29.732  56.674 0.0000000000
65100  35.992  -29.944  57.313 0.0000000000
48957  14.192  -42.292  79.231 0.0000000000
48974  14.180  -43.237  79.078 0.0000000000
46525  13.451  -44.769  80.358 0.0000000000
47648  9.107  -42.474  89.746 0.0000000000
55397  24.578  -37.336  68.218 0.0000000000
54312  23.526  -38.028  68.615 0.0000000000
66094  34.502  -30.095  64.904 0.0000000000
69850  34.414  -23.669  58.584 0.0000000000
50359  18.282  -41.788  74.751 0.0000000000
51712  17.199  -40.646  76.290 0.0000000000
51683  17.135  -39.690  78.631 0.0000000000
51757  19.202  -40.945  73.736 0.0000000000
51758  18.469  -40.489  74.044 0.0000000000
63707  28.786  -31.091  68.502 0.0000000000
62580  29.369  -32.014  68.226 0.0000000000
62595  28.933  -32.342  66.210 0.0000000000
61333  31.800  -32.726  64.104 0.0000000000
62594  32.909  -31.507  64.319 0.0000000000
63720  33.590  -31.139  64.657 0.0000000000
62586  34.828  -31.734  65.581 0.0000000000
62585  35.547  -31.765  66.085 0.0000000000
86044  43.930  -10.871  52.747 0.0000000000
89447  46.912  -8.731  50.838 0.0000000000
88289  45.767  -9.302  51.047 0.0000000000
88298  45.960  -9.677  49.454 0.0000000000
84979  45.932  -12.761  48.541 0.0000000000
83780  47.716  -13.685  49.164 0.0000000000
80320  39.503  -16.015  52.473 0.0000000000
79200  39.717  -18.066  52.738 0.0000000000
77003  38.940  -19.569  53.036 0.0000000000
74602  40.880  -21.800  52.704 0.0000000000
72178  35.841  -22.663  56.419 0.0000000000
71079  36.495  -24.233  53.596 0.0000000000
67405  37.329  -27.559  53.874 0.0000000000
68674  37.001  -26.746  53.527 0.0000000000
68673  37.920  -26.882  53.524 0.0000000000
68686  39.589  -26.586  53.032 0.0000000000
53182  30.397  -39.840  66.226 0.0000000000
53165  31.203  -39.980  66.789 0.0000000000
80292  39.956  -15.145  55.446 0.0000000000
82547  40.376  -14.356  54.274 0.0000000000
81429  39.400  -15.469  53.218 0.0000000000
47758  18.361  -44.106  77.960 0.0000000000
45237  12.791  -46.655  85.061 0.0000000000
44002  11.018  -46.567  84.749 0.0000000000
48858  12.502  -40.825  84.651 0.0000000000
48901  11.864  -42.440  83.360 0.0000000000
48879  11.884  -42.352  83.775 0.0000000000
46470  9.417  -43.771  85.887 0.0000000000
45207  9.043  -45.674  85.420 0.0000000000
43989  8.797  -46.885  86.270 0.0000000000
43970  8.131  -46.803  87.497 0.0000000000
43941  7.132  -46.052  90.978 0.0000000000
43917  5.528  -45.104  92.967 0.0000000000
54353  28.107  -37.801  65.318 0.0000000000
53198  27.583  -38.292  65.589 0.0000000000
51894  27.319  -39.362  66.346 0.0000000000
51868  25.201  -39.551  68.031 0.0000000000
50467  27.193  -41.497  69.327 0.0000000000
54274  21.530  -38.727  70.505 0.0000000000
54273  21.944  -38.535  70.256 0.0000000000
51826  22.043  -40.214  70.680 0.0000000000
49073  23.300  -42.821  72.947 0.0000000000
49072  24.062  -43.011  72.812 0.0000000000
78116  43.342  -18.948  51.546 0.0000000000
69794  31.703  -23.876  61.923 0.0000000000
69803  31.720  -24.258  60.906 0.0000000000
69804  30.842  -25.087  60.473 0.0000000000
68560  30.561  -26.245  59.782 0.0000000000
64907  27.552  -29.304  65.520 0.0000000000
66118  27.715  -28.193  65.592 0.0000000000
66141  27.740  -29.061  64.615 0.0000000000
66140  28.136  -28.878  63.897 0.0000000000
66161  28.954  -29.186  63.043 0.0000000000
65045  34.000  -30.543  59.954 0.0000000000
65044  34.701  -31.027  59.991 0.0000000000
55390  33.777  -37.730  66.469 0.0000000000
56410  34.222  -37.055  66.684 0.0000000000
56409  35.249  -36.942  66.791 0.0000000000
90609  52.319  -7.162  45.620 0.0000000000
89460  48.138  -9.046  48.511 0.0000000000
89459  48.611  -8.823  48.293 0.0000000000
88303  48.448  -9.262  48.052 0.0000000000
88310  49.296  -9.413  46.782 0.0000000000
87239  51.239  -10.906  44.865 0.0000000000
87250  51.528  -10.267  44.527 0.0000000000
53022  20.165  -37.434  75.683 0.0000000000
80330  46.423  -16.852  51.117 0.0000000000
60018  30.141  -34.091  67.291 0.0000000000
84950  42.984  -11.904  53.252 0.0000000000
86046  42.675  -11.755  52.634 0.0000000000
87182  43.916  -10.620  51.157 0.0000000000
86070  43.988  -11.119  49.876 0.0000000000
84981  44.275  -12.342  49.261 0.0000000000
83784  43.951  -12.796  49.402 0.0000000000
83783  44.617  -13.055  49.171 0.0000000000
40441  8.172  -49.730  90.631 0.0000000000
78107  37.776  -18.574  53.864 0.0000000000
78097  37.069  -18.584  54.982 0.0000000000
77005  37.343  -19.206  53.886 0.0000000000
73374  37.891  -22.388  52.821 0.0000000000
71068  34.368  -24.834  55.145 0.0000000000
69935  34.787  -25.225  54.696 0.0000000000
68676  35.285  -26.194  54.581 0.0000000000
67390  35.046  -27.277  54.888 0.0000000000
67406  36.457  -27.293  54.090 0.0000000000
66278  39.026  -29.268  55.934 0.0000000000
65114  38.980  -29.654  56.407 0.0000000000
65097  39.251  -29.970  57.403 0.0000000000
51862  30.927  -40.857  67.948 0.0000000000
50475  31.128  -41.392  68.523 0.0000000000
80277  38.412  -16.439  55.434 0.0000000000
47760  16.203  -43.759  77.859 0.0000000000
45292  13.414  -45.603  81.403 0.0000000000
45313  13.308  -45.251  80.722 0.0000000000
45293  12.860  -45.747  81.889 0.0000000000
46494  11.284  -45.265  82.602 0.0000000000
47660  9.836  -42.674  86.805 0.0000000000
47661  9.201  -43.112  87.106 0.0000000000
46440  8.433  -42.919  89.738 0.0000000000
53169  25.623  -38.487  67.047 0.0000000000
53153  25.236  -39.038  67.599 0.0000000000
54331  24.617  -37.783  67.590 0.0000000000
51853  24.935  -39.920  68.669 0.0000000000
51781  21.357  -41.134  72.326 0.0000000000
49059  21.777  -42.709  73.991 0.0000000000
49058  22.950  -42.916  73.672 0.0000000000
75847  42.569  -20.974  52.818 0.0000000000
64929  31.201  -30.348  64.279 0.0000000000
64956  30.173  -29.727  64.130 0.0000000000
64955  31.001  -29.729  63.939 0.0000000000
66139  31.564  -29.696  63.701 0.0000000000
66156  34.536  -29.965  63.194 0.0000000000
90593  51.407  -7.032  47.298 0.0000000000
41568  6.262  -48.128  92.111 0.0000000000
72177  37.065  -22.393  57.335 0.0000000000
72179  35.349  -23.387  55.829 0.0000000000
69920  33.835  -25.296  55.463 0.0000000000
68659  33.390  -26.119  55.546 0.0000000000
69902  33.226  -25.100  56.586 0.0000000000
67376  33.148  -26.891  55.777 0.0000000000
66262  33.152  -28.256  56.959 0.0000000000
49004  17.812  -43.552  76.216 0.0000000000
50314  16.671  -41.231  76.800 0.0000000000
49006  16.283  -42.753  77.128 0.0000000000
47773  16.164  -43.165  77.385 0.0000000000
50258  13.413  -41.570  80.909 0.0000000000
55342  24.229  -36.520  70.821 0.0000000000
54252  21.681  -37.998  70.729 0.0000000000
54253  21.119  -38.517  70.878 0.0000000000
53082  20.499  -40.048  72.045 0.0000000000
50384  19.966  -41.931  73.353 0.0000000000
50356  20.644  -42.526  73.917 0.0000000000
67224  28.631  -27.375  68.926 0.0000000000
66071  28.272  -28.423  68.707 0.0000000000
64885  27.474  -29.663  67.316 0.0000000000
63708  27.876  -30.395  67.946 0.0000000000
64906  27.661  -29.870  65.933 0.0000000000
64931  28.415  -30.272  64.807 0.0000000000
63734  29.966  -31.053  64.604 0.0000000000
64928  32.000  -30.377  64.125 0.0000000000
66096  33.095  -30.462  64.178 0.0000000000
64902  34.546  -30.456  65.223 0.0000000000
89450  48.078  -8.032  50.701 0.0000000000
89452  46.995  -8.881  50.433 0.0000000000
89456  47.844  -8.780  48.911 0.0000000000
87226  47.703  -10.566  47.690 0.0000000000
87215  46.228  -10.615  48.633 0.0000000000
86094  45.642  -11.734  48.533 0.0000000000
86103  47.567  -11.624  47.625 0.0000000000
81454  40.884  -15.317  50.872 0.0000000000
81453  41.712  -15.802  50.605 0.0000000000
80335  41.165  -16.281  51.109 0.0000000000
79227  41.678  -16.907  51.242 0.0000000000
77015  42.007  -19.618  52.184 0.0000000000
78104  40.440  -19.190  52.662 0.0000000000
77000  41.852  -20.185  52.590 0.0000000000
74600  42.651  -21.964  53.083 0.0000000000
73370  42.215  -22.425  52.924 0.0000000000
74589  35.978  -21.035  54.891 0.0000000000
74606  36.388  -21.272  53.935 0.0000000000
69945  37.159  -25.254  53.112 0.0000000000
72207  38.354  -23.440  52.755 0.0000000000
72206  39.464  -23.600  52.582 0.0000000000
69942  40.385  -25.628  52.973 0.0000000000
69941  41.006  -25.248  52.872 0.0000000000
71074  41.447  -24.783  52.788 0.0000000000
55434  30.444  -37.318  63.989 0.0000000000
54341  32.617  -38.511  66.217 0.0000000000
54340  33.258  -38.156  66.372 0.0000000000
83732  41.766  -13.234  53.788 0.0000000000
82562  40.461  -14.157  53.579 0.0000000000
83750  40.716  -13.730  52.663 0.0000000000
83759  40.494  -14.043  51.860 0.0000000000
47757  19.260  -44.204  77.940 0.0000000000
46572  17.126  -44.508  78.582 0.0000000000
48940  14.205  -40.830  81.259 0.0000000000
48923  13.502  -41.280  82.153 0.0000000000
47697  11.835  -42.508  83.109 0.0000000000
45256  10.824  -46.080  83.282 0.0000000000
47686  10.390  -43.352  84.454 0.0000000000
46486  10.315  -45.268  83.691 0.0000000000
44011  10.635  -46.295  84.073 0.0000000000
43996  10.573  -46.779  85.514 0.0000000000
43997  9.636  -46.339  85.079 0.0000000000
42822  9.266  -47.898  87.419 0.0000000000
41602  7.969  -48.981  89.676 0.0000000000
46426  6.691  -43.829  92.292 0.0000000000
45131  6.565  -44.443  91.857 0.0000000000
45132  6.411  -44.798  91.953 0.0000000000
42776  6.258  -47.774  92.082 0.0000000000
42765  5.995  -47.019  92.144 0.0000000000
58755  29.986  -35.789  63.684 0.0000000000
57502  29.834  -36.265  63.739 0.0000000000
138369  29.734  -38.314  64.838 0.0000000000
138370  29.688  -38.458  65.033 0.0000000000
53196  28.900  -38.639  65.459 0.0000000000
53167  26.971  -39.169  66.212 0.0000000000
54295  23.088  -38.266  69.086 0.0000000000
53122  22.122  -39.309  69.852 0.0000000000
51780  22.011  -41.223  71.903 0.0000000000
51806  23.023  -41.440  71.051 0.0000000000
50433  23.329  -41.587  70.906 0.0000000000
50450  25.148  -41.581  69.968 0.0000000000
50430  26.208  -42.483  70.538 0.0000000000
79210  43.914  -18.270  51.115 0.0000000000
79209  44.790  -18.509  50.746 0.0000000000
75865  44.294  -20.547  52.304 0.0000000000
69830  33.607  -23.593  59.450 0.0000000000
69852  31.787  -24.871  58.536 0.0000000000
70985  31.454  -25.252  58.859 0.0000000000
68600  31.740  -25.863  57.883 0.0000000000
67341  31.838  -27.057  57.664 0.0000000000
66263  32.430  -27.553  57.257 0.0000000000
67258  28.786  -26.568  66.050 0.0000000000
67259  28.088  -27.544  65.624 0.0000000000
67270  28.611  -26.644  64.944 0.0000000000
64981  29.662  -29.417  63.605 0.0000000000
66183  29.504  -28.998  62.705 0.0000000000
67292  29.332  -28.458  62.582 0.0000000000
68517  29.409  -27.802  62.313 0.0000000000
68516  29.537  -27.062  62.094 0.0000000000
66227  31.464  -28.182  58.655 0.0000000000
65102  34.365  -29.502  57.702 0.0000000000
65084  36.228  -30.553  58.336 0.0000000000
65067  35.450  -30.702  59.238 0.0000000000
56447  31.946  -36.675  64.078 0.0000000000
57486  33.630  -35.800  64.704 0.0000000000
58710  34.002  -34.854  64.487 0.0000000000
60029  34.961  -33.845  65.226 0.0000000000
57459  36.135  -35.851  66.737 0.0000000000
61324  35.281  -33.215  65.678 0.0000000000
61315  35.645  -32.646  66.157 0.0000000000
90579  50.471  -7.331  48.972 0.0000000000
90587  50.536  -7.246  48.203 0.0000000000
90594  50.506  -7.554  47.394 0.0000000000
90599  50.919  -7.443  46.835 0.0000000000
87232  50.345  -11.006  45.599 0.0000000000
88319  49.743  -8.964  46.166 0.0000000000
90611  50.959  -7.555  46.322 0.0000000000
90610  51.536  -7.505  45.893 0.0000000000
90625  51.791  -7.600  45.200 0.0000000000
88337  52.132  -9.421  43.881 0.0000000000
89490  52.062  -8.235  43.932 0.0000000000
44012  10.304  -45.970  84.145 0.0000000000
53102  21.902  -39.580  70.347 0.0000000000
53123  21.715  -39.140  70.264 0.0000000000
56457  30.522  -36.289  63.591 0.0000000000
57501  31.037  -35.885  63.520 0.0000000000
57519  30.590  -35.699  63.557 0.0000000000
63723  28.625  -31.872  66.065 0.0000000000
64904  32.296  -30.610  64.264 0.0000000000
64980  30.473  -29.440  63.644 0.0000000000
65101  34.931  -29.629  57.611 0.0000000000
65117  36.255  -29.821  56.638 0.0000000000
65130  39.267  -29.323  55.905 0.0000000000
66098  27.392  -29.121  65.760 0.0000000000
66119  27.500  -28.756  65.292 0.0000000000
67260  27.793  -28.073  65.116 0.0000000000
67327  31.294  -27.257  58.571 0.0000000000
67391  34.270  -27.031  55.152 0.0000000000
68644  32.702  -25.735  56.696 0.0000000000
69832  31.547  -24.836  59.303 0.0000000000
69853  31.317  -25.725  58.547 0.0000000000
69933  40.809  -26.117  53.309 0.0000000000
70969  31.534  -24.920  59.168 0.0000000000
70970  31.446  -25.144  59.098 0.0000000000
70984  31.548  -25.000  58.932 0.0000000000
72191  41.859  -23.990  52.914 0.0000000000
78108  37.302  -18.717  54.331 0.0000000000
83748  41.989  -12.732  53.422 0.0000000000
84960  41.634  -12.710  51.608 0.0000000000
86132  51.604  -11.031  44.770 0.0000000000
88318  50.070  -8.626  45.983 0.0000000000
88339  50.872  -9.168  45.034 0.0000000000
89463  50.162  -8.076  47.145 0.0000000000
