#!ascii label  , from subject 3083 vox2ras=TkReg
1082
113681  45.062  14.864  37.659 0.0000000000
120622  50.807  22.611  39.478 0.0000000000
116382  51.158  17.627  44.468 0.0000000000
112695  40.428  13.325  40.640 0.0000000000
114555  43.697  15.649  44.283 0.0000000000
118933  47.650  21.264  35.763 0.0000000000
122334  44.696  25.276  42.780 0.0000000000
125278  48.380  28.213  43.057 0.0000000000
117210  49.744  17.943  50.466 0.0000000000
112649  54.715  13.750  47.703 0.0000000000
117345  51.157  18.139  36.266 0.0000000000
114632  49.621  15.380  39.516 0.0000000000
118838  51.188  20.894  41.411 0.0000000000
120480  49.772  22.808  48.276 0.0000000000
127376  49.118  31.180  42.046 0.0000000000
123174  50.219  25.028  36.744 0.0000000000
115446  49.001  15.896  46.140 0.0000000000
113671  42.399  14.144  39.261 0.0000000000
112683  41.916  13.852  41.899 0.0000000000
114622  44.326  14.739  40.191 0.0000000000
117328  47.176  17.964  38.710 0.0000000000
115530  43.624  16.456  39.911 0.0000000000
124523  45.602  27.803  45.557 0.0000000000
117175  49.581  18.418  53.668 0.0000000000
115404  52.060  16.146  51.577 0.0000000000
114430  50.205  15.595  54.933 0.0000000000
128155  50.028  32.277  38.047 0.0000000000
118900  52.505  20.786  37.393 0.0000000000
117323  52.578  19.096  38.461 0.0000000000
120604  53.342  22.448  40.914 0.0000000000
121390  47.011  23.503  48.225 0.0000000000
123088  51.401  24.801  47.380 0.0000000000
123022  49.449  25.386  50.139 0.0000000000
121355  48.041  23.750  51.158 0.0000000000
122369  47.713  25.216  39.679 0.0000000000
124603  48.729  27.329  39.522 0.0000000000
121534  50.133  23.129  37.956 0.0000000000
119721  51.221  21.247  35.854 0.0000000000
115512  51.123  16.425  41.557 0.0000000000
115498  49.371  16.123  43.144 0.0000000000
114551  51.986  15.325  44.357 0.0000000000
113588  42.107  14.866  45.253 0.0000000000
114534  43.696  15.634  46.735 0.0000000000
122419  49.237  24.927  34.056 0.0000000000
119726  46.619  22.120  35.478 0.0000000000
121495  47.388  23.452  41.385 0.0000000000
121471  50.895  23.357  42.541 0.0000000000
126662  42.643  30.506  44.428 0.0000000000
126670  46.837  29.982  43.089 0.0000000000
123844  46.051  26.965  42.126 0.0000000000
117245  50.486  18.012  47.556 0.0000000000
115461  54.232  16.100  45.626 0.0000000000
116360  53.333  16.765  48.987 0.0000000000
112620  54.543  13.441  50.092 0.0000000000
115560  48.309  16.385  37.629 0.0000000000
114634  47.333  15.399  38.925 0.0000000000
115558  50.451  16.274  37.802 0.0000000000
116421  49.762  17.506  40.270 0.0000000000
118041  49.283  19.586  43.267 0.0000000000
121453  52.441  23.551  43.736 0.0000000000
119628  50.471  21.743  44.888 0.0000000000
118026  48.694  19.685  46.058 0.0000000000
118006  47.447  19.815  48.892 0.0000000000
118746  47.617  20.388  52.399 0.0000000000
127408  47.460  31.427  40.543 0.0000000000
126724  50.575  30.693  38.888 0.0000000000
125298  51.142  28.858  40.220 0.0000000000
124653  50.903  27.455  36.861 0.0000000000
120693  49.968  22.653  34.695 0.0000000000
118917  49.361  19.655  36.496 0.0000000000
115501  46.561  16.347  42.225 0.0000000000
115458  46.478  16.389  45.064 0.0000000000
114505  46.472  15.392  48.333 0.0000000000
114511  52.132  15.212  46.739 0.0000000000
113669  43.595  14.358  38.733 0.0000000000
113643  43.143  14.200  39.857 0.0000000000
113655  44.133  14.370  38.659 0.0000000000
115548  45.774  16.220  38.231 0.0000000000
116422  45.251  17.513  39.756 0.0000000000
114638  44.104  15.393  38.610 0.0000000000
114639  42.996  15.305  39.267 0.0000000000
117943  49.069  19.038  55.353 0.0000000000
116298  49.763  17.130  53.858 0.0000000000
116280  49.150  17.248  56.079 0.0000000000
112645  42.746  13.440  48.716 0.0000000000
120637  51.686  22.529  38.531 0.0000000000
119687  53.509  21.412  39.119 0.0000000000
120620  52.714  22.479  39.771 0.0000000000
121373  46.294  23.923  49.389 0.0000000000
122247  48.394  25.067  49.404 0.0000000000
121524  48.636  23.915  39.456 0.0000000000
121536  48.662  24.238  38.935 0.0000000000
120639  49.848  23.027  38.632 0.0000000000
120652  51.566  22.222  37.471 0.0000000000
116404  51.633  17.077  42.829 0.0000000000
114583  51.986  15.374  42.522 0.0000000000
115480  52.946  16.352  44.062 0.0000000000
111707  39.589  13.051  41.607 0.0000000000
111697  40.197  13.042  42.320 0.0000000000
113601  43.184  14.719  42.798 0.0000000000
113603  41.822  14.241  43.548 0.0000000000
114556  42.889  15.355  44.815 0.0000000000
114546  42.802  15.412  45.964 0.0000000000
114545  43.747  15.766  45.479 0.0000000000
119737  48.210  21.909  34.584 0.0000000000
120696  47.704  23.112  34.693 0.0000000000
119725  47.311  21.685  35.371 0.0000000000
113646  39.950  14.350  40.058 0.0000000000
113647  39.311  14.265  40.523 0.0000000000
122332  45.957  24.094  41.997 0.0000000000
121474  47.413  22.982  42.217 0.0000000000
121476  45.490  23.873  42.547 0.0000000000
124561  44.893  27.149  43.682 0.0000000000
124560  45.790  27.368  43.684 0.0000000000
123845  45.444  26.398  42.476 0.0000000000
123130  46.248  25.566  41.339 0.0000000000
117228  49.716  18.148  49.341 0.0000000000
116362  52.111  17.466  48.479 0.0000000000
117226  51.323  17.673  49.688 0.0000000000
114441  52.332  14.981  52.822 0.0000000000
114470  53.116  15.187  51.386 0.0000000000
112613  53.107  13.468  51.946 0.0000000000
116463  49.326  17.050  37.317 0.0000000000
115559  49.397  16.185  37.321 0.0000000000
116474  50.621  17.102  36.814 0.0000000000
118869  51.722  20.183  39.550 0.0000000000
117308  50.818  18.966  39.131 0.0000000000
118066  49.610  19.548  40.881 0.0000000000
117288  49.346  18.557  41.104 0.0000000000
118054  49.346  19.610  42.020 0.0000000000
121456  49.838  23.374  43.540 0.0000000000
121470  52.000  23.658  42.706 0.0000000000
121443  51.190  24.247  44.868 0.0000000000
121386  50.695  23.647  48.263 0.0000000000
121414  52.010  23.366  46.642 0.0000000000
120505  49.952  22.211  46.761 0.0000000000
119630  49.297  21.301  45.633 0.0000000000
119607  48.821  21.541  47.302 0.0000000000
118012  48.262  19.277  47.733 0.0000000000
119604  47.965  21.742  48.449 0.0000000000
121313  47.431  23.986  52.670 0.0000000000
120435  47.473  22.871  51.593 0.0000000000
127389  48.238  31.816  41.562 0.0000000000
127406  49.350  31.483  40.129 0.0000000000
126696  49.875  31.089  40.728 0.0000000000
125963  47.863  29.092  44.540 0.0000000000
125983  47.845  30.085  43.248 0.0000000000
125267  49.582  28.796  43.308 0.0000000000
123895  49.346  26.152  38.163 0.0000000000
125300  49.989  28.553  39.932 0.0000000000
124639  50.365  27.347  37.756 0.0000000000
124638  51.101  27.944  37.913 0.0000000000
123913  50.276  26.232  36.955 0.0000000000
122408  50.321  24.462  35.242 0.0000000000
122401  50.505  24.348  36.040 0.0000000000
118929  51.416  20.329  36.109 0.0000000000
118930  50.622  20.220  35.639 0.0000000000
118125  50.121  19.091  35.989 0.0000000000
117339  49.189  18.054  37.487 0.0000000000
114633  48.568  15.416  39.126 0.0000000000
115527  46.953  16.157  40.459 0.0000000000
115513  48.437  16.222  40.959 0.0000000000
115465  48.942  16.350  44.645 0.0000000000
115466  48.032  16.492  44.468 0.0000000000
115448  47.731  16.215  46.060 0.0000000000
114532  46.252  16.061  46.670 0.0000000000
114516  47.808  15.793  47.584 0.0000000000
113572  54.459  14.591  47.280 0.0000000000
113581  53.745  14.962  46.092 0.0000000000
113573  53.774  14.438  47.310 0.0000000000
112703  41.277  13.533  40.080 0.0000000000
112684  41.283  13.520  41.653 0.0000000000
113644  42.463  13.833  40.421 0.0000000000
113616  43.123  14.585  41.821 0.0000000000
114590  43.844  15.092  42.147 0.0000000000
118902  47.645  20.159  37.679 0.0000000000
114624  41.512  15.013  39.954 0.0000000000
117194  49.530  18.041  51.661 0.0000000000
116337  50.948  17.462  50.979 0.0000000000
116309  50.022  17.517  52.746 0.0000000000
115382  50.761  16.037  53.486 0.0000000000
118115  52.295  19.282  36.744 0.0000000000
116472  52.510  17.988  37.191 0.0000000000
118108  53.279  19.685  38.139 0.0000000000
118085  53.274  20.361  39.618 0.0000000000
119673  52.621  21.339  40.982 0.0000000000
121419  48.346  23.310  46.460 0.0000000000
122309  50.553  24.393  46.069 0.0000000000
121404  48.965  24.436  47.936 0.0000000000
123072  50.254  25.475  48.738 0.0000000000
122245  50.037  24.610  49.683 0.0000000000
120457  48.463  23.306  49.986 0.0000000000
122217  48.915  25.079  50.775 0.0000000000
122181  47.856  25.465  52.175 0.0000000000
122173  46.756  24.872  53.249 0.0000000000
128108  47.810  32.596  42.317 0.0000000000
123853  47.094  27.154  41.020 0.0000000000
124582  48.578  28.344  41.345 0.0000000000
124604  47.945  26.855  39.707 0.0000000000
123163  48.734  25.639  38.584 0.0000000000
122392  49.744  24.584  37.353 0.0000000000
121560  50.635  23.579  36.173 0.0000000000
120653  50.880  22.844  37.320 0.0000000000
119711  51.613  21.306  36.669 0.0000000000
114616  51.062  15.150  40.955 0.0000000000
114602  49.261  15.897  41.309 0.0000000000
114600  51.250  14.959  41.595 0.0000000000
114567  51.210  15.443  43.621 0.0000000000
114553  50.302  15.756  45.037 0.0000000000
111637  54.215  12.525  48.698 0.0000000000
112628  53.123  13.324  49.061 0.0000000000
112659  40.555  13.550  45.601 0.0000000000
112675  41.456  13.740  42.712 0.0000000000
112661  41.112  13.928  44.394 0.0000000000
112658  40.913  13.904  46.391 0.0000000000
113578  41.464  14.117  47.425 0.0000000000
113577  42.242  14.443  47.672 0.0000000000
114508  43.805  14.726  48.432 0.0000000000
122430  48.447  25.176  33.987 0.0000000000
121583  47.261  23.399  35.347 0.0000000000
121510  49.202  22.897  40.475 0.0000000000
121492  50.721  22.954  41.414 0.0000000000
121493  49.410  22.855  41.432 0.0000000000
121457  48.787  23.003  43.395 0.0000000000
120540  48.175  22.900  44.474 0.0000000000
121420  47.564  22.964  46.127 0.0000000000
120494  46.614  22.828  47.232 0.0000000000
125977  44.569  29.812  43.783 0.0000000000
125964  47.041  29.172  44.406 0.0000000000
124540  47.748  28.328  44.924 0.0000000000
124572  46.689  27.460  42.793 0.0000000000
123139  46.706  25.943  40.702 0.0000000000
122356  47.424  24.719  40.217 0.0000000000
117254  51.173  17.796  45.802 0.0000000000
116380  52.786  17.098  44.734 0.0000000000
116370  52.778  17.066  46.727 0.0000000000
115444  54.008  16.726  46.933 0.0000000000
114498  54.725  15.212  48.234 0.0000000000
116335  52.645  16.464  50.322 0.0000000000
114487  54.110  15.138  50.166 0.0000000000
112626  55.076  13.463  49.004 0.0000000000
115562  46.347  15.910  37.836 0.0000000000
113666  46.238  14.865  37.848 0.0000000000
113664  47.678  15.394  37.873 0.0000000000
114647  48.109  15.239  38.168 0.0000000000
114645  50.066  15.633  38.988 0.0000000000
116443  51.314  17.985  38.193 0.0000000000
116429  50.233  16.721  38.996 0.0000000000
115535  50.399  16.100  39.493 0.0000000000
116420  50.223  16.938  40.664 0.0000000000
116406  49.957  17.656  42.024 0.0000000000
117267  50.172  18.087  43.481 0.0000000000
121507  52.552  23.242  41.135 0.0000000000
120590  53.292  22.553  41.815 0.0000000000
119636  52.532  21.927  42.997 0.0000000000
122306  52.260  24.172  45.820 0.0000000000
120538  51.621  22.308  44.551 0.0000000000
119638  50.790  21.462  43.212 0.0000000000
118808  49.326  20.558  44.410 0.0000000000
118033  49.148  19.499  44.397 0.0000000000
117256  49.709  18.597  45.277 0.0000000000
117251  49.607  18.579  46.308 0.0000000000
117240  48.606  18.690  48.137 0.0000000000
117212  47.781  18.670  49.965 0.0000000000
119585  47.437  21.980  50.167 0.0000000000
117985  47.415  19.478  50.870 0.0000000000
117984  47.839  19.047  51.488 0.0000000000
117968  48.600  19.492  53.385 0.0000000000
127424  48.636  31.809  39.251 0.0000000000
127440  50.222  31.656  38.342 0.0000000000
126025  50.554  29.286  36.688 0.0000000000
125287  50.195  28.848  41.708 0.0000000000
126694  51.292  29.930  41.161 0.0000000000
125994  51.279  29.538  39.612 0.0000000000
125317  51.379  28.735  37.762 0.0000000000
125353  50.657  28.317  36.185 0.0000000000
123198  50.453  25.428  35.120 0.0000000000
121579  49.770  23.625  34.656 0.0000000000
119736  49.227  21.695  34.566 0.0000000000
120680  50.598  22.575  35.412 0.0000000000
119723  49.627  21.207  35.010 0.0000000000
118918  48.603  20.275  36.717 0.0000000000
118110  48.642  18.793  37.826 0.0000000000
116447  47.388  17.242  38.368 0.0000000000
114621  45.163  15.292  39.961 0.0000000000
114604  45.015  15.493  41.282 0.0000000000
115486  44.928  16.192  42.904 0.0000000000
115500  47.746  16.381  42.429 0.0000000000
115484  46.847  16.424  43.278 0.0000000000
114544  44.535  16.143  44.759 0.0000000000
114533  44.972  16.091  46.235 0.0000000000
114519  44.594  15.607  47.595 0.0000000000
114549  53.575  15.609  44.799 0.0000000000
114540  51.870  15.355  45.301 0.0000000000
114527  50.706  15.610  46.490 0.0000000000
113559  52.463  14.262  48.490 0.0000000000
114502  49.381  15.518  48.166 0.0000000000
114405  49.782  15.778  56.253 0.0000000000
113466  50.534  14.639  55.588 0.0000000000
113668  44.495  14.639  38.179 0.0000000000
115549  45.234  15.580  37.890 0.0000000000
115538  44.766  16.043  38.537 0.0000000000
114637  44.488  15.473  38.298 0.0000000000
114652  43.752  14.819  38.444 0.0000000000
117157  49.230  18.160  55.720 0.0000000000
120621  51.880  22.633  39.582 0.0000000000
121523  49.294  23.178  39.458 0.0000000000
120623  50.085  22.753  39.140 0.0000000000
116393  51.732  17.180  43.679 0.0000000000
116403  52.190  16.864  43.044 0.0000000000
116392  52.335  16.793  43.818 0.0000000000
111714  39.794  13.068  40.918 0.0000000000
111706  40.148  13.115  41.839 0.0000000000
111713  40.118  13.044  41.209 0.0000000000
113594  43.133  14.932  43.810 0.0000000000
119724  47.989  21.350  35.147 0.0000000000
112705  39.991  13.790  39.975 0.0000000000
113660  39.765  13.962  40.011 0.0000000000
112696  39.598  13.554  40.507 0.0000000000
112686  39.284  13.121  41.059 0.0000000000
122333  45.292  24.668  42.382 0.0000000000
123128  44.806  25.935  42.838 0.0000000000
123846  45.001  26.370  42.953 0.0000000000
123127  45.289  25.570  42.363 0.0000000000
122343  45.734  25.280  41.857 0.0000000000
117227  50.747  17.833  49.390 0.0000000000
117209  50.770  17.749  50.288 0.0000000000
113508  52.749  14.426  52.529 0.0000000000
116475  49.920  16.833  36.891 0.0000000000
118855  50.990  20.166  40.168 0.0000000000
118856  50.538  19.945  40.312 0.0000000000
118839  50.320  20.175  40.697 0.0000000000
118823  49.966  20.449  41.704 0.0000000000
121444  50.063  23.605  44.706 0.0000000000
120479  50.326  22.854  47.765 0.0000000000
120492  49.670  22.321  47.422 0.0000000000
119606  49.457  21.753  46.788 0.0000000000
120493  49.114  22.228  47.915 0.0000000000
119608  48.218  21.441  47.791 0.0000000000
120481  48.840  22.446  48.584 0.0000000000
121301  47.132  24.236  53.163 0.0000000000
127388  49.202  31.353  41.079 0.0000000000
125268  48.683  28.385  43.893 0.0000000000
125962  48.546  29.120  44.276 0.0000000000
125277  49.056  28.472  42.863 0.0000000000
123175  49.704  25.563  37.383 0.0000000000
124640  49.852  26.650  37.753 0.0000000000
123914  49.765  26.165  37.519 0.0000000000
123185  50.500  25.289  36.000 0.0000000000
118124  51.072  19.218  35.918 0.0000000000
117350  50.552  18.463  36.245 0.0000000000
117346  50.065  17.888  36.649 0.0000000000
114618  48.871  15.586  40.188 0.0000000000
115455  49.187  16.027  45.553 0.0000000000
115456  48.289  16.296  45.356 0.0000000000
115447  48.548  16.062  46.117 0.0000000000
114531  47.253  16.028  46.798 0.0000000000
114530  48.172  16.032  46.827 0.0000000000
112650  54.331  13.990  47.580 0.0000000000
112702  41.851  13.470  40.297 0.0000000000
113657  42.333  13.858  39.617 0.0000000000
113629  43.794  14.518  40.261 0.0000000000
113630  43.247  14.411  40.857 0.0000000000
114606  43.610  14.758  41.465 0.0000000000
114605  44.153  15.070  40.986 0.0000000000
118885  47.412  19.504  38.388 0.0000000000
118886  46.710  19.968  38.519 0.0000000000
118103  46.671  18.819  39.069 0.0000000000
116423  44.823  17.341  39.843 0.0000000000
117298  45.132  17.689  40.020 0.0000000000
114654  42.626  14.197  38.947 0.0000000000
114640  42.276  14.487  39.187 0.0000000000
113658  41.355  14.083  39.632 0.0000000000
117185  49.604  18.194  52.628 0.0000000000
115372  49.901  16.181  54.636 0.0000000000
116297  50.184  16.527  53.495 0.0000000000
115371  50.370  16.014  54.110 0.0000000000
114428  51.414  15.287  54.096 0.0000000000
114429  50.756  15.511  54.469 0.0000000000
128158  48.299  32.247  38.384 0.0000000000
128172  48.099  32.758  37.875 0.0000000000
118915  52.444  20.066  37.297 0.0000000000
118114  52.758  19.456  37.514 0.0000000000
118899  53.005  20.456  37.834 0.0000000000
120619  53.331  22.124  39.920 0.0000000000
118882  53.541  20.661  39.300 0.0000000000
119680  53.499  21.486  40.009 0.0000000000
118853  52.980  20.931  40.478 0.0000000000
119672  53.240  21.615  40.874 0.0000000000
121405  48.278  23.748  47.549 0.0000000000
123051  49.145  25.486  49.755 0.0000000000
123073  49.767  25.517  49.243 0.0000000000
123050  49.948  25.553  49.511 0.0000000000
122215  50.280  25.085  49.651 0.0000000000
122216  49.750  24.977  50.244 0.0000000000
123023  48.558  25.610  50.843 0.0000000000
123002  48.007  26.011  51.774 0.0000000000
123738  47.602  26.144  52.272 0.0000000000
122988  47.065  25.380  52.924 0.0000000000
123732  46.456  25.958  53.073 0.0000000000
123862  47.370  26.475  40.227 0.0000000000
124592  47.876  27.488  40.403 0.0000000000
123151  47.732  25.872  39.628 0.0000000000
121535  49.297  23.781  38.389 0.0000000000
122381  48.675  24.719  38.545 0.0000000000
122380  49.243  24.447  37.946 0.0000000000
123162  49.156  25.166  37.923 0.0000000000
121548  49.578  24.088  37.702 0.0000000000
121547  50.218  23.656  37.271 0.0000000000
119699  52.143  21.428  37.322 0.0000000000
118916  52.040  20.411  36.790 0.0000000000
115523  51.186  15.813  41.140 0.0000000000
114615  51.502  15.372  41.477 0.0000000000
114566  52.037  15.388  43.420 0.0000000000
114584  51.362  15.159  42.401 0.0000000000
114568  50.360  15.706  44.150 0.0000000000
114552  51.107  15.499  44.650 0.0000000000
111660  40.046  12.839  44.887 0.0000000000
112662  40.670  13.557  44.453 0.0000000000
113596  41.536  14.299  44.512 0.0000000000
113590  40.842  13.886  45.113 0.0000000000
113589  41.275  14.254  45.613 0.0000000000
113584  41.408  14.344  46.816 0.0000000000
114535  42.850  15.065  47.054 0.0000000000
114521  42.907  14.787  47.598 0.0000000000
113568  43.178  14.351  48.436 0.0000000000
114520  43.507  15.075  47.834 0.0000000000
123210  49.816  25.600  34.473 0.0000000000
121591  48.642  24.552  33.912 0.0000000000
119739  47.209  22.662  35.170 0.0000000000
120697  47.376  23.151  35.166 0.0000000000
119727  46.208  22.269  35.950 0.0000000000
121511  48.319  23.502  40.410 0.0000000000
121494  48.326  23.005  41.363 0.0000000000
121473  48.420  22.859  42.452 0.0000000000
120555  48.144  22.801  44.086 0.0000000000
120524  47.124  22.869  45.589 0.0000000000
120506  46.988  22.899  46.469 0.0000000000
126673  43.644  30.543  43.612 0.0000000000
125965  46.177  29.316  44.520 0.0000000000
125956  46.834  29.069  45.342 0.0000000000
125955  47.308  28.961  44.937 0.0000000000
124573  45.770  27.098  42.805 0.0000000000
124559  46.918  27.715  44.038 0.0000000000
124584  46.755  27.304  41.800 0.0000000000
123854  46.393  26.484  41.423 0.0000000000
121513  46.791  24.447  40.830 0.0000000000
121512  47.391  23.985  40.677 0.0000000000
116372  51.136  17.744  46.950 0.0000000000
116371  51.956  17.565  46.658 0.0000000000
116361  52.845  17.089  48.617 0.0000000000
116365  52.658  17.002  47.678 0.0000000000
115437  53.477  16.673  48.351 0.0000000000
115439  54.407  15.830  47.938 0.0000000000
115436  53.873  16.088  48.722 0.0000000000
116316  51.597  16.642  51.501 0.0000000000
116336  51.937  16.962  50.743 0.0000000000
115424  52.440  16.226  50.841 0.0000000000
113536  54.103  14.257  50.633 0.0000000000
114488  53.536  15.330  50.693 0.0000000000
113535  54.627  14.261  49.671 0.0000000000
111620  54.652  12.773  49.584 0.0000000000
111621  54.025  12.642  50.356 0.0000000000
115561  47.237  16.126  37.808 0.0000000000
114666  46.760  15.694  37.822 0.0000000000
114665  47.571  15.803  37.694 0.0000000000
114678  49.928  15.919  37.206 0.0000000000
114663  49.435  15.527  37.684 0.0000000000
114646  49.421  15.378  38.529 0.0000000000
114662  50.213  15.528  38.105 0.0000000000
117338  52.384  18.458  37.931 0.0000000000
116461  51.829  17.792  37.643 0.0000000000
117324  51.748  18.646  38.324 0.0000000000
117309  50.310  18.527  39.227 0.0000000000
116445  50.241  17.884  38.811 0.0000000000
116430  49.926  17.597  39.253 0.0000000000
115536  50.117  16.873  39.598 0.0000000000
115525  50.218  16.605  40.081 0.0000000000
117280  49.443  18.531  42.255 0.0000000000
117279  49.879  18.031  42.728 0.0000000000
117268  49.512  18.713  43.421 0.0000000000
120592  51.612  23.069  41.006 0.0000000000
121491  51.896  23.371  41.442 0.0000000000
121454  51.976  24.116  43.990 0.0000000000
121469  52.753  23.660  42.777 0.0000000000
121468  53.212  23.155  42.704 0.0000000000
120571  53.119  22.428  42.700 0.0000000000
120552  53.001  22.618  43.237 0.0000000000
122297  51.145  24.846  46.978 0.0000000000
122307  51.764  24.553  45.812 0.0000000000
122296  51.756  24.602  46.728 0.0000000000
120503  51.526  22.763  46.205 0.0000000000
120521  51.794  22.769  45.563 0.0000000000
120539  50.996  22.021  44.764 0.0000000000
119632  51.482  21.798  43.852 0.0000000000
119633  50.828  21.681  44.179 0.0000000000
119639  50.346  21.325  43.666 0.0000000000
119634  50.004  21.314  44.196 0.0000000000
118803  48.626  20.479  45.843 0.0000000000
118030  48.825  19.941  45.233 0.0000000000
118029  49.177  19.218  45.220 0.0000000000
118025  49.195  19.028  45.882 0.0000000000
117252  48.921  19.154  46.504 0.0000000000
117241  47.945  19.312  48.347 0.0000000000
117230  47.872  18.994  49.037 0.0000000000
117229  48.709  18.494  49.172 0.0000000000
120458  47.769  22.984  50.550 0.0000000000
120474  48.008  22.584  49.749 0.0000000000
119567  47.389  21.560  52.352 0.0000000000
118747  47.185  20.542  51.545 0.0000000000
117976  47.533  19.715  51.787 0.0000000000
117975  48.044  19.337  52.380 0.0000000000
127409  46.452  31.282  40.629 0.0000000000
127410  45.648  31.423  40.929 0.0000000000
126697  46.168  31.070  40.340 0.0000000000
127425  47.573  31.400  39.485 0.0000000000
127405  50.168  31.268  40.026 0.0000000000
127422  50.240  31.363  39.210 0.0000000000
126738  50.475  30.553  38.026 0.0000000000
124591  48.870  28.250  40.632 0.0000000000
125288  49.088  28.511  41.643 0.0000000000
125295  49.217  28.515  40.932 0.0000000000
125299  50.535  28.500  39.744 0.0000000000
125293  50.780  28.633  40.847 0.0000000000
125292  51.286  28.868  41.086 0.0000000000
125991  51.396  29.414  40.665 0.0000000000
126708  51.262  30.068  40.410 0.0000000000
125304  51.169  28.576  39.156 0.0000000000
125333  51.312  28.319  37.684 0.0000000000
124652  51.294  27.991  37.391 0.0000000000
125334  51.204  28.482  37.144 0.0000000000
124665  50.616  27.313  35.638 0.0000000000
123927  50.627  26.338  35.899 0.0000000000
120694  49.099  22.726  34.324 0.0000000000
120666  50.952  22.902  36.363 0.0000000000
120679  51.092  22.088  35.753 0.0000000000
119722  50.443  21.342  35.335 0.0000000000
118931  49.502  20.379  35.583 0.0000000000
118901  48.409  19.700  37.507 0.0000000000
118118  49.011  19.572  37.234 0.0000000000
116464  48.641  17.238  37.710 0.0000000000
116446  48.144  17.299  38.117 0.0000000000
115546  47.715  16.666  38.058 0.0000000000
115547  46.813  16.484  38.185 0.0000000000
114648  46.791  15.139  38.266 0.0000000000
114636  45.348  14.768  38.656 0.0000000000
114635  46.158  15.213  38.889 0.0000000000
115515  46.262  16.229  41.211 0.0000000000
115528  46.013  15.738  40.487 0.0000000000
115502  45.419  15.897  41.985 0.0000000000
115485  45.810  16.388  43.055 0.0000000000
114586  49.471  15.882  42.334 0.0000000000
114587  48.699  16.195  42.105 0.0000000000
115499  48.650  16.334  42.859 0.0000000000
115467  47.099  16.428  44.279 0.0000000000
115468  46.136  16.476  44.102 0.0000000000
115459  45.524  16.349  44.986 0.0000000000
115450  45.994  16.220  45.791 0.0000000000
114518  45.744  15.729  47.497 0.0000000000
114506  45.438  15.238  48.367 0.0000000000
114507  44.440  14.983  48.420 0.0000000000
115462  53.819  16.367  45.159 0.0000000000
115479  53.440  16.167  44.543 0.0000000000
114548  54.098  15.701  45.225 0.0000000000
113582  53.314  14.882  46.680 0.0000000000
114524  53.222  15.203  45.554 0.0000000000
114526  51.651  15.457  46.251 0.0000000000
114512  51.449  15.299  47.297 0.0000000000
112629  52.127  13.227  49.444 0.0000000000
113544  52.368  13.758  49.142 0.0000000000
113545  51.620  14.124  49.251 0.0000000000
113670  42.843  13.966  38.892 0.0000000000
113656  43.353  13.941  39.061 0.0000000000
113642  44.066  14.451  39.486 0.0000000000
116448  46.375  17.117  38.668 0.0000000000
117310  46.107  17.911  39.364 0.0000000000
116432  45.482  17.083  39.228 0.0000000000
116433  44.450  16.712  39.467 0.0000000000
115539  43.846  16.129  39.498 0.0000000000
115540  43.345  15.844  39.612 0.0000000000
114653  42.957  14.440  38.762 0.0000000000
117959  49.156  19.260  54.512 0.0000000000
117168  49.549  18.305  54.750 0.0000000000
116289  49.570  17.280  55.132 0.0000000000
115363  49.567  16.420  55.675 0.0000000000
120651  52.227  22.113  37.923 0.0000000000
119698  52.737  21.454  37.984 0.0000000000
120636  52.566  22.230  38.748 0.0000000000
120635  53.147  22.036  39.205 0.0000000000
121372  47.258  24.346  49.149 0.0000000000
121389  48.246  24.522  48.608 0.0000000000
123052  48.030  25.522  50.357 0.0000000000
122368  48.204  24.631  39.450 0.0000000000
120638  50.695  22.662  38.349 0.0000000000
115497  51.520  16.666  42.186 0.0000000000
115511  51.777  16.058  41.767 0.0000000000
115496  52.066  16.536  42.438 0.0000000000
115495  52.489  16.268  42.937 0.0000000000
114565  52.663  15.766  43.609 0.0000000000
113617  42.420  14.333  42.326 0.0000000000
113618  42.017  14.178  42.846 0.0000000000
113602  42.519  14.466  43.274 0.0000000000
113595  42.389  14.611  44.233 0.0000000000
113583  42.053  14.826  46.414 0.0000000000
121580  49.052  23.812  33.915 0.0000000000
121581  48.200  23.789  34.194 0.0000000000
120695  48.263  22.914  34.311 0.0000000000
119738  47.547  22.373  34.893 0.0000000000
119713  46.370  21.574  36.081 0.0000000000
114626  39.761  14.599  40.464 0.0000000000
112697  38.698  13.834  40.760 0.0000000000
112687  38.706  13.358  41.052 0.0000000000
121496  46.611  23.944  41.387 0.0000000000
121475  46.367  23.454  42.364 0.0000000000
124543  44.977  27.554  44.513 0.0000000000
123835  45.233  26.817  43.168 0.0000000000
123855  45.878  26.460  41.937 0.0000000000
123131  45.778  25.951  41.850 0.0000000000
122342  46.209  24.715  41.512 0.0000000000
117238  50.567  17.933  48.455 0.0000000000
116367  51.281  17.693  47.618 0.0000000000
116363  51.397  17.660  48.439 0.0000000000
116353  51.539  17.647  49.094 0.0000000000
116352  52.060  17.474  49.519 0.0000000000
114454  52.138  15.490  52.306 0.0000000000
114471  52.509  15.504  51.696 0.0000000000
114453  52.640  15.035  52.109 0.0000000000
113523  53.386  14.286  51.642 0.0000000000
112621  53.811  13.498  50.992 0.0000000000
115576  50.062  16.396  36.991 0.0000000000
115575  50.316  16.378  37.242 0.0000000000
118099  51.858  19.727  38.923 0.0000000000
118100  51.260  19.097  38.860 0.0000000000
118088  51.104  19.647  39.506 0.0000000000
118077  50.418  19.479  40.048 0.0000000000
117297  49.709  18.540  40.088 0.0000000000
121455  51.077  23.622  43.753 0.0000000000
122324  52.069  24.181  44.354 0.0000000000
123070  51.259  24.955  47.987 0.0000000000
122285  52.009  23.851  47.120 0.0000000000
121402  51.451  23.720  47.458 0.0000000000
121416  50.793  22.801  46.979 0.0000000000
120504  50.645  22.411  46.399 0.0000000000
119629  49.631  21.330  45.096 0.0000000000
119618  49.754  21.714  46.084 0.0000000000
119619  48.937  21.259  46.190 0.0000000000
118793  48.404  20.604  46.723 0.0000000000
118021  48.359  19.680  47.067 0.0000000000
118022  48.099  20.460  47.419 0.0000000000
118784  47.723  20.985  47.850 0.0000000000
118780  47.355  20.876  48.750 0.0000000000
121329  47.838  24.015  51.868 0.0000000000
120423  47.494  22.918  52.582 0.0000000000
128124  46.892  32.780  41.746 0.0000000000
127390  47.185  31.969  41.350 0.0000000000
127407  48.446  31.537  40.339 0.0000000000
126709  50.791  30.555  39.750 0.0000000000
125974  47.433  29.647  43.535 0.0000000000
125972  49.255  29.155  43.899 0.0000000000
124621  48.982  26.651  38.824 0.0000000000
124602  49.722  28.220  39.662 0.0000000000
124620  49.613  27.251  38.593 0.0000000000
124601  50.302  28.295  39.401 0.0000000000
124619  50.563  28.103  38.866 0.0000000000
121571  50.362  23.536  35.316 0.0000000000
118117  49.458  18.853  37.100 0.0000000000
114620  46.554  15.606  39.742 0.0000000000
114619  47.729  15.842  39.742 0.0000000000
115526  47.925  16.161  40.491 0.0000000000
115514  47.445  16.319  41.362 0.0000000000
115481  49.610  16.142  43.896 0.0000000000
115482  48.754  16.460  43.744 0.0000000000
115457  47.389  16.370  45.206 0.0000000000
115449  46.832  16.180  45.936 0.0000000000
114517  46.820  15.805  47.586 0.0000000000
114523  54.390  15.443  46.601 0.0000000000
113586  54.096  15.352  45.342 0.0000000000
113580  54.151  15.188  45.984 0.0000000000
113574  52.675  14.834  47.321 0.0000000000
112704  40.452  13.641  39.978 0.0000000000
112694  41.212  13.459  40.798 0.0000000000
112693  41.873  13.637  41.028 0.0000000000
113631  42.485  14.106  41.356 0.0000000000
114570  43.747  15.365  43.232 0.0000000000
118919  47.474  20.870  36.619 0.0000000000
118090  46.005  18.429  39.499 0.0000000000
114623  42.356  15.684  40.172 0.0000000000
113645  40.619  14.413  39.899 0.0000000000
113659  40.278  14.011  39.744 0.0000000000
124524  44.552  27.748  45.448 0.0000000000
123826  44.205  26.955  44.003 0.0000000000
116338  50.239  17.713  51.031 0.0000000000
116318  50.278  17.720  51.827 0.0000000000
116317  50.938  16.971  51.856 0.0000000000
115405  51.400  16.366  51.910 0.0000000000
116308  50.360  16.702  52.927 0.0000000000
115392  51.527  15.870  52.358 0.0000000000
114442  51.598  15.376  53.264 0.0000000000
113494  52.210  14.527  53.706 0.0000000000
118116  51.757  18.843  36.230 0.0000000000
117344  52.278  18.172  36.486 0.0000000000
117343  52.599  18.641  37.145 0.0000000000
117337  52.943  18.782  37.905 0.0000000000
117336  53.208  19.411  38.365 0.0000000000
118898  53.451  20.536  38.567 0.0000000000
118107  53.353  19.931  38.733 0.0000000000
118098  52.810  19.748  39.227 0.0000000000
118868  52.713  20.336  39.857 0.0000000000
118854  52.054  20.869  40.648 0.0000000000
118837  51.785  21.084  41.154 0.0000000000
121430  50.302  24.142  45.817 0.0000000000
121418  49.417  24.107  46.772 0.0000000000
122299  49.776  24.454  46.961 0.0000000000
122288  50.446  25.008  47.914 0.0000000000
121388  48.844  24.640  48.440 0.0000000000
122272  49.772  25.482  48.427 0.0000000000
123071  50.804  25.262  48.425 0.0000000000
122243  50.860  24.701  48.527 0.0000000000
121368  50.235  23.865  48.780 0.0000000000
120472  49.499  23.019  48.922 0.0000000000
120473  48.865  22.984  49.397 0.0000000000
121370  49.052  23.730  49.811 0.0000000000
121354  48.735  24.146  50.462 0.0000000000
121328  48.442  24.492  51.226 0.0000000000
122198  48.318  25.157  51.605 0.0000000000
122199  47.758  24.737  52.206 0.0000000000
122172  47.110  24.736  53.092 0.0000000000
128107  48.128  32.375  42.275 0.0000000000
124583  47.835  28.130  41.796 0.0000000000
125289  48.598  28.367  42.370 0.0000000000
123877  48.363  26.290  39.200 0.0000000000
123150  48.189  25.382  39.139 0.0000000000
123896  48.872  26.172  38.704 0.0000000000
122391  50.278  24.225  36.728 0.0000000000
120665  51.360  22.156  36.494 0.0000000000
118123  51.713  19.604  36.317 0.0000000000
114631  50.285  15.558  40.013 0.0000000000
114617  50.034  15.316  40.542 0.0000000000
114601  50.470  15.324  41.667 0.0000000000
114585  50.279  15.629  43.004 0.0000000000
113615  51.773  15.018  42.115 0.0000000000
115464  49.710  16.038  44.767 0.0000000000
114542  49.997  15.782  45.830 0.0000000000
112639  54.733  13.346  48.380 0.0000000000
112640  53.981  13.425  48.267 0.0000000000
112627  53.681  12.832  48.818 0.0000000000
111655  39.899  12.886  46.046 0.0000000000
112685  40.624  13.279  41.370 0.0000000000
112676  40.641  13.284  42.274 0.0000000000
112665  40.720  13.333  43.300 0.0000000000
112664  41.212  13.847  43.812 0.0000000000
112656  40.441  13.417  46.720 0.0000000000
112655  40.997  13.845  47.152 0.0000000000
113569  42.526  14.077  48.385 0.0000000000
121593  47.837  24.508  34.398 0.0000000000
119712  47.032  21.353  36.120 0.0000000000
118920  46.362  21.129  36.764 0.0000000000
121522  49.884  22.704  39.803 0.0000000000
121509  50.204  22.752  40.504 0.0000000000
121472  49.667  23.102  42.447 0.0000000000
121445  48.672  23.068  44.557 0.0000000000
121432  47.978  22.985  45.459 0.0000000000
121406  47.526  23.025  47.068 0.0000000000
125976  45.545  29.733  43.688 0.0000000000
125975  46.511  29.601  43.622 0.0000000000
124539  48.034  28.420  44.694 0.0000000000
125269  48.211  28.086  43.729 0.0000000000
124542  46.209  27.600  44.872 0.0000000000
124541  47.164  27.888  45.058 0.0000000000
124558  47.906  27.997  44.322 0.0000000000
124571  47.681  27.915  43.330 0.0000000000
123863  46.867  26.511  40.825 0.0000000000
123138  47.230  25.548  40.159 0.0000000000
122357  46.674  25.125  40.708 0.0000000000
122355  48.048  24.184  40.092 0.0000000000
116377  51.380  17.689  45.158 0.0000000000
116381  51.931  17.326  44.550 0.0000000000
116376  51.947  17.521  45.562 0.0000000000
116375  52.756  17.232  45.773 0.0000000000
116374  53.401  16.854  45.883 0.0000000000
116366  52.060  17.476  47.596 0.0000000000
115445  53.241  16.795  47.084 0.0000000000
115452  54.352  16.129  46.301 0.0000000000
115443  54.419  16.039  47.140 0.0000000000
114510  54.614  15.261  47.464 0.0000000000
113556  55.169  14.045  47.687 0.0000000000
117208  51.433  17.527  50.233 0.0000000000
116351  52.802  16.899  49.675 0.0000000000
115423  53.061  15.836  50.544 0.0000000000
115422  53.577  15.551  50.305 0.0000000000
115429  53.576  15.837  49.761 0.0000000000
114492  54.604  15.110  48.850 0.0000000000
113543  55.000  14.427  48.670 0.0000000000
112638  55.218  13.718  48.183 0.0000000000
111625  54.623  12.583  48.960 0.0000000000
114668  45.343  15.264  37.627 0.0000000000
113680  45.721  14.977  37.600 0.0000000000
114664  48.323  15.661  37.687 0.0000000000
116473  51.772  17.422  36.797 0.0000000000
116462  50.820  17.152  37.348 0.0000000000
117325  50.927  18.371  38.644 0.0000000000
116444  50.625  17.355  38.305 0.0000000000
115544  50.373  16.134  38.577 0.0000000000
115524  50.713  16.068  40.594 0.0000000000
116412  50.458  16.990  41.387 0.0000000000
116413  49.755  17.680  41.268 0.0000000000
116405  50.726  17.296  42.452 0.0000000000
116394  50.955  17.516  43.555 0.0000000000
117258  50.375  18.137  44.422 0.0000000000
120607  51.239  22.717  40.459 0.0000000000
120606  52.127  22.988  40.675 0.0000000000
121506  53.110  23.108  41.270 0.0000000000
121490  52.714  23.499  41.842 0.0000000000
121489  53.250  23.182  41.875 0.0000000000
119660  53.157  22.109  41.828 0.0000000000
119648  52.708  21.923  42.347 0.0000000000
119663  51.672  21.414  41.921 0.0000000000
121429  50.851  24.344  45.433 0.0000000000
122317  51.767  24.406  44.818 0.0000000000
122316  52.227  24.190  44.893 0.0000000000
121428  52.347  23.538  45.863 0.0000000000
120537  52.147  23.013  45.078 0.0000000000
121441  52.356  23.546  44.855 0.0000000000
120554  52.004  21.995  43.913 0.0000000000
119637  51.912  21.754  43.273 0.0000000000
118822  50.533  21.067  42.447 0.0000000000
118811  50.360  21.121  42.913 0.0000000000
118812  49.921  20.742  43.088 0.0000000000
118805  49.303  20.906  44.900 0.0000000000
117259  49.599  18.662  44.374 0.0000000000
117255  50.585  18.107  45.424 0.0000000000
117250  50.572  18.043  46.538 0.0000000000
117246  49.617  18.406  47.348 0.0000000000
117247  48.836  18.896  47.170 0.0000000000
117239  49.648  18.329  48.350 0.0000000000
117211  48.745  18.359  50.205 0.0000000000
120482  48.204  22.336  49.096 0.0000000000
119600  47.563  21.759  49.367 0.0000000000
118764  47.154  20.493  49.598 0.0000000000
119573  47.098  21.685  50.991 0.0000000000
118754  46.875  21.072  50.402 0.0000000000
117993  47.303  19.583  49.808 0.0000000000
117196  47.927  18.604  50.822 0.0000000000
117195  48.560  18.377  51.413 0.0000000000
117186  48.861  18.629  52.501 0.0000000000
117176  49.218  18.829  53.215 0.0000000000
117967  49.128  19.182  53.817 0.0000000000
128144  49.273  32.249  38.903 0.0000000000
127423  49.576  31.875  39.284 0.0000000000
128156  49.593  32.293  38.477 0.0000000000
126751  50.392  30.355  37.037 0.0000000000
127377  48.392  31.936  42.393 0.0000000000
125276  49.674  28.731  42.495 0.0000000000
125294  49.756  28.586  40.569 0.0000000000
126686  50.837  29.932  41.916 0.0000000000
126687  49.945  30.750  41.574 0.0000000000
126695  50.640  30.533  40.806 0.0000000000
125995  50.935  30.174  39.241 0.0000000000
125316  51.331  28.540  38.247 0.0000000000
125998  51.460  29.122  38.604 0.0000000000
125999  50.958  29.891  38.697 0.0000000000
126007  51.094  29.431  37.738 0.0000000000
122418  49.776  24.632  34.570 0.0000000000
118939  48.528  21.244  34.819 0.0000000000
119735  50.054  21.855  34.867 0.0000000000
118938  49.032  20.898  34.892 0.0000000000
118932  48.385  20.856  35.569 0.0000000000
118111  48.042  19.462  38.028 0.0000000000
118102  47.777  18.774  38.400 0.0000000000
117327  48.031  18.081  38.280 0.0000000000
113654  44.892  14.494  38.294 0.0000000000
113641  44.690  14.604  38.913 0.0000000000
115529  45.594  15.560  40.487 0.0000000000
114589  44.680  15.514  41.911 0.0000000000
114569  44.397  15.673  42.711 0.0000000000
114554  44.358  15.999  43.621 0.0000000000
114603  48.310  16.199  41.655 0.0000000000
115483  47.834  16.547  43.506 0.0000000000
115469  45.171  16.386  43.899 0.0000000000
114564  53.209  15.922  44.234 0.0000000000
114550  52.786  15.465  44.372 0.0000000000
114538  53.435  15.285  45.163 0.0000000000
114539  52.732  15.293  45.078 0.0000000000
114541  50.939  15.626  45.582 0.0000000000
114528  49.833  15.719  46.657 0.0000000000
112641  53.233  13.738  48.411 0.0000000000
113575  51.934  14.853  47.899 0.0000000000
113560  51.150  15.020  48.442 0.0000000000
114500  50.834  15.445  47.807 0.0000000000
114513  50.428  15.549  47.290 0.0000000000
114514  49.594  15.692  47.414 0.0000000000
114529  49.026  15.904  46.710 0.0000000000
114515  48.729  15.782  47.526 0.0000000000
114504  47.484  15.429  48.303 0.0000000000
114418  49.963  15.687  55.448 0.0000000000
114404  50.219  15.232  56.007 0.0000000000
114417  50.463  15.247  55.276 0.0000000000
111638  53.733  12.261  48.742 0.0000000000
112625  55.254  13.897  48.464 0.0000000000
112648  55.063  13.688  47.790 0.0000000000
112674  41.936  14.033  42.428 0.0000000000
113481  50.887  15.036  55.065 0.0000000000
113495  51.731  14.995  53.974 0.0000000000
113507  52.973  13.885  52.345 0.0000000000
113524  52.962  14.707  51.911 0.0000000000
113542  55.320  14.120  48.107 0.0000000000
113557  55.071  14.594  47.826 0.0000000000
113558  53.281  14.143  47.956 0.0000000000
113571  54.975  13.916  47.502 0.0000000000
113576  42.962  14.661  47.884 0.0000000000
113587  53.964  15.157  45.327 0.0000000000
113592  54.014  15.417  45.074 0.0000000000
113593  53.975  15.168  45.072 0.0000000000
113597  41.064  14.006  44.813 0.0000000000
113614  51.984  15.082  42.003 0.0000000000
113627  51.676  15.089  41.643 0.0000000000
113628  51.603  14.947  41.822 0.0000000000
113639  51.383  15.086  41.332 0.0000000000
113640  51.439  15.011  41.510 0.0000000000
113665  47.048  15.306  38.053 0.0000000000
113667  45.375  14.612  37.869 0.0000000000
113677  47.694  15.589  37.733 0.0000000000
113678  47.194  15.537  37.870 0.0000000000
113679  46.463  15.262  37.777 0.0000000000
114443  51.179  15.591  53.859 0.0000000000
114469  53.670  14.843  50.924 0.0000000000
114486  54.551  14.895  49.348 0.0000000000
114493  54.203  15.461  49.279 0.0000000000
114499  54.362  15.519  48.694 0.0000000000
114501  50.248  15.521  48.023 0.0000000000
114525  52.733  15.239  46.106 0.0000000000
114537  54.289  15.619  45.770 0.0000000000
114543  49.378  15.831  46.181 0.0000000000
114582  52.305  15.763  42.633 0.0000000000
114588  45.048  15.611  41.753 0.0000000000
114598  52.293  15.900  42.410 0.0000000000
114599  51.999  15.536  42.034 0.0000000000
114625  40.335  14.788  40.416 0.0000000000
114649  45.906  14.714  38.192 0.0000000000
114650  45.377  14.559  38.165 0.0000000000
114651  44.594  15.213  37.964 0.0000000000
114667  46.010  15.442  37.635 0.0000000000
114677  50.168  15.778  37.516 0.0000000000
115381  51.212  15.881  52.886 0.0000000000
115383  50.142  16.363  53.890 0.0000000000
115393  50.990  16.273  52.519 0.0000000000
115403  52.630  15.769  51.192 0.0000000000
115430  53.081  16.331  49.941 0.0000000000
115435  54.363  15.676  48.387 0.0000000000
115440  54.053  16.505  47.803 0.0000000000
115441  53.358  16.761  47.712 0.0000000000
115453  53.950  16.543  46.049 0.0000000000
115454  49.783  15.909  45.299 0.0000000000
115463  53.338  16.613  44.701 0.0000000000
115503  44.863  15.802  42.397 0.0000000000
115510  52.182  16.068  42.257 0.0000000000
115516  45.558  15.740  40.914 0.0000000000
115537  45.416  16.509  38.630 0.0000000000
115545  48.229  16.860  37.899 0.0000000000
115563  45.654  15.606  37.758 0.0000000000
115564  45.392  15.444  37.697 0.0000000000
116350  53.345  16.450  49.427 0.0000000000
116369  53.498  16.799  46.530 0.0000000000
116379  53.334  16.937  45.186 0.0000000000
116424  43.885  16.972  40.184 0.0000000000
116431  46.141  17.461  39.097 0.0000000000
116434  44.046  16.629  39.690 0.0000000000
116449  45.757  16.703  38.681 0.0000000000
116460  52.459  18.241  37.576 0.0000000000
117249  51.370  17.712  46.314 0.0000000000
117311  45.523  17.990  39.833 0.0000000000
117322  53.113  19.436  38.684 0.0000000000
117326  50.495  18.040  38.705 0.0000000000
117329  46.539  17.831  39.036 0.0000000000
117340  48.579  17.893  37.938 0.0000000000
117349  50.739  18.699  36.051 0.0000000000
118013  47.784  20.028  47.974 0.0000000000
118034  49.053  20.232  44.813 0.0000000000
118076  50.804  19.774  39.905 0.0000000000
118086  53.119  20.187  39.618 0.0000000000
118087  51.547  19.855  39.324 0.0000000000
118089  50.631  19.157  39.476 0.0000000000
118097  53.257  20.115  39.324 0.0000000000
118101  48.187  18.569  38.200 0.0000000000
118109  49.139  18.594  37.510 0.0000000000
118753  46.963  20.610  50.509 0.0000000000
118765  46.927  21.041  50.042 0.0000000000
118781  47.186  21.136  49.528 0.0000000000
118794  48.183  21.024  47.384 0.0000000000
118806  49.071  20.742  45.206 0.0000000000
118809  49.157  20.491  44.826 0.0000000000
118852  53.247  21.093  40.389 0.0000000000
118867  53.344  20.684  39.982 0.0000000000
118870  51.240  20.016  39.725 0.0000000000
118883  52.257  20.089  39.279 0.0000000000
118884  51.934  20.079  39.181 0.0000000000
119574  46.914  21.211  50.607 0.0000000000
119586  47.065  21.408  50.372 0.0000000000
119601  47.232  21.456  49.910 0.0000000000
119603  48.562  21.901  48.001 0.0000000000
119617  50.318  21.887  45.594 0.0000000000
119647  53.019  22.061  42.127 0.0000000000
119649  52.081  21.663  42.422 0.0000000000
119650  51.345  21.435  42.440 0.0000000000
119661  52.891  21.749  41.616 0.0000000000
119662  52.141  21.402  41.480 0.0000000000
119674  52.266  21.234  41.011 0.0000000000
119688  53.136  21.709  38.639 0.0000000000
119697  53.288  21.151  38.375 0.0000000000
120491  50.398  22.596  47.160 0.0000000000
120502  51.993  22.942  46.119 0.0000000000
120520  52.209  23.052  45.906 0.0000000000
120522  51.050  22.309  45.421 0.0000000000
120541  47.752  22.872  44.773 0.0000000000
120553  52.587  22.518  43.729 0.0000000000
120572  52.853  22.124  42.991 0.0000000000
120591  51.896  23.230  41.023 0.0000000000
120605  52.954  22.762  40.612 0.0000000000
120682  46.250  22.503  36.027 0.0000000000
121353  49.460  24.348  49.891 0.0000000000
121369  49.723  23.818  49.278 0.0000000000
121371  47.714  24.760  49.319 0.0000000000
121385  51.159  23.907  48.027 0.0000000000
121387  50.000  23.412  48.727 0.0000000000
121401  51.890  23.634  47.086 0.0000000000
121403  50.847  23.105  47.441 0.0000000000
121415  51.245  23.042  46.865 0.0000000000
121417  49.982  24.276  46.409 0.0000000000
121433  47.519  22.935  45.719 0.0000000000
121442  51.729  24.299  44.572 0.0000000000
121452  53.045  22.884  43.250 0.0000000000
121508  52.215  23.271  41.069 0.0000000000
121582  47.633  24.019  34.788 0.0000000000
121592  48.078  24.501  34.212 0.0000000000
122182  47.356  24.906  52.722 0.0000000000
122183  47.098  24.977  53.042 0.0000000000
122244  50.525  24.534  48.859 0.0000000000
122246  48.993  25.205  49.327 0.0000000000
122270  51.091  24.378  48.194 0.0000000000
122271  50.771  24.218  48.436 0.0000000000
122273  49.325  25.039  48.719 0.0000000000
122274  48.667  24.846  48.935 0.0000000000
122286  51.640  24.383  47.362 0.0000000000
122287  50.925  25.107  47.533 0.0000000000
122289  49.696  24.613  47.491 0.0000000000
122295  52.242  24.050  46.662 0.0000000000
122298  50.262  24.518  46.669 0.0000000000
122308  51.046  24.483  45.706 0.0000000000
122318  51.388  24.403  45.128 0.0000000000
122325  51.874  24.341  44.381 0.0000000000
122429  48.907  25.229  33.729 0.0000000000
122979  46.679  25.653  53.068 0.0000000000
122986  47.902  25.953  52.187 0.0000000000
122987  47.469  25.680  52.509 0.0000000000
123003  47.709  26.236  51.709 0.0000000000
123021  50.075  25.394  49.799 0.0000000000
123048  51.199  24.873  48.594 0.0000000000
123049  50.481  25.343  49.137 0.0000000000
123089  51.049  25.178  47.727 0.0000000000
123090  50.688  25.245  48.249 0.0000000000
123102  51.407  24.856  47.114 0.0000000000
123103  51.240  24.975  47.303 0.0000000000
123731  46.681  25.933  52.968 0.0000000000
123737  47.821  26.162  52.171 0.0000000000
123739  46.902  26.070  52.723 0.0000000000
123750  47.844  26.321  51.997 0.0000000000
123836  44.537  26.454  43.360 0.0000000000
123878  47.829  26.384  39.662 0.0000000000
124557  48.148  28.338  44.525 0.0000000000
124590  49.451  28.366  40.273 0.0000000000
124618  51.103  28.261  38.544 0.0000000000
125259  48.320  28.618  44.524 0.0000000000
125260  47.857  28.614  44.826 0.0000000000
125305  50.824  28.359  39.260 0.0000000000
125973  48.432  29.693  43.667 0.0000000000
126006  51.503  28.953  38.075 0.0000000000
126661  43.298  30.104  44.226 0.0000000000
126685  51.194  29.757  41.522 0.0000000000
127441  50.029  31.960  38.897 0.0000000000
128122  48.162  32.491  42.077 0.0000000000
128145  49.073  32.165  39.078 0.0000000000
128157  48.816  32.361  38.608 0.0000000000
