#!ascii label  , from subject 3083 vox2ras=TkReg
1607
43967  12.191  -46.914  88.133 0.0000000000
71044  44.039  -24.698  54.641 0.0000000000
49085  29.873  -43.775  71.882 0.0000000000
53090  40.059  -39.831  71.327 0.0000000000
49001  21.055  -43.948  76.089 0.0000000000
45213  21.344  -46.075  85.350 0.0000000000
86068  51.844  -12.396  50.524 0.0000000000
79111  52.888  -18.627  58.961 0.0000000000
64881  36.612  -30.403  66.897 0.0000000000
90651  53.493  -7.182  42.443 0.0000000000
46585  29.945  -45.396  77.180 0.0000000000
45202  15.915  -45.630  86.188 0.0000000000
81420  53.221  -15.929  53.690 0.0000000000
77026  48.807  -19.317  51.612 0.0000000000
66238  45.615  -29.144  58.355 0.0000000000
68587  50.673  -26.121  58.261 0.0000000000
65063  39.605  -30.519  59.379 0.0000000000
54302  35.153  -38.504  67.675 0.0000000000
50428  35.037  -43.138  70.120 0.0000000000
46540  25.449  -45.689  79.308 0.0000000000
44008  24.597  -46.708  82.716 0.0000000000
45311  20.660  -45.437  80.704 0.0000000000
46503  15.630  -45.249  81.417 0.0000000000
47811  25.179  -44.343  74.195 0.0000000000
87188  57.453  -11.139  50.843 0.0000000000
81401  57.679  -14.991  54.248 0.0000000000
75796  48.188  -21.449  56.604 0.0000000000
64924  40.912  -30.177  65.442 0.0000000000
58650  38.372  -34.630  69.818 0.0000000000
85020  53.462  -12.174  45.416 0.0000000000
89475  58.767  -8.980  45.181 0.0000000000
91720  60.024  -6.902  42.144 0.0000000000
45325  29.669  -45.581  79.377 0.0000000000
45190  13.657  -46.324  87.591 0.0000000000
46445  16.360  -45.492  89.215 0.0000000000
45156  14.226  -46.054  89.987 0.0000000000
80329  47.714  -16.753  51.390 0.0000000000
65033  45.948  -30.223  60.921 0.0000000000
66219  48.489  -28.563  60.178 0.0000000000
39408  9.630  -50.746  92.167 0.0000000000
65113  40.003  -29.732  56.385 0.0000000000
49129  29.734  -42.100  69.868 0.0000000000
50462  32.362  -41.932  68.835 0.0000000000
49100  32.090  -43.639  70.814 0.0000000000
47753  23.116  -45.140  77.672 0.0000000000
45331  23.003  -45.563  79.746 0.0000000000
46569  21.248  -44.911  78.441 0.0000000000
49020  22.784  -43.704  75.226 0.0000000000
46609  25.443  -45.097  77.000 0.0000000000
45226  23.304  -45.982  83.957 0.0000000000
87191  54.497  -11.651  50.564 0.0000000000
84924  57.979  -12.845  52.671 0.0000000000
84928  54.862  -12.645  52.600 0.0000000000
80257  53.173  -16.771  56.584 0.0000000000
80247  55.942  -16.755  57.574 0.0000000000
74588  43.337  -22.168  53.476 0.0000000000
75828  46.070  -21.442  54.064 0.0000000000
73345  46.292  -23.457  55.502 0.0000000000
66113  35.238  -30.041  64.978 0.0000000000
64953  37.762  -30.566  64.473 0.0000000000
64899  38.536  -29.988  66.424 0.0000000000
54265  37.658  -38.817  69.471 0.0000000000
56393  37.427  -36.424  68.377 0.0000000000
55322  39.303  -37.243  70.626 0.0000000000
85002  50.145  -13.449  47.557 0.0000000000
86111  50.574  -11.731  45.786 0.0000000000
84987  53.058  -12.622  47.762 0.0000000000
86088  55.548  -11.782  47.778 0.0000000000
92773  58.189  -5.073  40.143 0.0000000000
90660  56.994  -7.401  41.074 0.0000000000
90634  59.431  -7.548  43.435 0.0000000000
88368  56.555  -9.610  42.681 0.0000000000
46642  29.364  -44.806  74.643 0.0000000000
46658  31.902  -44.657  73.796 0.0000000000
46603  31.391  -45.193  76.336 0.0000000000
45216  18.105  -45.851  85.604 0.0000000000
43974  20.409  -46.271  86.997 0.0000000000
46459  18.459  -45.747  88.200 0.0000000000
84967  49.390  -13.514  50.296 0.0000000000
83741  52.322  -13.739  51.980 0.0000000000
81438  49.720  -15.463  51.782 0.0000000000
78111  51.163  -17.944  52.187 0.0000000000
78070  50.923  -18.805  56.023 0.0000000000
67371  44.630  -27.866  56.315 0.0000000000
69869  47.033  -25.194  56.098 0.0000000000
67353  48.005  -27.515  57.511 0.0000000000
63705  35.692  -31.472  66.510 0.0000000000
55293  40.824  -37.411  73.264 0.0000000000
41623  10.309  -48.534  88.665 0.0000000000
43948  12.333  -47.660  91.114 0.0000000000
41584  10.705  -49.180  91.512 0.0000000000
68670  41.851  -26.764  53.890 0.0000000000
66275  42.767  -28.733  56.284 0.0000000000
65078  42.417  -29.980  58.718 0.0000000000
65016  43.046  -30.465  61.581 0.0000000000
53150  33.362  -39.806  67.529 0.0000000000
51846  35.265  -41.162  68.601 0.0000000000
50437  37.881  -41.602  70.373 0.0000000000
47817  35.034  -44.047  73.099 0.0000000000
49066  36.929  -43.919  72.968 0.0000000000
45281  27.538  -46.344  80.246 0.0000000000
42839  26.487  -47.298  81.410 0.0000000000
45284  24.964  -46.081  81.053 0.0000000000
45266  22.787  -46.097  82.288 0.0000000000
45268  20.806  -45.867  82.471 0.0000000000
46570  18.607  -44.357  78.552 0.0000000000
46500  18.544  -45.182  81.145 0.0000000000
45249  18.411  -45.974  83.262 0.0000000000
45233  16.397  -45.564  84.455 0.0000000000
45236  13.511  -46.304  84.659 0.0000000000
43995  11.592  -46.805  85.517 0.0000000000
49120  27.691  -42.590  70.413 0.0000000000
50416  25.036  -42.656  71.365 0.0000000000
49069  27.205  -43.844  73.067 0.0000000000
46625  27.702  -44.893  75.534 0.0000000000
46562  27.546  -45.770  78.083 0.0000000000
82568  56.630  -15.152  52.546 0.0000000000
82532  55.680  -14.738  55.074 0.0000000000
77012  45.046  -19.922  51.473 0.0000000000
76993  47.846  -20.282  54.781 0.0000000000
76956  50.784  -19.901  58.261 0.0000000000
72135  49.827  -23.409  57.151 0.0000000000
73299  52.038  -22.336  58.314 0.0000000000
63786  37.443  -30.949  60.831 0.0000000000
64999  40.328  -30.466  62.498 0.0000000000
64948  43.293  -30.059  64.456 0.0000000000
60000  36.626  -33.605  67.314 0.0000000000
63684  37.626  -31.692  68.892 0.0000000000
58630  40.134  -34.749  72.242 0.0000000000
63659  39.340  -31.863  71.194 0.0000000000
64842  38.323  -30.412  68.911 0.0000000000
64839  40.849  -29.767  69.348 0.0000000000
64855  43.924  -29.397  68.140 0.0000000000
87259  53.599  -10.177  43.263 0.0000000000
86127  55.832  -11.404  44.772 0.0000000000
88309  58.375  -10.057  47.566 0.0000000000
42849  30.270  -47.086  79.848 0.0000000000
45191  13.013  -46.786  87.859 0.0000000000
45177  13.655  -46.363  88.477 0.0000000000
45169  12.969  -46.522  89.620 0.0000000000
63784  45.860  -30.804  62.442 0.0000000000
65012  47.217  -30.356  61.951 0.0000000000
40427  6.962  -49.449  91.753 0.0000000000
49118  29.503  -42.706  70.407 0.0000000000
49117  30.660  -42.721  70.327 0.0000000000
49101  30.871  -43.561  71.230 0.0000000000
47767  22.119  -44.429  76.637 0.0000000000
47754  22.504  -44.810  77.644 0.0000000000
47768  20.784  -44.324  76.975 0.0000000000
49043  22.305  -43.142  74.614 0.0000000000
47786  22.399  -43.996  75.771 0.0000000000
47785  23.391  -44.096  76.038 0.0000000000
45212  22.218  -45.969  85.147 0.0000000000
45196  21.886  -46.003  85.952 0.0000000000
86052  53.226  -12.000  50.789 0.0000000000
87157  54.443  -11.823  52.146 0.0000000000
86040  52.978  -12.428  51.444 0.0000000000
79129  52.870  -17.751  58.326 0.0000000000
80241  53.865  -17.125  58.151 0.0000000000
72173  43.918  -23.806  54.216 0.0000000000
73348  44.418  -22.980  54.427 0.0000000000
72171  45.514  -23.967  55.315 0.0000000000
64901  35.126  -30.379  65.554 0.0000000000
66092  36.046  -30.239  65.770 0.0000000000
66111  36.991  -30.024  65.425 0.0000000000
64880  37.200  -30.090  66.908 0.0000000000
53110  39.008  -39.716  70.300 0.0000000000
55336  38.909  -37.442  69.968 0.0000000000
54244  39.524  -38.228  70.786 0.0000000000
84990  50.545  -13.446  48.736 0.0000000000
84989  51.277  -13.173  48.299 0.0000000000
84974  51.999  -12.657  48.940 0.0000000000
86079  53.551  -12.316  49.332 0.0000000000
91724  55.177  -6.207  41.023 0.0000000000
89531  55.338  -7.828  41.419 0.0000000000
89530  56.179  -8.020  41.406 0.0000000000
89517  54.537  -8.093  41.822 0.0000000000
46623  29.846  -45.148  75.464 0.0000000000
46622  30.880  -45.188  75.463 0.0000000000
46584  30.939  -45.308  77.167 0.0000000000
45201  16.819  -45.534  86.375 0.0000000000
45199  18.901  -45.642  86.845 0.0000000000
46461  16.991  -45.473  87.439 0.0000000000
45155  16.472  -45.760  90.310 0.0000000000
45163  17.619  -46.261  89.322 0.0000000000
83766  47.968  -13.982  50.187 0.0000000000
83756  49.102  -14.051  51.067 0.0000000000
82588  47.516  -14.668  50.960 0.0000000000
79221  48.381  -17.725  51.102 0.0000000000
79220  49.432  -17.676  51.097 0.0000000000
78113  50.363  -18.745  52.252 0.0000000000
78094  50.957  -18.447  53.737 0.0000000000
76997  49.602  -19.591  53.201 0.0000000000
67356  45.267  -28.331  56.807 0.0000000000
67369  46.197  -27.650  56.594 0.0000000000
66252  46.412  -28.670  57.800 0.0000000000
83780  47.716  -13.685  49.164 0.0000000000
41601  10.635  -49.177  89.875 0.0000000000
40440  9.357  -50.102  90.436 0.0000000000
67402  40.770  -27.711  54.002 0.0000000000
67385  41.742  -27.982  54.957 0.0000000000
67386  40.839  -28.316  54.795 0.0000000000
65081  39.485  -30.248  58.368 0.0000000000
65095  41.367  -29.989  57.598 0.0000000000
65061  41.617  -30.157  59.601 0.0000000000
65036  42.814  -30.107  60.583 0.0000000000
65037  41.800  -30.245  60.551 0.0000000000
51876  31.465  -40.390  67.362 0.0000000000
50441  34.542  -42.818  69.601 0.0000000000
50460  34.405  -42.027  68.950 0.0000000000
50440  35.429  -42.473  69.673 0.0000000000
51832  36.765  -41.149  69.209 0.0000000000
50426  36.464  -42.613  70.708 0.0000000000
46638  33.447  -44.606  74.382 0.0000000000
47818  33.707  -44.335  73.243 0.0000000000
47807  34.419  -44.287  74.061 0.0000000000
49034  36.947  -44.064  73.985 0.0000000000
50396  38.031  -43.115  73.051 0.0000000000
46514  26.351  -45.869  79.699 0.0000000000
45282  26.719  -46.257  80.618 0.0000000000
45306  25.400  -45.863  80.276 0.0000000000
46517  21.450  -45.267  79.827 0.0000000000
45286  23.102  -45.817  81.355 0.0000000000
45287  22.003  -45.882  81.400 0.0000000000
45267  21.758  -45.959  82.407 0.0000000000
45288  20.796  -45.716  81.393 0.0000000000
47758  18.361  -44.106  77.960 0.0000000000
46523  15.736  -45.041  80.368 0.0000000000
46521  17.761  -44.898  80.328 0.0000000000
46501  17.605  -45.071  81.236 0.0000000000
46489  18.437  -45.677  82.066 0.0000000000
46482  17.438  -45.433  82.792 0.0000000000
45250  17.481  -45.596  83.639 0.0000000000
46484  16.257  -45.250  83.126 0.0000000000
45237  12.791  -46.655  85.061 0.0000000000
50467  27.193  -41.497  69.327 0.0000000000
50449  26.202  -41.694  69.969 0.0000000000
49057  24.066  -43.452  73.896 0.0000000000
49071  25.256  -43.606  73.179 0.0000000000
49088  26.359  -43.410  72.131 0.0000000000
47826  26.056  -44.081  73.649 0.0000000000
47809  27.430  -44.206  74.138 0.0000000000
47810  26.397  -44.421  74.462 0.0000000000
46564  25.674  -45.503  78.291 0.0000000000
46588  26.810  -45.480  77.297 0.0000000000
46539  26.349  -45.847  78.988 0.0000000000
45327  27.827  -45.936  79.468 0.0000000000
44007  25.592  -46.802  81.862 0.0000000000
43932  12.252  -48.062  92.069 0.0000000000
43939  13.116  -47.107  91.445 0.0000000000
83752  58.985  -12.371  50.583 0.0000000000
83712  57.855  -13.960  53.852 0.0000000000
82549  57.909  -14.341  53.253 0.0000000000
81418  57.378  -15.359  53.695 0.0000000000
80297  56.368  -16.371  54.064 0.0000000000
82571  52.716  -14.687  52.168 0.0000000000
82552  54.796  -14.288  53.047 0.0000000000
81403  54.408  -15.385  54.852 0.0000000000
79136  56.402  -17.001  57.015 0.0000000000
75815  46.782  -21.181  55.500 0.0000000000
75842  47.251  -20.735  54.174 0.0000000000
76975  47.744  -20.614  56.028 0.0000000000
76973  49.100  -19.784  56.380 0.0000000000
75786  49.569  -20.567  57.550 0.0000000000
69867  48.972  -25.494  56.986 0.0000000000
70997  48.341  -24.582  56.495 0.0000000000
69866  50.026  -25.258  57.185 0.0000000000
65004  35.406  -30.823  61.759 0.0000000000
64952  39.112  -30.361  64.453 0.0000000000
64976  38.498  -30.529  63.405 0.0000000000
64951  40.245  -30.201  64.451 0.0000000000
64973  41.781  -30.369  63.511 0.0000000000
64923  41.935  -30.092  65.424 0.0000000000
55389  34.247  -37.929  67.038 0.0000000000
56409  35.249  -36.942  66.791 0.0000000000
57443  37.734  -35.596  68.793 0.0000000000
57449  37.271  -35.625  68.065 0.0000000000
59985  37.442  -33.678  68.455 0.0000000000
61306  36.764  -32.676  68.044 0.0000000000
61280  37.918  -32.827  69.339 0.0000000000
56360  40.514  -36.160  72.726 0.0000000000
63658  39.613  -31.478  71.667 0.0000000000
64814  38.661  -30.825  70.564 0.0000000000
64825  39.529  -30.068  70.249 0.0000000000
64840  39.795  -29.842  69.344 0.0000000000
64824  40.552  -29.848  70.364 0.0000000000
85022  52.031  -12.284  45.761 0.0000000000
86130  53.253  -11.302  44.310 0.0000000000
86141  54.833  -11.113  43.776 0.0000000000
86119  54.564  -11.819  44.770 0.0000000000
87201  56.787  -11.202  49.476 0.0000000000
87222  56.804  -10.847  47.421 0.0000000000
87211  57.771  -10.573  48.550 0.0000000000
87209  59.095  -10.887  48.722 0.0000000000
92754  59.053  -5.779  41.349 0.0000000000
90622  58.778  -8.200  44.045 0.0000000000
89473  59.708  -8.847  44.863 0.0000000000
88322  59.305  -9.411  45.793 0.0000000000
46560  29.526  -45.352  78.039 0.0000000000
46559  30.532  -45.370  77.996 0.0000000000
45324  30.669  -45.447  79.416 0.0000000000
45188  15.161  -45.902  87.163 0.0000000000
46454  16.275  -45.406  88.196 0.0000000000
45175  14.965  -45.890  87.992 0.0000000000
46434  14.979  -45.740  90.159 0.0000000000
45147  15.429  -45.759  91.190 0.0000000000
80330  46.423  -16.852  51.117 0.0000000000
78126  46.818  -19.043  51.131 0.0000000000
66222  45.661  -29.440  59.209 0.0000000000
66221  46.694  -29.354  59.561 0.0000000000
66209  47.245  -29.570  60.272 0.0000000000
66197  48.198  -29.323  62.110 0.0000000000
40434  9.469  -50.391  91.319 0.0000000000
39418  8.264  -50.628  91.658 0.0000000000
39400  8.569  -51.103  92.134 0.0000000000
66294  39.381  -28.933  55.471 0.0000000000
65082  38.486  -30.336  58.377 0.0000000000
50474  31.859  -41.487  68.465 0.0000000000
50463  31.388  -41.809  69.143 0.0000000000
49115  32.782  -43.139  70.134 0.0000000000
49098  33.997  -43.601  70.861 0.0000000000
46565  24.775  -45.367  78.317 0.0000000000
46541  24.322  -45.675  79.011 0.0000000000
46567  22.815  -45.312  78.228 0.0000000000
46544  21.650  -45.210  79.060 0.0000000000
46545  20.723  -45.073  79.068 0.0000000000
45271  15.270  -45.506  82.032 0.0000000000
45312  13.842  -45.409  80.730 0.0000000000
49058  22.950  -42.916  73.672 0.0000000000
49041  23.919  -43.712  74.669 0.0000000000
47798  25.594  -44.754  75.331 0.0000000000
47784  24.779  -44.851  76.438 0.0000000000
47765  24.399  -44.969  77.222 0.0000000000
45225  24.003  -46.009  83.577 0.0000000000
87190  55.612  -11.423  50.362 0.0000000000
87173  57.702  -11.676  51.609 0.0000000000
87165  56.526  -12.112  51.870 0.0000000000
86023  56.253  -12.329  52.366 0.0000000000
84917  56.558  -13.532  53.560 0.0000000000
81397  53.163  -16.261  55.073 0.0000000000
81387  54.341  -16.012  56.224 0.0000000000
80249  54.437  -16.463  57.626 0.0000000000
79126  55.524  -17.402  57.971 0.0000000000
75845  44.776  -21.029  53.278 0.0000000000
74587  44.269  -22.133  53.907 0.0000000000
74571  45.794  -22.233  54.734 0.0000000000
74546  47.146  -22.433  56.102 0.0000000000
69842  51.841  -25.445  58.425 0.0000000000
66156  34.536  -29.965  63.194 0.0000000000
66155  35.861  -30.654  63.186 0.0000000000
66134  36.599  -30.493  64.451 0.0000000000
64927  37.802  -30.239  65.539 0.0000000000
64898  39.561  -30.010  66.430 0.0000000000
54284  36.613  -39.102  68.884 0.0000000000
55352  36.559  -38.071  68.297 0.0000000000
55351  37.412  -37.988  68.908 0.0000000000
56379  38.534  -36.904  69.654 0.0000000000
57434  38.661  -35.489  70.041 0.0000000000
85015  48.850  -12.496  47.038 0.0000000000
87234  49.206  -11.165  46.586 0.0000000000
85013  50.398  -12.678  46.495 0.0000000000
85000  52.324  -12.831  46.997 0.0000000000
84999  53.195  -12.533  46.879 0.0000000000
86109  54.659  -12.288  46.266 0.0000000000
84986  53.957  -12.453  47.498 0.0000000000
86064  55.079  -11.890  49.717 0.0000000000
92775  55.344  -4.966  40.464 0.0000000000
91734  57.353  -6.000  40.261 0.0000000000
91723  58.347  -6.468  41.524 0.0000000000
90647  59.784  -7.276  42.917 0.0000000000
90648  58.509  -7.174  42.669 0.0000000000
90636  58.129  -8.213  43.055 0.0000000000
88367  57.326  -9.324  43.230 0.0000000000
47822  29.583  -44.201  73.250 0.0000000000
47836  30.998  -44.033  72.209 0.0000000000
46659  30.899  -44.867  73.748 0.0000000000
46640  31.386  -44.944  74.619 0.0000000000
46601  33.118  -44.786  76.450 0.0000000000
45215  19.233  -45.933  85.615 0.0000000000
45197  21.105  -46.022  86.230 0.0000000000
45198  20.125  -45.940  86.471 0.0000000000
43966  19.618  -46.322  87.525 0.0000000000
46452  17.786  -45.870  88.700 0.0000000000
43959  18.116  -46.589  88.784 0.0000000000
84965  50.603  -12.997  50.420 0.0000000000
84956  51.627  -12.729  51.247 0.0000000000
84958  50.246  -13.543  51.118 0.0000000000
82573  50.565  -14.622  51.818 0.0000000000
81436  52.025  -15.632  51.961 0.0000000000
81447  48.452  -15.601  51.554 0.0000000000
80326  50.703  -17.037  51.467 0.0000000000
80301  52.169  -16.960  53.559 0.0000000000
79186  51.752  -17.609  54.067 0.0000000000
79149  51.916  -18.032  56.338 0.0000000000
78055  51.409  -18.514  56.946 0.0000000000
68653  44.277  -26.191  55.281 0.0000000000
71016  45.788  -24.924  55.924 0.0000000000
68640  45.522  -26.875  56.002 0.0000000000
68617  47.427  -27.088  56.870 0.0000000000
68589  49.033  -27.316  58.169 0.0000000000
66235  48.226  -28.472  59.366 0.0000000000
67322  49.588  -27.571  59.227 0.0000000000
68567  50.594  -26.960  59.102 0.0000000000
63712  35.659  -31.002  66.490 0.0000000000
54226  40.474  -38.302  72.195 0.0000000000
86103  47.567  -11.624  47.625 0.0000000000
83803  48.488  -13.175  47.786 0.0000000000
83791  49.350  -13.675  48.902 0.0000000000
92728  54.281  -5.192  43.992 0.0000000000
91702  53.336  -6.406  43.685 0.0000000000
42812  10.985  -48.022  88.464 0.0000000000
43962  12.051  -47.534  89.457 0.0000000000
42799  11.001  -48.588  89.515 0.0000000000
42782  11.000  -48.498  91.175 0.0000000000
41575  11.493  -48.959  92.478 0.0000000000
40426  10.142  -50.242  92.133 0.0000000000
71064  42.927  -24.712  53.450 0.0000000000
69932  41.385  -25.736  53.293 0.0000000000
69918  43.279  -25.665  54.415 0.0000000000
67383  43.358  -27.076  55.597 0.0000000000
67372  43.457  -27.642  55.898 0.0000000000
66255  43.811  -29.105  57.214 0.0000000000
66277  40.926  -29.251  56.370 0.0000000000
65094  42.275  -29.882  57.747 0.0000000000
66224  44.151  -29.591  58.685 0.0000000000
65059  43.751  -29.881  59.557 0.0000000000
65015  44.086  -30.531  61.697 0.0000000000
64995  44.371  -30.628  62.863 0.0000000000
54303  34.281  -38.841  67.578 0.0000000000
51848  33.208  -41.421  68.144 0.0000000000
53149  34.268  -40.008  67.770 0.0000000000
53135  35.071  -40.149  68.066 0.0000000000
53133  36.576  -40.218  68.762 0.0000000000
51831  37.663  -40.874  69.714 0.0000000000
51818  39.227  -40.693  71.016 0.0000000000
47835  32.073  -44.170  72.187 0.0000000000
47834  33.270  -44.081  72.063 0.0000000000
49081  35.059  -43.445  71.942 0.0000000000
47795  35.435  -44.258  74.497 0.0000000000
49067  36.003  -43.341  73.059 0.0000000000
49080  35.947  -43.269  72.144 0.0000000000
49078  37.460  -42.930  71.790 0.0000000000
50413  38.986  -41.630  71.729 0.0000000000
51769  39.744  -41.161  72.466 0.0000000000
44015  28.427  -46.988  80.369 0.0000000000
45261  27.011  -46.582  80.695 0.0000000000
44018  25.869  -46.492  81.455 0.0000000000
45242  25.073  -46.369  82.057 0.0000000000
45307  24.430  -45.836  80.475 0.0000000000
45285  24.088  -45.887  81.283 0.0000000000
45243  24.284  -46.210  82.701 0.0000000000
45245  22.587  -45.984  83.280 0.0000000000
45246  21.648  -45.833  83.403 0.0000000000
45247  20.656  -45.952  83.420 0.0000000000
47769  19.685  -44.037  77.137 0.0000000000
47747  19.571  -44.551  78.635 0.0000000000
46519  19.676  -45.127  80.134 0.0000000000
46548  17.938  -44.718  79.403 0.0000000000
46520  18.746  -44.963  80.256 0.0000000000
46499  19.641  -45.281  81.220 0.0000000000
46488  19.072  -45.566  81.620 0.0000000000
45270  19.020  -46.042  82.737 0.0000000000
45230  19.415  -46.158  84.483 0.0000000000
45231  18.313  -45.975  84.538 0.0000000000
45232  17.358  -45.610  84.568 0.0000000000
45218  16.161  -45.668  85.372 0.0000000000
45253  14.497  -45.812  83.406 0.0000000000
45235  14.409  -45.895  84.478 0.0000000000
45220  14.367  -45.905  85.502 0.0000000000
45221  13.641  -46.315  85.736 0.0000000000
43985  12.316  -46.985  86.247 0.0000000000
43986  11.469  -47.110  86.355 0.0000000000
43978  10.289  -47.694  87.285 0.0000000000
42821  9.822  -47.978  87.743 0.0000000000
50465  29.354  -41.724  69.419 0.0000000000
50446  29.078  -42.300  70.025 0.0000000000
49103  28.614  -43.255  71.232 0.0000000000
49105  26.206  -43.101  71.159 0.0000000000
49104  27.397  -43.238  71.099 0.0000000000
47839  28.445  -43.978  72.667 0.0000000000
46662  28.518  -44.367  73.913 0.0000000000
46643  28.247  -44.631  74.511 0.0000000000
46606  28.304  -45.227  76.350 0.0000000000
46627  25.938  -44.851  75.894 0.0000000000
46607  27.201  -45.156  76.417 0.0000000000
46561  28.548  -45.541  78.066 0.0000000000
46537  28.207  -45.740  78.815 0.0000000000
45280  28.336  -46.371  80.005 0.0000000000
43947  12.807  -46.980  90.725 0.0000000000
45130  14.236  -46.598  91.453 0.0000000000
83737  58.435  -13.196  52.058 0.0000000000
83724  53.593  -13.155  52.355 0.0000000000
83721  55.843  -13.786  53.304 0.0000000000
82530  57.103  -14.800  54.962 0.0000000000
81385  55.830  -15.431  56.506 0.0000000000
81383  56.719  -15.880  55.957 0.0000000000
80279  56.811  -15.952  55.062 0.0000000000
79208  45.179  -18.585  50.721 0.0000000000
77028  46.484  -19.874  51.448 0.0000000000
75864  45.367  -20.681  52.438 0.0000000000
75876  47.283  -20.587  52.377 0.0000000000
76998  48.826  -20.120  53.491 0.0000000000
76991  49.429  -19.608  54.281 0.0000000000
78056  50.624  -19.274  57.182 0.0000000000
78035  51.855  -19.326  58.590 0.0000000000
71015  46.603  -24.711  56.088 0.0000000000
72137  47.793  -23.712  56.437 0.0000000000
73317  49.216  -22.482  57.379 0.0000000000
70994  51.284  -24.321  57.574 0.0000000000
73315  50.772  -22.536  57.805 0.0000000000
74531  49.830  -21.687  57.708 0.0000000000
74513  50.880  -21.138  58.356 0.0000000000
75756  52.262  -20.013  58.968 0.0000000000
65065  37.128  -30.660  59.396 0.0000000000
65040  38.551  -30.773  60.318 0.0000000000
65002  37.120  -30.995  62.193 0.0000000000
65020  38.933  -30.849  61.383 0.0000000000
65019  40.036  -30.655  61.482 0.0000000000
64998  41.337  -30.453  62.516 0.0000000000
64972  42.782  -30.265  63.536 0.0000000000
64947  44.237  -30.308  64.457 0.0000000000
56408  36.138  -36.559  67.194 0.0000000000
61307  36.239  -32.645  67.116 0.0000000000
62576  36.351  -31.925  67.563 0.0000000000
64844  37.436  -31.120  67.972 0.0000000000
55309  40.304  -37.367  72.174 0.0000000000
57426  39.622  -35.524  71.270 0.0000000000
58642  39.384  -34.694  71.017 0.0000000000
61252  39.745  -33.239  71.953 0.0000000000
61265  38.936  -33.037  70.501 0.0000000000
63675  38.423  -31.818  69.881 0.0000000000
64828  38.215  -31.143  69.285 0.0000000000
64862  37.534  -30.380  67.847 0.0000000000
64861  38.153  -29.984  68.141 0.0000000000
64878  39.299  -29.926  67.397 0.0000000000
64876  41.330  -29.915  67.357 0.0000000000
64822  42.399  -29.300  69.873 0.0000000000
64857  42.026  -29.603  68.236 0.0000000000
64875  42.290  -29.708  67.289 0.0000000000
64894  43.559  -29.779  66.321 0.0000000000
90637  52.931  -7.159  43.185 0.0000000000
88352  53.547  -9.243  42.792 0.0000000000
87272  54.862  -9.897  42.665 0.0000000000
87270  56.298  -10.346  43.188 0.0000000000
87255  57.138  -10.258  44.570 0.0000000000
86107  56.294  -11.395  46.289 0.0000000000
87231  56.895  -10.815  46.497 0.0000000000
88324  58.057  -9.861  45.861 0.0000000000
87229  59.470  -10.365  47.303 0.0000000000
42843  29.179  -47.280  80.414 0.0000000000
42850  29.730  -47.315  80.240 0.0000000000
45178  12.985  -46.693  88.780 0.0000000000
43961  12.425  -47.039  89.073 0.0000000000
63773  45.553  -30.826  63.147 0.0000000000
63772  46.355  -30.808  63.099 0.0000000000
49102  29.729  -43.358  71.128 0.0000000000
49084  30.446  -43.854  71.947 0.0000000000
49000  21.735  -43.984  75.789 0.0000000000
87179  53.258  -11.973  51.191 0.0000000000
86054  51.919  -12.499  51.079 0.0000000000
79123  52.945  -18.266  58.910 0.0000000000
79122  53.144  -17.782  58.959 0.0000000000
79109  53.374  -18.486  59.044 0.0000000000
72172  44.657  -23.848  54.815 0.0000000000
71043  44.898  -24.836  55.142 0.0000000000
66079  35.978  -30.378  66.318 0.0000000000
66093  35.404  -30.332  65.560 0.0000000000
66078  36.286  -30.228  66.314 0.0000000000
66077  36.555  -30.060  66.282 0.0000000000
53091  39.684  -39.461  70.945 0.0000000000
54263  39.330  -38.966  70.415 0.0000000000
53072  39.927  -38.739  71.178 0.0000000000
84964  51.164  -12.632  50.103 0.0000000000
84975  51.259  -12.970  49.308 0.0000000000
86081  51.865  -12.434  49.805 0.0000000000
86067  52.587  -12.373  50.356 0.0000000000
90662  54.888  -7.169  41.408 0.0000000000
90650  54.139  -7.208  41.889 0.0000000000
89518  53.883  -7.853  42.255 0.0000000000
46605  29.357  -45.273  76.328 0.0000000000
46604  30.391  -45.351  76.316 0.0000000000
46469  17.380  -45.510  86.871 0.0000000000
45186  16.332  -45.550  86.863 0.0000000000
82599  47.184  -14.267  50.285 0.0000000000
83757  48.366  -14.052  50.934 0.0000000000
78125  47.987  -18.775  51.216 0.0000000000
78124  48.997  -18.495  51.282 0.0000000000
77025  49.374  -18.917  51.603 0.0000000000
77008  49.683  -19.265  52.141 0.0000000000
66253  45.515  -28.787  57.495 0.0000000000
40447  9.403  -49.740  89.759 0.0000000000
67420  40.233  -27.225  53.262 0.0000000000
66309  40.212  -28.471  54.842 0.0000000000
65080  40.508  -30.362  58.430 0.0000000000
65062  40.651  -30.457  59.495 0.0000000000
65038  40.824  -30.444  60.515 0.0000000000
50439  36.204  -42.101  69.883 0.0000000000
50427  35.662  -42.878  70.414 0.0000000000
46620  33.053  -44.778  75.509 0.0000000000
46619  34.248  -44.475  75.058 0.0000000000
46515  25.893  -45.802  79.929 0.0000000000
45310  21.284  -45.558  80.611 0.0000000000
46502  16.641  -45.120  81.275 0.0000000000
46490  17.437  -45.371  82.014 0.0000000000
46491  16.647  -45.193  82.194 0.0000000000
46483  16.750  -45.240  83.009 0.0000000000
46492  16.003  -45.120  82.534 0.0000000000
49056  24.693  -43.854  73.877 0.0000000000
49072  24.062  -43.011  72.812 0.0000000000
46513  26.884  -45.969  79.465 0.0000000000
42841  25.265  -47.473  82.380 0.0000000000
41565  12.719  -49.023  92.777 0.0000000000
42761  13.129  -48.425  92.507 0.0000000000
87199  58.357  -11.227  49.989 0.0000000000
86062  58.956  -11.769  50.316 0.0000000000
86063  58.419  -11.431  50.752 0.0000000000
82537  57.728  -14.317  54.009 0.0000000000
81417  57.713  -14.859  53.717 0.0000000000
80308  56.755  -15.849  53.682 0.0000000000
80296  56.767  -15.956  54.289 0.0000000000
81435  52.998  -15.562  52.754 0.0000000000
81434  53.762  -15.196  52.889 0.0000000000
81404  53.859  -15.517  54.268 0.0000000000
75804  47.130  -21.468  55.931 0.0000000000
75814  47.382  -20.709  55.741 0.0000000000
75802  48.237  -20.825  56.514 0.0000000000
76974  48.270  -20.436  56.295 0.0000000000
75795  48.745  -20.999  56.881 0.0000000000
68615  49.785  -26.127  57.543 0.0000000000
68614  50.355  -25.693  57.652 0.0000000000
66178  34.708  -30.432  62.017 0.0000000000
64925  39.850  -30.128  65.446 0.0000000000
64950  41.303  -30.199  64.461 0.0000000000
55366  35.113  -38.002  67.198 0.0000000000
58657  37.927  -34.679  69.212 0.0000000000
58658  37.600  -34.664  68.524 0.0000000000
59984  37.806  -34.008  68.934 0.0000000000
59972  37.747  -33.380  68.998 0.0000000000
59971  38.092  -33.735  69.509 0.0000000000
64799  40.164  -30.698  71.979 0.0000000000
64813  39.288  -30.613  71.046 0.0000000000
64812  40.197  -30.165  71.265 0.0000000000
64811  41.229  -29.693  71.494 0.0000000000
85021  52.609  -12.195  45.605 0.0000000000
86122  51.550  -11.586  45.337 0.0000000000
86121  52.800  -11.766  44.977 0.0000000000
86120  53.754  -11.847  44.760 0.0000000000
85019  54.216  -12.094  45.267 0.0000000000
87200  57.593  -11.065  49.736 0.0000000000
87198  59.029  -11.556  49.704 0.0000000000
91721  59.648  -6.381  41.796 0.0000000000
92771  59.208  -5.658  41.001 0.0000000000
90657  59.737  -6.610  41.353 0.0000000000
90656  59.979  -7.139  41.670 0.0000000000
89488  58.618  -8.697  44.563 0.0000000000
90608  59.394  -8.430  44.601 0.0000000000
89474  59.195  -8.737  45.039 0.0000000000
46535  30.116  -45.314  78.791 0.0000000000
45301  30.128  -45.925  79.762 0.0000000000
45189  14.357  -46.068  87.355 0.0000000000
45176  14.292  -46.058  88.181 0.0000000000
45168  13.585  -46.338  89.362 0.0000000000
45167  14.360  -46.068  89.019 0.0000000000
46433  15.494  -45.646  90.545 0.0000000000
45148  14.631  -45.856  90.874 0.0000000000
80331  45.167  -16.875  50.788 0.0000000000
79222  47.142  -17.892  51.361 0.0000000000
79223  45.649  -18.200  50.977 0.0000000000
65057  45.742  -29.901  60.033 0.0000000000
65056  46.557  -29.925  60.281 0.0000000000
40442  7.763  -49.733  91.143 0.0000000000
39410  7.837  -50.615  91.769 0.0000000000
38395  8.316  -51.302  92.352 0.0000000000
50464  30.432  -41.785  69.353 0.0000000000
50445  30.895  -42.015  69.810 0.0000000000
49116  31.729  -43.004  70.198 0.0000000000
49099  33.122  -43.703  70.829 0.0000000000
46566  23.742  -45.325  78.097 0.0000000000
47755  21.536  -44.560  77.759 0.0000000000
46568  22.023  -44.994  78.370 0.0000000000
49042  23.243  -43.451  74.556 0.0000000000
47800  23.524  -43.829  75.156 0.0000000000
47799  24.369  -44.202  75.189 0.0000000000
47766  23.572  -44.666  77.250 0.0000000000
46591  24.306  -45.113  77.651 0.0000000000
45210  23.639  -46.104  84.117 0.0000000000
43991  23.394  -46.580  84.250 0.0000000000
87176  55.645  -11.463  51.343 0.0000000000
87177  54.718  -11.560  51.283 0.0000000000
86025  54.551  -12.072  52.374 0.0000000000
87155  55.243  -11.888  52.237 0.0000000000
86024  55.373  -12.142  52.387 0.0000000000
84926  56.665  -12.968  52.863 0.0000000000
84927  55.906  -13.081  52.811 0.0000000000
80266  53.027  -16.661  55.567 0.0000000000
80265  53.659  -16.365  56.123 0.0000000000
80240  54.652  -17.008  58.323 0.0000000000
75830  43.740  -21.626  53.460 0.0000000000
73347  45.319  -23.042  54.866 0.0000000000
74572  44.964  -22.411  54.478 0.0000000000
73336  45.960  -22.733  55.097 0.0000000000
74557  46.761  -22.278  55.659 0.0000000000
73320  46.875  -22.780  55.860 0.0000000000
66136  34.379  -29.716  64.077 0.0000000000
66135  35.388  -30.216  64.257 0.0000000000
64900  37.564  -29.935  66.305 0.0000000000
64926  38.758  -30.274  65.474 0.0000000000
56378  38.944  -36.451  70.225 0.0000000000
56385  38.461  -36.207  69.683 0.0000000000
85003  49.025  -13.081  47.350 0.0000000000
85014  49.434  -12.636  46.815 0.0000000000
84988  52.180  -12.941  48.001 0.0000000000
85001  51.329  -13.111  47.189 0.0000000000
86065  54.111  -11.978  49.936 0.0000000000
86078  54.453  -12.166  49.077 0.0000000000
90661  55.843  -7.138  40.844 0.0000000000
90671  56.787  -6.727  40.545 0.0000000000
90669  58.116  -6.576  41.329 0.0000000000
90659  58.046  -7.115  41.805 0.0000000000
90658  58.570  -6.778  42.309 0.0000000000
89515  56.400  -8.791  41.986 0.0000000000
89514  57.468  -8.571  42.611 0.0000000000
46661  29.051  -44.433  73.936 0.0000000000
46660  29.943  -44.593  73.882 0.0000000000
46621  31.903  -44.990  75.490 0.0000000000
46602  32.339  -44.935  76.371 0.0000000000
46467  18.504  -45.592  87.671 0.0000000000
45185  19.061  -45.694  87.840 0.0000000000
45172  19.260  -46.005  88.023 0.0000000000
45161  18.953  -46.040  88.385 0.0000000000
46453  17.082  -45.558  88.487 0.0000000000
46444  17.098  -45.663  89.250 0.0000000000
84978  49.558  -13.439  50.189 0.0000000000
84966  49.928  -13.427  50.586 0.0000000000
83764  49.642  -13.763  50.899 0.0000000000
82574  49.766  -14.513  51.690 0.0000000000
81437  50.940  -15.506  51.777 0.0000000000
81448  47.069  -15.763  51.195 0.0000000000
78122  50.481  -18.023  51.616 0.0000000000
80327  49.918  -16.928  51.196 0.0000000000
79217  51.203  -17.592  51.898 0.0000000000
80325  51.320  -17.203  51.820 0.0000000000
79198  51.696  -17.652  53.052 0.0000000000
78085  50.776  -18.594  54.842 0.0000000000
78084  51.375  -18.081  54.567 0.0000000000
79169  51.355  -18.198  55.523 0.0000000000
78069  51.367  -18.387  56.361 0.0000000000
68641  44.392  -26.699  55.716 0.0000000000
69892  45.344  -25.837  55.744 0.0000000000
67354  47.326  -28.057  57.517 0.0000000000
68616  48.684  -26.835  57.452 0.0000000000
66220  47.715  -29.010  59.838 0.0000000000
66236  47.468  -28.657  58.876 0.0000000000
67323  48.859  -28.054  59.675 0.0000000000
67310  50.585  -27.573  60.022 0.0000000000
67321  50.222  -27.353  59.336 0.0000000000
68547  51.272  -27.030  59.686 0.0000000000
63713  35.328  -31.170  66.090 0.0000000000
85005  47.628  -12.277  47.696 0.0000000000
84991  47.802  -12.850  47.903 0.0000000000
83779  48.990  -13.588  49.740 0.0000000000
83792  48.384  -13.462  48.539 0.0000000000
83778  49.770  -13.507  49.550 0.0000000000
92729  53.727  -5.745  43.869 0.0000000000
42813  10.280  -48.138  88.219 0.0000000000
42805  11.481  -48.158  89.011 0.0000000000
42806  10.764  -48.435  88.810 0.0000000000
41591  10.687  -49.207  90.708 0.0000000000
42774  11.056  -48.585  91.802 0.0000000000
41576  10.835  -49.260  92.263 0.0000000000
39417  9.034  -50.759  91.707 0.0000000000
39416  9.603  -50.599  91.882 0.0000000000
72190  42.451  -23.922  53.337 0.0000000000
71065  42.173  -24.839  53.096 0.0000000000
68671  41.026  -26.656  53.502 0.0000000000
68669  42.450  -26.350  54.122 0.0000000000
69931  42.538  -25.727  53.722 0.0000000000
69919  42.712  -26.112  54.246 0.0000000000
68654  43.583  -26.561  55.190 0.0000000000
68655  42.553  -26.741  54.597 0.0000000000
67373  42.417  -28.154  55.748 0.0000000000
66274  43.683  -28.588  56.508 0.0000000000
65129  39.650  -29.408  55.874 0.0000000000
65093  43.178  -29.736  57.859 0.0000000000
65077  43.361  -29.826  58.739 0.0000000000
65035  43.862  -30.176  60.649 0.0000000000
64996  43.352  -30.513  62.644 0.0000000000
53163  33.217  -39.348  67.212 0.0000000000
54304  33.614  -39.196  67.339 0.0000000000
51849  32.461  -41.329  68.137 0.0000000000
51847  34.269  -41.171  68.159 0.0000000000
53134  35.861  -40.033  68.483 0.0000000000
51845  36.128  -40.907  68.616 0.0000000000
50438  37.087  -41.844  70.123 0.0000000000
51830  38.543  -40.816  70.181 0.0000000000
50424  38.541  -41.823  70.949 0.0000000000
47820  31.468  -44.436  72.982 0.0000000000
47819  32.523  -44.324  73.025 0.0000000000
47833  34.387  -43.931  72.381 0.0000000000
49082  34.201  -43.707  71.604 0.0000000000
47832  34.985  -43.763  72.473 0.0000000000
49052  37.060  -44.061  73.676 0.0000000000
49053  36.432  -44.085  73.533 0.0000000000
49079  36.957  -42.986  72.429 0.0000000000
49094  37.130  -42.966  71.684 0.0000000000
50415  37.618  -43.452  72.828 0.0000000000
50395  39.108  -41.816  72.637 0.0000000000
45260  27.844  -46.647  80.301 0.0000000000
44016  27.496  -47.007  80.733 0.0000000000
45283  25.891  -46.206  80.822 0.0000000000
45262  26.116  -46.495  81.177 0.0000000000
45263  25.519  -46.177  81.640 0.0000000000
45241  25.715  -46.306  81.763 0.0000000000
45330  23.878  -45.755  79.750 0.0000000000
45308  23.481  -45.718  80.520 0.0000000000
45265  23.776  -45.995  82.138 0.0000000000
45244  23.495  -46.107  83.056 0.0000000000
47757  19.260  -44.204  77.940 0.0000000000
47748  18.953  -44.298  78.487 0.0000000000
46546  19.919  -44.909  79.311 0.0000000000
46547  18.939  -44.621  79.187 0.0000000000
46572  17.126  -44.508  78.582 0.0000000000
46549  16.957  -44.754  79.443 0.0000000000
46481  17.898  -45.672  82.526 0.0000000000
45248  19.628  -46.161  83.433 0.0000000000
45251  16.657  -45.428  83.678 0.0000000000
45272  14.498  -45.691  82.313 0.0000000000
45254  13.438  -46.124  83.516 0.0000000000
45219  15.223  -45.679  85.371 0.0000000000
43994  12.320  -46.785  85.516 0.0000000000
45222  12.992  -46.672  86.039 0.0000000000
43987  10.654  -47.197  86.459 0.0000000000
43979  9.113  -47.411  86.724 0.0000000000
50448  27.285  -42.052  70.063 0.0000000000
50447  28.371  -42.066  70.042 0.0000000000
49119  28.439  -42.720  70.519 0.0000000000
49106  25.525  -42.744  71.137 0.0000000000
50430  26.208  -42.483  70.538 0.0000000000
49070  26.568  -43.791  72.977 0.0000000000
49087  27.627  -43.827  72.231 0.0000000000
47824  27.755  -44.027  73.286 0.0000000000
46644  27.140  -44.638  74.844 0.0000000000
46624  28.800  -44.954  75.484 0.0000000000
47783  25.588  -44.894  76.059 0.0000000000
46608  26.024  -44.990  76.541 0.0000000000
46587  27.874  -45.643  77.193 0.0000000000
45304  27.160  -46.022  79.969 0.0000000000
45303  28.137  -46.057  79.865 0.0000000000
45259  28.456  -46.609  80.120 0.0000000000
42846  27.257  -47.509  81.252 0.0000000000
45183  20.751  -46.084  86.709 0.0000000000
43973  21.096  -46.291  86.403 0.0000000000
42818  20.909  -46.667  86.462 0.0000000000
43955  12.177  -47.495  90.365 0.0000000000
43954  12.648  -46.842  89.998 0.0000000000
43919  13.948  -47.681  92.086 0.0000000000
43938  13.781  -46.814  91.437 0.0000000000
43929  14.490  -47.235  91.634 0.0000000000
45128  15.181  -46.626  91.608 0.0000000000
42770  14.684  -47.739  91.575 0.0000000000
86035  57.813  -12.162  51.898 0.0000000000
84941  58.570  -12.400  51.444 0.0000000000
82567  57.310  -14.783  52.668 0.0000000000
84944  52.015  -12.980  51.643 0.0000000000
84930  53.199  -12.852  51.947 0.0000000000
83725  52.996  -13.330  52.029 0.0000000000
82540  55.510  -14.352  53.792 0.0000000000
82551  55.412  -13.987  53.187 0.0000000000
83705  56.362  -14.442  54.685 0.0000000000
82531  56.568  -14.646  55.003 0.0000000000
81378  55.289  -15.915  57.208 0.0000000000
81386  55.110  -15.677  56.450 0.0000000000
81377  56.024  -15.837  57.322 0.0000000000
80255  56.573  -16.277  56.417 0.0000000000
80264  56.587  -16.487  55.712 0.0000000000
80263  56.770  -16.018  55.771 0.0000000000
79183  56.382  -16.915  55.484 0.0000000000
80280  56.510  -16.613  54.871 0.0000000000
78115  44.324  -19.118  51.145 0.0000000000
78127  45.819  -19.344  51.134 0.0000000000
75844  45.786  -21.187  53.311 0.0000000000
75862  47.295  -20.762  53.236 0.0000000000
76999  48.008  -20.441  53.845 0.0000000000
77010  48.021  -20.369  52.813 0.0000000000
76992  48.672  -20.075  54.532 0.0000000000
76966  49.597  -19.833  57.355 0.0000000000
78057  49.746  -19.475  56.840 0.0000000000
76965  50.431  -19.723  57.812 0.0000000000
78045  51.042  -19.399  58.141 0.0000000000
78036  51.239  -19.673  58.416 0.0000000000
69891  46.489  -25.895  55.888 0.0000000000
70996  49.418  -24.424  56.834 0.0000000000
72136  48.800  -23.536  56.736 0.0000000000
73318  48.174  -22.825  56.707 0.0000000000
72124  51.618  -22.889  57.926 0.0000000000
73300  51.235  -22.205  58.098 0.0000000000
73302  49.998  -22.104  57.842 0.0000000000
73301  50.573  -22.072  57.999 0.0000000000
74514  50.655  -21.220  58.210 0.0000000000
74529  51.045  -21.407  58.331 0.0000000000
65042  36.464  -31.004  60.381 0.0000000000
63808  36.925  -30.812  59.886 0.0000000000
63807  37.498  -30.741  59.782 0.0000000000
63796  37.826  -30.857  60.463 0.0000000000
66154  36.637  -30.628  63.741 0.0000000000
64978  36.561  -30.903  62.762 0.0000000000
64977  37.185  -30.697  63.274 0.0000000000
64975  39.674  -30.336  63.449 0.0000000000
65000  39.266  -30.678  62.459 0.0000000000
65018  41.045  -30.504  61.509 0.0000000000
64949  42.325  -30.140  64.461 0.0000000000
64971  43.669  -30.412  63.618 0.0000000000
56394  36.693  -36.903  67.743 0.0000000000
58663  37.137  -34.482  67.762 0.0000000000
58664  36.530  -34.753  67.032 0.0000000000
60001  36.110  -33.330  66.674 0.0000000000
61294  37.046  -32.263  68.471 0.0000000000
62568  36.832  -31.880  68.275 0.0000000000
63695  36.742  -31.438  67.754 0.0000000000
63694  37.374  -31.445  68.426 0.0000000000
55308  40.546  -37.704  72.692 0.0000000000
55294  40.530  -37.155  72.834 0.0000000000
57416  40.360  -35.529  72.508 0.0000000000
57417  40.012  -35.539  71.847 0.0000000000
58631  39.746  -34.732  71.656 0.0000000000
62527  39.717  -31.997  72.063 0.0000000000
62519  39.883  -32.576  72.290 0.0000000000
62528  39.622  -32.380  71.825 0.0000000000
61264  39.419  -33.111  71.214 0.0000000000
62544  39.236  -32.313  70.841 0.0000000000
62545  38.646  -32.273  70.212 0.0000000000
64826  38.785  -30.425  69.999 0.0000000000
63682  38.358  -31.238  69.673 0.0000000000
64827  38.402  -30.898  69.674 0.0000000000
64843  37.941  -30.945  68.571 0.0000000000
64841  38.844  -29.918  69.236 0.0000000000
64859  40.071  -29.852  68.375 0.0000000000
64877  40.331  -29.956  67.396 0.0000000000
64858  41.082  -29.794  68.328 0.0000000000
66048  42.047  -29.253  70.997 0.0000000000
66047  42.630  -29.136  70.780 0.0000000000
64837  42.685  -29.426  69.087 0.0000000000
64856  42.975  -29.542  68.185 0.0000000000
64874  43.264  -29.689  67.262 0.0000000000
64895  42.592  -29.889  66.355 0.0000000000
90623  52.908  -6.897  43.994 0.0000000000
86112  49.607  -11.803  46.291 0.0000000000
87233  49.679  -10.475  46.165 0.0000000000
87260  52.943  -9.643  43.423 0.0000000000
88353  52.702  -8.805  43.276 0.0000000000
88351  54.184  -9.882  42.778 0.0000000000
86128  55.214  -11.459  44.293 0.0000000000
87257  55.607  -10.841  43.611 0.0000000000
87246  56.021  -11.139  44.228 0.0000000000
87256  56.640  -10.537  43.920 0.0000000000
87245  56.576  -10.937  44.811 0.0000000000
86101  54.895  -12.146  47.069 0.0000000000
86108  55.430  -11.935  46.118 0.0000000000
86100  55.812  -11.659  46.967 0.0000000000
87221  57.600  -10.379  47.569 0.0000000000
87230  57.485  -10.295  46.674 0.0000000000
87237  57.397  -10.339  45.816 0.0000000000
88317  58.189  -9.870  46.727 0.0000000000
88316  58.869  -9.687  46.738 0.0000000000
88308  59.008  -9.944  47.558 0.0000000000
87219  59.533  -11.024  48.165 0.0000000000
92774  56.788  -4.917  39.837 0.0000000000
92790  57.714  -4.408  39.706 0.0000000000
92789  58.031  -4.416  40.137 0.0000000000
91700  59.009  -7.134  43.080 0.0000000000
44021  29.988  -46.677  80.076 0.0000000000
45157  13.318  -46.132  90.062 0.0000000000
65013  46.333  -30.589  61.689 0.0000000000
63783  46.701  -30.700  62.405 0.0000000000
47846  31.675  -43.993  71.508 0.0000000000
49021  21.936  -43.502  75.282 0.0000000000
45227  22.431  -45.893  84.234 0.0000000000
45211  22.963  -46.006  84.833 0.0000000000
45195  22.421  -46.040  85.358 0.0000000000
43983  22.388  -46.146  85.518 0.0000000000
43984  21.893  -46.407  85.841 0.0000000000
87192  53.761  -11.770  50.559 0.0000000000
87178  53.799  -11.578  51.179 0.0000000000
86039  53.645  -11.987  51.771 0.0000000000
86026  53.772  -12.127  52.053 0.0000000000
79138  52.650  -17.414  57.107 0.0000000000
80250  53.428  -16.884  57.523 0.0000000000
79128  53.862  -17.612  58.645 0.0000000000
73357  43.585  -22.935  53.893 0.0000000000
72170  46.001  -23.695  55.422 0.0000000000
66112  36.112  -30.288  65.239 0.0000000000
66091  36.712  -29.928  66.028 0.0000000000
53111  38.254  -39.793  69.610 0.0000000000
54264  38.819  -38.549  69.945 0.0000000000
54245  39.203  -37.847  70.287 0.0000000000
86091  52.876  -12.564  48.688 0.0000000000
86080  52.707  -12.523  49.583 0.0000000000
86066  53.375  -12.299  50.175 0.0000000000
89529  57.171  -8.028  41.773 0.0000000000
89516  55.380  -8.625  41.747 0.0000000000
88369  55.537  -9.433  42.306 0.0000000000
46641  30.373  -44.952  74.631 0.0000000000
45200  17.722  -45.655  86.418 0.0000000000
46468  17.921  -45.579  87.232 0.0000000000
46460  17.841  -45.576  87.986 0.0000000000
46437  16.132  -45.591  90.102 0.0000000000
45164  17.076  -45.783  89.763 0.0000000000
83765  49.038  -13.739  50.566 0.0000000000
82587  48.634  -14.586  51.258 0.0000000000
81446  49.156  -14.895  51.565 0.0000000000
78123  49.961  -18.437  51.564 0.0000000000
78112  50.799  -18.202  52.021 0.0000000000
79199  51.321  -18.212  53.118 0.0000000000
78102  50.886  -18.511  52.753 0.0000000000
78103  50.303  -18.988  53.005 0.0000000000
78095  50.224  -19.118  54.029 0.0000000000
67370  45.746  -27.682  56.467 0.0000000000
67355  46.270  -28.053  56.940 0.0000000000
67337  47.601  -28.325  58.213 0.0000000000
41612  9.543  -48.957  88.873 0.0000000000
41611  10.288  -48.927  89.092 0.0000000000
40446  9.997  -49.438  89.529 0.0000000000
40439  10.194  -49.803  90.169 0.0000000000
40433  10.253  -49.870  91.019 0.0000000000
67419  40.699  -27.077  53.413 0.0000000000
67401  41.595  -27.438  54.314 0.0000000000
68656  41.959  -27.240  54.439 0.0000000000
67374  41.825  -28.379  55.717 0.0000000000
65097  39.251  -29.970  57.403 0.0000000000
65096  40.411  -29.917  57.333 0.0000000000
65079  41.498  -30.226  58.600 0.0000000000
65060  42.604  -30.028  59.621 0.0000000000
65017  42.027  -30.411  61.529 0.0000000000
53151  32.654  -40.214  67.564 0.0000000000
50442  33.555  -42.667  69.516 0.0000000000
50461  33.416  -42.099  68.766 0.0000000000
50459  35.071  -41.940  69.290 0.0000000000
51833  35.843  -41.697  69.098 0.0000000000
50425  37.438  -42.488  71.127 0.0000000000
46657  32.796  -44.593  73.800 0.0000000000
49051  37.625  -43.661  73.689 0.0000000000
45305  26.278  -45.971  80.276 0.0000000000
45332  22.478  -45.453  79.716 0.0000000000
45309  22.355  -45.599  80.355 0.0000000000
46571  18.064  -44.457  78.567 0.0000000000
46522  16.764  -44.998  80.327 0.0000000000
45252  15.623  -45.480  83.246 0.0000000000
44001  11.865  -46.585  84.784 0.0000000000
49090  24.352  -42.889  72.136 0.0000000000
49089  25.092  -43.143  71.881 0.0000000000
47825  26.917  -43.926  73.648 0.0000000000
46645  26.580  -44.691  74.969 0.0000000000
46589  25.930  -45.196  77.508 0.0000000000
46563  26.555  -45.718  78.164 0.0000000000
46538  27.249  -45.933  78.945 0.0000000000
43940  12.305  -47.857  91.789 0.0000000000
43931  12.809  -47.811  92.183 0.0000000000
43920  13.401  -47.898  92.277 0.0000000000
83719  57.935  -13.699  53.384 0.0000000000
82550  57.646  -14.838  53.395 0.0000000000
81431  56.835  -15.563  53.014 0.0000000000
80309  56.134  -15.963  53.382 0.0000000000
83740  53.242  -13.844  52.215 0.0000000000
82570  53.826  -14.588  52.561 0.0000000000
82553  54.259  -15.015  53.214 0.0000000000
82533  54.976  -15.195  54.896 0.0000000000
79137  55.834  -17.545  57.449 0.0000000000
80246  56.429  -16.530  57.095 0.0000000000
75816  46.227  -21.613  54.720 0.0000000000
75827  46.624  -21.100  54.516 0.0000000000
75826  47.159  -20.584  55.066 0.0000000000
76985  48.477  -20.064  55.483 0.0000000000
76967  48.800  -20.158  56.959 0.0000000000
76957  50.226  -20.227  57.887 0.0000000000
69868  47.705  -25.797  56.444 0.0000000000
70998  47.345  -24.593  56.280 0.0000000000
74527  52.337  -21.692  58.613 0.0000000000
65023  35.877  -31.050  61.140 0.0000000000
65022  36.852  -31.000  61.205 0.0000000000
64974  40.740  -30.264  63.477 0.0000000000
64922  42.924  -29.944  65.395 0.0000000000
59999  37.112  -33.471  67.926 0.0000000000
61305  37.172  -33.119  68.300 0.0000000000
61293  37.393  -32.725  68.702 0.0000000000
62559  37.706  -32.096  69.147 0.0000000000
56349  40.634  -36.493  73.234 0.0000000000
57401  40.795  -35.779  73.737 0.0000000000
57406  40.547  -35.586  73.228 0.0000000000
58620  40.438  -34.751  72.955 0.0000000000
63674  38.670  -31.446  70.481 0.0000000000
63673  38.837  -31.010  71.098 0.0000000000
86110  51.198  -11.972  45.722 0.0000000000
86123  50.741  -11.223  45.421 0.0000000000
87249  52.771  -10.435  43.947 0.0000000000
87248  53.766  -10.881  43.715 0.0000000000
87258  54.561  -10.618  43.291 0.0000000000
86129  54.265  -11.382  44.085 0.0000000000
87213  56.161  -11.348  48.189 0.0000000000
87223  56.198  -11.391  47.499 0.0000000000
87212  56.889  -10.981  48.393 0.0000000000
88302  58.573  -10.265  48.136 0.0000000000
87210  58.433  -10.735  48.847 0.0000000000
92772  58.856  -5.469  40.809 0.0000000000
93815  58.843  -4.798  40.385 0.0000000000
91731  59.595  -6.123  40.952 0.0000000000
90621  59.225  -8.156  44.218 0.0000000000
88334  59.875  -9.380  44.640 0.0000000000
46534  31.108  -45.240  78.730 0.0000000000
45277  30.286  -46.230  79.836 0.0000000000
45187  15.741  -45.686  86.874 0.0000000000
46462  16.116  -45.522  87.422 0.0000000000
46463  15.671  -45.679  87.322 0.0000000000
46455  15.615  -45.630  87.814 0.0000000000
46446  15.430  -45.610  88.757 0.0000000000
46447  14.868  -45.767  88.965 0.0000000000
46438  15.575  -45.598  89.736 0.0000000000
46432  15.985  -45.610  90.752 0.0000000000
45146  16.159  -45.856  91.087 0.0000000000
45135  16.196  -46.656  91.178 0.0000000000
81449  45.863  -15.693  50.633 0.0000000000
66237  46.478  -28.936  58.671 0.0000000000
65032  47.092  -30.145  60.985 0.0000000000
66208  47.988  -29.132  61.000 0.0000000000
40441  8.172  -49.730  90.631 0.0000000000
40435  8.286  -50.321  91.271 0.0000000000
40436  7.483  -49.839  91.478 0.0000000000
39409  8.954  -51.006  91.905 0.0000000000
38394  9.235  -51.285  92.368 0.0000000000
50444  31.627  -42.186  69.760 0.0000000000
50443  32.567  -42.437  69.590 0.0000000000
49114  33.715  -43.183  70.234 0.0000000000
49113  34.409  -43.295  70.349 0.0000000000
46542  23.362  -45.522  78.980 0.0000000000
46543  22.480  -45.336  79.106 0.0000000000
46516  22.075  -45.364  79.624 0.0000000000
46518  20.584  -45.141  80.101 0.0000000000
45290  15.108  -45.406  81.464 0.0000000000
45291  14.531  -45.514  81.316 0.0000000000
47812  24.407  -43.934  74.361 0.0000000000
46590  25.048  -45.135  77.507 0.0000000000
87189  56.630  -11.262  50.577 0.0000000000
87187  57.927  -11.082  51.225 0.0000000000
87175  56.554  -11.599  51.381 0.0000000000
87174  57.256  -11.732  51.371 0.0000000000
87153  56.896  -11.854  52.210 0.0000000000
87166  55.645  -11.806  52.052 0.0000000000
86037  56.013  -11.976  52.225 0.0000000000
86022  56.822  -12.544  52.095 0.0000000000
83720  57.600  -13.367  53.312 0.0000000000
83713  57.580  -13.886  53.929 0.0000000000
82538  57.345  -14.452  54.465 0.0000000000
81405  53.226  -16.084  54.546 0.0000000000
81396  53.730  -15.856  55.322 0.0000000000
81379  54.597  -15.997  56.957 0.0000000000
80248  55.334  -16.432  57.803 0.0000000000
80239  55.341  -17.044  58.077 0.0000000000
80238  55.611  -17.037  57.863 0.0000000000
75846  43.714  -20.985  53.098 0.0000000000
74599  44.252  -21.470  53.516 0.0000000000
74598  44.743  -21.589  53.792 0.0000000000
74586  45.118  -21.886  54.242 0.0000000000
75817  45.715  -21.729  54.355 0.0000000000
74570  46.444  -21.898  55.255 0.0000000000
74569  46.860  -21.735  55.717 0.0000000000
74555  47.828  -21.725  56.480 0.0000000000
68566  51.509  -26.335  59.045 0.0000000000
69843  51.157  -25.664  58.246 0.0000000000
66177  35.495  -30.732  62.312 0.0000000000
64954  37.020  -30.592  63.989 0.0000000000
66133  37.271  -30.351  64.990 0.0000000000
64897  40.597  -30.122  66.427 0.0000000000
54285  35.484  -38.983  68.166 0.0000000000
55365  35.899  -38.072  67.550 0.0000000000
56387  37.280  -37.259  68.398 0.0000000000
55337  38.232  -37.741  69.472 0.0000000000
56386  37.909  -36.703  69.101 0.0000000000
57442  38.176  -35.538  69.454 0.0000000000
86113  48.800  -11.791  46.793 0.0000000000
85012  51.476  -12.491  46.089 0.0000000000
85011  52.501  -12.501  46.230 0.0000000000
85010  53.313  -12.407  46.111 0.0000000000
85009  54.084  -12.369  45.873 0.0000000000
84998  54.035  -12.476  46.624 0.0000000000
86089  54.695  -12.193  48.116 0.0000000000
86090  53.767  -12.388  48.430 0.0000000000
86077  55.391  -11.876  48.711 0.0000000000
87202  55.982  -11.374  49.169 0.0000000000
91735  56.128  -6.036  40.335 0.0000000000
91733  58.369  -6.115  40.937 0.0000000000
91732  58.798  -5.857  41.280 0.0000000000
91722  58.820  -6.281  41.875 0.0000000000
91710  59.878  -6.894  42.448 0.0000000000
91711  59.387  -6.779  42.687 0.0000000000
91712  58.835  -6.814  42.652 0.0000000000
91701  58.770  -7.188  42.963 0.0000000000
90649  58.089  -7.757  42.639 0.0000000000
90635  58.648  -7.765  43.418 0.0000000000
89500  58.551  -8.292  43.942 0.0000000000
89501  58.063  -8.697  43.644 0.0000000000
89489  58.079  -9.235  44.259 0.0000000000
47838  29.266  -43.953  72.609 0.0000000000
47837  30.099  -43.994  72.511 0.0000000000
47821  30.484  -44.321  73.099 0.0000000000
46639  32.413  -44.811  74.599 0.0000000000
46583  31.857  -44.981  77.173 0.0000000000
46557  32.338  -44.868  77.916 0.0000000000
46582  32.735  -44.886  77.156 0.0000000000
45214  20.338  -46.107  85.494 0.0000000000
45184  19.862  -46.008  87.293 0.0000000000
43975  20.026  -46.235  87.267 0.0000000000
42809  19.858  -46.582  87.273 0.0000000000
46451  18.375  -45.906  88.471 0.0000000000
46443  17.381  -45.891  89.272 0.0000000000
45174  18.238  -46.000  88.687 0.0000000000
45162  18.459  -46.150  88.583 0.0000000000
86055  51.408  -12.680  51.066 0.0000000000
84957  50.943  -12.965  51.090 0.0000000000
84945  50.801  -13.459  51.453 0.0000000000
83742  51.242  -13.847  51.751 0.0000000000
83755  49.826  -14.009  51.264 0.0000000000
83743  50.390  -13.998  51.561 0.0000000000
82572  51.655  -14.659  51.838 0.0000000000
81439  49.160  -16.058  51.775 0.0000000000
80328  48.949  -16.740  51.435 0.0000000000
80317  49.625  -16.297  51.556 0.0000000000
80316  50.380  -16.277  51.540 0.0000000000
80315  51.285  -16.412  51.741 0.0000000000
80314  51.959  -16.683  52.494 0.0000000000
80313  52.642  -16.343  53.253 0.0000000000
80300  52.703  -16.467  54.056 0.0000000000
80267  52.513  -16.967  55.108 0.0000000000
79167  52.528  -17.117  55.478 0.0000000000
78093  51.395  -18.059  53.993 0.0000000000
79168  51.963  -17.473  55.222 0.0000000000
79148  52.616  -17.319  56.035 0.0000000000
79139  52.186  -18.144  57.488 0.0000000000
78043  52.388  -18.316  58.270 0.0000000000
69917  44.169  -25.621  54.969 0.0000000000
69893  44.748  -25.722  55.446 0.0000000000
68639  46.540  -27.193  56.428 0.0000000000
69890  47.068  -26.606  56.351 0.0000000000
68588  49.726  -26.986  58.380 0.0000000000
67336  48.456  -27.904  58.397 0.0000000000
67335  49.195  -27.430  58.549 0.0000000000
64902  34.546  -30.456  65.223 0.0000000000
64882  35.708  -30.686  66.343 0.0000000000
53051  40.773  -39.175  72.292 0.0000000000
53071  40.332  -39.285  71.619 0.0000000000
54189  41.239  -38.346  73.166 0.0000000000
85004  48.248  -12.371  47.370 0.0000000000
83802  49.183  -13.592  48.040 0.0000000000
83801  49.855  -13.678  48.447 0.0000000000
83790  50.028  -13.618  49.152 0.0000000000
84976  50.434  -13.249  49.650 0.0000000000
91714  53.497  -6.383  42.930 0.0000000000
43968  11.448  -47.487  88.355 0.0000000000
42798  11.660  -48.137  89.919 0.0000000000
42790  11.057  -48.562  90.364 0.0000000000
42789  11.651  -48.094  90.782 0.0000000000
42781  11.662  -48.193  91.495 0.0000000000
42763  12.002  -48.712  92.353 0.0000000000
41585  10.359  -49.794  91.799 0.0000000000
41567  11.215  -49.427  92.652 0.0000000000
40414  12.138  -49.651  92.848 0.0000000000
73358  42.682  -22.960  53.196 0.0000000000
72189  43.137  -23.795  53.747 0.0000000000
71063  43.483  -24.665  53.978 0.0000000000
69930  43.175  -25.264  53.777 0.0000000000
68642  43.675  -26.995  55.627 0.0000000000
67384  42.852  -27.333  55.368 0.0000000000
67357  44.700  -28.440  56.755 0.0000000000
66254  44.622  -28.870  57.287 0.0000000000
66293  40.534  -28.901  55.521 0.0000000000
66292  41.373  -28.671  55.766 0.0000000000
66276  41.798  -28.815  56.274 0.0000000000
66258  41.286  -29.380  56.945 0.0000000000
66257  42.067  -29.384  56.926 0.0000000000
66256  43.002  -29.361  56.986 0.0000000000
66240  44.022  -29.502  57.949 0.0000000000
66239  44.799  -29.326  58.090 0.0000000000
66223  44.757  -29.410  58.988 0.0000000000
65058  44.751  -29.820  59.837 0.0000000000
65034  44.904  -30.296  60.766 0.0000000000
65014  45.199  -30.667  61.816 0.0000000000
64994  45.149  -30.791  62.675 0.0000000000
63774  44.949  -30.749  63.199 0.0000000000
54323  33.436  -38.694  66.931 0.0000000000
54322  34.015  -38.466  67.228 0.0000000000
51861  31.974  -40.788  67.799 0.0000000000
51860  32.885  -40.700  67.758 0.0000000000
51859  33.639  -40.637  67.817 0.0000000000
54286  34.808  -39.456  67.851 0.0000000000
53112  37.317  -39.972  69.136 0.0000000000
51817  39.787  -40.264  71.335 0.0000000000
47845  32.556  -44.008  71.425 0.0000000000
47844  33.134  -43.949  71.403 0.0000000000
49083  33.561  -43.856  71.349 0.0000000000
49097  34.873  -43.314  70.987 0.0000000000
47796  34.860  -44.206  74.556 0.0000000000
47806  35.218  -44.160  73.895 0.0000000000
47816  35.785  -43.987  73.539 0.0000000000
49068  35.426  -43.592  72.529 0.0000000000
49096  35.749  -43.093  71.309 0.0000000000
49095  36.601  -42.973  71.551 0.0000000000
50414  38.143  -42.717  72.051 0.0000000000
51796  39.684  -40.946  71.895 0.0000000000
51795  40.202  -40.247  71.639 0.0000000000
42844  28.772  -47.431  80.602 0.0000000000
44017  26.461  -46.848  81.198 0.0000000000
44006  26.074  -47.037  81.442 0.0000000000
45329  24.708  -45.723  79.790 0.0000000000
45264  24.663  -46.111  81.878 0.0000000000
45228  21.512  -45.902  84.378 0.0000000000
45229  20.516  -46.075  84.449 0.0000000000
47756  20.351  -44.586  78.087 0.0000000000
47746  20.122  -44.766  78.775 0.0000000000
46498  20.277  -45.212  80.765 0.0000000000
45289  20.213  -45.787  81.800 0.0000000000
45269  19.683  -45.966  82.284 0.0000000000
45217  17.114  -45.565  85.467 0.0000000000
45234  15.389  -45.667  84.389 0.0000000000
45203  15.153  -45.832  86.263 0.0000000000
45204  14.392  -46.028  86.457 0.0000000000
45205  13.671  -46.314  86.696 0.0000000000
45206  12.964  -46.575  86.945 0.0000000000
43976  12.244  -46.981  87.168 0.0000000000
43977  11.402  -47.240  87.316 0.0000000000
43969  10.747  -47.801  88.089 0.0000000000
42814  9.478  -48.246  88.002 0.0000000000
41624  9.860  -48.599  88.523 0.0000000000
41625  9.171  -48.638  88.361 0.0000000000
50477  29.281  -41.110  68.660 0.0000000000
50466  28.296  -41.452  69.312 0.0000000000
49086  28.930  -43.599  71.997 0.0000000000
50429  26.939  -42.781  70.551 0.0000000000
47823  28.668  -44.217  73.344 0.0000000000
47808  28.108  -44.300  73.830 0.0000000000
46586  28.919  -45.464  77.194 0.0000000000
47797  26.271  -44.708  75.067 0.0000000000
46626  26.547  -44.849  75.578 0.0000000000
46536  29.126  -45.334  78.815 0.0000000000
45326  28.715  -45.791  79.367 0.0000000000
45302  29.124  -46.109  79.745 0.0000000000
45279  28.960  -46.469  80.018 0.0000000000
45182  21.272  -46.109  86.341 0.0000000000
45158  12.968  -46.371  90.067 0.0000000000
45149  13.702  -46.159  90.643 0.0000000000
45140  13.318  -46.544  90.926 0.0000000000
45138  14.719  -46.069  91.513 0.0000000000
45127  15.447  -46.765  91.524 0.0000000000
86033  58.701  -12.117  51.040 0.0000000000
83736  58.751  -12.575  51.079 0.0000000000
86041  52.095  -12.660  51.355 0.0000000000
86027  53.271  -12.517  51.750 0.0000000000
84929  53.993  -12.528  52.478 0.0000000000
83739  54.016  -13.729  52.400 0.0000000000
83722  55.148  -13.488  52.799 0.0000000000
84918  56.246  -13.617  53.431 0.0000000000
83714  56.846  -14.167  54.347 0.0000000000
82529  57.497  -14.876  54.634 0.0000000000
81395  54.856  -15.479  55.550 0.0000000000
82524  55.882  -15.183  55.827 0.0000000000
81376  56.409  -16.136  57.067 0.0000000000
81384  56.447  -15.622  56.244 0.0000000000
82523  56.114  -15.060  55.704 0.0000000000
81393  56.663  -15.129  55.387 0.0000000000
81392  57.010  -15.348  55.128 0.0000000000
81402  57.198  -15.483  54.512 0.0000000000
77027  47.680  -19.922  51.706 0.0000000000
75843  46.618  -21.150  53.637 0.0000000000
75863  46.447  -20.823  52.630 0.0000000000
77011  45.985  -20.351  51.795 0.0000000000
75877  46.790  -20.423  51.887 0.0000000000
77009  48.873  -19.973  52.381 0.0000000000
78086  50.031  -19.094  55.120 0.0000000000
76984  49.270  -19.663  55.326 0.0000000000
78071  49.910  -19.282  56.171 0.0000000000
78044  51.718  -18.663  58.006 0.0000000000
78034  52.517  -18.570  58.614 0.0000000000
71042  45.445  -24.687  55.552 0.0000000000
72152  46.237  -24.082  55.712 0.0000000000
72138  46.897  -23.853  56.345 0.0000000000
73334  46.711  -23.349  55.842 0.0000000000
73319  47.331  -23.026  56.257 0.0000000000
74545  47.663  -22.297  56.453 0.0000000000
74544  48.375  -21.924  56.892 0.0000000000
69865  50.938  -25.247  57.727 0.0000000000
70995  50.437  -24.315  57.189 0.0000000000
72133  51.831  -23.692  57.733 0.0000000000
72134  50.884  -23.273  57.537 0.0000000000
73316  50.189  -22.616  57.620 0.0000000000
74543  49.109  -21.658  57.382 0.0000000000
75787  49.616  -21.195  57.561 0.0000000000
75770  50.318  -20.900  57.902 0.0000000000
76945  50.705  -20.387  58.278 0.0000000000
75784  51.818  -21.058  58.392 0.0000000000
75768  51.906  -20.432  58.613 0.0000000000
76944  51.336  -20.041  58.540 0.0000000000
76943  52.061  -19.817  58.782 0.0000000000
78020  52.335  -19.490  58.862 0.0000000000
78019  52.718  -19.125  58.981 0.0000000000
63813  37.934  -30.612  59.178 0.0000000000
65064  38.692  -30.526  59.252 0.0000000000
65039  39.781  -30.714  60.426 0.0000000000
65003  36.142  -30.950  62.127 0.0000000000
65001  38.130  -30.785  62.340 0.0000000000
65021  37.839  -30.914  61.157 0.0000000000
64997  42.357  -30.478  62.556 0.0000000000
63761  44.635  -30.645  63.612 0.0000000000
56395  35.807  -37.269  67.319 0.0000000000
57450  36.640  -35.688  67.458 0.0000000000
57459  36.135  -35.851  66.737 0.0000000000
62577  35.907  -31.909  66.770 0.0000000000
63704  36.002  -31.284  66.898 0.0000000000
64864  36.694  -31.042  67.397 0.0000000000
64863  37.016  -30.724  67.504 0.0000000000
54227  40.098  -38.121  71.512 0.0000000000
55321  39.666  -37.157  71.470 0.0000000000
56350  40.452  -36.736  72.611 0.0000000000
56370  39.773  -36.235  71.535 0.0000000000
56371  39.473  -36.371  70.951 0.0000000000
57427  39.226  -35.525  70.610 0.0000000000
58643  38.916  -34.650  70.383 0.0000000000
59939  40.322  -33.976  72.454 0.0000000000
61234  40.578  -32.783  73.221 0.0000000000
61242  40.147  -33.074  72.496 0.0000000000
59948  39.909  -34.010  71.996 0.0000000000
59949  39.526  -33.931  71.464 0.0000000000
59960  39.173  -33.856  70.758 0.0000000000
59961  38.585  -33.795  70.190 0.0000000000
61279  38.393  -32.959  69.908 0.0000000000
62558  38.196  -32.210  69.631 0.0000000000
63683  38.040  -31.489  69.255 0.0000000000
63693  37.738  -31.208  68.547 0.0000000000
64879  38.270  -29.870  67.291 0.0000000000
64860  39.038  -29.805  68.337 0.0000000000
64810  41.778  -29.389  71.142 0.0000000000
64823  41.665  -29.465  70.400 0.0000000000
64838  41.803  -29.590  69.216 0.0000000000
66059  43.220  -29.160  69.937 0.0000000000
64896  41.609  -30.038  66.395 0.0000000000
64893  44.501  -29.779  66.308 0.0000000000
64921  43.880  -29.904  65.377 0.0000000000
89502  53.264  -8.131  42.753 0.0000000000
88371  53.927  -8.536  42.325 0.0000000000
88370  54.521  -9.159  42.253 0.0000000000
87271  55.587  -10.229  42.856 0.0000000000
88350  56.908  -9.963  43.349 0.0000000000
88349  57.473  -9.704  43.971 0.0000000000
88336  57.839  -9.745  44.931 0.0000000000
85008  54.735  -12.141  45.635 0.0000000000
86118  55.223  -11.775  45.168 0.0000000000
86117  56.049  -11.436  45.469 0.0000000000
86099  56.445  -11.239  46.957 0.0000000000
87238  56.799  -10.941  45.678 0.0000000000
88335  58.448  -9.335  45.248 0.0000000000
88323  58.728  -9.423  45.777 0.0000000000
88315  59.436  -10.014  46.773 0.0000000000
88307  59.296  -10.250  47.610 0.0000000000
40452  9.815  -49.172  89.196 0.0000000000
41577  10.492  -49.779  92.184 0.0000000000
41662  26.664  -47.876  81.618 0.0000000000
41671  29.244  -47.688  80.525 0.0000000000
42760  13.652  -48.248  92.265 0.0000000000
42762  12.560  -48.509  92.483 0.0000000000
42771  14.190  -47.879  92.037 0.0000000000
42772  12.271  -48.313  92.242 0.0000000000
42773  11.696  -48.454  92.100 0.0000000000
43921  12.981  -48.137  92.430 0.0000000000
43928  15.129  -47.101  91.572 0.0000000000
43930  13.804  -47.221  91.739 0.0000000000
43958  18.934  -46.325  88.213 0.0000000000
44028  30.607  -46.557  79.664 0.0000000000
45129  14.659  -46.551  91.578 0.0000000000
45136  15.847  -46.486  91.417 0.0000000000
45137  15.371  -46.099  91.588 0.0000000000
45139  13.944  -46.421  91.208 0.0000000000
45150  13.081  -46.385  90.426 0.0000000000
45165  16.669  -45.625  89.767 0.0000000000
45166  14.788  -45.852  88.595 0.0000000000
45173  18.758  -45.911  88.367 0.0000000000
45328  27.305  -46.003  79.514 0.0000000000
46439  14.911  -45.765  89.452 0.0000000000
46504  14.961  -45.310  81.128 0.0000000000
49128  30.256  -42.199  69.990 0.0000000000
50397  37.528  -43.589  73.054 0.0000000000
54205  40.867  -38.342  72.741 0.0000000000
56361  40.222  -36.409  72.057 0.0000000000
61243  39.817  -32.788  72.173 0.0000000000
61251  40.012  -33.543  72.225 0.0000000000
62567  37.320  -31.960  68.688 0.0000000000
63746  44.813  -30.566  64.189 0.0000000000
63747  44.437  -30.560  64.002 0.0000000000
63760  45.208  -30.721  63.735 0.0000000000
63785  37.695  -30.933  60.831 0.0000000000
63795  38.154  -30.797  60.220 0.0000000000
63797  37.155  -30.897  60.433 0.0000000000
63806  38.105  -30.737  59.868 0.0000000000
63814  37.473  -30.616  59.243 0.0000000000
64845  37.119  -31.230  67.868 0.0000000000
64970  44.227  -30.544  63.712 0.0000000000
65041  38.065  -30.865  60.659 0.0000000000
66251  47.087  -28.588  58.170 0.0000000000
66273  44.286  -28.594  56.785 0.0000000000
67312  48.978  -28.205  60.320 0.0000000000
68568  50.049  -27.254  58.995 0.0000000000
68586  51.269  -25.872  58.516 0.0000000000
68618  46.906  -27.609  56.920 0.0000000000
68638  47.042  -26.995  56.500 0.0000000000
71017  45.249  -25.181  55.646 0.0000000000
72125  51.102  -22.697  57.831 0.0000000000
72132  52.295  -23.954  57.942 0.0000000000
72153  45.753  -24.440  55.601 0.0000000000
73335  46.476  -22.907  55.402 0.0000000000
73346  45.931  -23.280  55.254 0.0000000000
74515  50.311  -21.365  57.880 0.0000000000
74528  51.748  -21.645  58.357 0.0000000000
74530  50.414  -21.644  58.000 0.0000000000
74556  47.251  -21.850  56.132 0.0000000000
74558  46.306  -22.396  55.207 0.0000000000
75769  50.998  -20.806  58.415 0.0000000000
75771  50.067  -21.303  57.736 0.0000000000
75783  52.125  -21.305  58.485 0.0000000000
75785  51.423  -20.895  58.422 0.0000000000
75794  49.111  -20.338  57.269 0.0000000000
75803  47.690  -21.092  56.299 0.0000000000
75829  45.369  -21.483  53.865 0.0000000000
76986  47.795  -20.402  55.581 0.0000000000
77029  45.822  -19.910  51.409 0.0000000000
78101  51.265  -18.064  52.530 0.0000000000
78114  45.134  -19.006  50.773 0.0000000000
79110  53.081  -18.541  59.084 0.0000000000
79130  52.297  -18.227  58.047 0.0000000000
79150  51.362  -18.331  56.072 0.0000000000
79164  56.396  -16.855  55.864 0.0000000000
79187  51.452  -18.028  53.591 0.0000000000
79206  51.428  -17.597  52.232 0.0000000000
79207  51.106  -17.818  51.978 0.0000000000
79209  44.790  -18.509  50.746 0.0000000000
79218  50.856  -17.667  51.701 0.0000000000
79219  50.229  -17.646  51.386 0.0000000000
80254  56.708  -16.086  56.090 0.0000000000
80256  53.883  -16.314  56.903 0.0000000000
80282  52.801  -16.565  54.808 0.0000000000
80283  52.297  -16.999  54.474 0.0000000000
81391  57.456  -15.077  54.743 0.0000000000
81394  55.559  -15.345  55.904 0.0000000000
81419  53.721  -15.422  53.395 0.0000000000
82539  56.938  -14.523  54.737 0.0000000000
82541  54.687  -14.891  54.162 0.0000000000
82542  54.142  -15.216  53.772 0.0000000000
82564  59.070  -12.625  50.667 0.0000000000
82565  58.866  -12.765  50.846 0.0000000000
82569  54.361  -14.088  52.560 0.0000000000
82580  59.258  -12.817  50.820 0.0000000000
82581  59.115  -12.761  50.544 0.0000000000
82586  49.274  -14.386  51.401 0.0000000000
83704  56.612  -14.459  54.708 0.0000000000
83715  56.248  -14.190  54.010 0.0000000000
83723  54.324  -13.114  52.616 0.0000000000
83735  58.857  -12.227  50.870 0.0000000000
83738  54.573  -13.696  52.620 0.0000000000
83753  58.754  -13.031  51.008 0.0000000000
83777  50.071  -13.446  49.481 0.0000000000
84916  57.124  -13.391  53.589 0.0000000000
84925  57.306  -12.905  52.876 0.0000000000
84931  52.620  -13.192  51.857 0.0000000000
84940  58.854  -11.934  50.886 0.0000000000
84942  58.302  -12.494  52.005 0.0000000000
84943  52.895  -12.720  51.651 0.0000000000
84946  50.317  -13.732  51.341 0.0000000000
84955  59.155  -11.965  50.326 0.0000000000
84977  49.852  -13.316  50.077 0.0000000000
85018  54.684  -11.957  45.215 0.0000000000
86021  57.424  -12.592  52.265 0.0000000000
86034  58.300  -11.996  51.564 0.0000000000
86036  57.254  -12.464  51.885 0.0000000000
86038  55.804  -12.017  52.298 0.0000000000
86049  59.014  -11.982  50.535 0.0000000000
86050  58.677  -11.861  50.977 0.0000000000
86051  58.223  -11.575  51.464 0.0000000000
86053  52.619  -12.271  50.931 0.0000000000
86061  59.334  -11.938  50.011 0.0000000000
86069  51.281  -12.636  50.747 0.0000000000
86075  58.739  -11.510  50.001 0.0000000000
86076  58.616  -11.490  50.274 0.0000000000
86142  54.508  -11.040  43.724 0.0000000000
87154  56.857  -12.059  52.447 0.0000000000
87156  54.972  -11.877  52.213 0.0000000000
87163  57.539  -12.030  51.650 0.0000000000
87164  57.115  -12.276  51.634 0.0000000000
87167  54.880  -11.718  51.890 0.0000000000
87168  54.066  -11.629  51.837 0.0000000000
87169  53.578  -11.890  51.542 0.0000000000
87220  59.429  -10.563  47.818 0.0000000000
87232  50.345  -11.006  45.599 0.0000000000
87244  57.131  -10.398  45.177 0.0000000000
87247  54.263  -11.000  43.698 0.0000000000
88300  59.262  -10.452  48.075 0.0000000000
88301  59.020  -10.329  48.177 0.0000000000
89487  59.153  -8.456  44.628 0.0000000000
89528  57.695  -7.869  42.202 0.0000000000
90607  59.627  -8.418  44.564 0.0000000000
90670  57.654  -6.708  40.917 0.0000000000
92741  53.640  -5.964  43.352 0.0000000000
92753  59.199  -5.989  41.490 0.0000000000
93814  59.031  -5.184  40.616 0.0000000000
