#!ascii label  , from subject 3083 vox2ras=TkReg
1063
58437  15.294  -36.313  91.493 0.0000000000
51623  9.122  -40.192  84.287 0.0000000000
56169  6.949  -37.033  95.826 0.0000000000
59777  5.517  -33.756  88.857 0.0000000000
56309  3.118  -36.012  80.416 0.0000000000
57230  10.564  -36.194  94.617 0.0000000000
62253  8.751  -32.861  92.467 0.0000000000
51537  17.550  -38.603  91.392 0.0000000000
51532  12.770  -38.904  93.345 0.0000000000
51527  9.232  -39.896  95.210 0.0000000000
62397  6.391  -32.350  83.839 0.0000000000
57318  2.930  -35.169  85.066 0.0000000000
62464  5.889  -32.446  80.088 0.0000000000
52856  4.600  -40.437  93.480 0.0000000000
55130  6.542  -38.894  92.144 0.0000000000
59740  6.408  -34.600  92.742 0.0000000000
62315  7.932  -32.057  88.412 0.0000000000
56240  7.944  -36.430  88.243 0.0000000000
54109  6.189  -38.682  83.250 0.0000000000
51685  5.531  -39.191  78.109 0.0000000000
58609  4.119  -34.505  75.591 0.0000000000
58433  13.157  -35.638  92.733 0.0000000000
61021  11.812  -34.341  91.803 0.0000000000
57239  16.579  -37.166  91.750 0.0000000000
52854  15.510  -38.628  92.111 0.0000000000
56178  13.859  -37.156  93.211 0.0000000000
55094  11.980  -37.740  94.625 0.0000000000
62430  6.107  -32.408  82.168 0.0000000000
54020  5.649  -38.672  95.211 0.0000000000
56184  6.634  -37.196  93.813 0.0000000000
58423  6.999  -35.951  94.430 0.0000000000
63429  10.063  -32.240  89.147 0.0000000000
63432  8.289  -32.182  90.076 0.0000000000
52829  7.878  -38.754  96.159 0.0000000000
48711  7.667  -41.213  95.356 0.0000000000
51521  6.655  -39.919  95.860 0.0000000000
50121  5.242  -41.291  94.535 0.0000000000
57270  6.894  -35.218  91.080 0.0000000000
55136  7.842  -37.606  90.822 0.0000000000
56230  6.098  -35.465  88.694 0.0000000000
56283  3.162  -36.025  82.709 0.0000000000
54091  4.621  -37.150  84.971 0.0000000000
52939  4.179  -37.958  82.215 0.0000000000
52958  6.046  -38.689  80.981 0.0000000000
52970  4.224  -37.697  79.414 0.0000000000
57223  8.620  -36.124  95.790 0.0000000000
61004  7.841  -34.782  94.225 0.0000000000
61007  9.817  -34.198  93.237 0.0000000000
62275  10.761  -33.215  90.716 0.0000000000
50156  18.204  -39.182  89.784 0.0000000000
48777  16.788  -39.560  88.514 0.0000000000
50144  16.145  -39.315  90.445 0.0000000000
50136  13.366  -39.830  91.569 0.0000000000
51525  10.809  -39.082  94.543 0.0000000000
55089  10.115  -38.024  96.122 0.0000000000
62334  5.262  -33.040  86.870 0.0000000000
58493  3.761  -34.532  86.885 0.0000000000
62366  4.249  -33.096  84.854 0.0000000000
61142  3.926  -33.832  82.497 0.0000000000
59884  3.805  -33.808  80.400 0.0000000000
58452  17.199  -36.330  90.135 0.0000000000
48810  21.536  -39.585  87.055 0.0000000000
48752  21.986  -39.697  88.200 0.0000000000
51546  19.453  -39.046  90.775 0.0000000000
56186  18.549  -37.809  91.062 0.0000000000
50149  4.366  -42.048  91.541 0.0000000000
52879  5.084  -40.208  91.031 0.0000000000
54041  5.366  -39.459  92.442 0.0000000000
57252  7.315  -35.593  92.747 0.0000000000
59757  6.391  -33.874  90.988 0.0000000000
62248  7.795  -33.189  92.865 0.0000000000
63425  6.585  -32.604  91.218 0.0000000000
62304  5.725  -33.287  88.994 0.0000000000
62362  6.773  -32.173  85.877 0.0000000000
52886  6.267  -39.785  89.914 0.0000000000
52895  7.752  -39.182  88.732 0.0000000000
54079  9.296  -38.380  86.312 0.0000000000
55160  4.853  -36.579  87.216 0.0000000000
55177  6.684  -37.239  85.858 0.0000000000
55182  8.973  -37.341  84.160 0.0000000000
55208  8.585  -37.573  82.342 0.0000000000
54142  8.079  -37.747  79.732 0.0000000000
61196  5.221  -32.551  78.338 0.0000000000
61199  3.627  -33.589  78.439 0.0000000000
62498  3.767  -31.710  76.548 0.0000000000
57382  3.907  -35.617  77.630 0.0000000000
54185  4.395  -37.797  76.509 0.0000000000
58432  14.259  -36.278  92.140 0.0000000000
58439  13.390  -35.438  92.160 0.0000000000
58443  14.505  -35.563  91.109 0.0000000000
57246  15.794  -36.558  91.775 0.0000000000
56177  15.157  -37.187  92.660 0.0000000000
57241  14.393  -36.675  92.442 0.0000000000
57235  13.574  -36.561  93.382 0.0000000000
51630  8.790  -41.216  82.669 0.0000000000
51629  9.416  -40.421  83.253 0.0000000000
55091  5.864  -37.801  95.410 0.0000000000
56175  5.971  -37.040  94.880 0.0000000000
57226  6.859  -36.620  95.336 0.0000000000
48813  18.637  -39.559  87.161 0.0000000000
54009  7.197  -38.210  96.488 0.0000000000
51514  7.260  -39.329  96.222 0.0000000000
54014  6.459  -38.644  96.176 0.0000000000
52843  5.928  -39.354  95.462 0.0000000000
57272  6.127  -34.463  89.100 0.0000000000
56216  6.996  -35.469  90.221 0.0000000000
57281  5.463  -34.719  88.579 0.0000000000
56292  3.151  -36.028  81.841 0.0000000000
54123  3.463  -37.247  82.200 0.0000000000
54130  3.229  -37.221  81.400 0.0000000000
52959  4.435  -38.131  80.738 0.0000000000
54144  3.702  -37.317  79.877 0.0000000000
58413  9.382  -35.958  94.889 0.0000000000
59712  8.939  -35.570  94.685 0.0000000000
59717  9.947  -35.205  94.068 0.0000000000
61030  11.483  -33.953  91.483 0.0000000000
62301  11.531  -32.955  88.860 0.0000000000
50142  18.122  -39.074  90.277 0.0000000000
50143  17.126  -39.006  90.218 0.0000000000
50132  16.975  -38.784  90.617 0.0000000000
51531  13.781  -38.711  92.717 0.0000000000
50123  14.556  -39.403  91.849 0.0000000000
51541  13.699  -39.099  92.459 0.0000000000
51524  11.963  -39.028  94.242 0.0000000000
57229  11.327  -36.589  94.485 0.0000000000
55087  10.955  -37.710  95.089 0.0000000000
56168  10.022  -36.868  95.629 0.0000000000
56160  9.463  -37.146  96.232 0.0000000000
62363  5.863  -32.318  85.601 0.0000000000
62349  4.326  -33.086  85.580 0.0000000000
62383  4.930  -32.617  84.513 0.0000000000
63559  6.109  -32.388  81.106 0.0000000000
62416  4.882  -32.942  82.769 0.0000000000
61157  4.965  -33.074  81.144 0.0000000000
61159  3.729  -33.738  81.839 0.0000000000
59882  4.673  -33.282  80.574 0.0000000000
51565  20.152  -39.243  90.001 0.0000000000
51552  4.410  -40.968  92.552 0.0000000000
54042  4.961  -39.924  92.326 0.0000000000
54035  5.044  -39.515  93.091 0.0000000000
58435  6.955  -35.345  93.413 0.0000000000
56188  6.941  -37.106  93.337 0.0000000000
58440  6.951  -35.027  92.914 0.0000000000
58444  6.696  -34.647  92.069 0.0000000000
59747  6.444  -34.224  92.010 0.0000000000
62241  8.518  -33.444  93.254 0.0000000000
62243  7.814  -33.579  93.483 0.0000000000
62254  8.213  -32.758  92.383 0.0000000000
63446  7.933  -32.115  89.537 0.0000000000
63434  7.186  -32.475  90.582 0.0000000000
63448  6.806  -32.439  89.983 0.0000000000
62303  5.824  -32.640  89.811 0.0000000000
62317  6.981  -32.367  88.560 0.0000000000
62332  6.539  -32.505  87.713 0.0000000000
62344  7.826  -32.117  87.236 0.0000000000
48759  15.884  -39.570  89.099 0.0000000000
48795  16.535  -39.530  87.798 0.0000000000
50119  9.469  -40.233  94.176 0.0000000000
48721  8.887  -40.848  93.808 0.0000000000
50120  8.857  -40.735  94.537 0.0000000000
48717  7.250  -41.980  95.133 0.0000000000
47625  7.449  -42.271  94.325 0.0000000000
51544  4.593  -40.798  93.782 0.0000000000
50129  4.602  -41.625  93.433 0.0000000000
54049  5.907  -39.428  91.685 0.0000000000
52878  5.565  -40.004  90.814 0.0000000000
54056  6.743  -39.037  91.015 0.0000000000
55134  8.636  -36.891  89.442 0.0000000000
54062  8.198  -38.335  89.432 0.0000000000
54069  8.719  -38.229  88.463 0.0000000000
52903  8.737  -39.032  87.788 0.0000000000
55146  8.800  -37.541  87.911 0.0000000000
57309  3.059  -35.077  85.903 0.0000000000
56255  4.529  -36.084  87.089 0.0000000000
56263  3.565  -36.147  85.458 0.0000000000
54098  5.341  -38.044  84.426 0.0000000000
54089  5.576  -37.840  85.183 0.0000000000
54096  6.999  -37.454  84.625 0.0000000000
55175  7.953  -37.275  85.397 0.0000000000
54107  7.521  -37.652  83.976 0.0000000000
55195  9.244  -37.426  83.159 0.0000000000
54119  7.642  -38.007  83.021 0.0000000000
51670  5.456  -38.781  79.256 0.0000000000
52967  6.887  -38.216  80.072 0.0000000000
52981  6.527  -38.633  78.576 0.0000000000
61209  4.703  -32.330  77.713 0.0000000000
61197  4.547  -32.851  78.377 0.0000000000
61210  4.171  -32.423  77.653 0.0000000000
62509  3.296  -31.735  75.025 0.0000000000
59919  3.605  -33.539  76.281 0.0000000000
59912  3.525  -33.859  77.386 0.0000000000
58601  3.593  -34.841  77.037 0.0000000000
56329  3.928  -36.340  76.971 0.0000000000
56337  4.307  -35.975  76.039 0.0000000000
58426  12.091  -35.682  93.598 0.0000000000
59725  11.338  -35.150  93.417 0.0000000000
59731  11.996  -35.237  92.760 0.0000000000
55104  17.148  -37.783  92.001 0.0000000000
52853  16.229  -38.387  91.823 0.0000000000
54022  15.927  -37.873  92.130 0.0000000000
54024  14.309  -38.003  93.073 0.0000000000
54016  13.656  -37.788  93.351 0.0000000000
54018  12.378  -38.060  94.236 0.0000000000
56172  13.265  -37.099  94.113 0.0000000000
57228  12.680  -36.574  94.201 0.0000000000
63531  7.203  -32.224  82.561 0.0000000000
62414  6.369  -32.302  82.863 0.0000000000
63557  7.957  -32.406  80.970 0.0000000000
63558  6.765  -32.285  81.025 0.0000000000
62462  7.491  -31.712  78.774 0.0000000000
54026  4.945  -39.056  94.257 0.0000000000
54031  4.944  -39.147  93.692 0.0000000000
55096  5.573  -38.029  94.652 0.0000000000
57237  6.616  -36.548  94.363 0.0000000000
59735  6.703  -34.785  93.403 0.0000000000
62277  9.253  -32.536  91.041 0.0000000000
63415  8.358  -32.526  91.448 0.0000000000
63430  9.402  -32.095  89.389 0.0000000000
63458  8.888  -31.292  88.369 0.0000000000
63472  8.843  -31.483  87.683 0.0000000000
63480  8.392  -31.844  86.626 0.0000000000
51511  8.756  -39.168  95.832 0.0000000000
50114  8.300  -41.023  95.297 0.0000000000
51519  7.763  -39.836  95.709 0.0000000000
48712  7.120  -41.279  95.391 0.0000000000
48713  6.669  -41.262  95.337 0.0000000000
48720  5.606  -41.926  94.535 0.0000000000
50116  5.806  -41.033  95.108 0.0000000000
51529  5.314  -40.057  94.782 0.0000000000
56193  7.599  -36.423  92.235 0.0000000000
55137  7.348  -38.150  91.198 0.0000000000
56204  7.734  -36.308  91.507 0.0000000000
56215  8.026  -36.242  90.469 0.0000000000
56228  7.426  -36.022  89.231 0.0000000000
57325  2.637  -35.310  84.155 0.0000000000
55178  4.101  -36.572  84.766 0.0000000000
55186  3.456  -36.385  83.591 0.0000000000
54110  4.662  -37.584  83.416 0.0000000000
52927  5.617  -38.745  83.133 0.0000000000
52935  6.350  -38.856  82.360 0.0000000000
52948  5.165  -38.748  81.578 0.0000000000
51655  4.846  -38.447  80.358 0.0000000000
51687  4.661  -38.944  78.749 0.0000000000
59928  3.723  -32.689  74.584 0.0000000000
57396  4.443  -35.392  75.214 0.0000000000
58626  4.166  -34.081  74.135 0.0000000000
57217  7.810  -36.585  95.916 0.0000000000
58417  7.642  -35.802  95.592 0.0000000000
59713  8.399  -35.545  95.022 0.0000000000
61002  8.718  -34.539  93.760 0.0000000000
61016  9.446  -33.646  92.980 0.0000000000
59732  10.938  -34.542  92.994 0.0000000000
61023  10.323  -33.827  92.259 0.0000000000
62261  9.553  -32.873  91.641 0.0000000000
62289  10.606  -32.769  89.738 0.0000000000
50181  18.742  -39.336  88.952 0.0000000000
48776  17.836  -39.387  88.551 0.0000000000
48757  17.792  -39.162  88.980 0.0000000000
51551  15.422  -39.276  91.516 0.0000000000
50134  15.296  -39.482  91.156 0.0000000000
50160  14.160  -40.519  90.653 0.0000000000
50118  10.181  -39.757  93.715 0.0000000000
51526  9.824  -39.447  94.948 0.0000000000
52832  11.394  -38.506  94.852 0.0000000000
52833  10.666  -38.607  95.068 0.0000000000
52835  9.372  -39.035  95.832 0.0000000000
52827  9.105  -38.692  96.170 0.0000000000
55082  8.566  -37.663  96.379 0.0000000000
61072  4.602  -33.486  87.922 0.0000000000
58483  4.409  -34.289  88.018 0.0000000000
61081  4.234  -33.486  86.990 0.0000000000
59806  3.638  -33.840  86.492 0.0000000000
59827  3.342  -34.054  84.564 0.0000000000
62399  4.969  -32.744  83.737 0.0000000000
62401  4.120  -33.660  83.434 0.0000000000
59844  3.041  -34.386  83.569 0.0000000000
59858  3.223  -34.381  82.525 0.0000000000
58565  3.313  -34.857  82.092 0.0000000000
58572  3.130  -34.795  81.034 0.0000000000
58441  16.165  -36.400  90.847 0.0000000000
48791  20.628  -39.563  87.886 0.0000000000
48787  23.852  -39.949  87.096 0.0000000000
50178  23.479  -39.647  87.855 0.0000000000
48788  22.963  -40.110  87.200 0.0000000000
48772  21.308  -39.765  87.951 0.0000000000
48773  20.626  -39.650  88.394 0.0000000000
48774  19.761  -39.559  88.667 0.0000000000
50141  18.969  -39.507  90.185 0.0000000000
52860  18.552  -38.925  91.230 0.0000000000
54033  19.418  -38.387  90.703 0.0000000000
54027  18.129  -38.243  91.733 0.0000000000
56187  17.701  -37.579  91.465 0.0000000000
57245  16.527  -36.847  91.449 0.0000000000
54050  5.445  -39.633  91.849 0.0000000000
55131  6.110  -39.205  92.158 0.0000000000
55106  6.240  -38.085  93.509 0.0000000000
55112  6.427  -38.218  93.048 0.0000000000
56194  7.160  -37.127  92.834 0.0000000000
57262  7.436  -35.406  92.023 0.0000000000
58456  6.327  -34.267  90.596 0.0000000000
59767  5.592  -33.998  89.672 0.0000000000
61006  7.330  -34.972  94.672 0.0000000000
61019  6.884  -33.974  93.531 0.0000000000
61025  6.686  -33.629  92.935 0.0000000000
63416  7.989  -32.501  91.685 0.0000000000
62264  6.898  -32.234  92.052 0.0000000000
62266  6.319  -33.104  91.623 0.0000000000
62280  5.764  -32.936  90.671 0.0000000000
61055  5.261  -33.114  89.907 0.0000000000
61064  5.453  -33.487  88.818 0.0000000000
62319  5.392  -32.922  87.963 0.0000000000
62346  6.159  -32.392  86.649 0.0000000000
62381  6.564  -32.267  84.814 0.0000000000
63493  8.331  -31.706  85.626 0.0000000000
63518  8.283  -32.304  84.118 0.0000000000
63530  8.021  -32.179  82.998 0.0000000000
47637  8.139  -42.178  92.051 0.0000000000
48723  7.825  -41.820  94.328 0.0000000000
54064  6.571  -38.971  90.199 0.0000000000
52896  7.067  -39.795  89.023 0.0000000000
51607  9.264  -39.779  85.426 0.0000000000
56245  4.520  -35.239  87.632 0.0000000000
55150  5.388  -36.205  87.662 0.0000000000
55147  6.761  -36.823  87.728 0.0000000000
54084  4.850  -37.265  85.712 0.0000000000
55169  5.642  -37.342  86.528 0.0000000000
55156  7.777  -37.047  86.973 0.0000000000
55165  8.615  -37.454  86.009 0.0000000000
54086  9.521  -38.430  85.308 0.0000000000
54094  9.765  -38.445  84.276 0.0000000000
54106  10.161  -38.427  83.092 0.0000000000
54128  6.970  -38.502  81.434 0.0000000000
55228  8.174  -37.811  80.717 0.0000000000
62470  7.129  -31.362  77.531 0.0000000000
62483  6.299  -31.294  77.089 0.0000000000
61185  5.631  -32.679  79.357 0.0000000000
61186  4.944  -33.091  79.164 0.0000000000
61173  3.652  -33.967  79.823 0.0000000000
59894  3.405  -34.202  79.275 0.0000000000
61211  3.668  -32.831  77.462 0.0000000000
58594  3.445  -34.404  78.566 0.0000000000
57372  3.472  -35.486  79.241 0.0000000000
55252  4.073  -36.684  78.465 0.0000000000
52996  4.199  -38.081  77.660 0.0000000000
51720  5.175  -38.777  77.193 0.0000000000
53028  4.767  -38.436  75.899 0.0000000000
58438  14.146  -35.744  91.668 0.0000000000
58442  15.336  -35.814  90.809 0.0000000000
58431  15.042  -36.646  91.947 0.0000000000
51624  8.247  -41.042  83.877 0.0000000000
55090  6.416  -37.836  96.035 0.0000000000
56170  6.324  -37.051  95.470 0.0000000000
48812  19.638  -39.476  87.218 0.0000000000
48793  18.760  -39.526  87.968 0.0000000000
55085  6.984  -37.617  96.422 0.0000000000
54010  6.789  -38.341  96.401 0.0000000000
58466  5.803  -34.001  89.056 0.0000000000
57273  5.421  -34.409  88.672 0.0000000000
56301  2.986  -36.017  81.059 0.0000000000
55219  2.923  -36.634  81.299 0.0000000000
55230  3.081  -36.552  80.502 0.0000000000
55229  3.280  -37.052  80.282 0.0000000000
55237  3.234  -36.291  80.071 0.0000000000
58412  9.967  -36.237  94.846 0.0000000000
58422  9.556  -35.551  94.529 0.0000000000
58421  10.124  -35.597  94.444 0.0000000000
51548  18.032  -38.917  90.912 0.0000000000
50131  17.545  -38.810  90.653 0.0000000000
51549  16.952  -38.660  91.017 0.0000000000
52848  13.269  -38.525  93.191 0.0000000000
51542  12.727  -39.295  92.808 0.0000000000
51533  11.781  -39.311  93.683 0.0000000000
51523  12.337  -38.730  93.934 0.0000000000
57220  10.340  -36.691  95.016 0.0000000000
57221  9.656  -36.510  95.455 0.0000000000
62364  5.108  -32.466  85.355 0.0000000000
62382  5.562  -32.414  84.536 0.0000000000
62448  5.762  -32.494  80.801 0.0000000000
61156  5.416  -32.697  81.031 0.0000000000
61171  5.449  -32.695  80.433 0.0000000000
52862  4.720  -40.207  93.050 0.0000000000
54036  4.882  -39.988  92.647 0.0000000000
57247  7.105  -36.060  93.443 0.0000000000
59746  6.435  -34.633  92.444 0.0000000000
59741  6.338  -34.189  92.433 0.0000000000
62246  8.714  -33.147  92.926 0.0000000000
62247  8.236  -33.126  92.851 0.0000000000
63460  8.109  -31.933  88.607 0.0000000000
63447  7.339  -32.315  89.839 0.0000000000
63461  7.501  -32.230  89.070 0.0000000000
63462  6.870  -32.413  89.314 0.0000000000
62316  7.654  -32.166  88.457 0.0000000000
62331  7.322  -32.282  87.844 0.0000000000
62330  7.916  -32.075  88.070 0.0000000000
50112  9.389  -40.122  94.798 0.0000000000
50113  8.834  -40.595  95.063 0.0000000000
47627  6.834  -42.486  94.621 0.0000000000
51545  4.480  -40.918  93.181 0.0000000000
50130  4.540  -41.628  92.763 0.0000000000
54057  5.880  -39.451  90.973 0.0000000000
54048  6.421  -39.167  91.562 0.0000000000
56226  8.387  -36.693  88.819 0.0000000000
55142  8.635  -37.516  89.440 0.0000000000
55141  8.679  -37.312  88.762 0.0000000000
56239  8.448  -36.898  87.978 0.0000000000
56257  3.301  -35.365  86.251 0.0000000000
56264  3.159  -35.558  85.753 0.0000000000
52918  5.822  -38.659  83.546 0.0000000000
54097  6.039  -38.127  84.247 0.0000000000
54095  7.449  -37.452  84.376 0.0000000000
54108  6.824  -38.090  83.625 0.0000000000
52969  5.986  -38.624  79.139 0.0000000000
52982  5.919  -38.847  78.367 0.0000000000
63601  4.657  -30.636  76.795 0.0000000000
62485  4.382  -31.566  77.227 0.0000000000
59927  3.747  -33.262  75.104 0.0000000000
61231  3.551  -32.507  75.557 0.0000000000
59920  3.649  -34.161  76.801 0.0000000000
58600  3.797  -34.454  76.414 0.0000000000
57388  4.007  -35.250  76.327 0.0000000000
57397  4.283  -35.408  75.746 0.0000000000
59724  11.923  -35.434  93.233 0.0000000000
58434  12.303  -35.504  93.111 0.0000000000
59736  14.001  -35.340  91.258 0.0000000000
54029  16.618  -38.084  92.027 0.0000000000
55105  16.267  -37.684  92.096 0.0000000000
55099  14.701  -37.579  92.895 0.0000000000
55100  13.933  -37.579  93.166 0.0000000000
55092  13.456  -37.468  93.675 0.0000000000
56171  13.574  -37.224  93.750 0.0000000000
58425  13.127  -35.958  93.363 0.0000000000
57236  12.794  -36.061  93.883 0.0000000000
58419  12.044  -36.123  94.150 0.0000000000
63543  7.814  -32.329  82.006 0.0000000000
62445  8.104  -31.656  79.750 0.0000000000
62446  7.224  -32.306  80.038 0.0000000000
63574  8.269  -31.187  78.557 0.0000000000
54021  5.314  -38.895  94.693 0.0000000000
55097  5.287  -38.622  94.429 0.0000000000
57232  6.676  -36.523  94.817 0.0000000000
58424  6.769  -36.083  94.303 0.0000000000
58430  6.721  -35.714  93.876 0.0000000000
59729  6.798  -35.252  93.827 0.0000000000
62290  9.794  -32.493  89.813 0.0000000000
63420  9.264  -32.433  90.202 0.0000000000
64604  9.369  -31.555  88.267 0.0000000000
63459  8.736  -31.469  88.268 0.0000000000
64624  9.069  -31.563  87.434 0.0000000000
64632  9.198  -31.655  86.718 0.0000000000
51512  8.120  -39.241  95.848 0.0000000000
51518  8.397  -39.763  95.586 0.0000000000
51520  7.182  -39.794  96.107 0.0000000000
50108  6.905  -40.578  95.611 0.0000000000
50109  6.361  -40.717  95.446 0.0000000000
50115  6.197  -41.185  95.253 0.0000000000
50110  6.006  -40.487  95.392 0.0000000000
51528  5.721  -40.146  95.208 0.0000000000
52844  5.491  -39.448  94.992 0.0000000000
52849  5.014  -39.617  94.533 0.0000000000
56205  7.412  -35.628  91.483 0.0000000000
56229  6.810  -35.720  89.197 0.0000000000
57337  2.736  -35.412  83.223 0.0000000000
56275  3.239  -35.922  83.714 0.0000000000
54122  3.761  -37.566  82.491 0.0000000000
54112  3.528  -37.295  82.848 0.0000000000
52929  4.616  -37.818  82.773 0.0000000000
52928  5.207  -38.061  83.153 0.0000000000
52938  4.820  -38.385  82.254 0.0000000000
52937  5.350  -38.830  82.399 0.0000000000
51656  4.510  -38.172  80.160 0.0000000000
51672  4.691  -38.478  79.550 0.0000000000
51671  4.986  -38.859  79.434 0.0000000000
51688  4.432  -38.304  78.999 0.0000000000
59936  3.787  -32.612  74.345 0.0000000000
59935  4.150  -33.152  74.323 0.0000000000
57216  8.199  -36.624  96.034 0.0000000000
58410  8.052  -36.081  96.096 0.0000000000
58415  8.314  -35.761  95.782 0.0000000000
59727  9.453  -34.637  93.647 0.0000000000
59719  8.578  -35.154  94.311 0.0000000000
61001  9.101  -34.468  93.586 0.0000000000
61009  8.838  -33.830  93.389 0.0000000000
59739  11.619  -34.692  92.554 0.0000000000
61022  11.243  -34.253  92.235 0.0000000000
61031  10.826  -33.804  91.770 0.0000000000
62259  10.920  -33.579  91.291 0.0000000000
62251  9.726  -33.430  92.059 0.0000000000
62276  9.990  -32.583  90.741 0.0000000000
50170  18.231  -39.138  89.209 0.0000000000
50157  17.149  -39.183  89.811 0.0000000000
50158  16.020  -39.349  89.985 0.0000000000
51539  16.112  -38.724  91.632 0.0000000000
51540  14.976  -39.014  92.213 0.0000000000
50135  14.371  -39.718  91.428 0.0000000000
50146  14.291  -40.146  91.047 0.0000000000
50147  13.326  -40.401  91.140 0.0000000000
50137  12.173  -39.881  91.665 0.0000000000
51534  10.761  -39.399  93.963 0.0000000000
50111  10.035  -39.628  94.410 0.0000000000
52841  12.075  -38.600  94.459 0.0000000000
54019  11.767  -38.185  94.796 0.0000000000
55088  10.481  -37.876  95.594 0.0000000000
54012  10.366  -38.358  95.679 0.0000000000
52834  10.005  -38.793  95.721 0.0000000000
54013  9.991  -38.463  96.113 0.0000000000
52826  9.642  -38.681  96.124 0.0000000000
54005  9.529  -38.206  96.347 0.0000000000
57214  9.257  -36.679  96.019 0.0000000000
56161  8.905  -37.121  96.265 0.0000000000
56162  8.370  -37.145  96.162 0.0000000000
56163  7.900  -37.172  96.054 0.0000000000
62320  4.886  -33.247  87.394 0.0000000000
62335  4.606  -33.190  86.472 0.0000000000
61089  3.941  -33.372  86.047 0.0000000000
61096  3.866  -33.450  84.978 0.0000000000
59816  3.516  -33.784  85.593 0.0000000000
62398  5.576  -32.495  83.703 0.0000000000
62415  5.520  -32.540  82.820 0.0000000000
62417  4.354  -33.490  82.722 0.0000000000
62418  4.087  -33.865  82.958 0.0000000000
59843  3.465  -34.050  83.839 0.0000000000
61128  3.707  -33.995  83.285 0.0000000000
61129  3.541  -33.926  82.972 0.0000000000
59872  3.992  -33.623  81.198 0.0000000000
61160  3.472  -33.935  81.780 0.0000000000
59873  3.553  -33.878  81.235 0.0000000000
59885  3.397  -34.201  80.341 0.0000000000
57261  16.782  -36.382  90.650 0.0000000000
58453  16.610  -36.134  90.306 0.0000000000
58462  17.161  -36.214  89.806 0.0000000000
48830  21.512  -39.759  86.386 0.0000000000
50165  22.478  -39.601  88.325 0.0000000000
50164  23.361  -39.304  88.391 0.0000000000
50179  23.054  -39.711  87.822 0.0000000000
48770  22.813  -39.804  87.691 0.0000000000
48789  22.234  -39.718  87.373 0.0000000000
48771  22.075  -39.748  87.827 0.0000000000
48754  20.609  -39.693  88.720 0.0000000000
48755  19.908  -39.737  88.958 0.0000000000
51556  19.870  -39.198  90.264 0.0000000000
50140  19.426  -39.425  90.152 0.0000000000
51557  19.015  -39.462  90.576 0.0000000000
51547  19.078  -39.204  90.951 0.0000000000
55116  19.582  -37.848  90.356 0.0000000000
56185  18.867  -37.993  91.039 0.0000000000
54034  18.800  -38.294  91.233 0.0000000000
55110  18.360  -37.927  91.598 0.0000000000
55111  17.850  -37.789  91.886 0.0000000000
57260  17.307  -36.607  90.384 0.0000000000
57249  17.409  -37.098  90.759 0.0000000000
57250  16.792  -36.590  90.941 0.0000000000
50162  4.192  -42.391  90.967 0.0000000000
51566  4.418  -41.606  91.162 0.0000000000
54051  5.087  -39.895  91.970 0.0000000000
55120  5.847  -39.001  92.548 0.0000000000
55101  5.934  -37.973  93.994 0.0000000000
55107  5.513  -38.660  93.544 0.0000000000
57251  7.509  -36.014  92.622 0.0000000000
58445  6.524  -34.305  91.375 0.0000000000
58455  6.603  -34.534  91.305 0.0000000000
58457  5.780  -34.155  89.883 0.0000000000
59758  5.810  -33.917  90.270 0.0000000000
59721  7.844  -35.255  94.857 0.0000000000
59716  7.563  -35.471  95.165 0.0000000000
61005  7.540  -34.920  94.457 0.0000000000
61012  7.564  -34.139  93.881 0.0000000000
62249  7.323  -33.437  93.072 0.0000000000
62250  6.899  -33.543  93.014 0.0000000000
63422  8.066  -32.388  90.931 0.0000000000
63424  7.025  -32.479  91.254 0.0000000000
63419  6.737  -32.457  91.654 0.0000000000
62265  6.638  -32.536  91.859 0.0000000000
62279  6.305  -32.757  91.170 0.0000000000
62292  5.424  -32.786  89.929 0.0000000000
61063  5.374  -33.025  89.496 0.0000000000
62305  5.088  -33.159  88.230 0.0000000000
62345  7.042  -32.346  86.914 0.0000000000
48794  17.721  -39.581  87.867 0.0000000000
48728  8.442  -41.758  93.410 0.0000000000
48735  8.690  -41.660  92.611 0.0000000000
48715  8.380  -41.286  94.816 0.0000000000
48716  7.710  -41.724  94.844 0.0000000000
50139  4.479  -41.736  92.170 0.0000000000
48743  4.262  -42.837  91.190 0.0000000000
52887  5.929  -40.091  90.263 0.0000000000
52899  5.638  -40.744  89.608 0.0000000000
52898  5.910  -40.519  89.382 0.0000000000
54055  7.320  -38.510  90.664 0.0000000000
52884  7.404  -39.090  89.364 0.0000000000
52906  6.667  -40.280  88.557 0.0000000000
52904  8.086  -39.668  88.005 0.0000000000
54080  9.190  -38.705  86.733 0.0000000000
52910  8.881  -39.277  86.917 0.0000000000
52914  9.052  -39.540  86.330 0.0000000000
51608  8.849  -40.116  85.864 0.0000000000
52913  9.320  -39.260  85.816 0.0000000000
58492  4.068  -34.418  87.412 0.0000000000
56232  4.675  -34.993  88.077 0.0000000000
56244  5.049  -35.795  87.672 0.0000000000
55149  5.659  -36.493  87.798 0.0000000000
55159  5.492  -37.083  87.307 0.0000000000
54081  6.135  -37.447  85.849 0.0000000000
54082  5.832  -37.530  85.864 0.0000000000
55168  6.337  -37.269  86.272 0.0000000000
55157  7.042  -36.895  87.122 0.0000000000
55167  7.103  -37.131  86.318 0.0000000000
55166  7.856  -37.213  86.209 0.0000000000
55174  8.796  -37.248  85.117 0.0000000000
55173  9.384  -37.716  84.733 0.0000000000
55181  9.639  -37.747  83.728 0.0000000000
55217  9.208  -37.567  81.341 0.0000000000
52947  5.806  -38.853  81.427 0.0000000000
52946  6.384  -38.793  81.876 0.0000000000
54143  7.413  -38.044  79.441 0.0000000000
54135  7.509  -38.007  80.612 0.0000000000
54134  8.070  -37.745  80.225 0.0000000000
55234  8.883  -37.601  79.104 0.0000000000
63599  6.406  -30.386  76.768 0.0000000000
62472  5.679  -32.296  78.034 0.0000000000
62471  6.336  -32.102  78.108 0.0000000000
61198  4.095  -33.173  78.294 0.0000000000
61187  4.366  -33.392  79.090 0.0000000000
61189  3.495  -33.906  78.969 0.0000000000
61174  3.516  -33.977  79.493 0.0000000000
63631  3.806  -31.080  75.889 0.0000000000
62486  3.847  -31.564  77.131 0.0000000000
58593  3.568  -34.707  78.008 0.0000000000
59913  3.407  -34.098  78.252 0.0000000000
58589  3.539  -34.907  78.783 0.0000000000
57378  3.703  -35.393  78.432 0.0000000000
56318  3.895  -36.294  78.601 0.0000000000
57377  4.020  -35.871  78.245 0.0000000000
55264  4.199  -36.928  77.374 0.0000000000
54168  4.271  -37.587  77.148 0.0000000000
51721  4.621  -38.567  77.448 0.0000000000
53010  4.544  -38.108  77.009 0.0000000000
56345  4.512  -36.367  74.954 0.0000000000
59743  14.513  -35.225  90.712 0.0000000000
56182  16.071  -37.289  92.269 0.0000000000
57240  15.585  -36.811  92.237 0.0000000000
57234  14.557  -36.948  92.632 0.0000000000
56179  13.582  -36.868  93.792 0.0000000000
57242  13.671  -36.255  92.795 0.0000000000
51636  9.539  -40.529  82.090 0.0000000000
52934  10.137  -39.438  82.585 0.0000000000
54008  7.680  -38.228  96.363 0.0000000000
51513  7.567  -39.307  96.055 0.0000000000
52830  7.300  -38.862  96.304 0.0000000000
52837  6.838  -39.119  96.280 0.0000000000
52838  6.364  -39.280  95.909 0.0000000000
51522  6.204  -39.984  95.547 0.0000000000
54015  6.082  -38.595  95.760 0.0000000000
57271  6.519  -34.886  90.138 0.0000000000
56217  6.288  -34.976  89.059 0.0000000000
55209  3.183  -36.662  82.076 0.0000000000
52951  3.637  -37.513  81.594 0.0000000000
52950  4.026  -37.890  81.339 0.0000000000
54129  3.651  -37.570  81.070 0.0000000000
52960  4.067  -37.748  80.382 0.0000000000
57222  9.047  -36.290  95.600 0.0000000000
58414  8.755  -35.892  95.309 0.0000000000
59726  10.134  -34.793  93.628 0.0000000000
61042  11.895  -33.886  90.808 0.0000000000
62288  11.571  -33.440  90.068 0.0000000000
62300  12.267  -33.493  89.355 0.0000000000
50133  16.199  -39.235  90.907 0.0000000000
51530  14.357  -38.633  92.599 0.0000000000
50124  13.533  -39.456  92.043 0.0000000000
56165  11.505  -37.362  94.679 0.0000000000
55086  11.481  -37.579  94.776 0.0000000000
56166  11.158  -37.318  94.810 0.0000000000
56167  10.396  -37.298  95.406 0.0000000000
55079  10.163  -37.550  95.942 0.0000000000
55080  9.756  -37.607  96.273 0.0000000000
57213  9.689  -36.838  95.936 0.0000000000
62347  5.401  -32.500  86.332 0.0000000000
62348  4.816  -32.756  85.974 0.0000000000
62365  4.577  -32.743  85.112 0.0000000000
62384  4.549  -32.961  84.332 0.0000000000
63545  6.274  -32.375  81.579 0.0000000000
62431  5.503  -32.647  81.726 0.0000000000
62432  4.669  -33.117  82.092 0.0000000000
62433  4.378  -33.395  82.251 0.0000000000
61158  4.245  -33.411  81.843 0.0000000000
59871  4.445  -33.399  81.096 0.0000000000
59883  4.273  -33.529  80.517 0.0000000000
50152  21.705  -39.501  88.978 0.0000000000
50154  20.044  -39.364  89.793 0.0000000000
52867  20.484  -39.004  90.226 0.0000000000
56190  18.272  -37.496  90.671 0.0000000000
51559  4.395  -41.169  91.905 0.0000000000
52868  4.608  -40.416  92.340 0.0000000000
61010  8.420  -33.951  93.624 0.0000000000
61011  8.021  -34.019  93.934 0.0000000000
62242  8.177  -33.498  93.365 0.0000000000
62255  7.730  -32.738  92.422 0.0000000000
63433  7.721  -32.303  90.380 0.0000000000
63435  6.666  -32.541  90.633 0.0000000000
63436  6.185  -32.580  90.525 0.0000000000
63449  6.303  -32.502  89.910 0.0000000000
63463  6.524  -32.537  89.525 0.0000000000
62318  6.246  -32.831  88.819 0.0000000000
48778  15.713  -39.537  88.599 0.0000000000
50128  9.639  -40.360  93.412 0.0000000000
48722  8.347  -41.380  94.163 0.0000000000
50122  4.746  -41.488  94.120 0.0000000000
48724  4.977  -42.213  94.284 0.0000000000
48731  4.589  -42.123  92.432 0.0000000000
54065  6.150  -39.383  90.451 0.0000000000
55135  8.515  -37.296  90.176 0.0000000000
54054  7.911  -38.148  90.318 0.0000000000
54061  8.600  -37.835  89.060 0.0000000000
54070  8.213  -38.645  88.740 0.0000000000
54076  9.256  -38.195  87.224 0.0000000000
54075  9.326  -38.088  86.717 0.0000000000
57301  3.500  -35.029  86.532 0.0000000000
57300  4.073  -34.928  87.109 0.0000000000
56256  3.952  -35.733  86.678 0.0000000000
55161  4.403  -36.242  86.751 0.0000000000
54099  4.904  -37.716  84.165 0.0000000000
54090  4.988  -37.787  85.118 0.0000000000
54088  6.325  -37.433  85.381 0.0000000000
54087  6.742  -37.251  85.134 0.0000000000
55184  7.465  -37.233  84.998 0.0000000000
55183  7.934  -37.385  84.539 0.0000000000
55196  8.346  -37.559  83.561 0.0000000000
51653  5.780  -38.542  80.586 0.0000000000
52957  6.530  -38.516  80.786 0.0000000000
52968  6.379  -38.429  79.695 0.0000000000
52980  6.904  -38.386  79.231 0.0000000000
63600  5.557  -30.435  76.765 0.0000000000
62484  5.350  -31.796  77.345 0.0000000000
62508  3.693  -31.729  75.741 0.0000000000
61223  3.533  -32.547  76.440 0.0000000000
59911  3.502  -33.165  76.914 0.0000000000
57389  3.832  -35.621  76.891 0.0000000000
55278  4.292  -37.102  76.483 0.0000000000
58420  11.152  -35.935  94.205 0.0000000000
58427  10.834  -35.406  93.914 0.0000000000
59738  12.249  -34.770  92.054 0.0000000000
59730  12.847  -35.246  92.328 0.0000000000
59745  12.912  -34.657  91.526 0.0000000000
52852  17.166  -38.419  91.770 0.0000000000
51538  17.007  -38.606  91.414 0.0000000000
54030  15.880  -38.116  92.049 0.0000000000
52845  15.537  -38.344  92.244 0.0000000000
55098  15.588  -37.547  92.452 0.0000000000
54023  15.312  -38.022  92.601 0.0000000000
52846  14.856  -38.474  92.606 0.0000000000
52847  13.894  -38.354  92.924 0.0000000000
52839  13.283  -38.236  93.326 0.0000000000
52840  12.680  -38.390  93.682 0.0000000000
54017  13.053  -37.899  93.614 0.0000000000
55093  12.702  -37.577  94.181 0.0000000000
57227  13.375  -36.736  94.019 0.0000000000
56173  11.921  -37.190  94.507 0.0000000000
62413  7.056  -32.292  83.217 0.0000000000
63544  6.894  -32.206  81.884 0.0000000000
62447  6.339  -32.384  80.420 0.0000000000
62463  6.444  -32.353  79.373 0.0000000000
52855  4.618  -39.872  93.869 0.0000000000
52861  4.819  -39.646  93.414 0.0000000000
55102  5.350  -38.557  94.087 0.0000000000
56180  6.256  -37.216  94.306 0.0000000000
57243  6.716  -36.365  93.862 0.0000000000
62262  8.866  -32.671  91.731 0.0000000000
63421  8.666  -32.417  90.732 0.0000000000
63431  8.840  -32.108  89.699 0.0000000000
63443  9.623  -31.879  88.678 0.0000000000
63444  9.064  -31.528  88.839 0.0000000000
63445  8.514  -31.848  89.167 0.0000000000
63473  8.431  -31.804  87.669 0.0000000000
63479  8.908  -31.813  87.040 0.0000000000
51517  9.022  -39.573  95.533 0.0000000000
50105  8.649  -40.240  95.342 0.0000000000
50106  8.052  -40.469  95.493 0.0000000000
50107  7.437  -40.533  95.601 0.0000000000
48718  6.764  -41.979  95.177 0.0000000000
47628  6.428  -42.486  94.543 0.0000000000
48719  6.262  -41.683  94.909 0.0000000000
51535  5.418  -40.602  94.794 0.0000000000
51536  4.888  -40.518  94.403 0.0000000000
55118  7.113  -37.759  92.363 0.0000000000
55129  7.172  -38.324  91.779 0.0000000000
55117  7.623  -37.133  92.014 0.0000000000
55128  7.751  -37.313  91.406 0.0000000000
56214  8.266  -36.433  89.700 0.0000000000
56227  7.952  -36.299  88.975 0.0000000000
56271  3.158  -35.662  84.784 0.0000000000
56270  3.553  -36.183  84.404 0.0000000000
54100  4.405  -37.131  84.009 0.0000000000
55198  3.299  -36.719  83.040 0.0000000000
55197  3.567  -37.115  83.221 0.0000000000
52920  5.193  -37.957  83.926 0.0000000000
52919  5.560  -38.278  83.727 0.0000000000
52926  5.926  -38.948  83.125 0.0000000000
54121  6.295  -38.827  82.844 0.0000000000
51639  5.463  -38.715  81.002 0.0000000000
52949  4.657  -38.350  81.362 0.0000000000
51640  5.085  -38.634  80.937 0.0000000000
51654  5.294  -38.560  80.266 0.0000000000
51686  5.041  -39.401  78.523 0.0000000000
61232  3.423  -32.349  74.792 0.0000000000
58617  4.047  -34.116  74.675 0.0000000000
59944  4.313  -33.794  73.920 0.0000000000
56164  7.443  -37.161  96.011 0.0000000000
57218  7.453  -36.702  95.765 0.0000000000
58411  7.775  -36.023  95.974 0.0000000000
58416  7.894  -35.619  95.908 0.0000000000
59720  8.085  -35.220  94.607 0.0000000000
61003  8.236  -34.634  94.005 0.0000000000
61017  9.073  -33.491  93.173 0.0000000000
62252  9.257  -33.160  92.386 0.0000000000
58428  10.236  -35.268  94.029 0.0000000000
59733  10.234  -34.382  93.229 0.0000000000
61014  10.635  -34.184  92.627 0.0000000000
61015  10.124  -34.057  92.882 0.0000000000
61024  9.711  -33.636  92.547 0.0000000000
62302  10.743  -32.416  88.851 0.0000000000
48775  18.792  -39.398  88.765 0.0000000000
48758  16.916  -39.619  89.050 0.0000000000
50171  17.041  -39.390  89.428 0.0000000000
50172  15.943  -39.465  89.530 0.0000000000
48744  14.499  -40.090  89.998 0.0000000000
51550  16.120  -39.037  91.349 0.0000000000
50145  15.133  -39.593  90.701 0.0000000000
50159  14.920  -39.727  90.215 0.0000000000
50127  10.522  -39.966  92.973 0.0000000000
52842  11.408  -38.830  94.667 0.0000000000
54011  10.976  -38.179  95.120 0.0000000000
51515  10.123  -38.948  95.153 0.0000000000
51516  9.588  -39.258  95.421 0.0000000000
52828  8.474  -38.717  96.144 0.0000000000
55081  9.164  -37.643  96.433 0.0000000000
54006  8.827  -38.207  96.431 0.0000000000
54007  8.226  -38.211  96.339 0.0000000000
55083  8.031  -37.684  96.280 0.0000000000
55084  7.524  -37.661  96.343 0.0000000000
59785  4.654  -33.825  88.348 0.0000000000
58476  4.957  -34.191  88.606 0.0000000000
59795  4.010  -33.932  87.473 0.0000000000
59796  3.864  -34.238  87.177 0.0000000000
59807  3.710  -34.179  86.869 0.0000000000
58502  3.362  -34.460  86.195 0.0000000000
58511  3.260  -34.260  85.412 0.0000000000
58512  3.065  -34.752  85.294 0.0000000000
61127  4.942  -32.650  84.177 0.0000000000
62400  4.510  -33.218  83.529 0.0000000000
62385  4.189  -33.374  84.191 0.0000000000
61111  3.762  -33.735  84.022 0.0000000000
59828  2.958  -34.421  84.341 0.0000000000
58524  2.665  -34.771  84.420 0.0000000000
58539  2.436  -34.920  83.608 0.0000000000
58552  2.848  -34.881  82.820 0.0000000000
61143  3.596  -33.749  82.172 0.0000000000
57345  3.209  -35.173  82.340 0.0000000000
57357  3.185  -35.380  81.598 0.0000000000
57365  3.054  -35.451  80.663 0.0000000000
58463  16.625  -35.878  89.665 0.0000000000
48792  19.732  -39.303  88.010 0.0000000000
48769  23.630  -39.844  87.479 0.0000000000
48790  21.451  -39.718  87.641 0.0000000000
48753  21.320  -39.708  88.424 0.0000000000
48756  19.415  -39.526  89.037 0.0000000000
50155  19.050  -39.508  89.786 0.0000000000
51558  18.594  -39.343  90.480 0.0000000000
52851  17.886  -38.548  91.516 0.0000000000
52857  20.435  -38.652  90.194 0.0000000000
52858  19.832  -38.798  90.500 0.0000000000
52859  19.139  -38.796  91.036 0.0000000000
52850  18.476  -38.616  91.372 0.0000000000
55103  17.907  -38.010  92.021 0.0000000000
57238  17.080  -37.383  91.525 0.0000000000
56191  17.626  -37.401  90.999 0.0000000000
57244  17.166  -37.236  91.302 0.0000000000
58436  16.153  -36.561  91.310 0.0000000000
52874  4.635  -40.503  91.752 0.0000000000
52873  4.947  -40.156  91.551 0.0000000000
55113  5.691  -38.813  93.015 0.0000000000
55119  6.508  -38.470  92.594 0.0000000000
57263  6.752  -34.812  91.283 0.0000000000
57264  6.301  -34.538  90.154 0.0000000000
58465  6.024  -34.299  89.736 0.0000000000
57225  7.349  -36.378  95.448 0.0000000000
58418  7.448  -35.889  95.009 0.0000000000
59723  7.227  -35.248  94.723 0.0000000000
61013  7.269  -34.726  94.203 0.0000000000
59728  6.915  -34.974  93.991 0.0000000000
59734  6.758  -34.468  93.554 0.0000000000
61020  6.566  -34.225  93.340 0.0000000000
61026  6.374  -33.884  92.670 0.0000000000
62263  8.411  -32.641  92.002 0.0000000000
63412  7.672  -32.476  92.088 0.0000000000
63423  7.555  -32.457  91.077 0.0000000000
63417  7.345  -32.340  91.726 0.0000000000
62256  7.165  -32.637  92.358 0.0000000000
62257  6.732  -33.247  92.442 0.0000000000
62258  6.461  -33.419  92.184 0.0000000000
61032  6.371  -33.502  91.967 0.0000000000
61033  6.353  -33.615  91.609 0.0000000000
62267  6.124  -33.227  91.035 0.0000000000
61043  5.768  -33.454  90.495 0.0000000000
62291  5.875  -32.670  90.511 0.0000000000
61056  5.423  -33.542  89.671 0.0000000000
62333  5.757  -32.661  87.403 0.0000000000
62361  7.634  -31.937  86.225 0.0000000000
63506  8.461  -31.915  84.846 0.0000000000
62380  7.620  -32.060  85.063 0.0000000000
62396  7.342  -32.353  84.000 0.0000000000
48814  17.567  -39.514  87.076 0.0000000000
48729  7.910  -42.018  93.829 0.0000000000
52888  5.353  -40.731  90.216 0.0000000000
54063  7.310  -38.707  89.932 0.0000000000
52885  6.777  -39.415  89.616 0.0000000000
52897  6.397  -40.232  89.131 0.0000000000
51580  6.390  -40.566  88.537 0.0000000000
52911  8.420  -39.645  87.402 0.0000000000
57282  4.831  -34.691  88.357 0.0000000000
56231  5.251  -35.139  88.381 0.0000000000
56243  5.929  -35.926  88.158 0.0000000000
56242  6.469  -36.114  88.407 0.0000000000
56241  7.127  -36.316  88.317 0.0000000000
56254  7.345  -36.627  87.827 0.0000000000
55171  4.367  -36.625  86.027 0.0000000000
55170  5.010  -37.158  86.494 0.0000000000
54083  5.263  -37.579  85.855 0.0000000000
55158  6.205  -37.132  87.199 0.0000000000
56253  7.854  -36.707  87.588 0.0000000000
56252  8.214  -36.952  87.418 0.0000000000
55155  8.579  -37.360  87.055 0.0000000000
55154  9.129  -37.831  86.522 0.0000000000
55164  9.160  -37.776  85.679 0.0000000000
52917  9.515  -39.397  84.864 0.0000000000
52925  9.759  -39.382  83.746 0.0000000000
54118  10.216  -38.819  82.687 0.0000000000
54120  6.688  -38.578  82.556 0.0000000000
54127  7.628  -38.081  81.864 0.0000000000
54136  7.004  -38.423  80.959 0.0000000000
55218  8.326  -37.806  81.201 0.0000000000
61184  6.058  -32.417  78.836 0.0000000000
61172  5.062  -33.050  80.104 0.0000000000
59891  4.577  -33.351  79.881 0.0000000000
59892  4.121  -33.652  79.810 0.0000000000
58581  3.227  -34.874  79.859 0.0000000000
61212  3.507  -33.729  78.157 0.0000000000
61200  3.421  -33.916  78.676 0.0000000000
58590  3.429  -34.507  79.076 0.0000000000
58580  3.420  -34.945  79.242 0.0000000000
56315  3.359  -36.080  79.695 0.0000000000
55236  3.526  -36.710  79.597 0.0000000000
55245  3.760  -36.874  79.177 0.0000000000
54153  3.990  -37.162  78.972 0.0000000000
55253  4.278  -36.768  78.022 0.0000000000
54161  4.210  -37.362  78.004 0.0000000000
52983  4.210  -37.891  78.512 0.0000000000
51703  4.363  -38.595  78.179 0.0000000000
51702  4.720  -39.196  77.896 0.0000000000
51701  5.406  -39.227  77.432 0.0000000000
56336  4.400  -35.927  75.523 0.0000000000
56346  4.400  -36.466  75.662 0.0000000000
53029  4.686  -38.251  76.444 0.0000000000
51743  4.948  -38.390  76.920 0.0000000000
48714  6.428  -41.239  95.293 0.0000000000
50180  19.006  -39.410  88.899 0.0000000000
51588  8.099  -39.994  87.460 0.0000000000
51589  7.532  -40.251  87.510 0.0000000000
51638  5.688  -38.753  81.044 0.0000000000
51652  6.122  -38.391  80.253 0.0000000000
51669  5.874  -38.469  79.794 0.0000000000
51673  4.398  -38.077  79.707 0.0000000000
51742  5.088  -38.747  76.387 0.0000000000
52831  7.012  -38.639  96.428 0.0000000000
52836  7.048  -39.285  96.325 0.0000000000
52894  8.334  -38.973  88.382 0.0000000000
52909  9.194  -39.039  86.440 0.0000000000
52933  10.303  -39.118  82.284 0.0000000000
52936  6.042  -38.960  82.601 0.0000000000
52940  3.797  -37.655  81.971 0.0000000000
52956  6.952  -38.326  80.498 0.0000000000
54025  13.630  -38.058  93.275 0.0000000000
54028  17.536  -38.184  91.973 0.0000000000
54058  5.528  -39.711  91.280 0.0000000000
54105  10.318  -38.335  82.680 0.0000000000
54111  3.951  -37.526  83.155 0.0000000000
54117  10.347  -38.666  82.376 0.0000000000
54137  3.432  -37.381  80.636 0.0000000000
54138  2.948  -37.089  80.817 0.0000000000
54152  3.992  -36.921  78.697 0.0000000000
54160  4.145  -36.999  78.426 0.0000000000
55095  11.493  -38.119  95.007 0.0000000000
55108  19.729  -37.957  90.337 0.0000000000
55109  19.013  -38.013  90.849 0.0000000000
55148  6.214  -36.710  87.846 0.0000000000
55176  7.097  -37.178  85.471 0.0000000000
55185  3.763  -36.700  83.746 0.0000000000
55235  3.641  -36.578  79.237 0.0000000000
55244  3.792  -36.709  78.974 0.0000000000
55290  4.351  -36.753  75.996 0.0000000000
56158  10.156  -37.339  95.818 0.0000000000
56159  9.971  -37.198  95.971 0.0000000000
56174  11.221  -36.733  94.538 0.0000000000
56176  15.611  -37.302  92.472 0.0000000000
56181  16.895  -37.500  91.747 0.0000000000
56183  15.516  -36.996  92.467 0.0000000000
56192  7.676  -36.589  92.014 0.0000000000
56213  8.337  -36.560  89.293 0.0000000000
56218  5.822  -34.819  88.701 0.0000000000
56274  3.527  -36.262  83.861 0.0000000000
56314  3.609  -36.262  79.143 0.0000000000
56316  3.208  -36.011  80.063 0.0000000000
56321  4.198  -36.306  78.154 0.0000000000
56322  4.173  -36.320  77.684 0.0000000000
56328  4.091  -35.926  76.520 0.0000000000
56338  4.250  -36.425  76.343 0.0000000000
56347  4.347  -36.417  76.018 0.0000000000
57215  8.681  -36.571  96.037 0.0000000000
57219  10.846  -36.990  94.830 0.0000000000
57224  7.632  -36.278  95.747 0.0000000000
57231  7.152  -36.301  94.956 0.0000000000
57233  15.205  -36.966  92.499 0.0000000000
57291  4.411  -34.757  87.766 0.0000000000
57346  3.120  -35.391  82.393 0.0000000000
57356  3.304  -35.154  82.115 0.0000000000
57371  3.715  -35.867  78.719 0.0000000000
57373  3.182  -35.653  79.997 0.0000000000
57381  4.199  -35.986  77.920 0.0000000000
58409  8.366  -36.204  96.002 0.0000000000
58429  6.758  -35.575  94.110 0.0000000000
58501  3.388  -34.047  85.949 0.0000000000
58523  3.034  -34.478  84.805 0.0000000000
58551  3.094  -35.035  82.508 0.0000000000
58564  3.295  -34.954  82.264 0.0000000000
58608  4.423  -34.799  74.879 0.0000000000
59711  9.314  -35.552  94.566 0.0000000000
59714  8.037  -35.400  95.405 0.0000000000
59715  7.741  -35.430  95.391 0.0000000000
59718  9.369  -35.109  94.119 0.0000000000
59722  7.517  -35.287  94.895 0.0000000000
59874  3.338  -34.270  81.630 0.0000000000
59893  3.844  -33.826  79.797 0.0000000000
59903  3.396  -34.125  78.709 0.0000000000
61008  9.358  -34.146  93.355 0.0000000000
61018  7.361  -33.741  93.549 0.0000000000
61027  6.406  -33.949  92.188 0.0000000000
61044  5.461  -33.754  90.067 0.0000000000
61109  5.318  -32.523  84.147 0.0000000000
61110  5.129  -32.544  84.301 0.0000000000
61126  5.129  -32.610  84.006 0.0000000000
61141  4.226  -33.564  82.331 0.0000000000
61188  3.800  -33.714  79.192 0.0000000000
61195  5.778  -32.423  78.532 0.0000000000
61213  3.402  -33.972  78.452 0.0000000000
61238  3.739  -32.504  74.129 0.0000000000
62244  7.583  -33.657  93.529 0.0000000000
62245  9.046  -33.163  92.875 0.0000000000
62260  10.305  -33.260  91.547 0.0000000000
62278  6.580  -32.588  91.503 0.0000000000
63413  7.300  -32.346  92.116 0.0000000000
63414  7.076  -32.281  92.144 0.0000000000
63418  6.899  -32.296  91.781 0.0000000000
63426  6.225  -32.696  90.869 0.0000000000
64605  9.124  -31.312  88.365 0.0000000000
64615  8.944  -31.234  87.851 0.0000000000
