#!ascii label  , from subject 3083 vox2ras=TkReg
984
111551  39.563  12.784  56.238 0.0000000000
106720  42.911  7.762  54.306 0.0000000000
108813  50.571  10.089  48.007 0.0000000000
106894  51.035  7.483  35.898 0.0000000000
105450  41.368  6.613  59.297 0.0000000000
112600  52.414  13.579  52.872 0.0000000000
103533  47.800  4.296  43.494 0.0000000000
106796  44.055  7.555  45.137 0.0000000000
112527  47.181  13.505  57.581 0.0000000000
110549  44.913  11.581  61.312 0.0000000000
104387  44.281  5.522  59.254 0.0000000000
110701  48.386  11.383  48.392 0.0000000000
107897  45.937  8.975  42.241 0.0000000000
107834  46.608  8.607  50.349 0.0000000000
106817  47.378  7.754  41.029 0.0000000000
108834  43.692  9.710  47.447 0.0000000000
113413  43.876  14.079  59.228 0.0000000000
110601  42.967  11.640  58.593 0.0000000000
106606  44.357  7.040  62.202 0.0000000000
110696  53.331  11.507  48.934 0.0000000000
112630  50.993  13.350  49.493 0.0000000000
110713  49.623  10.879  47.609 0.0000000000
109803  47.063  10.439  44.955 0.0000000000
109810  48.647  10.334  44.695 0.0000000000
110621  44.488  11.089  55.418 0.0000000000
111597  46.711  12.188  53.534 0.0000000000
107830  44.748  8.187  51.854 0.0000000000
104650  50.824  5.993  39.180 0.0000000000
104627  46.904  6.175  41.808 0.0000000000
106853  48.952  7.158  37.663 0.0000000000
106855  46.933  7.676  38.298 0.0000000000
105771  47.559  6.960  34.829 0.0000000000
104665  46.880  5.224  37.708 0.0000000000
108766  38.235  9.590  54.920 0.0000000000
108736  40.772  9.461  57.374 0.0000000000
110682  51.739  11.304  50.618 0.0000000000
102400  44.156  3.114  50.895 0.0000000000
103454  44.333  4.507  48.392 0.0000000000
102447  47.586  3.238  46.619 0.0000000000
104608  51.794  5.368  41.888 0.0000000000
114367  49.152  15.828  58.385 0.0000000000
114354  47.220  15.429  59.871 0.0000000000
111504  46.522  12.573  60.402 0.0000000000
108734  44.590  9.467  57.758 0.0000000000
108704  43.358  9.292  60.462 0.0000000000
106642  45.169  8.051  60.313 0.0000000000
105496  42.988  6.550  56.482 0.0000000000
103397  45.007  4.294  54.667 0.0000000000
108769  35.785  9.573  54.489 0.0000000000
113547  49.018  14.348  49.417 0.0000000000
111643  45.709  12.203  48.957 0.0000000000
109793  45.382  10.164  45.683 0.0000000000
107892  45.243  8.509  43.382 0.0000000000
105695  43.489  6.539  40.077 0.0000000000
112569  49.600  13.709  54.669 0.0000000000
110663  48.602  11.187  51.814 0.0000000000
108810  49.085  9.533  49.298 0.0000000000
105625  45.273  6.163  46.433 0.0000000000
107876  47.077  8.280  45.820 0.0000000000
107874  48.605  9.454  45.007 0.0000000000
108875  47.633  9.276  41.613 0.0000000000
105707  45.546  7.236  38.579 0.0000000000
108816  43.108  9.967  48.115 0.0000000000
110705  44.268  11.505  48.474 0.0000000000
112529  41.636  13.342  57.570 0.0000000000
111543  41.563  12.200  57.231 0.0000000000
109753  51.574  10.632  48.651 0.0000000000
110698  51.484  11.208  48.549 0.0000000000
109768  50.192  10.475  47.646 0.0000000000
109789  48.856  10.417  46.328 0.0000000000
108842  49.467  10.021  46.443 0.0000000000
109702  43.660  9.827  55.080 0.0000000000
108784  44.653  9.726  53.217 0.0000000000
106746  43.758  7.524  52.511 0.0000000000
105734  51.036  7.101  37.443 0.0000000000
104664  49.297  6.164  38.748 0.0000000000
106867  49.744  7.364  36.940 0.0000000000
106882  48.378  7.630  36.094 0.0000000000
105759  49.682  7.116  35.378 0.0000000000
104695  48.484  6.074  36.092 0.0000000000
104693  50.483  6.004  35.892 0.0000000000
107780  38.883  8.282  55.799 0.0000000000
111622  53.344  12.338  50.831 0.0000000000
111615  52.194  12.573  51.802 0.0000000000
101329  45.916  2.486  51.240 0.0000000000
101357  45.832  2.578  48.652 0.0000000000
102427  47.518  2.861  48.952 0.0000000000
103510  51.576  4.979  43.784 0.0000000000
105678  52.992  6.440  41.314 0.0000000000
105689  52.492  6.410  40.309 0.0000000000
112481  44.549  12.952  60.773 0.0000000000
112479  46.113  13.656  61.105 0.0000000000
110570  46.322  11.658  60.791 0.0000000000
110600  45.579  11.232  58.918 0.0000000000
108702  46.231  10.475  60.800 0.0000000000
106656  41.050  7.685  58.801 0.0000000000
108728  41.811  9.387  58.832 0.0000000000
106644  42.046  7.822  59.853 0.0000000000
104371  44.823  5.853  60.765 0.0000000000
106613  45.212  7.503  61.500 0.0000000000
105449  44.589  6.685  59.496 0.0000000000
106655  44.469  7.562  58.749 0.0000000000
105463  43.679  5.723  57.923 0.0000000000
104453  43.095  4.800  55.614 0.0000000000
103336  44.021  4.152  57.377 0.0000000000
103373  46.312  4.528  55.632 0.0000000000
111630  49.323  12.538  49.482 0.0000000000
112631  49.801  13.479  49.669 0.0000000000
111631  48.251  12.563  49.471 0.0000000000
112633  47.609  13.428  49.486 0.0000000000
110692  46.898  11.938  49.082 0.0000000000
110717  45.812  11.205  47.758 0.0000000000
110716  46.910  11.185  47.679 0.0000000000
109813  46.494  10.213  43.689 0.0000000000
108858  45.758  10.000  43.940 0.0000000000
107891  45.720  9.029  42.983 0.0000000000
106810  45.007  7.893  42.890 0.0000000000
106830  45.106  7.585  41.097 0.0000000000
113423  49.087  14.380  58.201 0.0000000000
112536  49.552  14.244  56.854 0.0000000000
112538  47.960  13.879  56.528 0.0000000000
108792  46.772  9.776  51.903 0.0000000000
111607  48.260  11.903  52.683 0.0000000000
109737  47.761  10.144  51.322 0.0000000000
109743  49.272  10.118  50.404 0.0000000000
107832  48.210  9.266  50.104 0.0000000000
103497  45.381  4.303  45.806 0.0000000000
104532  44.868  5.791  47.912 0.0000000000
104583  45.408  5.272  45.145 0.0000000000
105680  46.931  6.801  41.134 0.0000000000
105644  46.269  6.971  44.395 0.0000000000
106800  46.941  7.775  42.686 0.0000000000
107875  48.019  8.735  45.351 0.0000000000
106793  47.588  8.607  43.055 0.0000000000
107890  48.046  9.307  42.690 0.0000000000
107903  47.581  8.889  41.188 0.0000000000
106885  45.467  6.744  35.721 0.0000000000
106856  46.002  7.460  37.957 0.0000000000
105737  44.749  7.114  37.090 0.0000000000
105726  43.477  6.271  37.568 0.0000000000
113480  51.408  14.686  54.615 0.0000000000
107860  43.449  8.726  47.205 0.0000000000
107870  43.917  8.553  46.355 0.0000000000
114371  44.183  15.058  58.116 0.0000000000
113425  43.169  14.282  58.365 0.0000000000
112511  43.566  13.333  59.010 0.0000000000
110573  43.948  11.386  60.213 0.0000000000
106616  42.905  7.116  61.033 0.0000000000
111627  52.652  12.398  49.245 0.0000000000
111641  50.903  11.705  48.811 0.0000000000
110700  49.361  11.278  48.289 0.0000000000
109772  47.556  10.642  46.894 0.0000000000
109771  48.461  10.646  46.938 0.0000000000
109802  48.024  10.540  45.191 0.0000000000
109817  47.812  10.360  43.521 0.0000000000
111540  46.220  12.853  57.058 0.0000000000
112554  46.771  13.288  55.312 0.0000000000
110654  45.236  11.446  53.928 0.0000000000
108783  45.363  9.882  52.792 0.0000000000
107835  45.780  8.200  50.712 0.0000000000
104624  49.717  5.131  40.944 0.0000000000
104610  47.234  4.987  42.257 0.0000000000
104640  48.164  5.759  40.337 0.0000000000
105705  48.036  6.411  39.752 0.0000000000
105706  47.616  6.960  39.377 0.0000000000
107919  47.319  8.021  39.277 0.0000000000
106854  47.787  7.381  38.246 0.0000000000
106883  47.400  7.567  36.022 0.0000000000
106899  46.418  6.879  34.995 0.0000000000
103611  48.176  5.206  37.895 0.0000000000
110623  39.185  11.350  55.489 0.0000000000
109680  40.598  10.447  56.434 0.0000000000
108756  39.809  9.491  55.845 0.0000000000
106670  40.165  7.629  57.662 0.0000000000
105465  40.638  6.644  58.531 0.0000000000
110679  54.182  12.119  49.493 0.0000000000
109747  52.451  10.791  49.415 0.0000000000
109748  51.523  10.282  49.215 0.0000000000
103431  42.668  5.184  52.254 0.0000000000
104509  43.673  5.483  50.635 0.0000000000
102410  43.601  3.845  50.494 0.0000000000
102439  45.365  3.434  47.459 0.0000000000
102477  47.437  3.805  44.985 0.0000000000
103475  49.825  3.896  46.003 0.0000000000
103512  49.687  4.333  44.320 0.0000000000
103548  50.043  4.707  42.437 0.0000000000
104637  51.434  5.811  40.176 0.0000000000
105718  52.410  6.778  38.393 0.0000000000
106878  52.265  7.375  36.601 0.0000000000
104692  51.607  6.177  35.978 0.0000000000
114353  48.341  15.531  59.249 0.0000000000
112492  47.849  13.923  59.319 0.0000000000
113411  45.245  14.672  60.026 0.0000000000
113397  47.191  14.190  60.441 0.0000000000
112510  47.101  13.297  58.854 0.0000000000
111535  45.716  11.694  58.133 0.0000000000
109678  44.622  10.182  56.880 0.0000000000
108744  43.727  8.811  56.140 0.0000000000
109673  41.944  10.672  58.037 0.0000000000
109660  42.728  10.393  59.293 0.0000000000
109645  44.142  10.404  61.011 0.0000000000
107719  44.131  8.252  61.630 0.0000000000
108693  44.846  9.064  61.774 0.0000000000
108692  45.516  9.580  61.348 0.0000000000
107751  45.293  9.030  59.359 0.0000000000
107763  43.923  8.094  57.511 0.0000000000
106721  42.522  6.967  54.774 0.0000000000
103412  42.645  4.713  53.811 0.0000000000
102378  43.920  3.544  53.348 0.0000000000
102389  45.570  2.985  52.606 0.0000000000
103356  44.790  3.791  56.668 0.0000000000
103410  46.749  3.777  53.646 0.0000000000
109691  37.916  10.941  54.917 0.0000000000
108768  36.714  9.610  54.541 0.0000000000
106725  34.848  7.754  54.509 0.0000000000
113561  50.061  15.183  48.619 0.0000000000
113564  47.208  14.864  48.855 0.0000000000
109755  44.515  10.943  47.863 0.0000000000
109774  45.012  10.538  47.034 0.0000000000
107869  44.406  9.088  45.891 0.0000000000
109792  46.158  10.476  45.837 0.0000000000
108852  44.985  9.625  45.278 0.0000000000
106795  44.508  8.013  44.677 0.0000000000
112568  50.715  13.777  54.719 0.0000000000
112588  48.065  13.137  53.717 0.0000000000
111594  49.670  12.709  53.107 0.0000000000
111604  50.913  12.653  52.573 0.0000000000
110673  50.705  11.228  51.082 0.0000000000
109742  50.571  10.269  50.205 0.0000000000
108814  50.041  9.668  48.230 0.0000000000
105578  44.453  6.371  50.222 0.0000000000
105577  45.204  6.848  49.813 0.0000000000
106756  46.363  7.668  48.816 0.0000000000
105645  45.696  6.147  44.471 0.0000000000
106788  45.804  6.879  45.856 0.0000000000
107843  46.853  8.136  48.230 0.0000000000
107858  47.391  8.399  47.471 0.0000000000
107857  48.385  8.918  47.363 0.0000000000
108843  49.175  9.502  46.745 0.0000000000
108856  48.952  10.015  44.695 0.0000000000
108863  48.352  10.035  43.288 0.0000000000
108877  46.728  9.249  41.417 0.0000000000
107920  46.908  8.469  39.628 0.0000000000
107921  46.484  8.412  40.204 0.0000000000
106829  45.850  8.038  40.555 0.0000000000
105708  44.781  6.894  39.158 0.0000000000
104667  45.730  4.977  37.981 0.0000000000
110706  43.105  11.534  48.603 0.0000000000
111645  43.487  12.464  48.869 0.0000000000
112540  40.044  13.223  56.690 0.0000000000
111544  41.089  12.831  57.160 0.0000000000
111550  40.632  12.310  56.457 0.0000000000
109754  50.851  10.614  48.268 0.0000000000
108830  50.020  10.143  47.176 0.0000000000
108841  49.721  10.165  46.853 0.0000000000
107802  43.139  8.621  54.846 0.0000000000
107822  43.570  8.620  53.640 0.0000000000
106739  43.200  7.478  53.348 0.0000000000
106879  51.366  7.521  36.411 0.0000000000
106866  50.794  7.410  36.882 0.0000000000
106880  50.439  7.573  36.262 0.0000000000
106895  50.071  7.478  35.778 0.0000000000
104707  49.633  6.541  35.529 0.0000000000
104706  50.571  6.644  35.599 0.0000000000
112599  52.824  13.663  52.396 0.0000000000
112614  52.686  13.208  52.148 0.0000000000
111603  51.740  12.788  52.307 0.0000000000
101338  46.569  2.515  50.503 0.0000000000
101347  47.178  2.643  49.687 0.0000000000
102417  47.700  2.767  49.467 0.0000000000
105667  53.393  6.132  42.101 0.0000000000
105687  54.423  6.695  40.837 0.0000000000
105688  53.734  6.614  40.462 0.0000000000
105646  43.678  6.926  44.839 0.0000000000
111487  45.198  12.382  61.344 0.0000000000
110548  45.452  11.547  61.328 0.0000000000
109642  46.437  10.882  60.871 0.0000000000
109630  45.812  10.783  61.290 0.0000000000
105464  41.193  7.138  58.958 0.0000000000
106645  41.534  7.629  59.374 0.0000000000
106626  41.834  7.212  59.828 0.0000000000
104372  44.668  5.726  60.044 0.0000000000
105430  44.799  6.502  60.309 0.0000000000
104400  43.866  5.226  58.466 0.0000000000
104401  43.595  5.089  57.692 0.0000000000
103322  43.965  4.324  58.258 0.0000000000
110690  48.851  11.736  49.132 0.0000000000
110691  47.825  11.815  49.146 0.0000000000
111632  47.254  12.589  49.343 0.0000000000
110702  47.379  11.488  48.460 0.0000000000
108865  46.514  9.713  42.974 0.0000000000
106809  45.393  8.343  42.264 0.0000000000
112526  48.268  14.020  57.425 0.0000000000
108798  46.949  9.297  51.203 0.0000000000
108791  47.376  9.861  51.481 0.0000000000
108805  47.385  9.241  50.603 0.0000000000
108804  48.000  9.454  50.419 0.0000000000
107833  47.724  9.024  50.115 0.0000000000
103515  46.660  4.015  44.712 0.0000000000
103516  45.780  4.549  44.842 0.0000000000
103535  46.066  4.704  44.110 0.0000000000
106808  47.043  7.803  41.695 0.0000000000
106799  47.652  8.590  42.168 0.0000000000
107896  47.904  9.129  41.824 0.0000000000
106807  47.546  8.496  41.417 0.0000000000
106872  44.958  6.864  36.490 0.0000000000
106886  44.808  6.566  36.114 0.0000000000
105738  44.250  6.636  36.676 0.0000000000
108845  44.069  9.298  46.685 0.0000000000
113441  42.490  14.606  57.719 0.0000000000
113442  41.812  14.525  57.580 0.0000000000
112528  42.151  12.638  57.773 0.0000000000
112512  42.592  13.320  58.214 0.0000000000
111536  43.263  12.382  58.747 0.0000000000
111523  43.781  12.399  59.665 0.0000000000
110592  43.306  11.349  59.310 0.0000000000
110695  53.912  11.956  48.739 0.0000000000
111626  53.354  12.455  49.017 0.0000000000
111639  53.027  11.787  48.867 0.0000000000
110699  50.326  11.044  48.188 0.0000000000
111640  51.440  11.643  48.863 0.0000000000
110714  48.867  11.049  47.587 0.0000000000
109770  49.185  10.604  47.056 0.0000000000
109809  49.010  10.360  45.209 0.0000000000
109801  48.707  10.441  45.498 0.0000000000
109811  47.865  10.465  44.319 0.0000000000
111548  45.546  12.285  56.484 0.0000000000
111562  45.521  12.345  55.474 0.0000000000
110639  44.949  11.784  54.921 0.0000000000
107825  44.430  8.640  52.549 0.0000000000
107824  45.187  9.055  52.225 0.0000000000
108793  45.803  9.558  52.274 0.0000000000
107829  45.501  8.610  51.489 0.0000000000
104638  50.257  5.497  40.128 0.0000000000
104625  48.668  5.125  40.998 0.0000000000
104651  49.714  5.730  39.321 0.0000000000
105721  49.608  6.673  37.904 0.0000000000
104652  48.750  5.914  39.448 0.0000000000
105722  48.444  6.680  38.707 0.0000000000
105723  47.761  7.074  38.808 0.0000000000
106868  48.656  7.444  36.934 0.0000000000
106907  48.370  7.329  35.198 0.0000000000
106908  47.767  7.290  35.007 0.0000000000
105762  47.001  6.586  34.935 0.0000000000
104709  47.691  6.259  35.399 0.0000000000
104678  49.323  5.619  36.865 0.0000000000
104679  48.298  5.590  36.930 0.0000000000
109690  38.611  10.536  55.090 0.0000000000
109689  39.470  10.433  55.497 0.0000000000
108757  38.971  9.578  55.306 0.0000000000
106686  39.452  8.002  56.520 0.0000000000
106671  39.511  7.599  56.976 0.0000000000
105481  40.286  7.145  58.029 0.0000000000
105482  39.742  6.652  57.680 0.0000000000
110681  52.661  11.823  50.828 0.0000000000
109739  52.974  11.445  50.181 0.0000000000
109740  52.471  11.162  50.096 0.0000000000
109741  51.739  10.627  50.023 0.0000000000
103430  42.906  4.441  52.047 0.0000000000
103439  43.373  4.570  51.064 0.0000000000
102401  43.485  3.677  51.531 0.0000000000
101364  46.270  2.694  48.066 0.0000000000
101365  45.631  2.961  47.971 0.0000000000
102448  46.528  3.258  46.646 0.0000000000
102463  46.823  3.538  45.686 0.0000000000
102462  47.873  3.574  45.605 0.0000000000
102435  49.445  3.523  47.475 0.0000000000
103474  50.453  4.085  46.243 0.0000000000
103529  51.537  5.141  42.959 0.0000000000
103511  50.755  4.541  44.120 0.0000000000
103530  50.818  4.699  43.144 0.0000000000
103531  49.846  4.514  43.341 0.0000000000
103547  51.026  4.936  42.207 0.0000000000
103561  50.252  4.983  41.671 0.0000000000
104622  51.556  5.562  41.114 0.0000000000
105717  53.055  6.761  38.692 0.0000000000
105702  52.529  6.560  39.207 0.0000000000
106850  52.970  6.973  38.032 0.0000000000
106851  52.306  7.067  37.757 0.0000000000
106877  53.004  7.148  36.993 0.0000000000
105747  52.768  6.787  36.594 0.0000000000
115320  46.460  16.038  58.644 0.0000000000
115309  47.418  15.966  59.088 0.0000000000
113410  47.782  14.628  59.901 0.0000000000
113424  44.068  14.571  58.677 0.0000000000
114357  44.597  15.045  58.882 0.0000000000
113412  44.609  14.431  59.668 0.0000000000
112467  46.337  13.185  61.254 0.0000000000
112478  46.773  13.430  60.722 0.0000000000
112493  47.025  13.297  59.869 0.0000000000
111522  46.538  12.568  59.529 0.0000000000
111534  46.238  12.408  58.384 0.0000000000
110599  46.134  11.863  59.400 0.0000000000
109671  45.298  10.389  58.376 0.0000000000
109672  44.937  10.346  57.697 0.0000000000
108743  44.110  9.333  56.506 0.0000000000
109675  40.812  10.091  56.975 0.0000000000
109679  41.113  10.674  56.830 0.0000000000
109674  41.382  10.365  57.508 0.0000000000
108720  42.651  9.319  59.626 0.0000000000
108727  42.321  9.890  59.131 0.0000000000
108719  43.121  9.629  60.026 0.0000000000
109659  43.301  10.272  60.024 0.0000000000
106607  43.860  6.988  62.178 0.0000000000
106615  43.508  7.382  61.582 0.0000000000
106614  44.088  7.541  61.980 0.0000000000
106623  45.301  7.953  61.000 0.0000000000
107709  45.044  8.036  61.724 0.0000000000
107718  45.311  8.436  61.398 0.0000000000
107726  45.563  8.792  60.813 0.0000000000
107740  45.456  8.984  60.029 0.0000000000
107741  45.145  8.491  59.639 0.0000000000
105478  43.754  6.850  57.666 0.0000000000
106668  44.076  7.445  57.922 0.0000000000
106669  43.586  7.376  57.255 0.0000000000
106684  43.044  7.276  56.377 0.0000000000
106685  42.862  6.673  56.176 0.0000000000
105517  42.488  6.106  55.112 0.0000000000
104454  42.733  5.223  55.324 0.0000000000
103398  44.038  4.125  54.748 0.0000000000
103399  43.277  4.310  54.630 0.0000000000
102365  44.483  3.808  54.054 0.0000000000
102377  44.958  3.382  53.306 0.0000000000
102364  45.396  3.828  54.017 0.0000000000
102329  45.494  3.700  57.128 0.0000000000
103396  46.453  4.290  54.473 0.0000000000
103409  47.557  3.921  53.418 0.0000000000
110625  37.388  11.617  55.225 0.0000000000
109706  35.310  10.479  54.635 0.0000000000
109705  36.242  10.496  54.589 0.0000000000
107805  36.287  8.677  54.521 0.0000000000
107806  35.334  8.628  54.348 0.0000000000
113546  50.287  14.470  49.289 0.0000000000
113562  49.233  14.999  48.803 0.0000000000
114502  49.381  15.518  48.166 0.0000000000
114503  48.464  15.442  48.246 0.0000000000
113563  48.215  14.901  48.856 0.0000000000
111633  46.296  12.542  49.214 0.0000000000
111634  45.464  12.803  49.213 0.0000000000
110704  45.293  11.653  48.540 0.0000000000
108844  44.639  9.819  46.226 0.0000000000
109791  47.260  10.440  45.965 0.0000000000
107885  45.534  9.241  43.631 0.0000000000
108851  45.457  9.946  44.665 0.0000000000
108859  45.200  9.379  44.455 0.0000000000
107877  44.562  8.798  45.042 0.0000000000
107886  44.886  8.656  44.144 0.0000000000
106801  44.583  7.828  43.777 0.0000000000
105657  44.498  7.416  43.262 0.0000000000
105681  44.458  6.925  41.731 0.0000000000
114385  49.581  15.674  57.137 0.0000000000
112551  49.916  14.171  55.737 0.0000000000
113457  50.049  14.453  56.403 0.0000000000
112550  50.928  14.106  55.201 0.0000000000
111583  46.463  12.697  54.215 0.0000000000
112571  47.290  13.250  54.400 0.0000000000
111582  47.069  12.734  53.793 0.0000000000
111595  48.653  12.588  53.158 0.0000000000
111606  49.191  12.094  52.483 0.0000000000
111593  50.384  12.799  52.985 0.0000000000
111605  50.141  12.320  52.495 0.0000000000
110661  50.804  11.942  52.036 0.0000000000
110662  49.853  11.640  51.855 0.0000000000
108803  48.712  9.607  50.127 0.0000000000
108802  49.691  9.798  49.784 0.0000000000
108809  49.924  9.666  49.043 0.0000000000
108815  49.396  9.487  48.592 0.0000000000
104515  43.743  5.247  50.177 0.0000000000
105579  43.962  6.191  50.674 0.0000000000
104514  44.057  5.509  49.834 0.0000000000
104551  44.782  5.594  47.057 0.0000000000
105591  44.902  6.157  48.730 0.0000000000
105590  45.277  6.401  48.236 0.0000000000
106757  45.767  7.316  49.323 0.0000000000
106774  45.796  6.968  47.691 0.0000000000
104611  46.721  5.588  42.585 0.0000000000
104595  46.116  5.446  43.585 0.0000000000
105655  46.228  6.606  43.395 0.0000000000
106787  46.498  7.566  45.160 0.0000000000
106781  46.387  7.565  46.278 0.0000000000
106773  46.348  7.500  47.198 0.0000000000
107868  46.901  8.138  46.806 0.0000000000
107866  48.565  9.127  46.085 0.0000000000
108850  49.021  9.781  45.694 0.0000000000
107882  48.589  9.705  44.413 0.0000000000
108869  47.915  9.618  42.343 0.0000000000
108870  47.347  9.576  42.116 0.0000000000
108876  47.123  9.317  41.265 0.0000000000
107927  47.251  7.772  38.751 0.0000000000
107928  47.069  8.130  38.978 0.0000000000
106841  46.135  7.697  39.313 0.0000000000
107913  46.370  8.645  40.943 0.0000000000
106842  45.287  7.392  40.162 0.0000000000
105727  42.910  5.686  37.407 0.0000000000
105709  43.518  6.375  38.766 0.0000000000
104681  46.329  5.341  37.053 0.0000000000
104666  46.270  5.140  37.878 0.0000000000
109756  43.841  10.602  47.961 0.0000000000
113427  41.742  14.056  57.759 0.0000000000
112530  40.671  13.414  57.141 0.0000000000
111542  42.164  11.941  57.781 0.0000000000
110697  52.436  11.147  48.706 0.0000000000
110712  49.989  10.719  47.636 0.0000000000
109788  49.418  10.285  46.702 0.0000000000
109800  49.062  10.214  45.886 0.0000000000
109701  44.072  10.350  54.825 0.0000000000
110640  44.653  11.110  54.492 0.0000000000
108764  44.202  9.939  54.011 0.0000000000
107821  44.137  9.120  53.249 0.0000000000
106745  44.404  7.778  52.056 0.0000000000
104662  50.667  6.283  38.557 0.0000000000
104663  50.121  6.140  38.559 0.0000000000
105720  50.648  6.573  37.972 0.0000000000
105736  49.781  7.051  37.363 0.0000000000
106852  49.511  7.097  37.431 0.0000000000
106881  49.413  7.655  36.160 0.0000000000
106896  48.981  7.477  35.530 0.0000000000
105769  48.832  7.186  35.163 0.0000000000
105761  48.022  6.688  35.023 0.0000000000
105760  48.889  6.843  35.045 0.0000000000
104694  49.509  6.028  35.997 0.0000000000
107803  37.852  8.974  54.756 0.0000000000
107790  38.318  8.654  55.307 0.0000000000
106699  38.365  7.787  55.741 0.0000000000
111621  54.025  12.642  50.356 0.0000000000
111613  53.502  12.900  51.199 0.0000000000
110671  52.352  12.279  51.441 0.0000000000
101330  44.954  2.528  51.126 0.0000000000
101340  44.701  2.692  50.127 0.0000000000
101339  45.575  2.379  50.313 0.0000000000
101356  46.689  2.641  48.764 0.0000000000
102437  47.175  2.855  47.783 0.0000000000
104568  52.247  5.332  44.116 0.0000000000
104593  52.857  5.915  42.883 0.0000000000
104607  52.637  5.767  41.997 0.0000000000
104621  52.294  5.840  41.205 0.0000000000
105701  53.329  6.768  39.482 0.0000000000
114369  45.733  15.624  58.874 0.0000000000
112495  44.261  13.420  60.112 0.0000000000
112494  44.729  13.899  60.359 0.0000000000
112480  45.086  13.418  61.073 0.0000000000
112468  45.913  13.058  61.563 0.0000000000
110590  46.342  11.841  60.116 0.0000000000
110571  46.308  11.234  60.487 0.0000000000
109658  45.727  10.494  59.799 0.0000000000
109665  45.550  10.224  59.046 0.0000000000
107753  41.073  8.525  58.390 0.0000000000
108735  41.301  9.416  57.995 0.0000000000
107743  41.542  8.437  59.069 0.0000000000
107742  42.042  8.409  59.531 0.0000000000
107728  42.530  8.350  59.986 0.0000000000
105413  45.161  6.513  61.718 0.0000000000
106605  44.937  7.085  62.002 0.0000000000
105429  45.193  6.921  60.903 0.0000000000
105448  44.896  7.220  60.147 0.0000000000
106643  44.809  7.795  59.581 0.0000000000
105462  44.029  6.398  58.326 0.0000000000
105479  43.196  6.204  57.215 0.0000000000
104417  43.106  5.488  56.373 0.0000000000
104416  43.287  5.054  56.740 0.0000000000
103357  43.846  4.311  56.304 0.0000000000
103375  44.415  4.193  55.553 0.0000000000
103355  45.843  3.996  56.482 0.0000000000
104474  47.386  4.968  55.040 0.0000000000
111629  50.433  12.480  49.345 0.0000000000
112632  48.651  13.472  49.641 0.0000000000
113548  47.934  14.281  49.379 0.0000000000
110693  46.414  12.039  49.013 0.0000000000
111642  46.177  12.103  48.969 0.0000000000
110703  46.318  11.699  48.596 0.0000000000
109773  46.447  10.691  46.879 0.0000000000
109804  46.013  10.426  44.667 0.0000000000
107898  45.477  8.550  42.750 0.0000000000
106819  45.029  7.708  42.028 0.0000000000
105694  44.488  6.871  40.611 0.0000000000
113422  49.251  14.909  58.627 0.0000000000
113439  49.648  14.724  57.500 0.0000000000
113440  49.306  14.390  57.732 0.0000000000
112537  48.991  13.953  56.639 0.0000000000
112552  48.794  13.853  55.619 0.0000000000
110665  46.649  11.107  52.763 0.0000000000
110652  46.906  11.889  53.039 0.0000000000
110664  47.275  11.367  52.619 0.0000000000
109727  47.606  10.488  51.814 0.0000000000
110675  49.062  10.785  51.254 0.0000000000
109736  48.458  10.379  51.094 0.0000000000
107837  48.344  9.162  49.642 0.0000000000
103477  44.810  4.347  46.898 0.0000000000
104533  44.519  5.111  47.742 0.0000000000
104570  44.716  4.743  46.551 0.0000000000
104569  44.830  5.201  46.128 0.0000000000
105668  46.637  6.815  42.158 0.0000000000
106794  46.991  7.882  43.922 0.0000000000
107884  47.327  8.367  44.847 0.0000000000
107883  48.013  9.212  44.043 0.0000000000
108882  47.404  9.065  41.065 0.0000000000
106870  46.656  7.573  36.950 0.0000000000
106871  45.580  7.297  36.806 0.0000000000
105724  45.164  7.087  37.886 0.0000000000
105725  44.279  6.792  37.824 0.0000000000
105739  43.634  5.823  36.633 0.0000000000
112584  52.131  13.850  54.209 0.0000000000
108835  42.971  9.231  47.933 0.0000000000
106790  43.833  7.863  45.865 0.0000000000
114372  43.687  14.692  58.099 0.0000000000
113426  42.240  14.182  58.041 0.0000000000
111506  44.335  12.362  60.450 0.0000000000
110572  44.527  11.521  60.857 0.0000000000
105431  42.586  6.469  60.682 0.0000000000
105414  43.618  6.408  61.960 0.0000000000
105407  44.012  6.318  62.445 0.0000000000
105406  44.560  6.259  62.325 0.0000000000
104352  45.042  5.767  61.433 0.0000000000
103307  44.734  4.669  59.827 0.0000000000
103321  44.229  4.470  59.039 0.0000000000
111628  51.583  12.197  49.259 0.0000000000
110688  51.701  11.603  48.908 0.0000000000
110689  49.898  11.668  49.019 0.0000000000
110715  47.947  11.135  47.613 0.0000000000
109790  48.194  10.525  46.094 0.0000000000
109812  47.053  10.473  44.023 0.0000000000
109818  47.083  10.196  43.353 0.0000000000
112539  46.878  13.574  56.334 0.0000000000
111547  46.184  12.861  55.958 0.0000000000
111561  46.186  12.782  55.030 0.0000000000
111598  46.040  12.027  53.839 0.0000000000
110655  44.848  11.080  54.101 0.0000000000
109718  45.565  10.570  53.170 0.0000000000
109717  46.089  10.830  52.964 0.0000000000
109728  46.421  10.573  52.596 0.0000000000
108799  46.269  9.227  51.624 0.0000000000
107828  46.345  8.908  51.195 0.0000000000
103550  47.907  4.508  42.428 0.0000000000
103551  47.222  4.728  42.840 0.0000000000
103563  48.426  4.732  41.724 0.0000000000
104626  47.450  5.495  41.383 0.0000000000
104641  47.533  6.076  40.561 0.0000000000
105692  47.426  6.832  40.308 0.0000000000
105693  47.269  7.290  40.724 0.0000000000
106828  47.438  7.635  40.539 0.0000000000
106816  47.469  8.268  40.764 0.0000000000
106827  47.500  7.775  39.953 0.0000000000
106869  47.642  7.580  37.039 0.0000000000
106884  46.412  7.388  35.852 0.0000000000
106900  45.728  6.478  35.087 0.0000000000
104711  45.427  5.418  35.471 0.0000000000
104680  47.288  5.455  37.078 0.0000000000
104696  47.430  5.863  36.090 0.0000000000
103612  47.473  5.159  38.033 0.0000000000
111564  39.785  11.999  55.824 0.0000000000
111563  40.215  11.717  56.000 0.0000000000
110622  39.873  11.209  55.801 0.0000000000
108755  40.253  9.944  56.167 0.0000000000
108745  40.345  9.440  56.579 0.0000000000
107779  39.533  8.511  56.164 0.0000000000
107778  40.011  8.716  56.551 0.0000000000
107765  40.240  8.517  57.193 0.0000000000
106657  40.572  7.662  58.261 0.0000000000
105451  40.968  6.203  59.016 0.0000000000
110685  54.114  11.890  48.893 0.0000000000
110680  53.515  11.761  50.124 0.0000000000
110686  53.577  11.557  49.294 0.0000000000
109751  53.102  11.003  49.139 0.0000000000
109752  52.513  10.763  48.902 0.0000000000
108807  51.090  10.237  48.620 0.0000000000
108808  50.703  9.898  48.847 0.0000000000
105555  42.657  6.469  53.272 0.0000000000
105554  43.158  6.891  52.748 0.0000000000
104502  42.759  5.747  52.156 0.0000000000
103447  43.655  4.750  50.133 0.0000000000
102418  44.164  3.792  49.014 0.0000000000
101350  44.609  3.111  49.252 0.0000000000
101359  44.574  3.429  48.723 0.0000000000
102440  44.847  3.843  47.467 0.0000000000
102449  45.605  3.578  46.624 0.0000000000
103496  46.063  3.931  45.340 0.0000000000
103514  47.645  4.060  44.461 0.0000000000
102426  48.236  3.109  48.629 0.0000000000
102436  48.392  3.241  47.587 0.0000000000
102446  48.676  3.460  46.592 0.0000000000
103492  50.625  4.430  45.193 0.0000000000
103493  49.517  4.041  45.377 0.0000000000
102461  48.968  3.708  45.837 0.0000000000
103494  48.417  3.878  45.107 0.0000000000
103532  48.810  4.349  43.415 0.0000000000
103549  49.037  4.602  42.522 0.0000000000
103562  49.341  4.821  41.707 0.0000000000
105690  51.930  6.331  39.633 0.0000000000
104649  51.489  6.145  39.476 0.0000000000
105704  51.101  6.430  38.505 0.0000000000
105719  51.601  6.822  37.979 0.0000000000
106865  51.736  7.367  37.199 0.0000000000
106893  51.757  7.455  36.011 0.0000000000
104705  51.160  6.795  35.651 0.0000000000
105756  52.179  7.157  36.068 0.0000000000
105748  52.205  6.703  36.061 0.0000000000
114368  48.557  16.069  58.790 0.0000000000
113408  49.044  14.904  58.944 0.0000000000
112491  48.472  14.160  58.628 0.0000000000
112509  47.917  13.838  58.322 0.0000000000
114356  45.254  15.222  59.405 0.0000000000
114348  45.765  14.938  59.950 0.0000000000
113399  45.762  14.246  60.431 0.0000000000
113398  46.590  14.213  60.615 0.0000000000
114346  47.097  14.738  60.353 0.0000000000
112477  47.373  13.878  60.108 0.0000000000
111541  45.659  12.028  57.468 0.0000000000
110611  45.182  11.505  56.868 0.0000000000
110605  45.403  11.116  57.770 0.0000000000
110612  44.630  10.985  56.392 0.0000000000
109686  44.267  10.214  55.902 0.0000000000
108754  43.638  9.276  55.538 0.0000000000
110613  40.993  11.294  56.504 0.0000000000
110607  41.882  11.283  57.588 0.0000000000
110602  42.464  11.282  58.169 0.0000000000
109667  41.670  10.080  58.263 0.0000000000
109666  42.231  10.392  58.663 0.0000000000
110593  42.762  11.008  58.800 0.0000000000
109644  44.665  11.014  61.256 0.0000000000
106625  42.464  7.452  60.385 0.0000000000
106624  43.142  7.703  60.870 0.0000000000
107720  43.540  8.363  61.077 0.0000000000
107710  44.673  7.918  61.880 0.0000000000
108694  44.069  9.221  61.339 0.0000000000
109632  44.540  9.804  61.481 0.0000000000
109631  45.018  10.495  61.569 0.0000000000
108703  45.838  9.896  60.549 0.0000000000
108718  45.560  9.670  59.569 0.0000000000
108726  44.700  9.031  58.441 0.0000000000
107752  44.848  8.568  58.967 0.0000000000
107762  44.421  8.416  58.103 0.0000000000
107776  44.181  8.723  57.311 0.0000000000
107777  43.665  8.309  56.727 0.0000000000
106697  42.828  7.675  55.320 0.0000000000
106740  42.720  6.986  53.985 0.0000000000
105541  42.409  6.258  54.191 0.0000000000
103422  42.599  4.758  52.912 0.0000000000
102392  42.775  4.164  53.014 0.0000000000
103400  42.743  4.711  54.618 0.0000000000
102379  43.075  4.051  53.588 0.0000000000
102390  44.361  2.982  52.202 0.0000000000
101323  45.377  2.649  51.860 0.0000000000
101328  46.861  2.870  51.478 0.0000000000
102298  44.199  3.864  58.054 0.0000000000
103374  45.445  4.287  55.586 0.0000000000
102376  46.074  3.550  53.412 0.0000000000
102399  46.950  3.243  52.071 0.0000000000
111565  38.953  12.256  55.674 0.0000000000
110624  38.354  11.548  55.295 0.0000000000
109703  37.910  10.253  54.824 0.0000000000
110641  36.624  11.260  54.830 0.0000000000
109704  37.202  10.567  54.703 0.0000000000
108767  37.534  9.616  54.669 0.0000000000
107804  37.208  8.739  54.567 0.0000000000
105542  35.732  7.084  54.923 0.0000000000
114505  46.472  15.392  48.333 0.0000000000
113549  46.953  14.178  49.236 0.0000000000
113565  46.230  14.760  48.888 0.0000000000
110718  44.975  11.137  47.964 0.0000000000
108833  44.309  9.917  46.947 0.0000000000
106789  44.343  8.085  45.340 0.0000000000
109805  45.439  10.069  45.059 0.0000000000
106802  44.192  7.393  44.439 0.0000000000
105669  44.454  7.174  42.690 0.0000000000
113438  49.991  15.144  57.030 0.0000000000
113465  51.179  14.241  55.066 0.0000000000
112567  51.547  13.980  54.742 0.0000000000
112585  51.514  13.555  53.970 0.0000000000
112553  47.691  13.631  55.464 0.0000000000
112570  48.432  13.595  54.564 0.0000000000
111596  47.547  12.356  53.263 0.0000000000
112587  49.139  13.297  53.731 0.0000000000
112586  50.406  13.269  53.669 0.0000000000
112602  50.746  13.025  53.054 0.0000000000
112601  51.285  13.208  53.057 0.0000000000
110660  51.287  12.347  52.124 0.0000000000
110672  51.693  12.024  51.544 0.0000000000
110683  51.216  10.797  50.481 0.0000000000
109735  49.533  10.550  50.839 0.0000000000
109734  50.139  10.716  50.877 0.0000000000
109749  50.856  9.999  49.435 0.0000000000
105563  43.420  6.687  52.133 0.0000000000
106750  44.048  7.110  51.746 0.0000000000
106749  44.703  7.694  51.330 0.0000000000
104522  44.506  5.481  48.695 0.0000000000
105585  44.702  6.190  49.372 0.0000000000
106754  44.937  7.220  50.552 0.0000000000
106753  45.727  7.679  50.185 0.0000000000
106752  46.293  7.885  49.573 0.0000000000
104596  45.726  5.338  44.299 0.0000000000
105635  45.421  6.073  45.490 0.0000000000
105634  45.893  6.737  45.059 0.0000000000
106782  45.804  6.900  46.804 0.0000000000
106759  46.330  7.549  48.010 0.0000000000
107839  46.939  8.217  49.146 0.0000000000
107838  47.678  8.698  49.413 0.0000000000
107842  47.660  8.540  48.387 0.0000000000
107841  48.564  9.085  48.646 0.0000000000
107867  47.781  8.547  46.476 0.0000000000
108832  49.287  9.402  47.790 0.0000000000
108831  49.903  9.751  47.319 0.0000000000
108849  49.129  10.169  45.419 0.0000000000
108855  49.033  10.293  44.958 0.0000000000
108857  48.520  9.862  44.082 0.0000000000
109816  48.257  10.214  43.959 0.0000000000
108864  47.677  10.141  42.774 0.0000000000
108871  46.670  9.363  41.883 0.0000000000
107911  47.269  8.603  40.454 0.0000000000
108883  47.234  9.063  40.821 0.0000000000
106840  46.806  8.109  39.037 0.0000000000
107912  46.919  8.898  40.618 0.0000000000
107904  46.722  9.097  41.128 0.0000000000
107905  46.353  8.988  41.514 0.0000000000
106818  45.654  8.406  41.500 0.0000000000
104677  50.321  5.547  36.702 0.0000000000
101321  46.620  3.050  52.023 0.0000000000
101322  46.151  2.804  51.989 0.0000000000
101348  46.187  2.423  49.529 0.0000000000
101349  45.283  2.565  49.363 0.0000000000
101358  45.073  3.104  48.481 0.0000000000
101366  45.297  3.274  47.963 0.0000000000
102312  44.460  3.726  57.859 0.0000000000
102328  45.863  3.868  57.082 0.0000000000
102366  43.649  3.939  54.105 0.0000000000
102367  43.245  4.183  54.115 0.0000000000
102380  42.728  4.395  53.332 0.0000000000
102388  46.502  3.259  52.542 0.0000000000
102391  43.235  3.761  52.620 0.0000000000
102409  44.119  3.398  49.901 0.0000000000
102416  48.158  2.892  49.386 0.0000000000
102419  43.778  4.046  49.713 0.0000000000
102428  45.002  3.475  47.896 0.0000000000
102429  44.579  3.759  48.191 0.0000000000
102438  46.065  3.038  47.376 0.0000000000
102445  49.738  3.705  46.508 0.0000000000
102450  45.142  3.864  46.981 0.0000000000
102460  49.523  3.819  45.924 0.0000000000
102464  45.984  3.570  45.935 0.0000000000
102478  47.189  3.681  45.217 0.0000000000
103290  44.953  5.126  60.424 0.0000000000
103376  43.556  4.448  55.428 0.0000000000
103377  42.973  4.607  55.163 0.0000000000
103411  42.954  4.360  54.163 0.0000000000
103421  42.824  4.242  52.643 0.0000000000
103446  44.025  4.658  49.273 0.0000000000
103462  44.577  4.403  47.587 0.0000000000
103476  45.132  4.111  46.507 0.0000000000
103495  47.840  3.862  45.045 0.0000000000
103498  44.898  4.526  46.343 0.0000000000
103513  48.644  4.123  44.361 0.0000000000
103534  46.788  4.583  43.598 0.0000000000
103546  51.617  5.208  42.450 0.0000000000
103560  50.764  5.143  41.647 0.0000000000
104431  43.375  4.755  56.018 0.0000000000
104432  43.115  5.226  56.015 0.0000000000
104452  47.025  4.942  55.692 0.0000000000
104475  46.746  4.780  55.165 0.0000000000
104476  42.475  5.402  54.451 0.0000000000
104485  42.438  5.536  53.559 0.0000000000
104493  42.563  5.668  52.745 0.0000000000
104501  43.114  5.398  51.604 0.0000000000
104508  44.007  5.900  50.321 0.0000000000
104521  44.877  5.960  48.389 0.0000000000
104552  44.607  4.899  46.958 0.0000000000
104582  52.177  5.452  43.378 0.0000000000
104594  52.111  5.453  42.623 0.0000000000
104609  51.145  5.288  41.602 0.0000000000
104623  50.703  5.382  41.072 0.0000000000
104636  51.987  5.835  40.683 0.0000000000
104639  49.186  5.450  40.177 0.0000000000
104708  48.706  6.424  35.429 0.0000000000
105405  44.969  6.187  62.119 0.0000000000
105415  43.120  6.449  61.338 0.0000000000
105432  41.982  6.496  60.024 0.0000000000
105480  43.071  5.679  56.632 0.0000000000
105497  42.954  6.004  56.098 0.0000000000
105564  42.849  6.292  52.461 0.0000000000
105570  44.280  6.810  50.978 0.0000000000
105571  43.614  6.279  51.356 0.0000000000
105572  43.086  6.107  51.906 0.0000000000
105584  45.276  6.666  49.004 0.0000000000
105607  45.268  6.312  47.353 0.0000000000
105656  45.818  5.894  43.885 0.0000000000
105677  53.981  6.307  41.368 0.0000000000
105679  47.273  6.278  40.821 0.0000000000
105691  47.773  6.267  40.225 0.0000000000
105703  51.720  6.445  38.898 0.0000000000
105735  50.279  7.020  37.352 0.0000000000
105749  45.372  6.311  35.218 0.0000000000
105750  44.604  6.075  35.604 0.0000000000
105757  51.593  7.075  35.753 0.0000000000
105758  50.713  7.161  35.662 0.0000000000
105770  48.251  7.079  34.966 0.0000000000
105772  47.164  6.894  34.777 0.0000000000
106687  38.974  7.703  56.275 0.0000000000
106698  42.669  6.806  55.673 0.0000000000
106702  35.971  7.147  55.026 0.0000000000
106724  35.854  7.652  54.658 0.0000000000
106748  45.294  7.911  50.826 0.0000000000
106760  45.779  7.119  48.515 0.0000000000
106826  54.409  6.890  40.369 0.0000000000
106838  54.275  7.068  39.718 0.0000000000
106839  47.481  7.450  39.084 0.0000000000
106864  52.642  7.210  37.347 0.0000000000
106897  48.032  7.513  35.427 0.0000000000
106898  47.198  7.382  35.241 0.0000000000
106909  47.163  7.119  34.826 0.0000000000
106910  46.920  6.895  34.774 0.0000000000
107727  43.025  8.313  60.456 0.0000000000
107754  40.542  8.242  57.882 0.0000000000
107764  40.794  8.826  57.770 0.0000000000
107766  39.750  8.260  56.687 0.0000000000
107788  43.330  8.347  55.832 0.0000000000
107789  39.135  8.875  55.636 0.0000000000
107826  43.683  8.095  52.976 0.0000000000
107859  46.737  7.990  47.549 0.0000000000
107878  44.263  8.453  45.732 0.0000000000
108681  45.147  8.705  61.675 0.0000000000
108682  44.973  8.445  61.841 0.0000000000
108691  46.173  10.433  61.082 0.0000000000
108705  42.932  8.802  60.094 0.0000000000
108721  42.008  8.888  59.258 0.0000000000
108725  45.168  9.525  58.701 0.0000000000
108733  44.936  9.966  58.180 0.0000000000
108746  39.997  8.996  56.230 0.0000000000
108753  43.976  9.688  55.856 0.0000000000
108765  43.667  9.481  54.494 0.0000000000
108785  44.008  9.408  53.691 0.0000000000
108794  45.048  9.407  52.575 0.0000000000
108796  48.306  9.836  50.631 0.0000000000
108797  47.726  9.760  50.957 0.0000000000
108801  50.396  9.865  49.479 0.0000000000
108812  51.005  10.377  48.424 0.0000000000
108862  48.517  10.106  44.143 0.0000000000
109629  46.293  11.053  61.128 0.0000000000
109643  46.138  10.695  60.477 0.0000000000
109687  43.857  9.915  55.456 0.0000000000
109688  40.101  10.456  55.948 0.0000000000
109719  44.689  10.644  53.921 0.0000000000
109726  48.205  10.702  51.563 0.0000000000
109729  45.758  10.171  52.676 0.0000000000
109744  48.677  9.994  50.550 0.0000000000
109746  53.029  11.278  49.643 0.0000000000
109769  49.735  10.534  47.262 0.0000000000
109775  44.202  10.197  47.342 0.0000000000
109787  49.837  10.320  47.102 0.0000000000
109819  46.702  10.044  43.337 0.0000000000
110547  46.008  11.652  61.151 0.0000000000
110591  46.031  11.228  59.916 0.0000000000
110606  44.899  10.855  57.144 0.0000000000
110608  41.452  11.264  56.992 0.0000000000
110614  40.436  11.247  56.146 0.0000000000
110620  44.964  11.730  55.945 0.0000000000
110653  46.326  11.321  53.175 0.0000000000
110674  49.663  10.990  51.307 0.0000000000
110687  52.199  11.606  48.973 0.0000000000
111485  46.301  12.563  61.135 0.0000000000
111486  45.731  12.366  61.314 0.0000000000
111505  44.750  12.396  61.021 0.0000000000
111537  42.635  12.221  58.198 0.0000000000
111549  41.234  11.792  56.719 0.0000000000
111584  45.645  12.282  54.513 0.0000000000
111602  52.377  12.987  52.154 0.0000000000
111614  52.824  12.683  51.584 0.0000000000
112469  45.457  12.844  61.477 0.0000000000
112508  48.572  14.119  58.000 0.0000000000
112513  42.031  13.782  57.935 0.0000000000
112524  49.474  14.321  57.291 0.0000000000
112525  49.142  14.187  57.469 0.0000000000
112549  51.287  14.023  55.034 0.0000000000
112566  51.922  13.919  54.525 0.0000000000
112572  46.650  13.059  54.725 0.0000000000
112589  47.473  12.921  53.756 0.0000000000
113400  45.047  14.187  60.380 0.0000000000
113409  48.701  14.668  59.068 0.0000000000
113443  41.197  14.156  57.386 0.0000000000
113456  50.186  14.906  56.589 0.0000000000
113467  50.174  14.387  55.925 0.0000000000
113479  51.956  14.157  54.454 0.0000000000
114347  46.444  14.910  60.225 0.0000000000
114352  49.029  15.161  58.982 0.0000000000
114355  46.236  15.458  59.515 0.0000000000
114384  50.006  15.316  56.634 0.0000000000
115310  46.845  15.743  59.320 0.0000000000
