#!ascii label  , from subject 3083 vox2ras=TkReg
964
52974  21.986  -37.929  79.215 0.0000000000
48979  32.999  -41.906  78.326 0.0000000000
75819  38.507  -20.813  57.569 0.0000000000
67223  29.529  -26.836  69.486 0.0000000000
58622  33.664  -34.148  74.679 0.0000000000
90562  48.846  -7.434  52.149 0.0000000000
68593  39.570  -24.338  59.687 0.0000000000
68536  34.717  -23.610  60.671 0.0000000000
50270  17.390  -39.260  80.380 0.0000000000
50329  27.671  -39.714  78.280 0.0000000000
51776  29.162  -39.260  74.426 0.0000000000
54192  23.222  -36.914  75.100 0.0000000000
82559  43.385  -13.296  54.460 0.0000000000
50264  25.269  -39.597  81.568 0.0000000000
48916  21.006  -39.274  83.894 0.0000000000
78074  43.018  -16.794  58.167 0.0000000000
48875  15.890  -39.610  84.418 0.0000000000
47658  10.913  -41.834  85.775 0.0000000000
69718  34.440  -23.431  66.860 0.0000000000
62547  31.799  -31.357  72.397 0.0000000000
55367  31.258  -35.825  69.523 0.0000000000
53094  31.075  -38.504  72.520 0.0000000000
68530  39.995  -24.403  61.653 0.0000000000
67315  37.556  -24.476  60.074 0.0000000000
69789  37.514  -23.394  63.018 0.0000000000
68550  42.337  -24.334  61.101 0.0000000000
52989  19.527  -37.677  77.478 0.0000000000
51682  17.804  -38.606  78.284 0.0000000000
51647  19.263  -38.356  80.544 0.0000000000
51692  25.221  -38.631  78.320 0.0000000000
53018  25.242  -38.225  76.490 0.0000000000
53001  21.849  -37.349  77.122 0.0000000000
54177  20.047  -37.618  74.619 0.0000000000
79181  37.553  -17.695  56.073 0.0000000000
74559  40.986  -21.201  58.774 0.0000000000
76976  40.413  -19.043  58.418 0.0000000000
79179  40.200  -16.426  56.850 0.0000000000
48851  20.400  -39.813  85.762 0.0000000000
48894  18.909  -39.460  84.368 0.0000000000
48834  17.422  -39.445  86.260 0.0000000000
48747  12.238  -40.433  90.284 0.0000000000
48798  13.030  -39.692  87.994 0.0000000000
48800  10.778  -41.752  87.791 0.0000000000
47652  9.162  -42.858  88.982 0.0000000000
47641  8.297  -42.094  91.229 0.0000000000
64801  33.331  -29.797  74.148 0.0000000000
61254  32.725  -32.214  73.325 0.0000000000
59974  31.749  -33.337  71.686 0.0000000000
57429  32.233  -34.908  72.642 0.0000000000
53100  26.969  -37.453  72.779 0.0000000000
51802  30.112  -38.881  73.579 0.0000000000
54268  28.440  -37.866  70.454 0.0000000000
54309  28.283  -37.744  68.340 0.0000000000
68439  31.318  -24.504  68.553 0.0000000000
69739  31.146  -24.373  64.866 0.0000000000
68466  29.479  -25.859  65.301 0.0000000000
91649  53.291  -6.516  49.206 0.0000000000
90579  50.471  -7.331  48.972 0.0000000000
71046  39.207  -22.888  58.342 0.0000000000
69899  36.532  -23.740  58.248 0.0000000000
69870  41.730  -23.727  59.457 0.0000000000
48996  29.729  -41.453  78.085 0.0000000000
49038  30.927  -40.766  76.660 0.0000000000
50380  28.110  -39.223  76.767 0.0000000000
53055  26.312  -37.885  74.785 0.0000000000
55313  24.069  -36.448  72.704 0.0000000000
80285  46.703  -15.161  56.004 0.0000000000
83728  45.899  -13.245  54.668 0.0000000000
87160  45.909  -10.131  53.601 0.0000000000
89442  46.842  -8.595  51.641 0.0000000000
50300  24.320  -38.873  80.189 0.0000000000
51635  21.712  -37.671  82.083 0.0000000000
50233  23.307  -38.738  83.485 0.0000000000
50282  26.459  -39.707  79.577 0.0000000000
80289  43.511  -15.302  56.075 0.0000000000
50252  19.168  -39.050  82.218 0.0000000000
50238  17.166  -39.389  82.375 0.0000000000
48898  14.204  -40.280  82.958 0.0000000000
48816  15.316  -39.425  87.067 0.0000000000
48857  13.764  -40.427  84.945 0.0000000000
46416  7.165  -43.131  93.797 0.0000000000
69734  36.588  -23.505  66.140 0.0000000000
67212  31.434  -26.503  71.635 0.0000000000
66037  32.026  -28.019  73.175 0.0000000000
64846  30.506  -29.246  71.365 0.0000000000
62570  30.305  -31.930  70.208 0.0000000000
58666  31.056  -34.644  68.703 0.0000000000
138377  30.228  -36.125  65.968 0.0000000000
50374  31.802  -39.832  75.878 0.0000000000
51770  32.612  -38.524  74.572 0.0000000000
54246  32.363  -37.128  73.213 0.0000000000
54267  31.763  -37.750  70.675 0.0000000000
55371  29.635  -37.399  67.170 0.0000000000
69776  34.295  -23.238  63.449 0.0000000000
69803  31.720  -24.258  60.906 0.0000000000
68493  39.901  -23.670  63.695 0.0000000000
68511  38.425  -23.662  62.207 0.0000000000
69772  38.489  -23.373  64.362 0.0000000000
68492  40.721  -24.190  63.859 0.0000000000
52988  20.763  -37.424  77.875 0.0000000000
52976  19.663  -37.596  78.631 0.0000000000
52964  20.974  -37.641  79.787 0.0000000000
51694  23.391  -38.389  78.803 0.0000000000
53000  23.280  -37.837  77.443 0.0000000000
52987  21.948  -37.759  78.146 0.0000000000
53002  20.506  -37.494  76.773 0.0000000000
76979  37.801  -19.202  57.022 0.0000000000
74561  40.085  -21.218  57.975 0.0000000000
75799  40.693  -19.646  58.690 0.0000000000
76977  39.583  -19.221  58.065 0.0000000000
78078  39.082  -18.281  57.331 0.0000000000
48748  11.117  -40.828  90.379 0.0000000000
48764  11.587  -40.631  89.634 0.0000000000
48765  10.360  -41.618  89.715 0.0000000000
47651  9.718  -42.354  88.497 0.0000000000
48766  9.482  -41.891  90.347 0.0000000000
47649  8.374  -42.708  90.082 0.0000000000
61245  33.675  -32.445  74.746 0.0000000000
59950  33.364  -33.227  74.418 0.0000000000
58645  32.602  -34.093  73.060 0.0000000000
57428  32.745  -34.985  73.439 0.0000000000
50308  33.282  -40.552  78.252 0.0000000000
54271  26.232  -37.055  71.672 0.0000000000
54248  27.257  -37.362  71.552 0.0000000000
55340  26.127  -36.748  70.791 0.0000000000
55355  26.786  -36.771  69.132 0.0000000000
68431  29.871  -25.815  68.486 0.0000000000
68441  29.692  -25.634  67.497 0.0000000000
89439  48.688  -7.783  53.075 0.0000000000
90551  50.196  -7.245  53.318 0.0000000000
90560  51.018  -6.542  52.483 0.0000000000
91634  51.668  -6.481  50.836 0.0000000000
90566  50.070  -6.949  50.652 0.0000000000
69896  39.312  -23.697  58.787 0.0000000000
71023  37.381  -23.412  57.991 0.0000000000
69875  38.373  -24.272  58.698 0.0000000000
68557  36.333  -24.044  60.455 0.0000000000
68625  36.156  -24.202  58.929 0.0000000000
69850  34.414  -23.669  58.584 0.0000000000
68571  40.812  -24.444  60.177 0.0000000000
69848  40.753  -24.165  59.537 0.0000000000
71019  40.684  -23.295  58.821 0.0000000000
51666  17.197  -39.667  79.227 0.0000000000
50271  16.015  -39.805  80.105 0.0000000000
49019  28.668  -40.478  78.176 0.0000000000
49018  29.182  -40.538  77.700 0.0000000000
50354  27.692  -39.280  77.293 0.0000000000
53040  23.950  -37.303  75.317 0.0000000000
53038  26.233  -38.266  75.553 0.0000000000
53056  25.136  -36.922  74.564 0.0000000000
53080  25.336  -36.840  73.884 0.0000000000
54232  23.728  -36.498  73.527 0.0000000000
54211  22.099  -36.676  73.627 0.0000000000
62580  29.369  -32.014  68.226 0.0000000000
81423  44.934  -14.354  55.160 0.0000000000
81421  46.145  -14.157  54.806 0.0000000000
82557  45.083  -13.579  54.526 0.0000000000
86043  44.936  -11.011  53.662 0.0000000000
87180  45.096  -9.713  51.866 0.0000000000
88285  46.426  -8.850  52.494 0.0000000000
50284  24.741  -39.322  80.663 0.0000000000
50265  24.155  -38.768  81.655 0.0000000000
50247  25.142  -39.689  82.297 0.0000000000
50283  25.904  -39.599  80.331 0.0000000000
50299  25.002  -39.257  79.620 0.0000000000
79174  44.756  -15.824  57.038 0.0000000000
79156  43.498  -16.249  57.409 0.0000000000
80291  41.117  -15.086  55.826 0.0000000000
50250  21.596  -38.270  82.701 0.0000000000
50268  20.019  -38.375  81.847 0.0000000000
50235  20.648  -38.865  83.279 0.0000000000
48874  17.054  -39.777  84.668 0.0000000000
48919  17.538  -39.506  83.304 0.0000000000
48896  16.760  -39.694  83.834 0.0000000000
48921  15.231  -39.680  82.463 0.0000000000
48897  15.529  -39.595  83.472 0.0000000000
48779  14.686  -39.583  88.830 0.0000000000
48819  11.433  -41.301  86.640 0.0000000000
48818  12.856  -40.330  86.907 0.0000000000
48838  12.703  -40.704  85.775 0.0000000000
48878  12.441  -41.434  83.780 0.0000000000
68417  32.413  -24.695  71.193 0.0000000000
63676  32.652  -30.394  73.416 0.0000000000
66036  32.477  -28.525  73.577 0.0000000000
64829  31.616  -28.817  72.800 0.0000000000
64830  31.211  -29.055  71.951 0.0000000000
63685  31.373  -30.275  72.258 0.0000000000
63696  30.332  -30.496  70.771 0.0000000000
62560  31.027  -31.618  71.474 0.0000000000
57444  31.582  -34.950  69.911 0.0000000000
60002  30.994  -33.950  69.913 0.0000000000
57451  31.143  -35.052  69.235 0.0000000000
57474  31.225  -35.482  67.184 0.0000000000
138373  30.626  -36.057  67.919 0.0000000000
50376  30.594  -40.022  76.058 0.0000000000
50375  31.239  -40.175  76.089 0.0000000000
50400  30.619  -39.650  75.260 0.0000000000
51821  30.232  -38.881  72.870 0.0000000000
51800  31.153  -38.911  74.115 0.0000000000
53075  31.249  -38.461  73.545 0.0000000000
54208  33.144  -37.697  74.344 0.0000000000
53093  31.505  -37.683  72.353 0.0000000000
54247  31.994  -37.127  72.286 0.0000000000
53114  31.682  -38.367  70.815 0.0000000000
55372  27.824  -37.254  67.557 0.0000000000
54308  29.252  -37.740  67.693 0.0000000000
69717  35.547  -23.728  66.985 0.0000000000
69755  35.478  -23.293  64.791 0.0000000000
69736  34.390  -23.312  65.729 0.0000000000
69759  30.978  -24.457  63.784 0.0000000000
69778  31.959  -23.980  63.002 0.0000000000
91656  52.970  -6.630  48.132 0.0000000000
68553  39.696  -24.490  60.689 0.0000000000
68574  38.984  -24.415  59.963 0.0000000000
68554  39.028  -24.207  60.461 0.0000000000
68533  37.424  -23.893  61.200 0.0000000000
68514  35.843  -23.671  61.705 0.0000000000
68507  42.108  -24.424  62.934 0.0000000000
68529  40.917  -24.255  61.717 0.0000000000
52990  18.401  -38.247  77.148 0.0000000000
51664  18.960  -38.233  79.529 0.0000000000
51648  18.443  -38.777  80.284 0.0000000000
51691  25.720  -38.740  78.091 0.0000000000
51731  26.661  -38.786  77.251 0.0000000000
51733  24.667  -38.375  77.171 0.0000000000
53019  24.389  -37.904  76.595 0.0000000000
53020  22.814  -37.288  76.101 0.0000000000
54193  22.361  -36.700  75.051 0.0000000000
53021  21.431  -37.152  76.135 0.0000000000
53022  20.165  -37.434  75.683 0.0000000000
83731  42.493  -12.801  54.047 0.0000000000
48938  25.148  -39.835  82.810 0.0000000000
75788  41.770  -20.253  59.887 0.0000000000
76969  41.228  -18.850  59.528 0.0000000000
78075  41.985  -17.352  58.243 0.0000000000
79158  41.545  -16.866  57.674 0.0000000000
79159  40.517  -17.020  57.587 0.0000000000
80261  38.716  -16.664  56.382 0.0000000000
48871  20.239  -39.626  85.127 0.0000000000
48917  19.740  -39.165  83.838 0.0000000000
48872  19.158  -39.485  85.059 0.0000000000
48853  18.322  -39.527  85.602 0.0000000000
48854  17.269  -39.671  85.468 0.0000000000
48780  13.529  -39.814  89.123 0.0000000000
48781  12.261  -40.259  88.885 0.0000000000
48799  11.880  -40.686  87.855 0.0000000000
48820  10.716  -41.882  87.051 0.0000000000
47654  10.372  -42.220  87.183 0.0000000000
63661  33.235  -30.547  73.891 0.0000000000
62546  32.350  -31.316  73.115 0.0000000000
61267  31.656  -32.365  71.985 0.0000000000
59963  32.027  -32.898  72.375 0.0000000000
58651  32.144  -34.160  72.057 0.0000000000
56381  31.698  -35.574  71.167 0.0000000000
51804  28.574  -38.377  73.868 0.0000000000
51775  29.972  -39.229  74.356 0.0000000000
53076  28.541  -37.987  72.935 0.0000000000
53097  28.994  -38.953  71.978 0.0000000000
53117  28.909  -39.363  71.122 0.0000000000
53138  30.174  -39.074  69.816 0.0000000000
54292  28.445  -38.134  69.574 0.0000000000
55373  27.221  -37.102  68.297 0.0000000000
69704  31.984  -23.951  67.509 0.0000000000
69720  32.262  -23.964  66.240 0.0000000000
69705  31.326  -24.375  66.829 0.0000000000
68465  30.457  -25.181  65.615 0.0000000000
91633  52.685  -6.499  51.057 0.0000000000
91651  51.430  -6.868  49.219 0.0000000000
73351  38.454  -21.950  57.651 0.0000000000
74576  36.881  -21.055  57.053 0.0000000000
72177  37.065  -22.393  57.335 0.0000000000
68623  37.533  -24.478  58.936 0.0000000000
69900  35.761  -23.740  58.063 0.0000000000
68549  43.392  -24.416  61.384 0.0000000000
69844  43.508  -24.004  60.191 0.0000000000
72127  42.421  -22.821  59.778 0.0000000000
72140  41.333  -22.621  59.217 0.0000000000
73339  40.321  -21.935  58.293 0.0000000000
48994  31.425  -42.096  77.585 0.0000000000
48993  32.244  -41.848  77.622 0.0000000000
49016  30.790  -41.463  77.154 0.0000000000
50351  29.807  -40.075  76.668 0.0000000000
50403  28.927  -39.274  75.801 0.0000000000
51730  27.099  -38.926  76.722 0.0000000000
51753  27.562  -38.799  76.214 0.0000000000
51805  27.861  -38.198  74.210 0.0000000000
53078  26.972  -37.665  73.930 0.0000000000
54250  25.933  -37.027  72.394 0.0000000000
55342  24.229  -36.520  70.821 0.0000000000
83717  46.989  -12.510  55.406 0.0000000000
84948  44.384  -11.810  53.867 0.0000000000
86029  45.745  -11.122  54.297 0.0000000000
86018  47.365  -11.151  55.192 0.0000000000
88279  47.276  -9.232  54.083 0.0000000000
89434  47.570  -8.543  53.203 0.0000000000
89445  47.929  -8.011  51.683 0.0000000000
90574  48.834  -7.611  50.433 0.0000000000
51679  22.832  -38.290  79.613 0.0000000000
51680  21.912  -38.157  79.957 0.0000000000
51644  22.621  -37.821  81.465 0.0000000000
51634  22.547  -37.642  82.291 0.0000000000
50234  22.019  -38.445  83.564 0.0000000000
48913  24.577  -39.906  83.559 0.0000000000
48892  21.229  -39.460  84.574 0.0000000000
48870  21.376  -39.758  85.140 0.0000000000
48964  32.905  -42.075  79.191 0.0000000000
48981  31.185  -42.195  78.455 0.0000000000
48983  29.377  -41.740  78.787 0.0000000000
48999  27.799  -40.393  78.654 0.0000000000
48986  27.608  -40.292  78.998 0.0000000000
50297  26.870  -39.679  78.926 0.0000000000
50313  25.527  -39.051  78.916 0.0000000000
51678  24.076  -38.547  79.445 0.0000000000
79172  46.570  -15.747  56.891 0.0000000000
80287  45.233  -15.265  55.868 0.0000000000
80304  43.509  -14.649  55.399 0.0000000000
80274  41.651  -15.711  56.488 0.0000000000
81412  41.706  -14.670  55.301 0.0000000000
81426  42.103  -14.256  54.808 0.0000000000
51646  20.074  -38.172  81.031 0.0000000000
50269  18.871  -38.761  81.222 0.0000000000
50253  17.987  -39.393  81.722 0.0000000000
48918  18.625  -39.368  83.602 0.0000000000
50237  18.330  -39.342  82.741 0.0000000000
50254  16.640  -39.360  81.285 0.0000000000
50239  16.029  -39.554  81.976 0.0000000000
50240  15.132  -39.921  81.621 0.0000000000
48815  16.423  -39.604  87.021 0.0000000000
48835  16.320  -39.657  86.203 0.0000000000
48837  13.936  -40.039  85.984 0.0000000000
48856  14.960  -39.840  85.140 0.0000000000
48876  14.654  -40.029  84.129 0.0000000000
47638  7.499  -42.920  92.256 0.0000000000
69732  38.313  -24.017  66.357 0.0000000000
69694  33.347  -24.041  68.799 0.0000000000
69686  32.295  -24.124  69.628 0.0000000000
68419  30.871  -25.574  70.156 0.0000000000
67222  30.415  -26.386  70.018 0.0000000000
67203  31.912  -26.449  72.045 0.0000000000
66060  30.960  -27.865  71.568 0.0000000000
66062  29.498  -28.210  70.319 0.0000000000
64847  29.800  -29.436  70.687 0.0000000000
62571  29.882  -31.584  69.503 0.0000000000
62578  30.424  -32.499  69.212 0.0000000000
61281  31.303  -32.683  71.144 0.0000000000
61296  30.828  -32.892  69.480 0.0000000000
61317  30.120  -33.804  67.795 0.0000000000
58691  30.789  -34.912  66.871 0.0000000000
58712  30.277  -35.218  65.832 0.0000000000
57403  34.639  -35.343  75.528 0.0000000000
50325  32.588  -40.595  77.561 0.0000000000
50346  33.350  -39.668  76.852 0.0000000000
51728  33.327  -39.317  76.373 0.0000000000
51773  31.190  -39.343  74.637 0.0000000000
51771  32.375  -39.065  74.840 0.0000000000
53037  33.599  -38.305  75.607 0.0000000000
54191  33.968  -37.545  75.615 0.0000000000
55310  33.679  -36.661  74.519 0.0000000000
56363  33.657  -35.990  74.078 0.0000000000
55338  32.314  -36.213  72.593 0.0000000000
55339  31.861  -36.376  71.741 0.0000000000
55354  31.289  -36.596  69.848 0.0000000000
53137  31.190  -38.778  69.699 0.0000000000
54289  31.123  -37.962  68.842 0.0000000000
54306  31.129  -37.063  68.113 0.0000000000
56413  29.980  -36.836  66.563 0.0000000000
69773  37.563  -23.135  64.113 0.0000000000
69790  36.506  -23.515  62.815 0.0000000000
69800  35.053  -23.540  61.841 0.0000000000
69757  33.217  -23.517  64.331 0.0000000000
69793  32.983  -23.558  62.224 0.0000000000
69815  33.773  -23.507  60.507 0.0000000000
90580  49.537  -7.609  49.298 0.0000000000
68477  39.794  -24.246  64.947 0.0000000000
69787  39.180  -23.412  63.667 0.0000000000
69771  39.269  -23.658  64.529 0.0000000000
52975  20.939  -37.469  78.908 0.0000000000
52973  22.732  -38.313  78.968 0.0000000000
52986  22.815  -38.175  78.405 0.0000000000
75808  38.219  -20.019  57.327 0.0000000000
75810  37.050  -19.721  56.527 0.0000000000
75820  37.563  -20.499  57.204 0.0000000000
75818  39.036  -21.047  57.805 0.0000000000
75807  39.295  -20.429  57.793 0.0000000000
76978  38.697  -19.273  57.489 0.0000000000
48749  10.011  -41.228  90.636 0.0000000000
59941  33.853  -33.403  75.138 0.0000000000
58632  33.263  -34.030  73.835 0.0000000000
57408  33.656  -34.610  74.255 0.0000000000
48962  33.457  -40.882  79.287 0.0000000000
48978  33.347  -41.113  78.585 0.0000000000
55341  25.596  -36.889  71.181 0.0000000000
55356  26.227  -36.487  69.987 0.0000000000
90552  49.300  -7.280  52.925 0.0000000000
90561  50.057  -6.966  51.875 0.0000000000
90567  49.308  -7.310  51.113 0.0000000000
68620  39.902  -24.061  59.237 0.0000000000
69874  39.148  -23.988  58.994 0.0000000000
68621  39.011  -24.282  59.282 0.0000000000
68558  35.469  -23.667  60.259 0.0000000000
68577  35.276  -23.617  59.559 0.0000000000
68578  34.620  -23.548  59.322 0.0000000000
69830  33.607  -23.593  59.450 0.0000000000
68572  40.026  -24.602  60.127 0.0000000000
68591  41.046  -24.265  59.766 0.0000000000
68592  40.321  -24.285  59.641 0.0000000000
68619  40.148  -24.084  59.350 0.0000000000
50286  17.184  -39.496  79.561 0.0000000000
50310  27.651  -40.346  78.216 0.0000000000
50328  28.333  -39.983  77.957 0.0000000000
53057  24.182  -37.003  74.601 0.0000000000
54209  24.298  -36.684  74.146 0.0000000000
54210  23.371  -36.707  74.427 0.0000000000
54233  22.965  -36.566  73.609 0.0000000000
62587  29.581  -32.493  68.005 0.0000000000
82558  44.344  -13.626  54.551 0.0000000000
50263  25.966  -39.767  81.135 0.0000000000
78062  42.287  -17.806  59.113 0.0000000000
78073  44.203  -16.410  57.598 0.0000000000
48839  11.708  -41.383  85.393 0.0000000000
48859  11.914  -41.853  84.527 0.0000000000
63677  31.995  -30.257  72.937 0.0000000000
64816  32.219  -29.268  73.364 0.0000000000
63686  30.833  -30.338  71.523 0.0000000000
56396  31.415  -35.498  69.702 0.0000000000
56397  30.977  -35.477  69.098 0.0000000000
56411  30.901  -35.437  68.374 0.0000000000
55391  30.760  -35.696  68.279 0.0000000000
50401  29.931  -39.531  75.282 0.0000000000
53095  30.523  -39.221  72.083 0.0000000000
51820  30.724  -38.703  73.192 0.0000000000
53074  31.587  -38.202  73.669 0.0000000000
53115  31.011  -39.232  70.940 0.0000000000
68531  39.185  -24.073  61.407 0.0000000000
68532  38.329  -23.891  61.242 0.0000000000
68512  37.467  -23.835  62.066 0.0000000000
68534  36.522  -23.847  61.139 0.0000000000
68513  36.543  -23.844  61.925 0.0000000000
68509  40.473  -23.759  62.626 0.0000000000
68508  41.410  -23.945  62.788 0.0000000000
68552  40.451  -24.536  60.823 0.0000000000
51681  18.770  -38.073  78.675 0.0000000000
51665  17.770  -39.184  79.452 0.0000000000
51708  25.252  -38.517  77.665 0.0000000000
52999  24.119  -38.282  77.136 0.0000000000
54175  21.967  -36.897  75.679 0.0000000000
53003  19.171  -37.809  76.323 0.0000000000
74548  41.412  -21.216  59.149 0.0000000000
75797  41.526  -20.766  59.395 0.0000000000
76970  41.040  -18.975  58.693 0.0000000000
78063  41.428  -18.225  58.707 0.0000000000
78076  41.045  -18.034  58.172 0.0000000000
78077  40.031  -18.114  57.780 0.0000000000
79162  37.834  -17.982  56.676 0.0000000000
79161  38.344  -17.513  56.716 0.0000000000
48852  19.351  -39.755  85.711 0.0000000000
48746  13.254  -40.600  90.337 0.0000000000
48763  12.774  -40.366  89.732 0.0000000000
48782  11.134  -41.083  88.768 0.0000000000
47647  9.764  -42.277  89.181 0.0000000000
47644  8.703  -42.237  90.502 0.0000000000
47645  7.881  -42.686  90.592 0.0000000000
61253  33.296  -32.301  73.942 0.0000000000
62529  33.521  -31.498  74.271 0.0000000000
62530  33.008  -31.374  73.616 0.0000000000
61266  32.149  -32.211  72.718 0.0000000000
59962  32.652  -33.056  72.893 0.0000000000
57435  31.845  -34.904  71.679 0.0000000000
53077  27.787  -37.925  73.273 0.0000000000
54269  27.772  -37.422  71.049 0.0000000000
53119  28.406  -37.717  71.564 0.0000000000
53118  28.460  -38.530  71.241 0.0000000000
53140  28.472  -38.846  70.472 0.0000000000
68454  29.609  -25.735  66.390 0.0000000000
68453  30.527  -25.041  66.673 0.0000000000
91644  50.620  -6.829  50.271 0.0000000000
91643  51.282  -6.682  49.874 0.0000000000
90571  50.977  -6.997  49.314 0.0000000000
90578  51.240  -6.976  48.728 0.0000000000
72175  38.890  -22.458  58.001 0.0000000000
72176  38.100  -22.435  57.697 0.0000000000
71047  38.561  -22.800  58.157 0.0000000000
69898  37.439  -23.865  58.328 0.0000000000
73323  37.137  -23.173  57.738 0.0000000000
71024  36.353  -23.467  57.812 0.0000000000
71025  35.616  -23.495  57.540 0.0000000000
67325  38.377  -24.473  59.754 0.0000000000
68595  38.199  -24.632  59.233 0.0000000000
68596  37.543  -24.552  59.380 0.0000000000
69849  35.158  -23.759  58.456 0.0000000000
69878  35.781  -23.868  58.495 0.0000000000
71004  34.597  -23.802  57.468 0.0000000000
71026  34.793  -23.718  57.272 0.0000000000
68527  42.668  -24.522  62.092 0.0000000000
69846  42.050  -24.057  59.594 0.0000000000
69829  42.701  -24.370  59.928 0.0000000000
70983  42.701  -23.523  59.717 0.0000000000
70999  42.053  -23.400  59.576 0.0000000000
72139  41.818  -22.706  59.575 0.0000000000
71000  41.481  -23.333  59.326 0.0000000000
71045  39.777  -22.932  58.152 0.0000000000
72155  40.521  -22.624  58.506 0.0000000000
72174  39.574  -22.535  58.012 0.0000000000
73349  39.865  -21.980  57.916 0.0000000000
48995  30.481  -42.024  77.681 0.0000000000
49017  30.122  -41.035  77.532 0.0000000000
50352  29.196  -39.812  77.033 0.0000000000
49040  29.734  -40.415  77.180 0.0000000000
50378  29.314  -39.552  76.261 0.0000000000
50379  28.550  -39.222  76.283 0.0000000000
51755  25.823  -38.453  76.538 0.0000000000
51779  26.775  -38.438  75.524 0.0000000000
51778  27.330  -38.435  74.938 0.0000000000
53054  26.856  -38.023  74.508 0.0000000000
54231  24.887  -36.763  73.307 0.0000000000
54230  25.501  -37.002  72.989 0.0000000000
55312  24.624  -36.607  72.739 0.0000000000
55326  24.892  -36.584  72.162 0.0000000000
54176  21.196  -37.155  75.232 0.0000000000
54194  21.075  -37.226  74.192 0.0000000000
80270  47.010  -15.463  56.538 0.0000000000
82555  46.354  -14.007  54.893 0.0000000000
82554  46.481  -13.841  55.066 0.0000000000
83726  46.598  -13.464  55.214 0.0000000000
83716  47.062  -13.130  55.491 0.0000000000
84919  46.561  -12.851  55.182 0.0000000000
84949  43.726  -11.790  53.478 0.0000000000
83746  44.298  -12.506  54.091 0.0000000000
86030  45.477  -10.557  53.657 0.0000000000
86028  46.610  -11.207  54.733 0.0000000000
87159  46.475  -10.188  54.230 0.0000000000
87158  47.105  -10.271  54.818 0.0000000000
88284  46.947  -8.758  53.188 0.0000000000
89441  47.308  -8.417  52.297 0.0000000000
89440  48.138  -8.078  52.581 0.0000000000
89446  47.397  -8.401  51.209 0.0000000000
51660  23.441  -38.376  80.468 0.0000000000
50249  23.199  -38.123  82.765 0.0000000000
50266  23.359  -37.915  81.923 0.0000000000
48890  23.618  -39.935  84.312 0.0000000000
48891  22.459  -39.478  84.612 0.0000000000
48965  31.893  -42.272  79.340 0.0000000000
48984  28.697  -41.273  79.047 0.0000000000
48971  27.069  -40.073  80.035 0.0000000000
50312  26.154  -39.399  78.454 0.0000000000
50298  25.960  -39.528  79.240 0.0000000000
73353  36.552  -21.818  56.604 0.0000000000
79191  44.195  -15.467  56.339 0.0000000000
79190  44.710  -15.532  56.423 0.0000000000
80288  44.499  -15.253  55.989 0.0000000000
80303  44.246  -14.793  55.558 0.0000000000
79178  41.129  -16.388  56.948 0.0000000000
79177  42.108  -16.169  57.105 0.0000000000
81413  40.661  -14.504  54.948 0.0000000000
81427  41.341  -14.278  54.743 0.0000000000
51661  22.202  -38.073  80.563 0.0000000000
51662  21.140  -37.812  80.492 0.0000000000
51645  21.231  -38.035  81.400 0.0000000000
48922  14.366  -40.482  81.826 0.0000000000
50188  15.591  -39.468  87.379 0.0000000000
50194  15.752  -39.570  87.223 0.0000000000
48836  15.150  -39.653  86.115 0.0000000000
47634  8.132  -42.283  92.760 0.0000000000
46422  7.061  -43.338  93.318 0.0000000000
47635  7.587  -42.669  93.157 0.0000000000
69701  35.581  -24.186  67.938 0.0000000000
69685  33.101  -23.862  70.188 0.0000000000
68418  31.687  -25.070  70.733 0.0000000000
67213  30.676  -26.589  70.957 0.0000000000
66049  31.879  -27.306  72.594 0.0000000000
66061  30.297  -28.112  70.911 0.0000000000
62561  30.636  -31.126  71.007 0.0000000000
59986  31.313  -33.538  70.617 0.0000000000
59987  31.075  -33.380  69.863 0.0000000000
60003  31.116  -33.792  69.067 0.0000000000
60017  30.703  -34.310  68.004 0.0000000000
58690  31.120  -34.921  67.488 0.0000000000
138374  30.570  -35.932  66.176 0.0000000000
58713  30.169  -36.000  64.864 0.0000000000
49015  31.505  -41.429  77.174 0.0000000000
49013  32.331  -40.943  77.517 0.0000000000
49036  31.828  -40.850  77.198 0.0000000000
50347  32.528  -39.880  76.694 0.0000000000
51729  32.922  -39.590  76.460 0.0000000000
51750  32.558  -39.463  75.835 0.0000000000
51774  30.650  -39.305  74.473 0.0000000000
51799  31.588  -38.750  74.191 0.0000000000
51749  33.226  -38.827  75.563 0.0000000000
53052  33.810  -37.967  75.315 0.0000000000
53053  33.319  -38.180  74.776 0.0000000000
54229  33.036  -37.217  73.986 0.0000000000
54228  33.418  -36.993  74.373 0.0000000000
56352  34.055  -36.270  74.555 0.0000000000
55311  33.221  -36.599  74.082 0.0000000000
56364  32.900  -36.081  73.877 0.0000000000
55323  32.642  -36.546  73.403 0.0000000000
53113  31.793  -37.835  71.199 0.0000000000
54266  31.526  -37.138  71.086 0.0000000000
54287  31.343  -36.802  70.263 0.0000000000
54288  31.324  -37.257  69.739 0.0000000000
54291  29.224  -38.466  68.989 0.0000000000
54290  30.264  -38.282  68.749 0.0000000000
54307  30.383  -37.438  67.560 0.0000000000
54326  30.936  -37.111  67.271 0.0000000000
55370  29.789  -37.246  66.923 0.0000000000
69733  37.589  -23.696  66.302 0.0000000000
69753  37.602  -23.332  65.253 0.0000000000
69775  35.449  -23.286  63.651 0.0000000000
69791  35.441  -23.439  62.527 0.0000000000
69792  34.194  -23.438  62.455 0.0000000000
69738  32.119  -23.704  65.165 0.0000000000
69737  33.245  -23.438  65.453 0.0000000000
69794  31.703  -23.876  61.923 0.0000000000
69802  32.833  -23.681  61.220 0.0000000000
91655  54.188  -6.351  48.460 0.0000000000
91660  54.092  -6.362  47.389 0.0000000000
91659  54.814  -6.050  47.939 0.0000000000
90581  49.127  -7.642  49.843 0.0000000000
89455  48.581  -8.040  49.450 0.0000000000
68510  39.419  -23.692  62.580 0.0000000000
69788  38.465  -23.385  63.285 0.0000000000
52965  20.101  -37.608  79.508 0.0000000000
51663  20.031  -37.788  80.280 0.0000000000
51693  24.275  -38.472  78.519 0.0000000000
51709  24.327  -38.422  77.696 0.0000000000
51710  23.598  -38.366  78.107 0.0000000000
78080  37.545  -18.487  56.550 0.0000000000
74560  40.577  -21.218  58.423 0.0000000000
75805  40.774  -20.724  58.640 0.0000000000
75806  40.355  -20.236  58.367 0.0000000000
78079  38.179  -18.432  57.044 0.0000000000
48832  19.508  -39.707  86.439 0.0000000000
48783  10.342  -41.895  88.719 0.0000000000
47648  9.107  -42.474  89.746 0.0000000000
48750  9.137  -41.668  91.008 0.0000000000
59951  32.914  -33.059  73.701 0.0000000000
58633  32.826  -33.557  73.392 0.0000000000
58644  32.996  -34.550  73.606 0.0000000000
54249  26.780  -37.362  71.913 0.0000000000
53099  27.839  -37.620  72.125 0.0000000000
54270  26.659  -36.893  71.138 0.0000000000
54294  27.118  -36.795  70.517 0.0000000000
54293  27.556  -37.132  69.752 0.0000000000
68430  30.588  -25.512  69.157 0.0000000000
68440  30.699  -24.885  67.827 0.0000000000
89425  48.685  -8.674  54.424 0.0000000000
89424  49.391  -8.622  54.728 0.0000000000
89432  49.142  -7.901  53.856 0.0000000000
91625  51.849  -6.430  51.799 0.0000000000
91626  51.035  -6.469  51.560 0.0000000000
91635  50.764  -6.647  50.823 0.0000000000
90572  50.398  -7.176  49.809 0.0000000000
71022  38.641  -23.295  58.384 0.0000000000
69897  38.466  -23.809  58.416 0.0000000000
68575  36.988  -24.585  59.938 0.0000000000
68597  36.529  -24.344  59.325 0.0000000000
68576  36.054  -24.058  59.761 0.0000000000
68598  35.580  -23.884  59.010 0.0000000000
68551  41.347  -24.432  60.900 0.0000000000
68570  41.856  -24.399  60.113 0.0000000000
68590  41.524  -24.206  59.718 0.0000000000
69871  41.343  -23.853  59.347 0.0000000000
71001  41.049  -23.585  59.081 0.0000000000
69872  40.580  -23.922  59.199 0.0000000000
69895  40.014  -23.649  58.862 0.0000000000
51683  17.135  -39.690  78.631 0.0000000000
50272  15.254  -40.847  80.149 0.0000000000
50327  28.808  -39.976  77.468 0.0000000000
50353  28.484  -39.564  77.171 0.0000000000
53039  25.434  -37.967  75.761 0.0000000000
53079  25.815  -37.209  73.607 0.0000000000
55314  22.653  -36.644  72.722 0.0000000000
55297  22.180  -36.710  73.088 0.0000000000
63706  29.576  -31.440  69.188 0.0000000000
81409  45.625  -14.771  55.434 0.0000000000
81408  46.289  -14.552  55.330 0.0000000000
81422  45.752  -14.227  54.879 0.0000000000
82556  45.827  -13.890  54.621 0.0000000000
83729  45.423  -13.333  54.522 0.0000000000
86044  43.930  -10.871  52.747 0.0000000000
87170  45.338  -10.006  52.983 0.0000000000
88281  45.841  -9.388  53.041 0.0000000000
88286  45.778  -9.326  52.150 0.0000000000
88288  46.357  -8.922  51.401 0.0000000000
50285  24.117  -38.748  80.827 0.0000000000
50248  24.328  -39.272  82.599 0.0000000000
78088  44.775  -16.043  57.315 0.0000000000
79155  44.129  -16.112  57.153 0.0000000000
80272  43.313  -15.679  56.678 0.0000000000
80275  40.566  -15.772  56.323 0.0000000000
50267  21.005  -38.445  82.080 0.0000000000
50251  20.237  -38.580  82.602 0.0000000000
50236  19.424  -39.034  83.084 0.0000000000
48895  17.845  -39.612  84.138 0.0000000000
48920  16.400  -39.470  82.945 0.0000000000
48796  15.453  -39.346  87.904 0.0000000000
48858  12.502  -40.825  84.651 0.0000000000
68407  32.008  -25.649  71.492 0.0000000000
64815  32.840  -29.566  73.722 0.0000000000
66017  32.891  -28.816  74.078 0.0000000000
62569  30.778  -32.382  70.870 0.0000000000
58652  31.619  -34.220  71.201 0.0000000000
58659  31.307  -34.372  70.332 0.0000000000
58665  31.193  -34.482  69.520 0.0000000000
58676  31.252  -34.850  68.023 0.0000000000
57461  31.366  -35.264  67.681 0.0000000000
56412  31.049  -35.479  67.759 0.0000000000
54325  30.930  -36.438  66.757 0.0000000000
49055  30.957  -40.352  76.297 0.0000000000
49054  31.242  -40.553  76.529 0.0000000000
50399  31.192  -39.680  75.253 0.0000000000
51801  30.668  -38.904  73.849 0.0000000000
51819  31.067  -38.618  73.568 0.0000000000
51798  32.042  -38.582  74.338 0.0000000000
51797  32.110  -38.266  74.182 0.0000000000
53073  32.336  -37.771  73.872 0.0000000000
53092  31.951  -37.375  72.990 0.0000000000
54328  28.416  -37.425  67.475 0.0000000000
54327  28.719  -37.336  67.095 0.0000000000
55392  29.147  -37.233  66.491 0.0000000000
55409  28.283  -37.072  65.892 0.0000000000
69735  35.515  -23.405  65.936 0.0000000000
69756  34.347  -23.275  64.570 0.0000000000
69758  32.098  -23.920  64.071 0.0000000000
68573  39.422  -24.467  60.032 0.0000000000
68555  38.212  -24.108  60.541 0.0000000000
68556  37.311  -24.263  60.501 0.0000000000
68535  35.463  -23.798  61.094 0.0000000000
68528  41.780  -24.431  61.869 0.0000000000
52977  18.790  -37.987  78.065 0.0000000000
50330  26.937  -39.260  78.271 0.0000000000
51707  26.064  -38.781  77.838 0.0000000000
51732  25.428  -38.444  77.060 0.0000000000
53041  23.114  -37.001  75.442 0.0000000000
82577  44.006  -13.160  54.234 0.0000000000
83730  43.086  -12.616  54.185 0.0000000000
48956  25.605  -39.861  82.202 0.0000000000
48937  25.964  -40.146  82.509 0.0000000000
76961  41.485  -19.217  60.150 0.0000000000
75798  41.002  -20.175  59.151 0.0000000000
75789  41.299  -19.663  59.728 0.0000000000
76968  41.838  -18.521  59.928 0.0000000000
79157  42.536  -16.501  57.665 0.0000000000
79160  39.407  -17.017  57.013 0.0000000000
80260  39.161  -16.564  56.539 0.0000000000
48893  20.025  -39.394  84.502 0.0000000000
48873  18.148  -39.921  84.880 0.0000000000
48855  16.147  -39.663  85.320 0.0000000000
48762  13.612  -40.457  89.876 0.0000000000
47659  10.512  -42.273  86.460 0.0000000000
48801  10.196  -42.102  88.187 0.0000000000
63660  33.673  -30.702  74.522 0.0000000000
59973  32.250  -33.503  72.404 0.0000000000
57436  31.674  -34.916  70.749 0.0000000000
56388  31.624  -35.434  70.347 0.0000000000
55353  31.474  -36.166  70.296 0.0000000000
51803  29.369  -38.461  73.314 0.0000000000
51823  29.330  -38.477  72.452 0.0000000000
53098  28.873  -38.045  72.149 0.0000000000
51822  29.665  -38.742  72.651 0.0000000000
53096  29.666  -39.257  71.949 0.0000000000
53116  29.926  -39.536  70.961 0.0000000000
53139  29.100  -39.104  70.091 0.0000000000
54310  27.866  -37.570  68.968 0.0000000000
69703  33.307  -23.781  67.716 0.0000000000
69719  33.278  -23.574  66.601 0.0000000000
69721  31.384  -24.535  65.894 0.0000000000
68479  30.215  -25.169  64.554 0.0000000000
91642  52.435  -6.545  50.016 0.0000000000
90577  51.762  -6.674  48.368 0.0000000000
74574  38.799  -21.445  57.719 0.0000000000
74575  37.952  -21.285  57.481 0.0000000000
73352  37.503  -21.839  57.372 0.0000000000
72157  37.814  -22.920  57.826 0.0000000000
72158  36.807  -22.901  57.555 0.0000000000
68622  38.321  -24.583  58.983 0.0000000000
69876  37.513  -24.234  58.625 0.0000000000
68624  36.726  -24.319  58.940 0.0000000000
69877  36.664  -24.047  58.593 0.0000000000
68569  42.922  -24.412  60.498 0.0000000000
69828  43.330  -24.260  60.233 0.0000000000
73321  42.066  -22.068  59.868 0.0000000000
73322  41.545  -21.962  59.498 0.0000000000
73337  41.172  -21.920  58.995 0.0000000000
72154  40.953  -22.609  58.817 0.0000000000
73338  40.742  -21.919  58.642 0.0000000000
74573  39.436  -21.387  57.830 0.0000000000
49039  30.315  -40.671  76.958 0.0000000000
50350  30.323  -40.280  76.469 0.0000000000
50377  29.909  -39.754  76.068 0.0000000000
50402  29.275  -39.432  75.469 0.0000000000
50355  27.342  -39.192  77.858 0.0000000000
51754  26.489  -38.599  76.201 0.0000000000
51752  28.053  -38.723  75.680 0.0000000000
51777  28.467  -38.906  75.069 0.0000000000
53101  26.419  -37.342  73.151 0.0000000000
55325  25.514  -36.771  71.903 0.0000000000
66070  28.893  -28.306  69.504 0.0000000000
84911  47.904  -11.984  55.534 0.0000000000
82576  44.408  -13.081  54.253 0.0000000000
83745  44.855  -12.771  54.327 0.0000000000
83744  45.349  -12.762  54.457 0.0000000000
86042  45.271  -11.582  54.270 0.0000000000
84934  45.581  -12.221  54.476 0.0000000000
84920  46.747  -12.006  55.225 0.0000000000
86014  48.159  -11.102  55.451 0.0000000000
87150  47.607  -10.430  55.109 0.0000000000
88276  47.784  -9.767  54.864 0.0000000000
88278  48.096  -9.070  54.500 0.0000000000
88280  46.418  -9.349  53.515 0.0000000000
89433  48.182  -8.400  53.732 0.0000000000
90568  48.519  -7.631  51.345 0.0000000000
52963  21.515  -37.929  79.895 0.0000000000
51643  23.596  -38.318  81.263 0.0000000000
48939  24.351  -39.592  83.191 0.0000000000
50232  23.909  -39.291  83.249 0.0000000000
48914  23.545  -39.397  83.824 0.0000000000
48915  22.291  -38.911  84.190 0.0000000000
48850  21.467  -39.832  85.738 0.0000000000
48831  20.515  -39.694  86.455 0.0000000000
48945  33.689  -41.066  79.542 0.0000000000
48963  33.445  -41.626  79.092 0.0000000000
48980  32.180  -42.198  78.352 0.0000000000
48982  30.203  -42.086  78.558 0.0000000000
48997  29.060  -40.895  78.525 0.0000000000
48998  28.156  -40.480  78.553 0.0000000000
48985  28.144  -40.876  79.047 0.0000000000
50311  27.270  -40.176  78.363 0.0000000000
51677  24.867  -38.741  78.949 0.0000000000
79171  47.243  -15.682  56.940 0.0000000000
80271  46.533  -15.455  56.378 0.0000000000
79173  45.583  -15.873  57.110 0.0000000000
79188  46.073  -15.599  56.539 0.0000000000
80286  46.040  -15.297  55.927 0.0000000000
81410  45.202  -14.872  55.518 0.0000000000
81424  43.936  -14.206  54.943 0.0000000000
79176  43.029  -15.932  57.119 0.0000000000
80273  42.665  -15.650  56.619 0.0000000000
80290  42.249  -15.304  55.890 0.0000000000
81411  42.703  -14.739  55.410 0.0000000000
81425  43.017  -14.124  54.933 0.0000000000
82560  42.342  -13.549  54.463 0.0000000000
50255  15.542  -39.868  80.978 0.0000000000
50256  14.736  -40.678  80.957 0.0000000000
48797  14.324  -39.344  88.032 0.0000000000
48817  14.074  -39.571  87.015 0.0000000000
48877  13.335  -40.492  83.841 0.0000000000
47637  8.139  -42.178  92.051 0.0000000000
68478  39.155  -24.164  65.285 0.0000000000
69702  34.476  -23.861  67.872 0.0000000000
69695  32.289  -24.223  68.610 0.0000000000
68429  31.395  -24.668  69.534 0.0000000000
66050  31.491  -27.645  72.200 0.0000000000
67214  30.084  -27.222  70.384 0.0000000000
64848  29.024  -29.497  70.049 0.0000000000
63697  29.579  -30.776  69.845 0.0000000000
62579  29.935  -32.054  68.781 0.0000000000
61309  29.845  -32.765  68.164 0.0000000000
61295  31.043  -32.778  70.322 0.0000000000
61308  30.297  -33.211  68.494 0.0000000000
60018  30.141  -34.091  67.291 0.0000000000
60031  30.553  -34.534  67.181 0.0000000000
57473  31.356  -35.168  67.270 0.0000000000
57407  34.104  -35.123  74.605 0.0000000000
48991  32.813  -40.870  78.371 0.0000000000
50309  32.782  -40.813  78.057 0.0000000000
50324  33.380  -40.111  77.425 0.0000000000
50348  31.872  -40.490  76.903 0.0000000000
51727  34.191  -38.983  76.573 0.0000000000
50398  31.505  -39.565  75.218 0.0000000000
51772  31.804  -39.391  75.029 0.0000000000
51751  32.090  -39.633  75.694 0.0000000000
51748  33.657  -38.473  76.072 0.0000000000
53036  33.994  -38.039  76.184 0.0000000000
54207  33.682  -37.385  74.798 0.0000000000
55295  34.446  -36.528  75.343 0.0000000000
56351  34.444  -36.027  74.917 0.0000000000
56362  34.144  -35.823  74.395 0.0000000000
57419  33.481  -35.068  73.936 0.0000000000
56372  33.012  -35.568  73.802 0.0000000000
56373  32.541  -35.711  73.162 0.0000000000
55324  32.265  -36.712  72.624 0.0000000000
56380  32.052  -35.620  72.167 0.0000000000
53136  31.578  -38.239  69.692 0.0000000000
54305  30.940  -36.742  68.906 0.0000000000
55369  30.831  -36.477  68.531 0.0000000000
56414  29.512  -36.937  66.175 0.0000000000
55421  29.448  -36.672  65.628 0.0000000000
69752  38.626  -23.792  65.394 0.0000000000
69754  36.566  -23.176  65.028 0.0000000000
69774  36.531  -23.091  63.864 0.0000000000
69777  33.125  -23.538  63.257 0.0000000000
69801  34.163  -23.535  61.441 0.0000000000
90573  49.585  -7.451  50.212 0.0000000000
90588  49.849  -7.597  48.370 0.0000000000
48977  33.378  -40.635  78.764 0.0000000000
48992  32.581  -41.230  77.952 0.0000000000
49014  32.012  -41.059  77.434 0.0000000000
49037  31.561  -40.871  76.885 0.0000000000
50195  15.521  -39.469  87.139 0.0000000000
50296  33.355  -40.547  78.814 0.0000000000
50326  32.222  -40.847  77.343 0.0000000000
50345  33.785  -39.428  76.767 0.0000000000
50349  31.479  -40.539  76.627 0.0000000000
50373  32.226  -39.720  76.035 0.0000000000
54251  25.327  -36.868  72.709 0.0000000000
55296  34.045  -36.648  74.989 0.0000000000
55298  21.773  -36.783  72.862 0.0000000000
55368  30.964  -36.142  69.061 0.0000000000
57418  33.922  -35.531  74.196 0.0000000000
57452  31.055  -35.117  68.489 0.0000000000
57462  31.407  -35.390  67.467 0.0000000000
67313  38.742  -24.300  60.065 0.0000000000
67314  38.062  -24.336  60.092 0.0000000000
67324  38.815  -24.473  59.615 0.0000000000
67326  37.791  -24.519  59.791 0.0000000000
67338  38.665  -24.567  59.407 0.0000000000
67339  38.347  -24.597  59.468 0.0000000000
67340  37.963  -24.578  59.576 0.0000000000
68559  34.617  -23.434  59.964 0.0000000000
68594  38.937  -24.662  59.505 0.0000000000
68599  35.016  -23.616  59.103 0.0000000000
69751  39.225  -23.996  65.034 0.0000000000
69845  43.047  -24.092  59.768 0.0000000000
69847  41.199  -24.085  59.525 0.0000000000
69873  40.019  -23.875  59.100 0.0000000000
69879  34.720  -23.769  57.866 0.0000000000
69894  40.365  -23.570  58.854 0.0000000000
69901  35.236  -23.780  57.998 0.0000000000
71002  37.083  -23.396  57.915 0.0000000000
71003  36.801  -23.416  57.892 0.0000000000
71018  41.107  -23.133  59.013 0.0000000000
71020  40.189  -23.226  58.484 0.0000000000
71021  39.565  -23.334  58.532 0.0000000000
72141  36.919  -23.271  57.803 0.0000000000
72142  36.548  -23.222  57.701 0.0000000000
72156  40.124  -22.605  58.107 0.0000000000
73304  42.618  -22.239  60.019 0.0000000000
73324  36.804  -23.120  57.682 0.0000000000
73340  37.016  -23.005  57.619 0.0000000000
73341  36.599  -23.004  57.600 0.0000000000
73350  39.228  -22.007  57.787 0.0000000000
75809  37.336  -19.789  56.881 0.0000000000
78064  41.162  -18.440  58.501 0.0000000000
78072  44.959  -16.204  57.469 0.0000000000
78087  45.048  -15.907  57.237 0.0000000000
79170  47.475  -15.621  56.990 0.0000000000
79175  43.925  -15.815  56.754 0.0000000000
79189  45.435  -15.555  56.481 0.0000000000
80284  47.104  -15.194  56.280 0.0000000000
80302  44.863  -14.958  55.614 0.0000000000
82575  44.692  -13.018  54.286 0.0000000000
83727  46.284  -13.520  54.907 0.0000000000
84912  47.339  -11.949  55.430 0.0000000000
84932  46.320  -13.129  55.011 0.0000000000
84933  46.205  -12.461  54.781 0.0000000000
84935  42.768  -12.333  53.680 0.0000000000
84947  44.953  -12.002  54.383 0.0000000000
86015  47.693  -11.548  55.417 0.0000000000
86017  47.802  -10.741  55.251 0.0000000000
87149  48.118  -10.294  55.242 0.0000000000
89454  49.079  -7.823  49.107 0.0000000000
90563  48.310  -7.718  51.955 0.0000000000
138375  30.678  -37.053  66.959 0.0000000000
