#!ascii label  , from subject 3083 vox2ras=TkReg
809
41672  28.700  -47.933  80.879 0.0000000000
63759  45.948  -30.813  63.813 0.0000000000
67307  55.321  -28.009  60.407 0.0000000000
63634  43.796  -30.633  73.645 0.0000000000
46600  33.905  -44.726  76.070 0.0000000000
41720  32.746  -47.916  77.261 0.0000000000
66173  50.464  -28.684  62.810 0.0000000000
62591  49.602  -31.681  66.486 0.0000000000
57385  41.894  -35.319  74.916 0.0000000000
47777  38.683  -43.771  74.077 0.0000000000
78068  53.946  -18.741  56.829 0.0000000000
72101  54.879  -23.469  60.262 0.0000000000
64798  40.593  -30.090  72.292 0.0000000000
66056  46.114  -28.948  69.862 0.0000000000
45323  31.690  -45.418  79.281 0.0000000000
41698  30.487  -47.954  79.228 0.0000000000
66176  48.204  -29.516  62.900 0.0000000000
63728  50.698  -30.037  64.634 0.0000000000
66108  49.169  -29.472  65.639 0.0000000000
51815  43.492  -39.811  71.752 0.0000000000
44050  35.958  -46.185  75.925 0.0000000000
47780  36.408  -44.427  74.591 0.0000000000
44062  37.607  -45.823  74.488 0.0000000000
78042  54.334  -18.676  58.356 0.0000000000
74553  55.147  -21.964  56.481 0.0000000000
75765  54.355  -21.126  58.973 0.0000000000
68545  52.796  -26.646  60.327 0.0000000000
70979  52.903  -24.521  58.697 0.0000000000
69809  54.875  -25.440  60.527 0.0000000000
69840  56.487  -25.617  58.493 0.0000000000
67330  55.877  -27.076  58.654 0.0000000000
61215  42.541  -32.641  75.012 0.0000000000
62512  40.570  -31.996  73.664 0.0000000000
64770  42.598  -29.637  74.139 0.0000000000
66046  43.685  -28.704  70.827 0.0000000000
65995  45.816  -29.391  72.823 0.0000000000
63681  47.628  -30.629  70.403 0.0000000000
62541  45.288  -30.996  71.613 0.0000000000
45320  33.873  -46.242  77.534 0.0000000000
67310  50.585  -27.573  60.022 0.0000000000
66170  53.290  -28.673  62.222 0.0000000000
63754  53.189  -30.794  62.848 0.0000000000
61351  51.830  -32.516  63.791 0.0000000000
51724  41.157  -40.714  73.801 0.0000000000
54170  42.176  -38.026  74.196 0.0000000000
56330  43.361  -36.194  74.207 0.0000000000
59945  42.909  -34.085  73.438 0.0000000000
61262  42.775  -31.898  71.448 0.0000000000
50370  39.833  -41.587  73.111 0.0000000000
47803  40.541  -42.942  73.832 0.0000000000
76989  52.936  -19.723  54.085 0.0000000000
75754  53.237  -20.746  59.398 0.0000000000
73296  56.596  -23.361  58.375 0.0000000000
71036  56.721  -24.260  55.774 0.0000000000
64871  46.093  -29.882  67.265 0.0000000000
64851  48.608  -29.859  68.147 0.0000000000
59990  48.529  -32.897  68.089 0.0000000000
40549  29.005  -48.457  79.886 0.0000000000
41686  29.711  -47.951  80.174 0.0000000000
40567  29.931  -48.499  78.802 0.0000000000
63757  47.418  -30.282  63.629 0.0000000000
66132  48.592  -29.471  64.267 0.0000000000
64943  47.747  -29.864  64.664 0.0000000000
44058  36.708  -46.102  75.544 0.0000000000
79121  53.779  -18.244  58.868 0.0000000000
76954  53.863  -19.806  58.674 0.0000000000
76942  53.722  -19.381  59.137 0.0000000000
68522  54.094  -27.137  61.390 0.0000000000
68543  54.507  -26.471  60.855 0.0000000000
68542  55.286  -26.787  60.578 0.0000000000
67306  55.801  -27.123  59.853 0.0000000000
62487  43.121  -31.495  74.433 0.0000000000
63606  42.220  -31.390  74.705 0.0000000000
64754  43.486  -30.084  73.960 0.0000000000
65983  43.966  -29.019  73.769 0.0000000000
64768  45.150  -29.672  73.476 0.0000000000
63644  45.969  -29.733  72.530 0.0000000000
63656  45.197  -30.465  72.709 0.0000000000
45322  32.735  -45.500  78.767 0.0000000000
42857  33.563  -47.155  77.591 0.0000000000
42864  34.548  -47.047  76.823 0.0000000000
66195  49.815  -28.355  61.734 0.0000000000
67311  49.601  -28.010  60.441 0.0000000000
66194  50.870  -28.426  61.871 0.0000000000
66193  51.873  -28.453  61.811 0.0000000000
66171  52.343  -28.829  62.425 0.0000000000
64989  53.411  -29.745  62.406 0.0000000000
64991  52.036  -29.320  62.941 0.0000000000
63729  50.422  -30.317  65.122 0.0000000000
62621  51.739  -31.362  63.993 0.0000000000
61330  50.799  -32.198  64.970 0.0000000000
58742  50.853  -33.793  64.214 0.0000000000
60040  49.891  -33.150  65.325 0.0000000000
50339  41.535  -40.935  73.923 0.0000000000
53013  41.706  -39.358  73.434 0.0000000000
51744  42.444  -40.077  73.274 0.0000000000
54203  43.523  -37.754  72.911 0.0000000000
58610  43.549  -35.129  73.860 0.0000000000
47778  37.679  -44.116  74.281 0.0000000000
50344  38.101  -43.329  73.540 0.0000000000
49031  39.216  -42.724  73.612 0.0000000000
50341  40.356  -41.982  74.105 0.0000000000
47790  39.761  -43.249  74.059 0.0000000000
78052  55.425  -18.106  57.230 0.0000000000
76982  52.791  -19.761  55.309 0.0000000000
74552  56.298  -22.322  56.803 0.0000000000
70964  53.857  -24.354  59.601 0.0000000000
72123  52.625  -23.376  58.336 0.0000000000
73289  53.227  -22.366  59.149 0.0000000000
74512  52.857  -21.690  59.045 0.0000000000
73277  54.439  -22.269  59.727 0.0000000000
74502  55.160  -22.326  59.643 0.0000000000
73275  55.412  -22.809  59.863 0.0000000000
68609  56.333  -25.799  57.710 0.0000000000
70991  56.799  -24.702  57.142 0.0000000000
56341  41.126  -36.186  73.969 0.0000000000
58613  40.717  -34.832  73.734 0.0000000000
63648  40.677  -30.695  73.162 0.0000000000
62518  40.087  -32.184  72.530 0.0000000000
66045  44.779  -28.597  70.960 0.0000000000
64836  43.604  -29.242  69.051 0.0000000000
66068  45.527  -29.124  69.012 0.0000000000
64872  45.156  -29.652  67.227 0.0000000000
66067  46.460  -29.047  68.910 0.0000000000
66075  47.545  -29.292  67.890 0.0000000000
66054  47.668  -29.063  69.371 0.0000000000
61273  47.613  -32.053  69.551 0.0000000000
61272  48.163  -32.051  69.391 0.0000000000
59992  47.626  -33.114  68.306 0.0000000000
58670  48.015  -33.810  66.933 0.0000000000
44027  31.478  -46.548  79.455 0.0000000000
41709  31.578  -47.788  78.439 0.0000000000
40603  31.644  -48.520  77.082 0.0000000000
40585  30.350  -48.574  78.311 0.0000000000
66174  49.584  -28.767  62.833 0.0000000000
66149  50.823  -29.112  63.640 0.0000000000
66130  49.854  -29.235  64.510 0.0000000000
66107  49.720  -29.500  65.412 0.0000000000
64888  49.721  -29.773  66.360 0.0000000000
46579  35.048  -45.016  76.236 0.0000000000
46599  34.970  -44.566  75.555 0.0000000000
46578  35.802  -45.225  75.525 0.0000000000
46576  37.229  -44.959  75.129 0.0000000000
45354  38.052  -44.943  74.525 0.0000000000
46616  39.245  -44.402  74.039 0.0000000000
44067  38.662  -45.630  73.646 0.0000000000
78053  54.413  -18.648  57.579 0.0000000000
76972  53.424  -19.604  56.647 0.0000000000
75782  53.694  -20.314  57.895 0.0000000000
74541  54.923  -21.820  57.524 0.0000000000
74540  55.747  -22.194  57.807 0.0000000000
68566  51.509  -26.335  59.045 0.0000000000
69825  52.758  -25.560  59.349 0.0000000000
69823  54.243  -25.069  60.033 0.0000000000
70957  55.231  -24.421  60.284 0.0000000000
70962  55.958  -24.270  59.495 0.0000000000
69807  56.048  -25.848  59.650 0.0000000000
68583  56.233  -26.418  58.383 0.0000000000
59915  42.001  -33.540  75.437 0.0000000000
59917  41.503  -33.589  74.658 0.0000000000
62491  41.531  -32.026  74.883 0.0000000000
63623  41.480  -31.140  74.286 0.0000000000
64786  41.517  -29.686  73.416 0.0000000000
66034  42.142  -29.247  71.690 0.0000000000
66014  42.646  -28.921  72.601 0.0000000000
67186  44.699  -28.370  72.136 0.0000000000
66030  46.111  -28.784  71.507 0.0000000000
66042  47.254  -29.328  70.312 0.0000000000
64795  46.838  -29.431  71.889 0.0000000000
62539  46.860  -30.987  70.834 0.0000000000
61275  45.930  -31.969  69.981 0.0000000000
46558  31.472  -45.131  77.955 0.0000000000
46556  33.150  -44.922  77.824 0.0000000000
46555  33.921  -45.069  77.347 0.0000000000
45336  34.770  -46.144  76.822 0.0000000000
41731  35.054  -47.209  76.118 0.0000000000
67309  51.693  -27.434  60.339 0.0000000000
67297  53.546  -27.900  61.617 0.0000000000
67289  54.190  -28.527  61.784 0.0000000000
64988  53.957  -29.905  61.906 0.0000000000
62627  54.070  -31.015  62.041 0.0000000000
61359  53.316  -31.988  62.054 0.0000000000
63756  51.820  -30.352  63.709 0.0000000000
62620  52.542  -31.637  63.352 0.0000000000
53034  41.090  -39.487  72.756 0.0000000000
54188  41.541  -38.324  73.502 0.0000000000
55269  41.632  -37.139  74.347 0.0000000000
55257  41.893  -36.446  74.954 0.0000000000
53049  43.018  -38.942  73.077 0.0000000000
55266  42.941  -36.778  74.272 0.0000000000
56324  42.274  -35.824  74.900 0.0000000000
58603  42.714  -34.494  74.815 0.0000000000
59929  43.001  -33.501  74.227 0.0000000000
61240  42.913  -32.537  73.613 0.0000000000
62525  43.723  -31.019  72.530 0.0000000000
61249  42.516  -32.528  72.389 0.0000000000
51725  40.607  -41.540  73.817 0.0000000000
50340  41.160  -41.471  74.056 0.0000000000
49064  41.748  -41.868  73.281 0.0000000000
46656  40.494  -44.137  72.968 0.0000000000
46673  41.321  -43.327  72.143 0.0000000000
78099  54.040  -17.788  53.894 0.0000000000
76927  52.951  -19.759  59.387 0.0000000000
75753  54.015  -20.904  59.324 0.0000000000
74509  55.336  -22.176  59.095 0.0000000000
73313  56.897  -22.830  57.725 0.0000000000
72121  56.648  -23.921  58.458 0.0000000000
72131  57.453  -23.849  57.148 0.0000000000
72165  57.858  -23.673  55.626 0.0000000000
61234  40.578  -32.783  73.221 0.0000000000
64920  44.783  -30.015  65.419 0.0000000000
64918  46.574  -30.281  65.371 0.0000000000
66110  47.948  -29.374  66.135 0.0000000000
66073  48.628  -29.512  67.488 0.0000000000
63710  49.447  -30.629  67.058 0.0000000000
63680  48.122  -30.504  69.779 0.0000000000
62566  48.631  -31.507  68.611 0.0000000000
62592  49.348  -32.317  66.834 0.0000000000
58682  48.980  -33.844  66.280 0.0000000000
62542  44.194  -31.053  71.790 0.0000000000
61276  44.835  -31.755  70.167 0.0000000000
40532  28.680  -48.351  80.413 0.0000000000
39511  28.148  -48.543  80.329 0.0000000000
40514  28.304  -48.225  80.928 0.0000000000
41687  29.188  -48.055  80.515 0.0000000000
40531  29.366  -48.197  80.227 0.0000000000
63758  46.817  -30.532  63.831 0.0000000000
64969  47.388  -30.145  64.112 0.0000000000
64944  47.040  -30.203  64.640 0.0000000000
78033  53.843  -19.260  59.162 0.0000000000
78018  53.340  -19.089  59.166 0.0000000000
67295  54.993  -27.723  60.913 0.0000000000
68521  54.767  -27.254  61.063 0.0000000000
62499  43.363  -31.480  74.092 0.0000000000
63603  43.394  -31.091  74.315 0.0000000000
63619  43.619  -30.695  74.019 0.0000000000
64753  44.334  -29.779  73.576 0.0000000000
63633  44.610  -30.179  73.404 0.0000000000
64785  45.263  -30.012  73.390 0.0000000000
63647  44.002  -30.584  73.310 0.0000000000
41708  32.564  -47.728  77.824 0.0000000000
42858  32.993  -47.158  78.113 0.0000000000
41707  33.161  -47.401  77.662 0.0000000000
66172  51.437  -28.893  62.764 0.0000000000
62600  50.223  -31.410  65.336 0.0000000000
61331  50.229  -32.283  65.121 0.0000000000
61322  49.815  -32.373  65.753 0.0000000000
50393  42.086  -41.409  73.244 0.0000000000
51745  42.247  -40.415  73.705 0.0000000000
51767  42.617  -40.359  72.974 0.0000000000
49033  37.606  -43.633  74.000 0.0000000000
49011  38.210  -43.575  73.886 0.0000000000
49032  38.628  -43.280  73.713 0.0000000000
49010  39.282  -42.909  73.777 0.0000000000
47776  39.416  -43.099  73.917 0.0000000000
78067  54.785  -18.170  56.560 0.0000000000
78066  55.506  -18.001  56.783 0.0000000000
78083  53.749  -18.790  55.939 0.0000000000
72110  54.222  -23.442  59.818 0.0000000000
72111  53.423  -23.342  59.189 0.0000000000
73288  53.880  -22.461  59.612 0.0000000000
73287  54.537  -22.800  60.015 0.0000000000
73276  55.005  -22.605  60.149 0.0000000000
69862  55.773  -25.584  57.328 0.0000000000
69886  55.910  -25.018  56.842 0.0000000000
57386  41.512  -35.485  74.548 0.0000000000
57393  40.790  -35.347  73.903 0.0000000000
58604  41.246  -34.652  74.224 0.0000000000
64788  40.541  -30.525  72.760 0.0000000000
64799  40.164  -30.698  71.979 0.0000000000
66044  45.705  -28.684  70.869 0.0000000000
66057  45.177  -28.833  69.945 0.0000000000
66066  47.288  -28.972  68.732 0.0000000000
66055  46.976  -28.912  69.645 0.0000000000
61288  47.253  -32.391  69.228 0.0000000000
61287  47.634  -32.397  69.253 0.0000000000
59980  47.154  -32.705  68.700 0.0000000000
60008  47.520  -33.484  67.621 0.0000000000
42855  30.809  -47.231  79.359 0.0000000000
44028  30.607  -46.557  79.664 0.0000000000
41697  31.105  -47.638  78.905 0.0000000000
42854  31.741  -47.207  78.939 0.0000000000
41710  30.991  -47.863  78.738 0.0000000000
40584  31.261  -48.590  77.904 0.0000000000
40566  30.706  -48.267  78.635 0.0000000000
65011  47.818  -29.904  62.328 0.0000000000
65031  47.678  -29.774  61.645 0.0000000000
66197  48.198  -29.323  62.110 0.0000000000
66175  48.744  -29.065  62.885 0.0000000000
66150  50.139  -28.818  63.760 0.0000000000
66151  49.352  -29.050  63.750 0.0000000000
64941  48.899  -29.589  65.087 0.0000000000
66131  49.117  -29.483  64.627 0.0000000000
64914  50.198  -29.784  65.528 0.0000000000
66087  49.529  -29.449  66.054 0.0000000000
45345  35.181  -45.606  76.408 0.0000000000
45344  36.337  -45.711  75.672 0.0000000000
44057  37.209  -46.180  75.077 0.0000000000
45356  36.916  -45.801  75.570 0.0000000000
45355  37.413  -45.475  75.041 0.0000000000
45366  37.808  -45.439  74.539 0.0000000000
45365  38.545  -45.166  74.238 0.0000000000
79127  54.637  -17.857  58.430 0.0000000000
78041  55.217  -18.128  57.969 0.0000000000
76964  53.744  -19.613  57.640 0.0000000000
76963  54.050  -19.270  58.196 0.0000000000
75781  54.037  -20.933  58.184 0.0000000000
74526  54.883  -21.758  58.392 0.0000000000
68565  52.281  -26.318  59.504 0.0000000000
69810  54.092  -25.810  60.346 0.0000000000
69808  55.624  -25.423  60.015 0.0000000000
67319  56.037  -27.197  59.101 0.0000000000
68564  56.250  -26.325  59.260 0.0000000000
68610  55.679  -26.245  57.751 0.0000000000
68584  55.433  -26.820  58.292 0.0000000000
59914  42.363  -33.505  75.258 0.0000000000
61217  41.714  -32.731  75.311 0.0000000000
61216  42.186  -32.707  75.352 0.0000000000
63621  42.426  -30.679  74.495 0.0000000000
63622  41.960  -30.862  74.457 0.0000000000
64757  41.649  -30.285  74.318 0.0000000000
64772  41.092  -30.093  74.142 0.0000000000
64771  41.940  -29.668  74.081 0.0000000000
66000  42.276  -29.275  73.399 0.0000000000
65985  42.631  -29.320  73.875 0.0000000000
65996  45.481  -28.971  73.076 0.0000000000
65997  44.744  -28.847  73.152 0.0000000000
67148  45.279  -28.789  72.778 0.0000000000
67163  46.112  -28.686  72.129 0.0000000000
66010  46.004  -28.959  72.266 0.0000000000
66009  46.639  -29.367  72.073 0.0000000000
65994  46.398  -29.351  72.472 0.0000000000
63671  45.946  -30.488  71.778 0.0000000000
63654  46.356  -30.087  72.045 0.0000000000
62540  46.188  -31.050  71.218 0.0000000000
62554  46.476  -31.538  70.506 0.0000000000
62555  45.582  -31.482  70.789 0.0000000000
46534  31.108  -45.240  78.730 0.0000000000
46533  32.037  -45.083  78.589 0.0000000000
45321  33.420  -45.922  77.949 0.0000000000
45339  33.057  -45.086  78.338 0.0000000000
45338  33.417  -45.292  77.964 0.0000000000
46581  33.561  -44.886  76.962 0.0000000000
46554  34.502  -45.131  76.929 0.0000000000
45337  34.249  -45.644  77.265 0.0000000000
66192  52.625  -28.400  61.846 0.0000000000
67298  52.529  -27.736  61.113 0.0000000000
66191  53.013  -28.196  61.685 0.0000000000
67290  53.987  -28.420  61.922 0.0000000000
66169  54.150  -28.988  61.946 0.0000000000
64964  52.834  -30.055  62.967 0.0000000000
63769  53.702  -30.463  62.261 0.0000000000
62628  53.672  -31.277  62.239 0.0000000000
62619  53.102  -31.725  62.837 0.0000000000
64940  50.816  -29.655  64.238 0.0000000000
64966  51.507  -29.605  63.598 0.0000000000
63742  51.155  -30.413  64.339 0.0000000000
61350  52.511  -32.537  63.049 0.0000000000
60078  52.147  -33.021  62.796 0.0000000000
51746  40.902  -40.039  73.296 0.0000000000
53033  41.419  -39.511  73.222 0.0000000000
53014  41.544  -39.350  73.363 0.0000000000
53012  41.997  -39.136  73.532 0.0000000000
54171  41.920  -38.144  74.029 0.0000000000
55268  41.984  -37.191  74.500 0.0000000000
51766  43.015  -39.861  72.774 0.0000000000
53070  43.344  -39.251  72.585 0.0000000000
55279  43.660  -36.906  73.604 0.0000000000
55281  43.107  -37.328  73.911 0.0000000000
55265  43.370  -36.667  74.100 0.0000000000
55254  42.638  -36.340  74.603 0.0000000000
56331  43.066  -35.873  74.540 0.0000000000
57383  42.479  -35.052  74.960 0.0000000000
57390  43.240  -35.179  74.546 0.0000000000
58619  43.354  -34.571  73.580 0.0000000000
58611  43.372  -34.527  74.127 0.0000000000
59937  43.095  -33.567  73.761 0.0000000000
61233  43.080  -32.305  73.906 0.0000000000
59938  42.866  -33.320  73.455 0.0000000000
61241  42.692  -32.625  73.177 0.0000000000
59946  42.655  -33.694  72.909 0.0000000000
47781  35.889  -44.511  74.858 0.0000000000
47782  35.459  -44.340  74.912 0.0000000000
47794  36.015  -44.406  74.334 0.0000000000
50371  38.950  -42.504  73.338 0.0000000000
50395  39.108  -41.816  72.637 0.0000000000
51747  40.713  -40.766  73.414 0.0000000000
49029  40.444  -42.404  74.112 0.0000000000
49050  40.950  -42.036  74.041 0.0000000000
50369  41.340  -41.545  74.031 0.0000000000
49049  41.315  -42.201  73.692 0.0000000000
45373  40.088  -44.535  73.218 0.0000000000
78092  53.531  -18.783  54.788 0.0000000000
78100  53.481  -18.435  53.601 0.0000000000
75841  53.442  -20.365  53.123 0.0000000000
74554  54.124  -21.575  56.261 0.0000000000
69841  52.523  -25.132  58.653 0.0000000000
69864  51.523  -24.903  57.864 0.0000000000
70993  51.981  -24.504  57.926 0.0000000000
75766  52.967  -21.246  59.309 0.0000000000
75767  52.484  -21.007  58.897 0.0000000000
75755  52.540  -20.228  59.178 0.0000000000
76928  52.498  -19.713  59.089 0.0000000000
76926  53.568  -19.991  59.282 0.0000000000
73297  56.146  -22.607  58.510 0.0000000000
70961  56.300  -24.462  59.080 0.0000000000
70977  56.561  -24.598  58.482 0.0000000000
71012  56.820  -24.537  56.632 0.0000000000
70990  56.906  -24.526  57.431 0.0000000000
71011  57.311  -24.320  56.800 0.0000000000
72151  57.751  -23.705  56.374 0.0000000000
71035  57.374  -24.144  56.090 0.0000000000
61226  41.304  -32.715  74.344 0.0000000000
59924  40.972  -33.329  73.550 0.0000000000
66047  42.630  -29.136  70.780 0.0000000000
64892  45.416  -29.942  66.319 0.0000000000
64919  45.613  -30.329  65.393 0.0000000000
64891  46.335  -30.097  66.324 0.0000000000
64890  47.236  -29.841  66.254 0.0000000000
64870  46.990  -29.663  67.148 0.0000000000
66064  48.270  -29.491  68.346 0.0000000000
66074  48.146  -29.306  67.703 0.0000000000
64869  49.124  -29.913  67.365 0.0000000000
63711  49.074  -30.426  67.578 0.0000000000
64821  47.452  -29.935  70.614 0.0000000000
64820  47.858  -29.723  69.760 0.0000000000
61286  48.312  -32.424  68.847 0.0000000000
61271  48.517  -31.965  69.025 0.0000000000
61285  48.551  -32.198  68.477 0.0000000000
62575  48.755  -31.862  67.963 0.0000000000
61299  48.742  -32.558  67.851 0.0000000000
60022  49.341  -33.386  66.359 0.0000000000
60006  48.727  -33.180  67.544 0.0000000000
58683  48.575  -34.108  66.235 0.0000000000
62543  43.248  -31.524  72.058 0.0000000000
62557  43.639  -31.441  71.353 0.0000000000
41685  30.199  -47.640  79.800 0.0000000000
41699  30.073  -48.027  79.745 0.0000000000
40547  30.301  -48.243  79.126 0.0000000000
40548  29.712  -48.307  79.564 0.0000000000
39526  29.092  -48.434  79.623 0.0000000000
64993  47.505  -30.327  62.527 0.0000000000
66153  48.138  -29.666  63.368 0.0000000000
66152  48.528  -29.393  63.716 0.0000000000
64968  47.937  -29.827  63.842 0.0000000000
64942  48.436  -29.587  64.661 0.0000000000
64916  48.164  -29.549  65.375 0.0000000000
42871  36.005  -46.413  75.563 0.0000000000
42881  36.471  -46.536  75.016 0.0000000000
42893  36.756  -46.569  74.423 0.0000000000
78032  54.059  -18.932  58.986 0.0000000000
76941  53.826  -20.059  59.063 0.0000000000
68544  53.721  -26.512  60.753 0.0000000000
68541  55.858  -26.323  59.898 0.0000000000
61214  42.758  -32.082  74.702 0.0000000000
62489  42.414  -31.921  74.999 0.0000000000
62488  42.754  -31.707  74.664 0.0000000000
64741  43.124  -30.507  74.379 0.0000000000
64755  42.935  -30.039  74.290 0.0000000000
65984  43.245  -29.270  73.905 0.0000000000
65971  44.155  -29.387  73.664 0.0000000000
65970  44.856  -29.322  73.502 0.0000000000
65980  45.942  -29.310  73.561 0.0000000000
64783  46.087  -29.434  72.618 0.0000000000
64784  45.688  -29.494  73.232 0.0000000000
63655  45.789  -30.220  72.402 0.0000000000
63672  45.446  -30.609  72.202 0.0000000000
44036  32.852  -46.383  78.488 0.0000000000
44035  33.593  -46.619  77.733 0.0000000000
44043  34.229  -46.562  77.283 0.0000000000
42865  34.036  -47.133  77.251 0.0000000000
66207  49.065  -28.456  60.947 0.0000000000
66206  49.620  -28.240  61.051 0.0000000000
67301  49.841  -28.156  61.088 0.0000000000
67300  50.318  -28.045  61.054 0.0000000000
67299  51.324  -27.980  61.026 0.0000000000
64990  52.691  -29.407  62.700 0.0000000000
64965  52.254  -29.849  63.268 0.0000000000
63743  50.706  -30.342  64.688 0.0000000000
62612  50.652  -30.781  64.796 0.0000000000
62611  50.970  -31.509  64.769 0.0000000000
61341  51.182  -32.440  64.530 0.0000000000
60060  51.162  -33.260  64.198 0.0000000000
60061  50.603  -33.210  64.651 0.0000000000
58721  50.182  -33.850  64.787 0.0000000000
51723  41.673  -40.467  73.684 0.0000000000
51722  42.162  -40.343  74.062 0.0000000000
53032  42.018  -39.852  73.558 0.0000000000
53031  42.428  -39.071  73.410 0.0000000000
54225  43.454  -38.668  72.554 0.0000000000
56339  43.598  -36.589  73.619 0.0000000000
57399  43.497  -35.517  74.128 0.0000000000
57405  43.509  -36.122  73.329 0.0000000000
58627  43.469  -35.567  73.157 0.0000000000
47779  37.092  -44.172  74.331 0.0000000000
47793  36.662  -44.260  74.326 0.0000000000
47792  36.833  -44.114  74.281 0.0000000000
49051  37.625  -43.661  73.689 0.0000000000
50372  38.203  -43.196  73.425 0.0000000000
50343  38.778  -42.901  73.490 0.0000000000
50342  39.711  -42.147  73.812 0.0000000000
50321  39.712  -42.427  73.967 0.0000000000
49030  40.082  -42.518  74.192 0.0000000000
47789  40.250  -42.836  74.141 0.0000000000
78082  54.407  -18.077  55.416 0.0000000000
70978  53.391  -24.178  59.087 0.0000000000
70992  52.477  -24.240  58.207 0.0000000000
72122  53.180  -23.853  58.752 0.0000000000
72112  53.039  -22.837  58.820 0.0000000000
73298  52.703  -22.358  58.705 0.0000000000
74511  53.371  -21.649  59.362 0.0000000000
74504  53.897  -21.604  59.522 0.0000000000
74503  54.550  -21.924  59.566 0.0000000000
73286  55.864  -23.038  59.225 0.0000000000
68582  56.577  -25.663  57.895 0.0000000000
69839  56.672  -25.082  57.910 0.0000000000
69861  56.413  -25.080  57.297 0.0000000000
69885  56.415  -24.765  56.847 0.0000000000
56342  41.047  -36.556  73.769 0.0000000000
63636  40.685  -31.519  73.572 0.0000000000
63649  40.445  -31.261  72.903 0.0000000000
63658  39.613  -31.478  71.667 0.0000000000
66058  44.195  -28.963  69.967 0.0000000000
66069  44.566  -29.112  69.031 0.0000000000
64873  44.217  -29.568  67.221 0.0000000000
64854  44.878  -29.303  68.107 0.0000000000
64853  45.826  -29.480  68.133 0.0000000000
66076  46.739  -29.365  68.033 0.0000000000
66065  47.939  -29.116  68.559 0.0000000000
66053  48.120  -29.347  69.170 0.0000000000
62538  47.422  -30.998  70.553 0.0000000000
62552  47.853  -31.321  69.933 0.0000000000
59968  47.938  -32.259  69.374 0.0000000000
59978  48.041  -32.521  69.107 0.0000000000
59991  48.196  -32.936  68.423 0.0000000000
58669  48.636  -33.674  66.860 0.0000000000
60007  48.130  -33.442  67.674 0.0000000000
45300  31.070  -45.937  79.728 0.0000000000
45299  32.150  -45.969  79.569 0.0000000000
44026  32.245  -46.511  79.092 0.0000000000
42859  32.297  -47.421  78.413 0.0000000000
40564  32.331  -48.081  77.608 0.0000000000
40583  32.187  -48.260  77.379 0.0000000000
40565  31.847  -48.277  78.032 0.0000000000
66196  48.872  -28.792  61.931 0.0000000000
66129  50.389  -29.280  64.369 0.0000000000
64913  50.418  -29.715  64.813 0.0000000000
63719  50.100  -30.544  66.075 0.0000000000
50391  42.723  -40.602  72.531 0.0000000000
46580  34.366  -44.894  76.604 0.0000000000
46598  35.700  -44.739  75.243 0.0000000000
46597  36.450  -44.654  75.022 0.0000000000
46577  36.657  -45.069  75.274 0.0000000000
46596  37.142  -44.532  74.851 0.0000000000
46595  37.764  -44.622  74.547 0.0000000000
46594  38.503  -44.510  74.310 0.0000000000
47791  39.032  -44.096  74.176 0.0000000000
46617  38.882  -44.549  74.261 0.0000000000
45375  38.978  -45.110  74.069 0.0000000000
44066  39.067  -45.633  73.235 0.0000000000
78054  53.813  -19.079  57.226 0.0000000000
75793  53.631  -20.796  57.229 0.0000000000
74542  54.339  -21.594  57.046 0.0000000000
76955  53.725  -19.936  58.254 0.0000000000
75792  54.175  -21.343  57.559 0.0000000000
73332  57.000  -22.464  57.231 0.0000000000
69826  52.117  -25.942  59.067 0.0000000000
69811  53.426  -25.993  60.101 0.0000000000
69824  53.645  -25.291  59.756 0.0000000000
70965  53.340  -24.799  59.288 0.0000000000
70963  54.563  -24.352  60.153 0.0000000000
69822  55.803  -24.845  59.668 0.0000000000
69821  56.155  -25.196  59.269 0.0000000000
58597  41.928  -34.414  75.169 0.0000000000
58598  41.687  -34.509  74.842 0.0000000000
59916  41.695  -33.548  75.164 0.0000000000
61218  41.467  -32.707  74.909 0.0000000000
62500  41.096  -31.928  74.284 0.0000000000
62490  41.932  -32.011  75.191 0.0000000000
62511  40.808  -31.648  73.827 0.0000000000
63635  40.923  -31.056  73.665 0.0000000000
64787  40.886  -30.228  73.224 0.0000000000
64797  41.276  -29.768  72.569 0.0000000000
64811  41.229  -29.693  71.494 0.0000000000
66035  41.657  -29.531  72.110 0.0000000000
66033  43.127  -28.714  71.706 0.0000000000
65998  43.876  -28.860  73.333 0.0000000000
66013  43.572  -28.656  72.599 0.0000000000
66032  44.259  -28.404  71.767 0.0000000000
67196  44.921  -28.462  71.202 0.0000000000
66043  46.521  -28.967  70.631 0.0000000000
66029  46.624  -29.170  71.407 0.0000000000
66028  46.952  -29.501  71.329 0.0000000000
63669  47.071  -30.364  70.983 0.0000000000
64796  46.582  -29.590  72.151 0.0000000000
64809  46.763  -30.045  71.682 0.0000000000
62553  47.233  -31.521  70.239 0.0000000000
61274  46.850  -32.020  69.789 0.0000000000
46532  32.706  -44.982  78.382 0.0000000000
46582  32.735  -44.886  77.156 0.0000000000
45346  34.715  -45.313  76.743 0.0000000000
44051  35.370  -46.283  76.333 0.0000000000
44042  34.783  -46.598  76.737 0.0000000000
42863  35.016  -46.803  76.480 0.0000000000
42872  35.432  -46.774  76.001 0.0000000000
68546  52.017  -26.889  59.848 0.0000000000
67308  52.293  -27.201  60.406 0.0000000000
68523  53.358  -27.170  61.081 0.0000000000
67296  54.405  -28.185  61.483 0.0000000000
66189  55.023  -28.799  61.074 0.0000000000
66205  55.217  -28.902  60.588 0.0000000000
65009  54.944  -29.321  61.090 0.0000000000
65010  54.608  -29.729  61.407 0.0000000000
63790  54.270  -30.539  61.207 0.0000000000
63768  54.095  -30.592  61.888 0.0000000000
63755  52.409  -30.660  63.356 0.0000000000
53051  40.773  -39.175  72.292 0.0000000000
55283  41.282  -37.368  73.717 0.0000000000
54172  41.705  -38.261  73.739 0.0000000000
55282  41.504  -37.539  73.927 0.0000000000
55270  41.364  -37.032  74.104 0.0000000000
56326  41.778  -36.160  74.686 0.0000000000
56325  42.006  -35.951  74.931 0.0000000000
53050  42.757  -39.690  73.075 0.0000000000
53030  42.906  -38.490  73.443 0.0000000000
54204  43.414  -38.164  73.020 0.0000000000
54187  42.781  -37.951  73.811 0.0000000000
54169  42.510  -37.912  74.073 0.0000000000
55267  42.356  -37.116  74.485 0.0000000000
57384  42.144  -35.169  75.048 0.0000000000
58595  42.459  -34.213  75.075 0.0000000000
59922  42.523  -33.615  75.039 0.0000000000
58602  42.991  -34.303  74.482 0.0000000000
61225  42.601  -33.098  74.911 0.0000000000
61224  42.814  -32.518  74.518 0.0000000000
62510  43.501  -31.243  73.750 0.0000000000
62516  43.297  -31.368  73.356 0.0000000000
62526  42.826  -31.665  72.853 0.0000000000
59958  42.689  -33.974  72.309 0.0000000000
61250  42.368  -33.075  72.101 0.0000000000
46618  35.003  -44.218  74.999 0.0000000000
47805  35.972  -44.337  73.950 0.0000000000
51768  40.393  -40.538  72.418 0.0000000000
50368  41.726  -41.287  73.682 0.0000000000
49063  41.951  -41.807  72.813 0.0000000000
46637  39.740  -43.973  73.721 0.0000000000
47804  40.096  -43.530  73.798 0.0000000000
46635  40.716  -43.447  73.361 0.0000000000
46655  40.829  -43.747  72.841 0.0000000000
47802  41.068  -43.038  73.359 0.0000000000
47815  41.544  -42.605  72.738 0.0000000000
79197  54.002  -17.623  53.532 0.0000000000
76925  53.782  -20.316  59.232 0.0000000000
75752  54.688  -21.732  59.327 0.0000000000
75764  54.851  -21.790  59.137 0.0000000000
74510  54.967  -21.862  58.889 0.0000000000
74525  55.587  -22.160  58.486 0.0000000000
73314  56.316  -22.455  57.895 0.0000000000
73331  57.840  -22.959  56.607 0.0000000000
72100  55.516  -23.540  59.956 0.0000000000
72109  55.938  -23.641  59.450 0.0000000000
73285  56.302  -23.378  58.885 0.0000000000
70976  56.756  -24.586  57.878 0.0000000000
72120  56.879  -23.975  57.891 0.0000000000
73295  56.885  -23.549  57.941 0.0000000000
73312  57.151  -23.401  57.620 0.0000000000
63745  45.504  -30.604  64.484 0.0000000000
58612  41.103  -34.294  73.886 0.0000000000
59931  40.662  -33.817  73.144 0.0000000000
64945  45.363  -30.433  64.887 0.0000000000
63744  46.297  -30.563  64.522 0.0000000000
64917  47.486  -29.881  65.411 0.0000000000
66109  48.617  -29.339  66.010 0.0000000000
66090  47.770  -29.409  67.004 0.0000000000
66089  48.421  -29.302  66.833 0.0000000000
66088  49.155  -29.436  66.605 0.0000000000
64889  49.384  -29.712  66.804 0.0000000000
64868  49.439  -29.947  66.897 0.0000000000
66041  47.748  -29.373  69.647 0.0000000000
64834  48.380  -29.954  68.981 0.0000000000
62551  48.421  -31.370  69.361 0.0000000000
63691  48.544  -30.649  68.858 0.0000000000
63703  48.575  -30.427  68.553 0.0000000000
63701  48.971  -30.856  67.776 0.0000000000
62583  49.340  -31.439  67.114 0.0000000000
61323  49.530  -32.632  66.451 0.0000000000
60041  49.580  -33.626  65.657 0.0000000000
58701  49.338  -33.997  65.603 0.0000000000
63657  44.291  -30.611  72.846 0.0000000000
62524  44.762  -30.813  72.312 0.0000000000
61277  43.532  -31.747  70.512 0.0000000000
62556  44.526  -31.313  71.007 0.0000000000
39537  29.175  -48.436  79.223 0.0000000000
41718  34.142  -47.298  76.914 0.0000000000
42880  37.134  -46.376  74.651 0.0000000000
42882  35.745  -46.702  75.361 0.0000000000
44034  33.903  -46.488  77.508 0.0000000000
44044  33.888  -46.903  77.485 0.0000000000
45343  36.961  -45.295  75.378 0.0000000000
45364  39.192  -44.868  74.011 0.0000000000
45382  40.659  -44.188  72.633 0.0000000000
46636  40.268  -43.983  73.327 0.0000000000
46672  41.717  -42.849  72.029 0.0000000000
47795  35.435  -44.258  74.497 0.0000000000
47831  41.663  -42.822  72.183 0.0000000000
49009  39.792  -42.569  74.080 0.0000000000
49012  37.454  -43.794  74.020 0.0000000000
49035  36.466  -44.270  73.858 0.0000000000
49065  37.481  -43.754  73.387 0.0000000000
50320  39.873  -42.272  74.086 0.0000000000
50367  42.276  -40.802  73.326 0.0000000000
50394  39.763  -41.284  72.700 0.0000000000
50412  42.492  -41.234  72.348 0.0000000000
53011  42.259  -38.494  73.763 0.0000000000
53069  43.545  -39.053  72.156 0.0000000000
54186  43.173  -37.981  73.506 0.0000000000
55255  42.410  -36.425  74.671 0.0000000000
55256  42.061  -36.442  74.750 0.0000000000
55280  43.528  -37.048  73.766 0.0000000000
55291  43.648  -37.070  73.309 0.0000000000
55292  43.562  -37.432  73.199 0.0000000000
56323  42.683  -35.929  74.722 0.0000000000
56332  41.329  -36.402  74.225 0.0000000000
56333  41.212  -36.846  73.868 0.0000000000
56340  43.551  -36.248  73.898 0.0000000000
56348  43.612  -36.791  73.228 0.0000000000
57391  42.884  -35.289  74.764 0.0000000000
57392  41.077  -35.641  74.040 0.0000000000
57398  43.543  -35.824  73.776 0.0000000000
57400  40.975  -36.024  73.857 0.0000000000
58596  42.248  -34.329  75.199 0.0000000000
58605  40.869  -35.135  73.979 0.0000000000
58618  43.503  -35.332  73.457 0.0000000000
58700  49.750  -33.731  65.339 0.0000000000
58720  50.737  -33.613  64.444 0.0000000000
59921  42.696  -33.612  74.696 0.0000000000
59923  41.283  -33.584  74.007 0.0000000000
59930  40.994  -33.987  73.655 0.0000000000
59947  42.508  -33.395  72.355 0.0000000000
59959  42.371  -33.648  71.898 0.0000000000
59969  47.883  -32.413  69.258 0.0000000000
59979  47.694  -32.658  68.929 0.0000000000
60021  49.706  -32.954  66.014 0.0000000000
61227  41.043  -32.669  73.790 0.0000000000
61300  48.437  -32.644  68.364 0.0000000000
61312  49.207  -32.755  67.111 0.0000000000
61342  50.505  -32.670  64.852 0.0000000000
61349  53.106  -32.059  62.530 0.0000000000
62501  40.981  -32.243  74.080 0.0000000000
62517  42.777  -31.968  73.386 0.0000000000
62565  48.780  -31.332  68.034 0.0000000000
62574  49.092  -31.374  67.559 0.0000000000
62584  49.144  -32.032  67.283 0.0000000000
62599  50.595  -31.873  65.064 0.0000000000
62638  54.080  -31.031  61.813 0.0000000000
63604  43.248  -30.948  74.441 0.0000000000
63605  42.760  -31.027  74.599 0.0000000000
63607  41.798  -31.542  74.714 0.0000000000
63620  43.455  -30.575  74.157 0.0000000000
63645  45.523  -30.032  72.977 0.0000000000
63646  44.904  -30.314  73.185 0.0000000000
63670  46.582  -30.497  71.452 0.0000000000
63690  48.724  -30.963  68.294 0.0000000000
63692  48.529  -30.413  68.766 0.0000000000
63702  48.722  -30.406  68.126 0.0000000000
63730  45.909  -30.558  64.964 0.0000000000
63731  45.594  -30.486  64.928 0.0000000000
63770  47.656  -30.221  63.366 0.0000000000
63771  47.247  -30.551  63.029 0.0000000000
63782  47.176  -30.535  62.448 0.0000000000
64740  43.277  -30.497  74.285 0.0000000000
64752  44.914  -29.606  73.512 0.0000000000
64756  42.225  -30.133  74.364 0.0000000000
64767  45.777  -29.376  73.716 0.0000000000
64769  44.278  -30.131  73.526 0.0000000000
64808  46.954  -29.690  71.517 0.0000000000
64835  48.471  -30.227  68.854 0.0000000000
64852  48.530  -30.183  68.583 0.0000000000
64915  48.685  -29.509  65.369 0.0000000000
64946  45.034  -30.377  64.806 0.0000000000
64967  48.357  -29.518  64.109 0.0000000000
64992  47.933  -30.115  63.027 0.0000000000
65969  45.231  -29.375  73.476 0.0000000000
65972  43.524  -29.484  73.852 0.0000000000
65981  45.554  -29.333  73.632 0.0000000000
65982  44.821  -29.070  73.462 0.0000000000
65999  43.034  -28.936  73.389 0.0000000000
66008  46.970  -29.405  71.679 0.0000000000
66011  45.565  -28.873  72.624 0.0000000000
66012  44.475  -28.543  72.589 0.0000000000
66015  41.925  -29.392  72.653 0.0000000000
66031  44.777  -28.446  71.506 0.0000000000
66106  50.106  -29.523  64.934 0.0000000000
66190  54.573  -28.933  61.457 0.0000000000
67149  45.016  -28.594  72.644 0.0000000000
67164  45.439  -28.620  72.285 0.0000000000
67165  44.950  -28.431  72.314 0.0000000000
67184  45.603  -28.581  71.664 0.0000000000
67185  45.021  -28.379  71.827 0.0000000000
67195  45.252  -28.536  71.371 0.0000000000
68520  55.052  -27.260  60.873 0.0000000000
68608  56.473  -25.439  57.660 0.0000000000
69860  56.566  -25.086  57.580 0.0000000000
70956  55.610  -24.483  59.922 0.0000000000
70980  52.366  -24.793  58.349 0.0000000000
72108  56.379  -23.804  59.004 0.0000000000
73333  56.373  -22.409  57.466 0.0000000000
78017  53.645  -18.716  59.067 0.0000000000
79147  55.443  -17.832  56.527 0.0000000000
