#!ascii label  , from subject 3083 vox2ras=TkReg
540
85569  21.371  -12.308  1.636 0.0000000000
95479  27.557  -3.245  -1.391 0.0000000000
102913  22.776  3.792  2.686 0.0000000000
99723  18.289  0.741  0.612 0.0000000000
80870  22.722  -16.773  3.617 0.0000000000
85557  25.520  -12.212  1.786 0.0000000000
88972  23.577  -8.816  -1.354 0.0000000000
94400  21.513  -4.405  -1.124 0.0000000000
97530  24.988  -1.033  1.515 0.0000000000
102952  26.918  3.890  -1.313 0.0000000000
108294  22.939  8.323  1.760 0.0000000000
83187  22.264  -14.765  2.151 0.0000000000
83185  24.321  -14.451  2.681 0.0000000000
84409  23.195  -13.016  0.521 0.0000000000
92241  20.071  -6.469  0.424 0.0000000000
94365  18.794  -4.278  1.226 0.0000000000
101903  20.087  2.622  0.671 0.0000000000
99722  20.686  0.211  -0.363 0.0000000000
99686  23.658  1.112  2.597 0.0000000000
99717  27.133  1.377  0.854 0.0000000000
102922  27.259  3.308  2.234 0.0000000000
109226  20.498  9.251  4.072 0.0000000000
108284  19.787  8.599  2.725 0.0000000000
110160  22.346  10.622  1.096 0.0000000000
92273  25.319  -6.723  -2.034 0.0000000000
91153  26.659  -7.684  -0.066 0.0000000000
94359  28.656  -4.345  0.281 0.0000000000
104008  19.036  4.472  0.688 0.0000000000
98655  28.491  -0.566  -1.761 0.0000000000
88915  20.362  -9.767  1.700 0.0000000000
87822  22.033  -10.660  0.492 0.0000000000
90047  20.918  -8.524  0.396 0.0000000000
92276  22.714  -6.533  -1.226 0.0000000000
94378  24.355  -4.749  -0.295 0.0000000000
97561  19.708  -1.954  -1.030 0.0000000000
96538  22.437  -2.730  0.217 0.0000000000
96519  26.085  -2.635  0.313 0.0000000000
98672  26.951  0.162  -2.218 0.0000000000
106148  19.495  6.940  1.901 0.0000000000
106146  23.325  6.316  2.262 0.0000000000
111169  25.279  11.300  0.551 0.0000000000
108291  25.889  8.807  1.594 0.0000000000
106142  27.169  6.319  2.491 0.0000000000
106171  28.501  6.448  -0.874 0.0000000000
87834  24.736  -10.562  -0.345 0.0000000000
86648  20.170  -11.992  3.026 0.0000000000
85543  20.369  -12.880  3.263 0.0000000000
84397  21.901  -13.474  1.854 0.0000000000
83202  22.948  -13.918  1.488 0.0000000000
85568  22.142  -12.713  1.117 0.0000000000
101887  21.495  2.746  1.701 0.0000000000
100807  22.279  1.731  2.196 0.0000000000
100785  22.698  2.336  2.533 0.0000000000
101866  25.156  2.316  2.861 0.0000000000
102911  24.645  3.425  3.282 0.0000000000
109229  21.961  10.324  2.523 0.0000000000
109230  21.476  9.768  2.501 0.0000000000
111158  22.507  11.795  1.339 0.0000000000
94397  26.536  -4.651  -1.691 0.0000000000
93286  27.365  -5.425  -1.251 0.0000000000
94395  27.798  -3.778  -1.249 0.0000000000
102927  18.138  3.410  1.154 0.0000000000
103997  18.039  4.581  1.516 0.0000000000
80871  21.696  -16.700  3.371 0.0000000000
79792  21.938  -17.408  3.669 0.0000000000
79777  23.400  -17.317  4.667 0.0000000000
80869  23.630  -16.142  3.724 0.0000000000
84378  24.636  -13.555  2.214 0.0000000000
83169  25.402  -14.391  3.445 0.0000000000
90037  20.494  -8.975  1.150 0.0000000000
90038  20.012  -8.484  1.420 0.0000000000
93313  20.672  -5.413  -0.758 0.0000000000
92256  21.141  -6.535  -0.672 0.0000000000
93311  22.232  -5.411  -1.224 0.0000000000
93310  23.218  -5.861  -1.210 0.0000000000
93290  22.376  -4.835  -1.028 0.0000000000
97531  18.236  -2.070  1.151 0.0000000000
98643  18.871  -0.624  -0.159 0.0000000000
98624  23.018  -1.073  1.407 0.0000000000
97545  21.885  -1.508  0.240 0.0000000000
97543  23.466  -1.806  1.121 0.0000000000
96520  25.117  -2.632  0.846 0.0000000000
97541  25.699  -1.500  1.002 0.0000000000
97540  26.470  -1.633  -0.021 0.0000000000
98621  26.558  -0.516  0.795 0.0000000000
101916  26.971  2.541  -0.735 0.0000000000
100853  26.864  1.548  -0.977 0.0000000000
108296  20.980  8.333  1.623 0.0000000000
107290  19.885  7.674  2.260 0.0000000000
107302  21.278  7.420  1.625 0.0000000000
106154  21.666  6.416  1.758 0.0000000000
107300  23.018  7.494  1.801 0.0000000000
107296  27.319  7.891  1.947 0.0000000000
107295  28.266  7.408  1.575 0.0000000000
106152  28.606  6.403  0.993 0.0000000000
88957  23.147  -9.666  -1.010 0.0000000000
87835  23.829  -10.676  -0.638 0.0000000000
88956  24.308  -9.830  -0.995 0.0000000000
91152  27.238  -7.308  0.559 0.0000000000
90045  26.626  -8.336  0.579 0.0000000000
82060  21.076  -14.925  2.899 0.0000000000
82058  22.714  -15.543  2.423 0.0000000000
82057  23.578  -15.317  2.805 0.0000000000
83186  23.217  -14.498  1.981 0.0000000000
84379  23.957  -13.833  1.898 0.0000000000
85566  24.875  -12.377  1.225 0.0000000000
92225  18.938  -6.264  1.594 0.0000000000
93275  19.106  -5.308  0.897 0.0000000000
95465  19.724  -3.757  -0.513 0.0000000000
100843  18.744  1.257  -0.073 0.0000000000
99736  19.307  0.284  -0.374 0.0000000000
100826  20.386  1.449  0.255 0.0000000000
99705  21.949  0.637  1.424 0.0000000000
99703  24.436  0.516  2.448 0.0000000000
99719  26.213  -0.068  1.783 0.0000000000
100804  25.981  1.228  2.473 0.0000000000
101902  27.402  2.214  1.602 0.0000000000
102935  27.816  3.661  0.507 0.0000000000
107271  19.479  8.651  4.490 0.0000000000
109231  20.353  9.502  3.067 0.0000000000
109246  21.576  9.202  1.844 0.0000000000
109245  22.270  9.349  1.577 0.0000000000
91189  24.553  -7.600  -2.155 0.0000000000
90075  25.627  -8.442  -1.565 0.0000000000
92255  26.459  -6.783  -1.597 0.0000000000
92240  27.413  -6.434  -0.115 0.0000000000
100811  17.651  1.384  1.798 0.0000000000
101889  18.098  2.420  1.052 0.0000000000
102937  19.522  3.507  0.587 0.0000000000
103994  21.107  4.522  1.595 0.0000000000
82037  24.672  -15.338  3.781 0.0000000000
96553  28.126  -2.355  -1.388 0.0000000000
96552  28.788  -2.351  -0.627 0.0000000000
86660  20.483  -11.436  2.335 0.0000000000
86671  21.543  -11.316  1.035 0.0000000000
87808  21.152  -10.536  1.099 0.0000000000
90046  21.748  -9.074  0.082 0.0000000000
90061  22.074  -8.461  -0.622 0.0000000000
91154  20.449  -7.375  0.345 0.0000000000
91170  21.613  -7.354  -0.631 0.0000000000
91191  23.023  -7.424  -1.237 0.0000000000
92274  24.426  -6.824  -1.701 0.0000000000
93308  25.053  -5.965  -1.746 0.0000000000
94376  26.024  -4.406  -1.101 0.0000000000
96525  19.132  -2.655  0.038 0.0000000000
96557  20.158  -2.732  -1.250 0.0000000000
98641  20.650  -0.455  -1.120 0.0000000000
97577  20.909  -1.769  -1.376 0.0000000000
95463  21.853  -3.204  -0.746 0.0000000000
94362  23.063  -3.896  0.102 0.0000000000
95441  25.492  -3.594  0.164 0.0000000000
96537  26.858  -2.749  -1.351 0.0000000000
97575  27.309  -1.290  -1.679 0.0000000000
98670  28.071  0.149  -2.225 0.0000000000
99747  26.861  0.527  -1.289 0.0000000000
106156  19.316  5.982  1.282 0.0000000000
105070  21.289  5.454  1.708 0.0000000000
103982  22.523  4.664  2.317 0.0000000000
110174  23.308  10.976  0.630 0.0000000000
109243  24.383  9.698  1.132 0.0000000000
110157  25.730  10.317  1.154 0.0000000000
108292  24.980  8.878  1.648 0.0000000000
107287  24.583  7.560  2.192 0.0000000000
106144  25.206  6.516  2.822 0.0000000000
105059  25.753  5.493  3.000 0.0000000000
105068  27.422  4.866  2.424 0.0000000000
104005  28.210  4.602  0.804 0.0000000000
105093  27.812  5.056  -0.950 0.0000000000
85580  22.959  -12.250  0.213 0.0000000000
86682  24.464  -11.465  0.174 0.0000000000
86669  25.376  -11.485  0.994 0.0000000000
88954  25.869  -9.509  -0.379 0.0000000000
87817  26.116  -10.022  0.716 0.0000000000
85559  20.711  -12.481  2.438 0.0000000000
85558  21.332  -13.064  2.309 0.0000000000
101886  22.227  3.012  2.413 0.0000000000
101868  23.078  2.849  2.758 0.0000000000
102912  23.646  3.618  3.002 0.0000000000
110145  22.104  10.679  1.934 0.0000000000
94396  27.348  -4.378  -1.596 0.0000000000
80890  22.382  -16.273  2.859 0.0000000000
79791  22.189  -17.240  3.612 0.0000000000
80854  22.959  -17.059  4.265 0.0000000000
80853  23.505  -16.727  4.292 0.0000000000
84393  25.045  -12.993  1.747 0.0000000000
84377  25.538  -13.262  2.571 0.0000000000
85556  26.229  -12.268  2.563 0.0000000000
94401  20.618  -4.711  -0.927 0.0000000000
93312  21.256  -5.537  -1.012 0.0000000000
97547  18.008  -1.024  0.942 0.0000000000
98628  18.305  -0.349  0.678 0.0000000000
98608  23.964  -0.559  1.718 0.0000000000
97542  24.446  -1.670  1.320 0.0000000000
97529  25.466  -0.898  1.428 0.0000000000
102947  26.819  3.181  -1.232 0.0000000000
108295  21.856  8.335  1.535 0.0000000000
107303  20.511  7.543  1.838 0.0000000000
107301  22.317  7.321  1.641 0.0000000000
108282  23.300  7.735  1.905 0.0000000000
108301  28.645  8.432  0.811 0.0000000000
108305  29.046  8.092  0.008 0.0000000000
88971  24.113  -8.994  -1.389 0.0000000000
91151  27.795  -6.974  1.171 0.0000000000
91139  27.592  -7.571  1.339 0.0000000000
83188  21.521  -14.346  2.440 0.0000000000
82059  21.668  -15.641  2.698 0.0000000000
84396  22.651  -13.440  1.122 0.0000000000
84395  23.436  -13.555  1.261 0.0000000000
84394  24.354  -13.196  1.293 0.0000000000
84408  23.845  -13.012  0.673 0.0000000000
93276  18.654  -4.936  1.650 0.0000000000
94364  19.248  -4.259  0.649 0.0000000000
94383  19.558  -4.627  0.038 0.0000000000
101917  19.433  1.820  -0.142 0.0000000000
100842  19.634  1.230  -0.304 0.0000000000
100806  22.980  1.354  2.378 0.0000000000
99706  21.410  0.973  0.964 0.0000000000
99704  23.118  0.674  2.194 0.0000000000
99702  25.617  0.471  2.343 0.0000000000
100805  25.198  1.266  2.648 0.0000000000
102923  26.443  3.105  2.646 0.0000000000
101883  27.064  2.298  2.212 0.0000000000
101882  27.422  2.767  1.766 0.0000000000
102921  27.549  3.466  1.484 0.0000000000
109225  21.231  9.674  3.567 0.0000000000
109221  20.655  9.050  4.638 0.0000000000
108277  19.697  8.871  3.804 0.0000000000
110146  21.764  10.029  1.690 0.0000000000
110161  21.894  9.817  1.515 0.0000000000
91188  25.450  -7.552  -2.003 0.0000000000
92272  26.196  -6.572  -2.152 0.0000000000
93285  27.674  -4.929  -0.779 0.0000000000
93273  27.412  -5.908  -0.583 0.0000000000
100786  17.502  1.392  2.779 0.0000000000
100810  17.936  1.798  1.231 0.0000000000
101890  17.752  2.308  1.676 0.0000000000
104009  18.530  4.175  0.947 0.0000000000
102938  18.825  3.472  0.417 0.0000000000
104007  19.727  4.386  0.885 0.0000000000
102936  20.241  3.564  0.936 0.0000000000
103995  20.405  4.413  1.235 0.0000000000
82038  23.946  -15.563  3.449 0.0000000000
82056  24.258  -15.138  3.151 0.0000000000
83152  25.679  -14.823  4.143 0.0000000000
97574  27.972  -1.455  -1.741 0.0000000000
87783  19.611  -10.602  2.958 0.0000000000
87795  20.498  -10.449  1.793 0.0000000000
88942  21.484  -9.785  0.546 0.0000000000
92242  19.391  -6.458  0.964 0.0000000000
91155  19.862  -7.366  0.935 0.0000000000
92277  21.867  -6.450  -1.103 0.0000000000
91192  22.343  -7.347  -0.921 0.0000000000
92275  23.557  -6.742  -1.399 0.0000000000
93288  23.812  -5.329  -0.787 0.0000000000
93309  24.165  -6.044  -1.314 0.0000000000
93287  24.809  -5.451  -0.859 0.0000000000
94398  25.663  -5.182  -1.364 0.0000000000
94377  25.311  -4.535  -0.526 0.0000000000
97562  19.140  -1.640  -0.445 0.0000000000
96510  18.594  -2.615  0.945 0.0000000000
96541  19.374  -2.273  -0.570 0.0000000000
96540  19.645  -2.851  -0.694 0.0000000000
99735  20.050  0.286  -0.753 0.0000000000
98627  21.090  -0.330  -0.806 0.0000000000
96523  22.322  -2.167  0.382 0.0000000000
97560  21.518  -1.522  -0.571 0.0000000000
96539  21.871  -2.414  -0.190 0.0000000000
96555  21.474  -2.302  -1.088 0.0000000000
95462  22.311  -3.245  -0.182 0.0000000000
94363  22.572  -3.684  -0.017 0.0000000000
95444  22.782  -3.263  0.286 0.0000000000
95442  24.494  -3.443  0.555 0.0000000000
95461  25.905  -3.906  -0.621 0.0000000000
95440  26.208  -3.332  -0.333 0.0000000000
96518  26.561  -2.639  -0.632 0.0000000000
98657  26.992  -0.355  -1.691 0.0000000000
98671  27.320  0.093  -2.222 0.0000000000
99718  26.769  0.706  1.385 0.0000000000
99734  26.945  0.751  0.056 0.0000000000
108285  19.322  8.327  3.399 0.0000000000
107291  19.000  7.535  2.825 0.0000000000
107292  18.277  6.920  2.875 0.0000000000
106149  18.459  6.404  2.016 0.0000000000
106157  18.734  5.808  1.419 0.0000000000
106153  22.551  6.335  1.948 0.0000000000
105069  22.186  5.484  1.865 0.0000000000
105062  22.905  5.497  2.375 0.0000000000
111170  23.896  11.739  -0.020 0.0000000000
109258  23.762  10.199  0.865 0.0000000000
110173  24.403  10.564  0.651 0.0000000000
110155  27.358  10.149  1.157 0.0000000000
110156  26.739  10.471  1.142 0.0000000000
109241  26.319  9.618  1.444 0.0000000000
109242  25.395  9.571  1.322 0.0000000000
107299  24.756  8.290  1.861 0.0000000000
107298  25.387  8.126  1.888 0.0000000000
107285  26.763  7.190  2.364 0.0000000000
107286  25.750  7.315  2.349 0.0000000000
106143  26.225  6.363  2.597 0.0000000000
105060  24.731  5.543  3.181 0.0000000000
103978  26.219  4.671  3.022 0.0000000000
105057  27.595  5.604  2.379 0.0000000000
106161  28.703  6.384  -0.020 0.0000000000
105066  28.373  5.457  1.451 0.0000000000
105092  28.294  5.488  -0.608 0.0000000000
104017  28.188  4.757  0.018 0.0000000000
105100  28.226  5.944  -1.146 0.0000000000
86685  22.079  -11.528  0.665 0.0000000000
86684  22.656  -11.418  0.273 0.0000000000
86699  24.277  -11.058  -0.393 0.0000000000
86700  24.026  -11.248  -0.393 0.0000000000
86670  24.762  -11.953  0.761 0.0000000000
86681  25.065  -11.083  0.423 0.0000000000
90074  26.203  -8.171  -1.187 0.0000000000
88969  25.527  -9.149  -1.057 0.0000000000
90058  26.345  -8.448  -0.407 0.0000000000
88938  26.329  -9.330  0.996 0.0000000000
87805  26.170  -10.404  1.279 0.0000000000
84380  21.419  -13.634  2.367 0.0000000000
83204  22.047  -14.185  2.033 0.0000000000
83203  22.507  -14.075  1.736 0.0000000000
84410  22.621  -12.791  0.596 0.0000000000
101888  20.712  2.714  1.156 0.0000000000
100809  20.591  2.120  0.803 0.0000000000
100784  23.251  1.814  2.661 0.0000000000
100783  24.258  1.566  2.804 0.0000000000
101867  23.894  2.572  3.084 0.0000000000
102910  25.608  3.298  3.029 0.0000000000
103992  26.157  3.918  3.065 0.0000000000
109224  22.006  10.142  3.195 0.0000000000
93307  25.937  -5.721  -2.165 0.0000000000
93306  26.734  -5.469  -2.004 0.0000000000
94375  27.602  -4.741  -1.167 0.0000000000
94374  28.039  -4.263  -0.737 0.0000000000
102914  17.901  3.924  1.841 0.0000000000
103996  18.542  4.841  1.061 0.0000000000
80872  21.205  -16.499  3.812 0.0000000000
80856  20.885  -16.728  4.374 0.0000000000
80855  21.298  -16.879  3.867 0.0000000000
79779  21.495  -17.461  4.062 0.0000000000
79776  23.978  -17.000  4.698 0.0000000000
83170  24.660  -14.840  3.255 0.0000000000
83184  24.924  -13.871  2.787 0.0000000000
88916  19.949  -9.697  2.239 0.0000000000
88929  20.300  -9.305  1.548 0.0000000000
93292  20.154  -5.480  -0.241 0.0000000000
92257  20.550  -6.543  -0.215 0.0000000000
93291  20.722  -5.912  -0.637 0.0000000000
93289  22.864  -5.061  -0.850 0.0000000000
94379  23.377  -4.587  -0.319 0.0000000000
97546  18.458  -1.567  0.542 0.0000000000
98625  22.093  -0.567  0.840 0.0000000000
98626  21.365  -0.605  -0.134 0.0000000000
97544  22.623  -1.603  0.774 0.0000000000
96522  22.991  -2.525  0.681 0.0000000000
96521  24.011  -2.593  0.916 0.0000000000
97559  26.777  -1.663  -1.208 0.0000000000
98639  26.714  -0.522  -0.594 0.0000000000
100839  27.326  1.959  0.539 0.0000000000
101922  26.589  2.398  -1.592 0.0000000000
108297  20.347  8.260  2.071 0.0000000000
106147  20.135  7.095  2.077 0.0000000000
106155  20.455  6.430  1.639 0.0000000000
107289  22.974  6.914  1.835 0.0000000000
109240  27.260  9.638  1.429 0.0000000000
108290  26.857  8.842  1.795 0.0000000000
108289  27.864  8.797  1.522 0.0000000000
107284  27.662  7.021  2.232 0.0000000000
106141  27.873  6.315  2.227 0.0000000000
107305  28.712  7.338  0.501 0.0000000000
88940  22.806  -9.942  -0.514 0.0000000000
87821  22.905  -10.492  -0.277 0.0000000000
87836  23.315  -10.411  -0.611 0.0000000000
90036  26.842  -8.665  1.346 0.0000000000
82040  20.889  -15.638  3.677 0.0000000000
82039  21.406  -16.039  3.184 0.0000000000
80889  23.121  -16.079  2.983 0.0000000000
93274  19.619  -5.822  0.417 0.0000000000
93293  19.615  -5.306  0.276 0.0000000000
94382  20.028  -4.516  -0.550 0.0000000000
95464  20.224  -3.982  -0.868 0.0000000000
99737  18.697  0.277  0.097 0.0000000000
100841  20.184  0.799  -0.336 0.0000000000
99721  21.303  0.391  0.627 0.0000000000
100808  21.168  1.657  1.230 0.0000000000
99720  21.821  0.078  1.077 0.0000000000
98609  22.699  -0.167  1.497 0.0000000000
98607  25.256  -0.401  1.902 0.0000000000
98622  25.889  -0.703  1.400 0.0000000000
99701  26.354  0.672  2.147 0.0000000000
100824  27.132  1.617  1.602 0.0000000000
101885  25.642  1.704  2.646 0.0000000000
100803  26.650  1.390  2.141 0.0000000000
100823  27.394  1.924  1.134 0.0000000000
101915  27.355  2.704  0.088 0.0000000000
102946  27.424  3.644  -0.589 0.0000000000
108283  20.744  8.955  2.293 0.0000000000
109244  23.255  9.627  1.352 0.0000000000
90077  23.891  -8.350  -1.925 0.0000000000
90076  24.765  -8.401  -1.909 0.0000000000
91187  26.136  -7.522  -1.701 0.0000000000
91169  26.419  -7.395  -0.866 0.0000000000
92271  26.733  -6.110  -1.732 0.0000000000
92254  26.834  -6.365  -0.892 0.0000000000
91168  26.883  -7.023  -0.264 0.0000000000
100829  17.904  1.192  1.071 0.0000000000
100828  18.261  1.652  0.652 0.0000000000
101905  18.603  2.405  0.286 0.0000000000
101904  19.448  2.418  0.068 0.0000000000
102928  17.839  2.852  1.492 0.0000000000
102926  20.965  3.631  1.354 0.0000000000
102924  22.145  3.981  2.317 0.0000000000
80868  24.163  -15.800  3.918 0.0000000000
85570  20.772  -11.930  1.926 0.0000000000
86672  20.909  -11.352  1.594 0.0000000000
87807  21.524  -10.750  0.817 0.0000000000
87823  21.512  -10.443  0.720 0.0000000000
88928  20.691  -9.640  1.140 0.0000000000
88941  22.374  -9.641  -0.218 0.0000000000
88958  22.561  -9.186  -0.732 0.0000000000
90078  23.101  -8.396  -1.242 0.0000000000
90048  20.270  -7.957  0.746 0.0000000000
91171  20.894  -7.430  -0.305 0.0000000000
90062  21.315  -7.969  -0.355 0.0000000000
90079  22.654  -7.903  -0.960 0.0000000000
91190  23.659  -7.577  -1.902 0.0000000000
95480  27.000  -3.470  -1.690 0.0000000000
95425  18.369  -3.450  1.383 0.0000000000
95446  19.081  -3.444  0.834 0.0000000000
95445  19.352  -3.666  0.098 0.0000000000
95483  20.059  -3.383  -0.987 0.0000000000
95482  20.664  -3.589  -1.230 0.0000000000
98642  19.702  -0.796  -1.008 0.0000000000
98660  19.982  -1.468  -1.294 0.0000000000
98640  21.253  -0.843  -0.989 0.0000000000
98658  20.930  -1.130  -1.268 0.0000000000
97578  20.307  -1.954  -1.360 0.0000000000
96556  20.827  -2.604  -1.408 0.0000000000
95481  21.385  -3.305  -1.244 0.0000000000
94381  21.731  -3.780  -0.926 0.0000000000
94380  22.312  -4.193  -0.540 0.0000000000
95443  23.528  -3.340  0.548 0.0000000000
94361  23.931  -4.112  0.252 0.0000000000
94360  24.769  -4.194  0.183 0.0000000000
95460  26.469  -3.597  -1.169 0.0000000000
96554  27.333  -2.326  -1.583 0.0000000000
98656  27.673  -0.573  -1.882 0.0000000000
99758  26.707  0.533  -2.308 0.0000000000
105073  18.382  5.437  1.499 0.0000000000
105083  19.351  5.145  1.024 0.0000000000
106162  19.927  5.675  1.313 0.0000000000
105082  19.834  5.040  1.326 0.0000000000
103993  21.876  4.625  1.823 0.0000000000
103981  23.279  4.601  2.787 0.0000000000
111172  22.514  11.996  0.555 0.0000000000
110175  22.768  11.420  0.674 0.0000000000
111171  22.971  11.794  0.184 0.0000000000
110159  23.122  10.369  0.954 0.0000000000
111157  25.551  10.774  0.872 0.0000000000
110158  25.037  10.100  0.907 0.0000000000
108293  24.072  8.629  1.758 0.0000000000
108281  23.670  7.920  2.055 0.0000000000
107288  23.588  7.186  2.047 0.0000000000
106145  24.218  6.425  2.516 0.0000000000
107297  26.330  8.032  1.995 0.0000000000
105061  23.785  5.478  2.715 0.0000000000
103980  24.214  4.524  3.204 0.0000000000
103979  25.353  4.412  3.285 0.0000000000
103991  26.901  4.188  2.677 0.0000000000
105056  28.119  5.754  2.066 0.0000000000
105067  28.034  5.048  2.139 0.0000000000
103990  27.624  4.221  2.040 0.0000000000
102934  28.151  4.249  0.257 0.0000000000
104018  27.847  4.615  -0.566 0.0000000000
104024  27.340  4.627  -1.142 0.0000000000
106193  27.923  6.459  -1.931 0.0000000000
105109  27.544  5.828  -1.924 0.0000000000
105110  27.029  5.396  -2.140 0.0000000000
104032  26.368  4.419  -2.496 0.0000000000
85582  21.917  -12.008  1.028 0.0000000000
85581  22.366  -12.155  0.595 0.0000000000
86683  23.480  -11.381  -0.183 0.0000000000
85579  23.714  -12.296  0.294 0.0000000000
85567  24.353  -12.430  0.686 0.0000000000
86659  25.665  -11.715  1.504 0.0000000000
88970  24.929  -9.132  -1.362 0.0000000000
88955  25.119  -9.727  -0.765 0.0000000000
87833  25.344  -10.113  -0.320 0.0000000000
88953  26.289  -9.085  0.228 0.0000000000
88939  26.078  -9.713  0.372 0.0000000000
87818  25.506  -10.456  0.405 0.0000000000
87806  25.675  -10.828  1.015 0.0000000000
86668  25.811  -11.035  1.269 0.0000000000
86658  26.075  -11.413  1.747 0.0000000000
95478  28.184  -3.217  -0.917 0.0000000000
95459  28.951  -3.377  -0.012 0.0000000000
80888  23.533  -15.766  3.240 0.0000000000
87796  20.143  -10.664  2.499 0.0000000000
87819  24.928  -10.892  0.163 0.0000000000
87820  23.374  -10.766  -0.463 0.0000000000
90044  27.190  -8.063  1.096 0.0000000000
90059  25.999  -8.801  -0.990 0.0000000000
90060  22.701  -8.948  -0.943 0.0000000000
93272  27.939  -5.394  0.048 0.0000000000
94399  22.107  -4.703  -1.101 0.0000000000
96524  19.480  -3.225  -0.272 0.0000000000
97576  21.274  -1.485  -1.129 0.0000000000
98610  22.138  -0.012  1.213 0.0000000000
98623  23.723  -1.286  1.415 0.0000000000
98659  20.402  -1.242  -1.309 0.0000000000
99687  23.258  1.219  2.476 0.0000000000
99733  27.088  1.464  0.334 0.0000000000
99757  26.898  0.340  -2.667 0.0000000000
100825  21.107  1.143  0.716 0.0000000000
100827  19.705  1.741  -0.061 0.0000000000
100840  27.064  1.817  -0.120 0.0000000000
101865  25.846  2.693  2.768 0.0000000000
101884  26.168  2.074  2.597 0.0000000000
101901  27.502  2.659  1.018 0.0000000000
101918  19.114  1.892  -0.244 0.0000000000
102925  21.617  3.754  1.891 0.0000000000
102945  28.079  4.100  -0.162 0.0000000000
103989  28.094  4.659  1.592 0.0000000000
104006  27.834  4.128  1.287 0.0000000000
104025  26.788  4.502  -1.724 0.0000000000
105058  26.766  5.353  2.675 0.0000000000
105071  20.472  5.249  1.552 0.0000000000
105072  18.866  5.331  1.055 0.0000000000
105081  28.487  5.489  0.435 0.0000000000
105101  27.743  5.521  -1.457 0.0000000000
105102  27.157  5.046  -1.568 0.0000000000
106140  28.280  6.363  1.771 0.0000000000
106163  19.572  5.486  1.215 0.0000000000
106181  28.181  6.378  -1.560 0.0000000000
106182  27.778  6.111  -1.805 0.0000000000
106194  27.540  6.312  -2.224 0.0000000000
107283  28.096  6.791  2.026 0.0000000000
107308  28.737  7.295  -0.452 0.0000000000
109257  24.180  10.132  0.845 0.0000000000
110172  25.209  10.582  0.779 0.0000000000
