#!ascii label  , from subject 3083 vox2ras=TkReg
1699
22127  41.795  -65.501  6.118 0.2000000030
23420  41.932  -64.537  5.529 0.2000000030
22128  40.547  -65.719  6.704 0.2000000030
24662  42.952  -63.187  4.272 0.1000000015
20848  41.666  -66.723  6.578 0.3000000119
22151  42.567  -65.276  5.747 0.2000000030
24640  42.454  -63.773  5.039 0.1000000015
23393  41.338  -64.705  5.802 0.2000000030
23419  43.000  -64.625  5.478 0.1000000015
24661  44.163  -63.510  4.600 0.1000000015
25834  45.048  -62.791  3.971 0.1000000015
25835  44.201  -62.617  3.893 0.1000000015
25855  46.929  -62.138  3.261 0.1000000015
25857  44.610  -62.389  3.072 0.1000000015
25856  45.704  -62.468  3.036 0.1000000015
26994  47.935  -61.128  2.516 0.2000000030
26995  47.100  -61.616  2.174 0.1000000015
23445  45.647  -64.277  5.137 0.1000000015
24659  46.408  -63.769  4.779 0.1000000015
23418  44.044  -64.610  5.167 0.2000000030
24660  45.377  -63.598  4.586 0.1000000015
24638  43.887  -64.055  4.910 0.1000000015
25833  46.094  -62.877  4.068 0.1000000015
26976  47.985  -61.627  3.357 0.1000000015
28199  48.894  -60.183  2.666 0.2000000030
30822  49.914  -58.161  2.066 0.1000000015
28200  48.032  -60.510  1.825 0.2000000030
32088  49.769  -57.280  1.655 0.2000000030
33392  49.031  -56.924  0.949 0.1000000015
33384  48.082  -57.047  1.617 0.1000000015
25832  47.127  -62.893  4.399 0.1000000015
25831  48.065  -62.846  4.827 0.1000000015
32087  50.207  -57.246  2.200 0.2000000030
33368  49.848  -56.245  2.424 0.2000000030
34621  49.199  -55.805  3.084 0.2000000030
33382  49.399  -56.695  1.629 0.2000000030
33353  48.057  -56.102  3.112 0.1000000015
33370  47.793  -56.696  2.316 0.2000000030
25853  48.671  -62.270  4.618 0.1000000015
25854  48.012  -62.272  4.064 0.1000000015
28177  49.084  -60.749  3.557 0.2000000030
29521  50.197  -59.028  3.798 0.2000000030
29538  50.219  -58.751  3.176 0.3000000119
34609  47.527  -55.609  3.687 0.3000000119
33354  47.256  -56.179  3.271 0.2000000030
33371  46.559  -56.775  3.025 0.2000000030
30824  45.825  -58.328  2.136 0.2000000030
30804  50.376  -58.236  3.483 0.3000000119
28198  49.622  -59.720  3.145 0.2000000030
34608  48.581  -55.650  3.558 0.3000000119
34592  47.655  -55.245  4.552 0.3000000119
35930  45.971  -54.944  4.978 0.3000000119
34593  46.623  -55.453  4.283 0.3000000119
33335  45.994  -56.049  4.192 0.2000000030
32075  45.671  -57.449  3.097 0.2000000030
32076  44.895  -57.784  3.389 0.2000000030
35911  47.158  -54.839  5.506 0.4000000060
34591  48.841  -55.518  4.622 0.3000000119
33351  50.289  -56.475  3.177 0.2000000030
34607  49.649  -55.803  3.633 0.2000000030
34594  45.539  -55.514  4.757 0.3000000119
33357  45.114  -56.708  4.057 0.2000000030
34595  44.876  -56.008  4.825 0.2000000030
32061  44.923  -57.247  3.796 0.2000000030
35895  46.667  -54.666  6.379 0.3000000119
34574  44.731  -55.453  5.327 0.2000000030
33317  43.481  -56.493  5.394 0.2000000030
34575  43.677  -55.607  5.765 0.2000000030
32023  43.099  -56.938  5.367 0.1000000015
33337  44.528  -56.710  4.561 0.2000000030
32046  42.833  -57.654  5.003 0.2000000030
32045  43.477  -57.246  4.887 0.2000000030
30807  44.419  -57.975  3.740 0.2000000030
35876  44.927  -54.242  7.670 0.3000000119
35897  44.516  -54.516  6.537 0.3000000119
35896  45.637  -54.528  6.505 0.3000000119
35877  43.735  -54.303  7.312 0.2000000030
37087  43.071  -54.170  7.883 0.2000000030
35913  45.246  -54.827  5.601 0.3000000119
35915  43.674  -55.136  6.067 0.1000000015
34558  42.828  -55.604  6.506 0.1000000015
33299  41.623  -56.715  6.484 0.1000000015
34576  43.039  -56.156  5.856 0.1000000015
34537  42.602  -55.235  7.040 0.1000000015
32024  42.526  -57.320  5.500 0.1000000015
37086  43.804  -54.007  8.196 0.2000000030
37049  43.007  -54.057  9.783 0.2000000030
37032  42.438  -53.704  10.623 0.1000000015
37068  42.865  -54.129  8.755 0.1000000015
37050  41.911  -53.797  9.539 0.1000000015
35857  42.373  -54.458  8.083 0.1000000015
35878  42.744  -54.743  7.327 0.1000000015
34559  41.957  -56.091  6.654 0.1000000015
33279  41.328  -56.395  7.056 0.1000000015
37085  44.431  -54.090  8.566 0.2000000030
37051  40.726  -53.491  9.610 0.1000000015
37069  41.961  -54.243  8.686 0.1000000015
35837  41.112  -54.200  8.948 0.1000000015
35879  42.120  -54.877  7.749 0.1000000015
35859  40.499  -54.920  8.625 0.1000000015
34519  40.915  -55.552  8.037 0.1000000015
34518  41.436  -55.316  7.896 0.1000000015
38220  40.683  -52.495  10.854 0.1000000015
35860  39.453  -54.847  8.767 0.1000000015
33261  40.181  -56.134  7.769 0.1000000015
37033  41.352  -53.066  10.550 0.1000000015
23446  44.856  -64.139  5.077 0.1000000015
30839  49.020  -58.526  0.991 0.1000000015
26740  40.215  -61.657  18.194 0.5000000000
27881  40.358  -60.489  19.012 0.5000000000
27895  39.503  -60.645  18.586 0.5000000000
26741  39.101  -61.242  17.867 0.5000000000
26742  38.549  -61.078  17.603 0.5000000000
30495  41.764  -59.171  20.175 0.2000000030
29191  42.144  -59.559  19.804 0.2000000030
30496  41.236  -59.028  19.972 0.3000000119
29192  40.863  -59.662  19.585 0.3000000119
27882  39.724  -60.210  18.971 0.5000000000
29213  39.421  -60.068  18.920 0.5000000000
29214  38.827  -59.787  18.786 0.5000000000
27896  38.402  -60.575  18.043 0.5000000000
26763  38.699  -61.412  17.229 0.5000000000
27915  38.112  -60.937  17.141 0.5000000000
26779  38.829  -61.795  16.749 0.5000000000
24482  39.776  -63.031  15.835 0.5000000000
30497  40.226  -58.840  19.766 0.3000000119
29193  39.653  -59.624  19.276 0.5000000000
29215  38.088  -59.856  18.302 0.5000000000
27897  37.861  -60.155  17.973 0.5000000000
27935  37.844  -61.099  16.638 0.5000000000
26802  38.053  -61.750  16.097 0.5000000000
23290  40.964  -65.113  13.780 0.4000000060
23291  40.398  -64.888  13.494 0.5000000000
24514  40.146  -64.275  14.302 0.5000000000
24500  39.099  -63.247  15.034 0.5000000000
25670  39.108  -62.724  15.662 0.5000000000
22039  40.620  -65.660  13.264 0.4000000060
30479  41.455  -59.025  20.536 0.3000000119
30480  40.689  -58.711  20.449 0.4000000060
29194  38.982  -59.323  19.247 0.5000000000
30498  38.908  -58.601  19.564 0.5000000000
30507  38.633  -59.214  19.146 0.5000000000
30508  37.944  -59.083  18.778 0.5000000000
30499  38.027  -58.309  19.178 0.5000000000
31794  37.465  -57.895  18.431 0.5000000000
30526  37.150  -58.825  17.854 0.5000000000
29240  37.454  -59.714  17.922 0.5000000000
27936  37.281  -60.634  16.411 0.5000000000
25671  38.311  -62.314  15.434 0.6000000238
24515  39.488  -63.932  13.956 0.5000000000
20749  41.062  -66.991  12.958 0.4000000060
20737  41.021  -66.348  13.268 0.4000000060
22040  40.112  -65.241  12.977 0.5000000000
26672  41.915  -61.201  23.756 0.1000000015
27827  39.492  -60.679  23.543 0.1000000015
27849  40.256  -60.271  22.575 0.1000000015
27850  39.591  -60.205  22.780 0.1000000015
29108  39.276  -60.123  22.876 0.1000000015
29128  39.450  -59.536  22.285 0.1000000015
29129  38.337  -59.245  22.464 0.1000000015
30459  41.071  -58.852  20.968 0.2000000030
29145  40.878  -59.160  21.413 0.1000000015
30460  40.374  -58.595  21.111 0.4000000060
30481  39.643  -58.292  20.447 0.4000000060
31781  38.762  -57.947  19.923 0.4000000060
31782  38.092  -57.568  19.604 0.5000000000
24516  38.595  -63.189  14.091 0.5000000000
23273  40.081  -64.457  13.823 0.5000000000
20750  40.487  -66.475  12.498 0.4000000060
19535  41.309  -67.600  11.594 0.5000000000
25483  40.985  -62.403  25.826 0.1000000015
26620  41.194  -61.926  25.259 0.1000000015
26642  41.547  -61.532  24.542 0.1000000015
26673  40.703  -61.301  23.917 0.1000000015
26643  40.405  -61.577  24.683 0.1000000015
26674  39.941  -61.282  24.157 0.1000000015
29109  38.702  -59.886  23.039 0.1000000015
31738  36.971  -57.612  22.126 0.2000000030
31739  36.516  -57.326  22.596 0.2000000030
29127  40.587  -59.665  21.933 0.1000000015
30446  38.785  -58.811  21.938 0.1000000015
30448  37.403  -58.179  22.142 0.2000000030
29146  40.146  -59.068  21.624 0.2000000030
30462  38.595  -58.238  21.535 0.2000000030
31755  38.309  -57.685  21.168 0.2000000030
31757  36.873  -57.109  21.954 0.2000000030
30461  39.443  -58.471  21.412 0.2000000030
31770  39.257  -58.022  20.879 0.2000000030
31772  37.862  -57.205  20.593 0.3000000119
26827  37.295  -61.396  14.916 0.5000000000
33055  37.411  -56.660  18.693 0.4000000060
25716  37.418  -62.020  12.724 0.5000000000
25700  37.477  -61.988  13.749 0.5000000000
26828  36.938  -61.111  14.529 0.5000000000
25699  37.990  -62.720  13.378 0.5000000000
25688  37.652  -61.930  14.639 0.5000000000
30527  36.788  -58.768  16.978 0.5000000000
24529  39.193  -64.134  13.212 0.5000000000
24530  38.597  -63.645  12.973 0.5000000000
27990  36.967  -61.047  14.873 0.5000000000
22046  40.180  -65.732  12.644 0.5000000000
23292  39.654  -64.633  13.111 0.5000000000
25687  38.093  -62.502  14.343 0.5000000000
26803  37.587  -61.499  15.695 0.6000000238
19536  40.712  -67.041  11.516 0.4000000060
25464  40.801  -62.715  26.346 0.1000000015
26621  39.891  -61.985  25.631 0.1000000015
26622  38.613  -61.558  25.494 0.1000000015
26607  37.724  -61.650  26.295 0.1000000015
26644  39.242  -61.303  24.562 0.1000000015
27799  38.557  -60.794  24.206 0.1000000015
27828  38.140  -60.282  23.684 0.1000000015
29110  37.527  -59.477  23.310 0.1000000015
29111  36.786  -58.852  23.468 0.1000000015
30432  37.059  -58.637  22.816 0.2000000030
30449  36.799  -58.028  22.512 0.2000000030
29130  37.646  -58.873  22.501 0.1000000015
33017  37.133  -56.424  20.996 0.3000000119
33012  36.648  -56.398  21.991 0.2000000030
33035  37.498  -56.367  19.869 0.4000000060
34297  37.133  -55.914  20.365 0.3000000119
28036  36.825  -60.106  13.253 0.5000000000
29355  36.976  -59.338  13.661 0.5000000000
27991  36.773  -60.607  14.669 0.5000000000
30617  38.072  -58.179  13.828 0.5000000000
30587  37.941  -57.860  14.327 0.5000000000
30588  37.418  -58.253  14.587 0.5000000000
29329  37.046  -58.899  14.241 0.5000000000
29330  36.724  -59.555  14.563 0.6000000238
33084  37.194  -56.840  17.334 0.5000000000
31849  38.263  -56.990  14.950 0.5000000000
31850  37.681  -57.375  15.185 0.5000000000
30567  36.818  -58.757  15.143 0.6000000238
27962  36.710  -60.250  15.457 0.5000000000
29269  36.774  -59.571  16.565 0.5000000000
29300  36.648  -59.468  15.650 0.5000000000
27937  36.656  -60.032  16.064 0.5000000000
18345  42.275  -68.366  10.682 0.4000000060
18346  41.660  -67.918  10.932 0.4000000060
19521  41.695  -67.622  12.617 0.4000000060
27785  35.801  -60.697  27.134 0.1000000015
27788  37.350  -61.100  25.865 0.1000000015
27790  35.814  -60.022  26.222 0.1000000015
26646  37.570  -60.903  25.037 0.1000000015
27794  36.395  -60.101  25.317 0.1000000015
26645  38.126  -61.119  24.834 0.1000000015
27800  37.293  -60.429  24.443 0.1000000015
29100  37.217  -59.839  23.956 0.1000000015
29101  36.564  -59.336  24.254 0.1000000015
30424  36.409  -58.547  23.819 0.1000000015
30434  36.138  -58.052  23.783 0.2000000030
31722  36.073  -57.368  23.552 0.2000000030
33000  36.277  -56.505  23.084 0.2000000030
36901  41.983  -52.927  17.898 0.2000000030
33018  36.724  -55.926  21.346 0.2000000030
36941  41.732  -53.589  16.911 0.2000000030
36928  41.289  -53.252  17.475 0.2000000030
36929  40.289  -53.112  17.547 0.2000000030
38129  39.324  -52.951  17.945 0.2000000030
35717  41.568  -54.121  16.419 0.2000000030
36942  40.920  -53.589  16.874 0.2000000030
36943  39.934  -53.584  16.824 0.2000000030
36944  38.938  -53.763  16.766 0.2000000030
36930  39.196  -53.193  17.639 0.3000000119
36931  38.272  -53.947  17.323 0.2000000030
36932  37.856  -54.217  17.597 0.4000000060
35741  40.441  -54.774  15.625 0.2000000030
35719  39.640  -54.218  16.199 0.3000000119
35720  38.499  -54.540  16.499 0.4000000060
36945  38.542  -54.050  16.843 0.3000000119
35692  38.125  -54.360  17.030 0.4000000060
35693  37.736  -54.684  17.330 0.5000000000
34340  37.303  -55.619  18.994 0.4000000060
33176  39.178  -56.927  14.528 0.5000000000
33142  39.277  -56.212  14.803 0.4000000060
34411  39.326  -55.779  15.069 0.4000000060
34412  38.648  -55.856  15.448 0.4000000060
35743  38.774  -55.293  15.689 0.4000000060
33114  37.661  -56.556  16.076 0.5000000000
34388  37.607  -55.729  16.882 0.5000000000
34365  37.349  -55.721  17.908 0.5000000000
33143  38.793  -56.482  14.917 0.5000000000
33144  38.129  -56.723  15.348 0.5000000000
30566  37.074  -58.090  15.519 0.5000000000
30546  36.718  -58.612  16.079 0.5000000000
31811  36.799  -58.195  16.565 0.5000000000
31810  36.961  -57.996  17.257 0.5000000000
27781  35.234  -60.740  28.323 0.1000000015
29077  35.389  -59.287  27.101 0.1000000015
29085  35.559  -59.103  26.154 0.1000000015
29093  35.866  -59.187  25.192 0.1000000015
30403  35.470  -58.228  25.853 0.1000000015
29102  35.975  -58.811  24.678 0.1000000015
31710  35.689  -57.655  24.634 0.2000000030
32970  35.788  -56.949  24.813 0.2000000030
32985  35.804  -57.237  24.223 0.2000000030
34291  36.669  -55.441  21.767 0.2000000030
38111  42.064  -52.737  18.281 0.1000000015
38112  41.070  -52.648  18.469 0.2000000030
36903  40.884  -52.913  17.944 0.2000000030
38113  40.138  -52.714  18.322 0.2000000030
34298  36.867  -55.412  20.766 0.2000000030
38088  42.327  -52.417  19.311 0.1000000015
38089  41.339  -52.455  19.243 0.1000000015
38090  40.388  -52.548  19.188 0.1000000015
38091  39.530  -52.678  19.041 0.1000000015
36905  38.516  -53.255  18.389 0.1000000015
34318  37.140  -55.466  19.885 0.3000000119
38092  38.878  -52.871  18.873 0.1000000015
36906  37.672  -54.091  18.170 0.3000000119
35631  37.242  -54.623  19.315 0.2000000030
31831  37.022  -57.596  16.238 0.5000000000
29056  35.112  -59.783  29.393 0.1000000015
30365  35.302  -58.638  29.083 0.1000000015
29070  35.120  -59.555  28.162 0.1000000015
30382  35.291  -58.243  28.054 0.1000000015
30381  35.663  -57.844  28.935 0.1000000015
30395  35.447  -58.133  26.925 0.1000000015
31682  35.624  -57.255  26.457 0.1000000015
31668  35.727  -57.371  27.161 0.1000000015
31697  35.558  -57.366  25.448 0.2000000030
32984  36.031  -56.494  24.123 0.2000000030
34273  36.369  -55.801  23.642 0.2000000030
34283  36.472  -55.608  22.751 0.2000000030
38062  41.589  -52.389  20.200 0.1000000015
38063  40.638  -52.489  20.055 0.1000000015
38064  39.643  -52.538  19.986 0.1000000015
38065  38.966  -52.683  19.554 0.1000000015
35602  37.381  -53.944  20.905 0.1000000015
35613  37.077  -54.587  20.518 0.2000000030
35603  36.948  -54.632  21.392 0.2000000030
36882  38.363  -53.048  19.450 0.1000000015
36883  37.675  -53.630  19.233 0.1000000015
34319  36.970  -54.911  20.068 0.2000000030
30342  35.534  -58.751  29.984 0.1000000015
30317  37.172  -58.819  31.259 0.1000000015
31611  36.651  -57.667  29.864 0.1000000015
31636  36.342  -57.465  29.243 0.1000000015
31667  36.010  -57.022  27.657 0.1000000015
31652  36.036  -57.232  28.412 0.1000000015
31681  36.032  -56.908  27.087 0.1000000015
32936  36.356  -56.466  26.578 0.1000000015
32954  36.231  -56.358  25.793 0.1000000015
34220  36.601  -56.095  26.122 0.1000000015
34242  36.672  -55.837  25.584 0.1000000015
34262  36.628  -55.561  24.567 0.2000000030
35579  36.751  -54.969  23.651 0.2000000030
35590  36.821  -54.686  22.470 0.2000000030
35589  37.360  -53.877  21.985 0.1000000015
38043  42.982  -52.622  21.353 0.1000000015
36848  41.783  -52.789  22.002 0.1000000015
38045  40.848  -52.558  20.955 0.1000000015
38046  40.101  -52.652  20.695 0.1000000015
36849  41.037  -52.780  21.843 0.1000000015
36850  39.992  -52.822  21.593 0.1000000015
36866  38.655  -52.838  20.426 0.1000000015
36867  37.810  -53.381  20.222 0.1000000015
35612  37.310  -54.068  20.020 0.2000000030
30340  37.777  -58.159  30.819 0.1000000015
31634  38.040  -57.019  29.729 0.1000000015
32879  37.643  -56.702  29.081 0.1000000015
32919  36.596  -56.568  27.518 0.1000000015
32935  37.004  -56.181  27.083 0.1000000015
34241  37.471  -55.242  25.330 0.1000000015
34261  37.112  -55.149  24.638 0.1000000015
35554  37.443  -54.715  24.340 0.2000000030
35555  36.945  -55.078  24.308 0.2000000030
36819  41.063  -53.643  23.224 0.1000000015
36820  39.950  -53.653  23.538 0.1000000015
36821  38.791  -53.591  23.446 0.1000000015
36822  38.142  -53.662  23.198 0.1000000015
35578  37.562  -54.046  23.264 0.1000000015
38029  42.327  -52.733  21.811 0.1000000015
36835  40.456  -53.213  22.551 0.1000000015
36836  39.360  -53.227  22.545 0.1000000015
36851  38.892  -52.999  21.545 0.1000000015
36837  38.220  -53.423  22.488 0.1000000015
36852  37.966  -53.299  21.277 0.1000000015
32897  38.045  -56.405  28.448 0.1000000015
32918  37.511  -56.211  27.664 0.1000000015
34218  38.249  -55.428  26.360 0.1000000015
34259  41.452  -54.903  25.042 0.1000000015
34260  40.868  -54.961  25.185 0.1000000015
35530  39.972  -54.674  25.079 0.1000000015
35531  39.046  -54.604  24.965 0.1000000015
35532  38.163  -54.704  24.902 0.1000000015
35549  42.456  -54.462  24.178 0.1000000015
34258  42.303  -54.842  24.894 0.1000000015
35551  40.615  -54.576  24.632 0.1000000015
35553  38.417  -54.101  24.149 0.1000000015
35574  41.757  -54.066  23.719 0.1000000015
35575  40.850  -54.136  23.922 0.1000000015
35576  40.246  -54.090  24.135 0.1000000015
35552  39.561  -54.108  24.333 0.1000000015
36801  38.992  -53.754  24.026 0.1000000015
35577  38.177  -53.792  23.542 0.1000000015
34200  39.062  -55.573  27.205 0.1000000015
34199  39.887  -55.580  26.832 0.1000000015
34217  39.274  -55.404  26.289 0.1000000015
34240  38.620  -55.052  25.601 0.1000000015
34236  42.074  -55.273  25.472 0.1000000015
34237  41.301  -55.250  25.578 0.1000000015
34238  40.494  -55.111  25.570 0.1000000015
34216  40.172  -55.402  26.221 0.1000000015
29268  37.172  -59.969  17.177 0.5000000000
30482  39.082  -58.072  20.078 0.4000000060
27826  41.030  -60.837  23.106 0.1000000015
31771  38.782  -57.794  20.479 0.4000000060
25484  40.347  -62.393  26.084 0.1000000015
27798  39.085  -60.953  24.099 0.1000000015
31756  37.434  -57.374  21.526 0.3000000119
30447  38.105  -58.584  22.009 0.2000000030
30463  37.957  -58.021  21.645 0.2000000030
31754  38.943  -57.923  21.129 0.2000000030
33011  36.988  -56.827  21.605 0.2000000030
26860  36.726  -60.736  13.651 0.5000000000
26605  39.543  -62.180  26.072 0.1000000015
26606  39.005  -62.051  26.092 0.1000000015
26623  37.737  -61.221  25.480 0.1000000015
30433  36.474  -58.154  23.186 0.2000000030
30643  37.560  -58.760  13.231 0.5000000000
30618  37.402  -58.676  13.898 0.5000000000
30642  38.265  -58.445  12.935 0.5000000000
27789  36.709  -60.866  26.187 0.1000000015
27795  35.850  -59.634  25.704 0.1000000015
27801  36.603  -59.919  24.698 0.1000000015
29092  36.350  -59.639  24.874 0.1000000015
30425  35.995  -58.366  24.308 0.1000000015
36902  41.596  -52.924  17.923 0.2000000030
36927  42.268  -53.214  17.536 0.2000000030
38114  39.203  -52.891  18.299 0.1000000015
35718  40.662  -54.123  16.255 0.2000000030
35657  37.411  -54.924  18.330 0.4000000060
34410  40.164  -55.470  15.155 0.5000000000
35742  39.435  -54.927  15.606 0.4000000060
35740  41.425  -54.728  15.843 0.2000000030
34387  38.196  -55.620  16.137 0.5000000000
35721  37.909  -55.100  16.659 0.5000000000
33175  39.791  -56.468  14.589 0.5000000000
34436  39.944  -55.857  14.793 0.5000000000
33113  38.277  -56.241  15.586 0.5000000000
30413  35.634  -58.289  24.993 0.1000000015
32955  35.847  -56.717  25.415 0.2000000030
31653  35.609  -57.553  27.651 0.1000000015
32937  35.759  -56.728  25.962 0.2000000030
32969  36.204  -56.326  25.054 0.2000000030
38061  42.606  -52.371  20.327 0.1000000015
38044  41.864  -52.510  21.244 0.1000000015
35632  37.137  -54.546  19.976 0.2000000030
30364  35.929  -58.043  29.669 0.1000000015
29036  36.382  -58.945  31.139 0.1000000015
30341  36.522  -58.358  30.522 0.1000000015
31610  37.415  -57.567  30.198 0.1000000015
31635  37.126  -57.138  29.481 0.1000000015
31651  36.689  -56.999  28.960 0.1000000015
32899  36.378  -56.808  28.026 0.1000000015
34219  37.165  -55.780  26.460 0.1000000015
36865  39.437  -52.743  20.860 0.1000000015
31609  38.443  -57.545  30.330 0.1000000015
32898  36.976  -56.622  28.431 0.1000000015
34202  37.422  -55.990  27.094 0.1000000015
36818  42.009  -53.626  23.023 0.1000000015
36834  41.431  -53.177  22.524 0.1000000015
36800  39.314  -53.717  23.864 0.1000000015
32878  38.563  -56.679  29.104 0.1000000015
32896  38.996  -56.269  28.511 0.1000000015
32917  38.481  -55.866  27.910 0.1000000015
34201  37.969  -55.743  27.150 0.1000000015
35550  41.565  -54.502  24.408 0.1000000015
34239  39.600  -55.038  25.635 0.1000000015
32916  39.343  -55.776  28.031 0.1000000015
32934  40.690  -55.746  26.826 0.1000000015
32953  42.582  -55.658  25.844 0.1000000015
34235  42.911  -55.372  25.318 0.1000000015
34215  41.036  -55.506  26.164 0.1000000015
26717  45.107  -61.376  19.850 0.1000000015
25595  44.409  -62.057  19.340 0.1000000015
26718  43.696  -61.319  19.520 0.1000000015
27879  42.864  -60.472  19.548 0.1000000015
27878  43.949  -60.490  20.071 0.1000000015
29190  43.251  -59.923  19.941 0.1000000015
26716  45.536  -62.122  19.805 0.2000000030
25604  44.835  -62.724  18.930 0.2000000030
25605  43.889  -62.602  18.757 0.1000000015
24421  45.173  -63.555  18.640 0.2000000030
25596  43.388  -62.048  19.117 0.1000000015
27880  41.588  -60.490  19.348 0.1000000015
23176  45.561  -64.332  18.297 0.2000000030
24422  44.334  -63.278  18.485 0.2000000030
26719  42.349  -61.477  18.972 0.2000000030
25606  42.736  -62.510  18.422 0.2000000030
26738  42.076  -62.038  18.490 0.2000000030
26720  41.050  -61.177  18.796 0.3000000119
24423  43.502  -63.180  18.325 0.2000000030
23203  44.777  -64.451  17.503 0.2000000030
25607  41.799  -62.400  18.155 0.2000000030
24452  43.903  -63.783  17.926 0.2000000030
19443  45.562  -67.261  16.236 0.1000000015
23177  45.022  -64.107  18.234 0.2000000030
26739  41.419  -61.836  18.440 0.3000000119
26721  40.438  -61.065  18.651 0.4000000060
20666  45.896  -66.567  16.768 0.1000000015
23202  45.903  -65.268  17.555 0.1000000015
24453  42.815  -63.498  17.664 0.2000000030
25625  42.130  -62.903  17.840 0.2000000030
19425  45.506  -66.896  16.857 0.1000000015
23227  45.776  -65.652  16.914 0.2000000030
23228  45.255  -65.325  16.752 0.2000000030
20711  45.441  -67.353  15.440 0.1000000015
20712  45.353  -66.980  15.004 0.2000000030
20688  45.766  -66.998  15.817 0.1000000015
20689  45.541  -66.902  15.551 0.1000000015
23204  43.451  -64.253  17.167 0.2000000030
23205  42.782  -63.978  17.043 0.2000000030
24454  41.905  -63.354  17.330 0.2000000030
25626  41.439  -62.780  17.617 0.4000000060
21999  45.793  -66.427  16.359 0.1000000015
24455  41.218  -63.201  17.071 0.4000000060
26761  39.968  -62.157  17.507 0.4000000060
23229  44.024  -65.114  16.286 0.3000000119
21979  45.033  -65.663  16.051 0.2000000030
22001  44.440  -65.808  15.421 0.4000000060
25627  40.543  -62.573  17.307 0.4000000060
26762  39.418  -61.838  17.274 0.4000000060
23230  42.591  -64.342  16.340 0.3000000119
23251  43.033  -65.096  15.324 0.4000000060
23250  43.789  -65.416  15.500 0.3000000119
38109  44.024  -52.648  18.643 0.1000000015
25628  39.816  -62.355  17.029 0.4000000060
24480  41.681  -63.717  16.561 0.4000000060
25649  40.004  -62.736  16.587 0.5000000000
23252  41.766  -64.465  15.274 0.4000000060
23231  41.811  -64.129  16.014 0.4000000060
24498  41.257  -63.943  15.871 0.4000000060
38110  43.079  -52.655  18.432 0.1000000015
36900  43.858  -52.958  18.080 0.1000000015
38126  42.615  -52.867  17.908 0.1000000015
25650  39.201  -62.375  16.378 0.4000000060
25651  38.492  -61.991  16.295 0.5000000000
36926  43.326  -53.242  17.669 0.1000000015
35691  43.149  -53.822  17.113 0.1000000015
35715  43.605  -54.530  16.622 0.1000000015
35716  42.533  -54.161  16.572 0.1000000015
29165  43.591  -60.028  20.336 0.1000000015
29167  42.168  -59.310  20.513 0.1000000015
25593  45.813  -62.899  19.662 0.1000000015
25608  41.063  -62.279  17.983 0.3000000119
24479  42.340  -63.778  16.990 0.3000000119
24481  40.656  -63.385  16.384 0.4000000060
27866  44.215  -60.249  20.741 0.1000000015
19507  34.569  -67.464  13.259 0.1000000015
19523  33.897  -67.610  12.647 0.1000000015
17155  35.161  -69.629  12.416 0.1000000015
18313  36.126  -68.494  13.496 0.1000000015
19508  33.525  -67.062  13.263 0.1000000015
19524  33.027  -67.433  12.592 0.1000000015
19526  31.327  -68.008  12.455 0.1000000015
18327  32.762  -67.940  12.026 0.1000000015
8729  37.039  -77.847  17.313 0.1000000015
15899  31.332  -70.594  15.840 0.1000000015
17111  30.472  -69.534  15.134 0.1000000015
19506  35.484  -67.586  13.771 0.1000000015
18277  30.715  -69.059  15.314 0.1000000015
19490  30.810  -67.970  13.945 0.1000000015
19487  36.314  -67.619  14.175 0.1000000015
18315  30.779  -68.072  13.174 0.1000000015
17141  36.626  -69.167  13.370 0.1000000015
8715  37.446  -77.620  18.476 0.1000000015
8737  36.744  -77.670  16.865 0.1000000015
9648  36.787  -76.986  16.566 0.1000000015
10546  38.026  -76.205  18.575 0.1000000015
9614  37.429  -77.082  18.924 0.1000000015
8728  37.586  -77.673  17.769 0.1000000015
8736  37.632  -77.375  17.135 0.1000000015
10565  36.243  -75.593  17.243 0.1000000015
12664  32.816  -73.381  17.097 0.1000000015
14762  31.781  -71.129  16.674 0.1000000015
20738  34.962  -66.940  13.932 0.1000000015
20739  34.128  -66.709  13.855 0.1000000015
20740  33.126  -66.614  13.928 0.1000000015
18312  37.053  -68.662  13.691 0.1000000015
9647  37.590  -76.978  16.740 0.1000000015
10590  37.500  -76.593  16.731 0.1000000015
9613  38.382  -76.846  18.338 0.1000000015
8714  38.129  -77.367  18.036 0.1000000015
9646  38.470  -76.657  17.069 0.1000000015
10564  37.367  -75.929  16.929 0.1000000015
11591  35.890  -74.552  17.632 0.1000000015
12662  34.385  -73.625  17.884 0.1000000015
13713  34.757  -72.936  18.153 0.1000000015
13714  33.930  -72.779  18.016 0.1000000015
14754  33.247  -71.408  17.923 0.1000000015
14761  32.169  -71.554  17.034 0.1000000015
15875  32.362  -70.631  17.658 0.1000000015
17100  31.365  -69.821  16.368 0.1000000015
20723  31.844  -66.993  15.466 0.1000000015
20719  35.745  -66.818  14.496 0.1000000015
20720  34.742  -66.453  14.547 0.1000000015
20722  32.482  -66.614  14.615 0.1000000015
19488  32.033  -67.017  14.267 0.1000000015
12659  37.685  -73.857  17.574 0.1000000015
10532  38.452  -75.385  18.720 0.1000000015
9612  39.263  -76.233  17.906 0.1000000015
9629  38.564  -76.874  17.704 0.1000000015
9628  39.232  -76.296  17.304 0.1000000015
10563  38.548  -75.632  16.768 0.1000000015
11589  38.129  -74.885  17.187 0.1000000015
11590  36.983  -74.707  17.388 0.1000000015
12646  36.216  -72.961  18.339 0.1000000015
13700  34.451  -72.191  18.341 0.1000000015
15864  34.215  -70.491  18.775 0.1000000015
10545  39.116  -75.785  18.417 0.1000000015
10544  39.960  -75.460  18.087 0.1000000015
10587  39.688  -75.810  16.974 0.1000000015
11612  39.319  -75.495  16.687 0.1000000015
13701  33.646  -72.040  18.176 0.1000000015
14753  33.911  -71.355  18.415 0.1000000015
17072  31.853  -69.112  17.897 0.1000000015
17087  31.729  -69.678  17.496 0.1000000015
19428  31.819  -67.720  17.781 0.1000000015
18245  31.625  -68.602  17.517 0.1000000015
20700  31.777  -67.019  16.352 0.1000000015
19448  31.549  -67.797  16.918 0.1000000015
22008  32.969  -65.631  16.278 0.1000000015
19467  31.498  -67.779  15.917 0.1000000015
20721  33.712  -66.324  14.578 0.1000000015
20698  33.334  -65.917  15.407 0.1000000015
20718  36.826  -66.901  14.656 0.1000000015
18295  37.569  -68.283  13.794 0.1000000015
18296  37.289  -68.069  13.922 0.1000000015
19505  38.150  -68.205  13.786 0.1000000015
19485  38.044  -67.810  13.987 0.1000000015
13710  38.328  -73.142  17.847 0.1000000015
13711  37.334  -73.060  18.003 0.1000000015
11551  39.220  -74.647  18.770 0.1000000015
11570  40.516  -74.906  18.239 0.1000000015
10543  40.570  -75.091  18.057 0.1000000015
11586  40.686  -74.678  17.528 0.1000000015
12657  39.851  -74.121  17.261 0.1000000015
11588  39.228  -74.972  16.757 0.1000000015
12658  38.802  -74.058  17.434 0.1000000015
13712  36.884  -73.035  18.116 0.1000000015
13699  35.564  -72.532  18.368 0.1000000015
15863  35.323  -70.568  19.040 0.1000000015
11571  39.870  -75.072  18.385 0.1000000015
10586  40.171  -75.340  17.306 0.1000000015
17069  34.598  -69.663  19.200 0.1000000015
17070  33.409  -69.332  18.832 0.1000000015
15866  32.488  -70.187  18.034 0.1000000015
17071  32.352  -69.524  18.243 0.1000000015
18217  33.265  -68.265  19.139 0.1000000015
19413  32.137  -68.064  18.268 0.1000000015
21988  32.539  -65.834  17.004 0.1000000015
20652  32.214  -66.638  17.682 0.1000000015
20696  35.446  -66.028  15.154 0.1000000015
23254  35.693  -64.879  15.881 0.1000000015
22006  35.159  -65.258  15.605 0.1000000015
22007  34.094  -65.100  16.135 0.1000000015
22009  32.519  -66.078  16.478 0.1000000015
22005  36.183  -65.325  15.649 0.1000000015
20695  36.463  -66.212  15.184 0.1000000015
22004  37.172  -65.623  15.626 0.1000000015
19486  37.156  -67.590  14.267 0.1000000015
19484  39.120  -67.835  14.140 0.1000000015
12627  40.853  -73.711  19.438 0.1000000015
12628  39.815  -73.684  19.307 0.1000000015
12645  41.525  -73.723  18.215 0.1000000015
12655  41.200  -74.084  17.598 0.1000000015
13697  37.801  -72.340  18.215 0.1000000015
11549  41.018  -74.323  18.605 0.1000000015
11569  40.948  -74.782  18.036 0.1000000015
12656  40.693  -74.097  17.315 0.1000000015
13709  39.413  -73.254  17.718 0.1000000015
13696  38.896  -72.377  18.131 0.1000000015
14750  37.177  -71.504  18.600 0.1000000015
17067  36.220  -69.614  19.260 0.1000000015
17054  34.069  -68.861  19.339 0.1000000015
17053  34.950  -68.834  19.437 0.1000000015
19397  33.441  -67.231  19.406 0.1000000015
20614  32.980  -66.772  19.178 0.1000000015
20634  32.684  -66.442  18.623 0.1000000015
21962  33.000  -65.053  17.845 0.1000000015
21963  32.688  -65.667  17.893 0.1000000015
23255  35.147  -64.675  16.110 0.1000000015
21987  33.319  -65.012  17.071 0.1000000015
23234  36.255  -64.463  16.468 0.1000000015
21985  37.025  -65.026  16.081 0.1000000015
20694  37.498  -66.303  15.233 0.1000000015
20717  37.854  -66.961  14.677 0.1000000015
20716  38.914  -67.067  14.584 0.1000000015
14747  40.697  -71.711  18.654 0.1000000015
15859  39.915  -71.034  19.049 0.1000000015
12609  41.513  -73.233  19.917 0.1000000015
12626  41.648  -73.556  19.044 0.1000000015
12625  42.005  -73.181  18.819 0.1000000015
13707  41.188  -73.501  17.773 0.1000000015
13695  40.001  -72.505  18.111 0.1000000015
15860  38.826  -70.842  18.963 0.1000000015
13708  40.428  -73.385  17.658 0.1000000015
15861  37.683  -70.753  18.999 0.1000000015
17050  37.493  -69.374  20.025 0.1000000015
18214  36.174  -68.417  19.876 0.1000000015
15851  36.596  -69.833  19.296 0.1000000015
18215  35.269  -67.839  19.776 0.1000000015
19396  34.276  -66.868  19.906 0.1000000015
20613  33.308  -66.058  19.305 0.1000000015
20633  32.923  -65.888  18.750 0.1000000015
24459  34.489  -63.689  18.041 0.1000000015
21941  33.061  -65.308  18.543 0.1000000015
23209  35.809  -63.735  17.376 0.1000000015
23235  35.123  -64.220  16.697 0.1000000015
23236  34.177  -64.506  16.886 0.1000000015
22003  38.002  -65.761  15.701 0.1000000015
14735  42.607  -71.788  19.480 0.1000000015
13660  42.049  -72.869  20.278 0.1000000015
14736  41.792  -71.560  19.130 0.1000000015
15847  40.564  -70.706  19.574 0.1000000015
12610  40.990  -73.329  20.418 0.1000000015
13679  41.967  -73.140  19.706 0.1000000015
13692  42.227  -72.687  18.900 0.1000000015
14746  41.500  -72.230  18.611 0.1000000015
13694  40.977  -72.708  18.143 0.1000000015
15848  39.363  -70.259  19.699 0.1000000015
15849  38.166  -70.149  19.516 0.1000000015
18201  36.503  -68.083  20.500 0.1000000015
18202  35.940  -67.725  20.234 0.1000000015
19384  35.456  -67.075  20.448 0.1000000015
20600  34.519  -65.998  20.361 0.1000000015
21902  34.301  -65.128  20.107 0.1000000015
21921  33.377  -65.131  19.174 0.1000000015
24429  34.652  -63.501  18.805 0.1000000015
23210  34.769  -63.834  17.383 0.1000000015
23233  37.621  -64.606  16.724 0.1000000015
23232  38.426  -64.938  16.657 0.1000000015
13659  42.437  -72.198  20.518 0.1000000015
15845  42.561  -70.985  19.647 0.1000000015
13678  42.290  -72.667  19.598 0.1000000015
15846  41.629  -70.825  19.611 0.1000000015
17048  39.164  -69.752  20.293 0.1000000015
17034  38.717  -69.309  20.873 0.1000000015
17035  38.004  -69.151  20.598 0.1000000015
18200  37.325  -68.465  20.824 0.1000000015
19382  36.759  -67.704  21.057 0.1000000015
19383  36.235  -67.201  20.791 0.1000000015
20599  35.190  -66.151  20.777 0.1000000015
19385  34.862  -66.676  20.362 0.1000000015
23141  35.307  -64.533  20.895 0.1000000015
21901  34.898  -65.242  20.619 0.1000000015
24407  35.043  -63.479  19.673 0.1000000015
24384  34.820  -63.863  20.076 0.1000000015
24427  36.486  -63.102  19.053 0.1000000015
24458  35.212  -63.434  18.111 0.1000000015
24456  36.850  -63.346  18.493 0.1000000015
24457  36.190  -63.384  18.281 0.1000000015
23208  37.293  -63.758  17.778 0.1000000015
21961  39.097  -65.000  16.851 0.1000000015
21981  40.752  -65.797  16.653 0.1000000015
14718  42.854  -71.742  20.207 0.1000000015
15844  43.041  -71.145  19.805 0.1000000015
15835  41.192  -70.280  20.173 0.1000000015
17033  39.618  -69.771  20.820 0.1000000015
17020  39.225  -69.257  21.442 0.1000000015
14698  42.770  -71.449  21.172 0.1000000015
15836  40.153  -70.188  20.225 0.1000000015
18199  38.101  -68.729  21.069 0.1000000015
19374  36.624  -67.122  21.391 0.1000000015
20593  36.247  -66.357  21.483 0.1000000015
21897  35.933  -65.448  21.551 0.1000000015
24405  37.070  -63.014  19.864 0.1000000015
24383  35.480  -63.677  20.615 0.1000000015
24406  35.984  -63.127  19.850 0.1000000015
23184  37.936  -63.500  18.479 0.1000000015
23207  38.765  -64.483  17.493 0.1000000015
23206  39.524  -64.636  17.846 0.1000000015
21938  41.332  -65.192  18.129 0.1000000015
20650  42.649  -66.312  17.016 0.1000000015
15818  43.332  -70.545  21.319 0.1000000015
14717  43.238  -71.130  20.651 0.1000000015
17030  42.759  -69.878  20.894 0.1000000015
17031  41.741  -69.902  20.830 0.1000000015
17004  40.733  -69.259  22.194 0.1000000015
18189  39.340  -68.887  21.976 0.1000000015
17032  40.660  -69.861  20.856 0.1000000015
18190  38.579  -68.560  21.721 0.1000000015
18191  37.829  -68.240  21.472 0.1000000015
19373  37.264  -67.480  21.690 0.1000000015
21886  36.429  -65.525  21.960 0.1000000015
24365  36.305  -63.911  21.616 0.1000000015
24377  42.107  -63.246  20.495 0.1000000015
24401  41.338  -63.699  19.760 0.1000000015
24379  39.946  -63.098  20.652 0.1000000015
24403  39.122  -63.299  19.750 0.1000000015
24382  36.674  -63.229  20.769 0.1000000015
24400  42.377  -63.772  19.861 0.1000000015
24402  40.159  -63.654  19.585 0.1000000015
24376  43.178  -63.302  20.447 0.1000000015
24399  43.381  -63.880  19.924 0.1000000015
23160  42.657  -64.359  19.403 0.1000000015
23162  40.748  -64.175  19.185 0.1000000015
24424  39.218  -63.671  19.006 0.1000000015
24425  38.413  -63.379  19.012 0.1000000015
23159  43.612  -64.391  19.461 0.1000000015
23180  42.000  -64.796  18.792 0.1000000015
23182  39.768  -64.363  18.488 0.1000000015
21940  39.831  -64.733  17.964 0.1000000015
21935  45.129  -65.738  18.411 0.1000000015
21937  42.508  -65.317  18.266 0.1000000015
21956  44.352  -65.991  17.857 0.1000000015
17015  43.708  -69.382  21.995 0.1000000015
17029  43.320  -69.897  21.204 0.1000000015
17016  43.118  -69.140  21.661 0.1000000015
17017  42.201  -69.480  21.497 0.1000000015
17003  41.616  -69.263  22.143 0.1000000015
18177  39.892  -68.707  22.633 0.1000000015
18178  39.036  -68.439  22.403 0.1000000015
19361  39.119  -68.078  22.963 0.1000000015
19362  38.468  -67.782  22.608 0.1000000015
20581  37.170  -66.460  22.403 0.1000000015
21885  36.818  -65.603  22.503 0.1000000015
24349  36.561  -64.379  22.122 0.1000000015
25561  38.115  -63.005  21.877 0.1000000015
24378  41.003  -63.327  20.419 0.1000000015
24380  38.869  -62.923  20.524 0.1000000015
24381  37.866  -62.901  20.801 0.1000000015
24360  41.603  -62.977  20.904 0.1000000015
24374  45.199  -63.636  20.134 0.1000000015
24398  44.302  -64.008  19.903 0.1000000015
18174  43.017  -68.665  22.259 0.1000000015
18175  41.967  -68.833  22.620 0.1000000015
18152  41.307  -68.553  23.288 0.1000000015
17002  42.517  -69.041  22.002 0.1000000015
18176  40.988  -68.893  22.747 0.1000000015
18153  40.463  -68.460  23.436 0.1000000015
19340  38.765  -67.387  23.555 0.1000000015
19341  38.117  -67.088  23.161 0.1000000015
20566  37.644  -66.444  23.176 0.1000000015
24334  37.440  -64.537  23.048 0.1000000015
21873  37.272  -65.665  23.076 0.1000000015
25542  38.802  -63.130  22.566 0.1000000015
24347  38.245  -63.366  22.625 0.1000000015
24348  37.151  -64.102  22.557 0.1000000015
24361  40.915  -63.013  21.103 0.1000000015
25558  40.806  -62.947  21.788 0.1000000015
25560  38.667  -62.944  22.069 0.1000000015
25577  43.076  -62.681  20.924 0.1000000015
25578  42.283  -62.751  21.058 0.1000000015
25580  38.778  -62.821  21.267 0.1000000015
25576  43.968  -62.530  20.690 0.1000000015
18173  43.978  -68.673  22.631 0.1000000015
18151  42.228  -68.459  23.224 0.1000000015
18130  40.851  -68.381  23.813 0.1000000015
19339  39.613  -68.015  23.564 0.1000000015
19318  39.377  -67.370  24.201 0.1000000015
20565  38.256  -66.464  23.736 0.1000000015
21872  37.846  -65.551  23.716 0.1000000015
24316  38.642  -64.257  24.005 0.1000000015
24333  37.996  -64.212  23.355 0.1000000015
25541  39.424  -62.978  22.723 0.1000000015
24332  39.008  -63.449  23.439 0.1000000015
25559  39.737  -62.911  21.663 0.1000000015
25574  45.666  -62.886  20.159 0.1000000015
18150  43.262  -68.359  23.334 0.1000000015
19315  42.545  -67.946  24.901 0.1000000015
18129  41.411  -68.314  23.976 0.1000000015
19300  41.100  -67.407  25.491 0.1000000015
19316  41.465  -67.901  24.845 0.1000000015
20548  39.582  -66.786  24.904 0.1000000015
19317  40.364  -67.860  24.443 0.1000000015
20549  38.864  -66.603  24.335 0.1000000015
21861  39.118  -65.823  24.937 0.1000000015
21862  38.465  -65.699  24.347 0.1000000015
23105  38.261  -64.912  24.139 0.1000000015
25525  39.667  -63.137  23.303 0.1000000015
25540  40.480  -62.829  22.520 0.1000000015
25524  40.256  -62.919  23.240 0.1000000015
25556  42.990  -62.434  21.616 0.1000000015
25557  41.815  -62.784  21.630 0.1000000015
25575  44.949  -62.359  20.537 0.1000000015
26700  45.529  -62.087  20.072 0.1000000015
20533  41.203  -66.850  26.082 0.1000000015
19301  40.788  -67.570  25.094 0.1000000015
20534  40.414  -66.947  25.506 0.1000000015
21847  39.873  -65.862  25.498 0.1000000015
23095  39.585  -65.133  25.149 0.1000000015
23104  39.004  -64.856  24.621 0.1000000015
24315  39.574  -63.914  24.358 0.1000000015
25554  44.477  -61.960  20.924 0.1000000015
25555  44.070  -62.078  21.403 0.1000000015
25539  41.517  -62.699  22.497 0.1000000015
26701  45.150  -61.345  20.565 0.1000000015
21846  40.825  -65.770  26.133 0.1000000015
23093  41.645  -64.653  25.869 0.1000000015
24313  41.792  -63.307  24.263 0.1000000015
24290  41.147  -63.897  25.117 0.1000000015
23094  40.400  -64.771  25.451 0.1000000015
24331  39.997  -63.324  23.761 0.1000000015
25523  41.142  -62.721  23.222 0.1000000015
25504  42.576  -63.071  24.025 0.1000000015
24314  40.598  -63.551  24.391 0.1000000015
24291  40.275  -64.068  24.888 0.1000000015
25522  42.249  -62.797  23.421 0.1000000015
24330  40.883  -63.086  23.776 0.1000000015
25537  44.138  -62.200  22.447 0.1000000015
24329  41.523  -62.971  23.672 0.1000000015
25538  42.675  -62.449  22.474 0.1000000015
14771  31.677  -71.537  16.182 0.1000000015
15887  31.585  -70.749  16.406 0.1000000015
18259  31.350  -68.724  16.658 0.1000000015
17110  30.953  -69.664  15.622 0.1000000015
18276  31.065  -68.642  15.556 0.1000000015
18325  34.561  -68.495  12.462 0.1000000015
18298  31.051  -68.234  14.970 0.1000000015
18314  35.227  -68.197  13.191 0.1000000015
19509  32.348  -67.073  13.634 0.1000000015
19489  31.396  -67.555  14.638 0.1000000015
19525  32.001  -67.650  12.451 0.1000000015
19510  31.140  -67.784  13.322 0.1000000015
7834  36.490  -78.468  18.518 0.1000000015
15900  30.802  -70.420  15.394 0.1000000015
18299  30.683  -68.550  14.701 0.1000000015
8735  38.139  -77.236  17.453 0.1000000015
13715  32.998  -72.337  17.590 0.1000000015
20741  32.644  -66.711  14.034 0.1000000015
10589  38.131  -76.323  16.817 0.1000000015
10588  39.091  -75.968  16.666 0.1000000015
12661  35.424  -73.584  18.125 0.1000000015
11592  34.869  -74.499  17.707 0.1000000015
12660  36.578  -73.518  18.023 0.1000000015
15865  33.140  -70.473  18.173 0.1000000015
17086  32.140  -70.065  17.973 0.1000000015
20699  32.443  -66.387  15.899 0.1000000015
20697  34.419  -65.823  15.204 0.1000000015
13698  36.712  -72.554  18.324 0.1000000015
14752  34.929  -71.447  18.649 0.1000000015
11610  40.079  -75.236  16.964 0.1000000015
20653  31.923  -67.147  17.642 0.1000000015
19412  32.334  -67.475  18.373 0.1000000015
20674  32.147  -66.462  16.764 0.1000000015
21986  33.837  -64.837  16.656 0.1000000015
11550  40.265  -74.393  18.727 0.1000000015
14751  36.047  -71.477  18.611 0.1000000015
17068  35.593  -69.668  19.231 0.1000000015
19398  32.830  -67.360  19.008 0.1000000015
14749  38.314  -71.538  18.510 0.1000000015
15862  36.474  -70.436  19.061 0.1000000015
17051  36.608  -69.265  19.582 0.1000000015
18216  34.205  -68.001  19.557 0.1000000015
23212  33.407  -64.554  17.953 0.1000000015
21984  37.830  -65.250  16.165 0.1000000015
20693  38.759  -66.276  15.471 0.1000000015
15858  40.558  -71.192  19.146 0.1000000015
14748  39.457  -71.613  18.484 0.1000000015
13693  41.697  -72.917  18.415 0.1000000015
15850  37.159  -69.978  19.388 0.1000000015
18213  36.813  -68.732  20.131 0.1000000015
23186  33.522  -64.601  18.866 0.1000000015
21983  38.722  -65.510  16.235 0.1000000015
14745  42.076  -72.235  18.843 0.1000000015
15837  39.574  -69.979  20.220 0.1000000015
17049  38.490  -69.656  20.134 0.1000000015
20598  35.760  -66.565  20.943 0.1000000015
23163  34.229  -64.281  19.514 0.1000000015
23142  34.768  -64.384  20.357 0.1000000015
15834  42.234  -70.434  20.242 0.1000000015
21898  35.428  -65.337  21.111 0.1000000015
23136  35.756  -64.653  21.424 0.1000000015
24428  35.534  -63.176  18.974 0.1000000015
24426  37.450  -63.211  18.893 0.1000000015
21960  39.696  -64.949  17.472 0.1000000015
21982  39.727  -65.451  16.651 0.1000000015
21959  40.590  -65.369  17.411 0.1000000015
21958  41.793  -65.774  17.345 0.1000000015
15833  43.104  -70.676  20.417 0.1000000015
17019  40.055  -69.448  21.691 0.1000000015
20592  36.800  -66.711  21.796 0.1000000015
23135  36.233  -64.773  21.870 0.1000000015
23183  38.580  -63.821  18.340 0.1000000015
21939  40.350  -64.899  18.032 0.1000000015
21957  43.156  -65.834  17.701 0.1000000015
17018  41.174  -69.543  21.520 0.1000000015
19363  37.729  -67.207  22.536 0.1000000015
23125  36.606  -64.857  22.406 0.1000000015
24404  38.130  -63.048  19.787 0.1000000015
24364  37.540  -63.225  21.775 0.1000000015
23161  41.657  -64.272  19.293 0.1000000015
23181  40.959  -64.637  18.656 0.1000000015
24375  44.186  -63.328  20.348 0.1000000015
23179  43.067  -64.801  18.903 0.1000000015
21955  44.965  -66.190  17.958 0.1000000015
21936  43.892  -65.294  18.540 0.1000000015
24362  40.355  -62.969  21.296 0.1000000015
25579  39.347  -62.843  21.014 0.1000000015
23111  37.928  -64.810  23.725 0.1000000015
23103  39.756  -64.513  24.913 0.1000000015
23270  42.298  -65.131  14.680 0.3000000119
24499  40.422  -63.959  15.088 0.4000000060
23271  41.505  -64.957  14.346 0.3000000119
17212  41.643  -69.507  8.870 0.1000000015
17210  42.828  -69.204  9.325 0.2000000030
18357  42.422  -67.973  9.950 0.3000000119
22002  43.673  -65.625  15.037 0.3000000119
19548  41.369  -67.230  10.642 0.4000000060
20759  40.234  -66.310  11.399 0.4000000060
18356  42.797  -68.673  9.763 0.2000000030
19547  41.981  -67.752  10.388 0.3000000119
19549  40.722  -66.720  10.816 0.4000000060
20751  39.985  -65.976  12.125 0.4000000060
23293  39.077  -64.274  12.733 0.4000000060
17195  40.887  -69.695  9.911 0.1000000015
22047  39.702  -65.351  12.317 0.4000000060
23309  39.261  -64.698  12.186 0.4000000060
17213  40.915  -69.051  9.015 0.1000000015
25715  37.912  -62.798  12.322 0.5000000000
18376  42.894  -68.436  8.557 0.2000000030
22051  39.951  -65.703  10.872 0.4000000060
26859  36.812  -61.100  13.223 0.4000000060
20771  41.103  -66.574  10.342 0.4000000060
20772  40.565  -66.133  10.434 0.4000000060
22052  39.484  -65.127  11.322 0.4000000060
23319  39.119  -64.479  11.433 0.4000000060
23310  38.770  -64.146  12.066 0.5000000000
18404  41.271  -68.381  7.746 0.2000000030
17233  41.532  -69.000  8.227 0.2000000030
18377  42.408  -68.813  8.004 0.2000000030
19554  42.920  -67.751  9.305 0.2000000030
17211  42.394  -69.422  8.836 0.2000000030
19555  42.276  -67.178  9.860 0.3000000119
19556  41.629  -66.679  10.020 0.3000000119
18379  40.329  -68.258  8.532 0.1000000015
22058  40.404  -65.405  10.191 0.4000000060
20785  41.225  -66.102  9.843 0.4000000060
22059  39.820  -65.139  10.551 0.4000000060
24543  38.353  -63.428  11.788 0.5000000000
25726  37.567  -62.020  11.748 0.5000000000
26869  37.225  -61.205  12.029 0.4000000060
22073  40.930  -65.503  9.751 0.4000000060
23328  39.513  -64.359  10.406 0.4000000060
24551  38.416  -63.189  10.851 0.5000000000
25725  37.968  -62.645  11.320 0.5000000000
18403  42.080  -68.578  7.486 0.2000000030
19573  43.514  -67.515  8.581 0.2000000030
20783  43.383  -66.624  9.220 0.4000000060
20784  42.187  -66.257  9.614 0.3000000119
23329  38.944  -63.557  10.499 0.5000000000
25732  37.850  -61.881  11.033 0.5000000000
28055  37.116  -60.247  12.331 0.4000000060
22072  41.705  -65.444  9.526 0.4000000060
24559  38.789  -62.964  10.282 0.5000000000
18402  42.749  -68.264  7.389 0.2000000030
18428  41.795  -68.260  7.252 0.2000000030
19594  43.481  -67.775  7.721 0.2000000030
29399  37.682  -59.416  11.875 0.4000000060
23340  40.745  -64.633  9.579 0.4000000060
23341  39.991  -63.787  9.581 0.4000000060
18405  40.687  -68.094  7.947 0.2000000030
20807  43.824  -66.952  8.575 0.3000000119
22070  43.686  -65.805  9.121 0.4000000060
29384  37.254  -59.419  12.771 0.4000000060
22071  42.828  -65.522  9.196 0.3000000119
24558  39.359  -63.235  9.862 0.5000000000
25731  38.394  -62.199  10.418 0.5000000000
31908  38.657  -57.846  13.817 0.4000000060
19617  41.564  -67.717  7.071 0.2000000030
18426  42.663  -67.985  6.813 0.2000000030
23339  42.134  -64.763  8.887 0.4000000060
26872  38.128  -61.074  10.626 0.5000000000
29408  38.003  -59.592  11.293 0.4000000060
20849  40.959  -66.934  7.159 0.2000000030
19615  43.250  -67.532  6.743 0.2000000030
19572  44.100  -67.228  8.072 0.2000000030
20806  44.329  -66.489  8.510 0.2000000030
23338  42.695  -65.107  8.893 0.4000000060
25738  39.516  -62.225  9.202 0.5000000000
25739  38.860  -61.866  9.689 0.5000000000
20828  40.123  -66.415  7.340 0.2000000030
22091  43.398  -65.454  8.936 0.4000000060
25730  38.964  -62.518  9.873 0.5000000000
28066  37.716  -60.312  11.276 0.5000000000
31873  40.568  -57.187  14.070 0.4000000060
34435  40.553  -55.964  14.724 0.2000000030
31907  39.240  -57.699  13.652 0.4000000060
30656  37.763  -58.878  12.522 0.4000000060
19616  42.353  -67.539  6.614 0.2000000030
20782  44.135  -66.073  9.044 0.4000000060
29407  38.487  -59.464  10.729 0.4000000060
30655  38.387  -58.668  12.040 0.4000000060
19593  44.034  -67.218  7.239 0.2000000030
20827  44.645  -66.670  7.673 0.2000000030
20846  43.672  -66.822  6.251 0.2000000030
31906  40.201  -57.669  13.510 0.4000000060
30641  39.090  -58.113  12.684 0.4000000060
30654  39.323  -58.299  11.818 0.4000000060
24566  41.364  -63.995  8.801 0.3000000119
26878  38.536  -61.282  9.911 0.5000000000
30669  38.708  -58.761  11.327 0.4000000060
22069  44.141  -65.767  8.942 0.4000000060
23358  42.586  -64.408  8.521 0.4000000060
24580  42.176  -63.705  8.289 0.3000000119
24567  40.584  -63.448  8.959 0.4000000060
22090  43.908  -65.425  8.795 0.4000000060
19614  43.882  -67.082  6.675 0.2000000030
31924  39.684  -57.857  13.090 0.4000000060
28065  38.202  -60.267  10.600 0.5000000000
28073  38.639  -60.224  9.912 0.5000000000
24581  41.285  -63.269  8.433 0.4000000060
25737  40.156  -62.687  8.833 0.5000000000
26877  39.139  -60.992  9.275 0.5000000000
25751  40.202  -62.003  8.621 0.5000000000
25750  40.799  -62.474  8.386 0.5000000000
23253  41.110  -64.452  14.712 0.4000000060
31874  39.601  -57.275  14.188 0.4000000060
31925  39.201  -57.920  13.195 0.4000000060
20735  42.839  -66.770  13.766 0.3000000119
22037  42.301  -66.004  13.783 0.3000000119
19501  44.120  -67.907  13.670 0.2000000030
19502  43.119  -67.830  13.417 0.3000000119
19503  42.335  -67.428  13.312 0.3000000119
18322  42.957  -68.593  12.549 0.2000000030
18323  42.244  -68.297  12.280 0.2000000030
17192  42.949  -69.544  10.111 0.2000000030
22129  39.439  -65.258  6.805 0.1000000015
23396  38.680  -64.607  6.342 0.1000000015
24615  48.595  -63.292  6.771 0.1000000015
22022  44.826  -66.486  14.983 0.1000000015
22024  43.043  -65.761  14.351 0.2000000030
20734  43.649  -67.241  13.882 0.2000000030
20714  43.595  -66.623  14.241 0.2000000030
18287  45.249  -68.215  14.887 0.1000000015
19500  44.595  -68.312  13.872 0.1000000015
19480  44.601  -67.872  14.085 0.2000000030
18288  44.848  -68.641  14.676 0.1000000015
18305  44.673  -68.949  13.825 0.1000000015
19596  40.481  -67.524  7.740 0.1000000015
22109  39.889  -65.778  7.105 0.1000000015
20867  44.979  -66.146  5.877 0.1000000015
22125  46.107  -65.678  6.974 0.1000000015
22107  46.640  -65.145  7.359 0.1000000015
23353  46.594  -64.741  7.923 0.1000000015
22148  45.338  -65.490  5.723 0.1000000015
22124  46.580  -65.052  6.642 0.1000000015
23371  47.117  -64.468  7.578 0.1000000015
24593  46.171  -63.810  7.565 0.1000000015
23369  48.325  -63.778  6.923 0.1000000015
25764  47.389  -63.116  7.165 0.1000000015
25791  46.032  -62.779  6.598 0.1000000015
25812  46.518  -62.240  6.099 0.1000000015
26944  46.039  -61.553  5.564 0.1000000015
20713  44.442  -67.174  14.378 0.2000000030
19479  45.028  -68.043  14.461 0.1000000015
22089  44.708  -65.663  8.652 0.1000000015
20847  42.782  -66.571  6.160 0.1000000015
20826  45.394  -66.191  7.318 0.1000000015
22088  45.769  -65.453  8.329 0.1000000015
23374  44.977  -64.367  8.040 0.2000000030
24596  43.157  -63.477  7.805 0.3000000119
25768  42.217  -62.156  7.388 0.3000000119
26899  41.741  -61.434  7.466 0.3000000119
23394  40.661  -64.687  5.988 0.1000000015
22126  42.650  -65.815  5.909 0.1000000015
22087  46.522  -65.131  8.013 0.1000000015
23373  45.746  -64.375  7.944 0.1000000015
24595  44.239  -63.886  7.774 0.2000000030
25767  42.950  -62.429  7.099 0.3000000119
22150  43.403  -65.764  5.603 0.1000000015
24618  45.664  -63.347  7.070 0.1000000015
25793  43.728  -62.137  6.554 0.2000000030
25794  43.090  -61.654  6.599 0.3000000119
25814  44.870  -62.090  5.831 0.1000000015
26920  44.348  -61.531  6.007 0.2000000030
28117  43.352  -60.361  6.399 0.4000000060
28139  46.480  -60.974  5.207 0.1000000015
28141  44.754  -60.532  5.628 0.1000000015
29483  44.490  -59.568  5.835 0.3000000119
24396  46.166  -63.794  19.371 0.1000000015
23175  46.229  -64.714  18.576 0.1000000015
28072  39.227  -60.129  9.348 0.4000000060
26886  39.961  -61.152  8.634 0.4000000060
25749  41.632  -62.571  7.869 0.3000000119
26884  41.158  -61.823  7.879 0.4000000060
26885  40.689  -61.389  8.167 0.4000000060
28098  42.247  -60.522  7.132 0.4000000060
29449  41.817  -59.549  7.718 0.4000000060
28118  42.747  -60.461  6.701 0.4000000060
29466  43.122  -59.605  6.732 0.5000000000
28116  44.007  -60.452  6.016 0.3000000119
30744  43.764  -59.108  6.625 0.5000000000
28158  46.762  -60.346  4.902 0.2000000030
28140  45.633  -60.604  5.252 0.1000000015
29465  43.869  -59.575  6.311 0.4000000060
28137  48.389  -61.090  5.338 0.1000000015
28157  47.705  -60.352  4.773 0.1000000015
29505  46.010  -59.685  4.898 0.2000000030
29482  45.195  -59.607  5.384 0.2000000030
28155  49.490  -60.526  4.672 0.1000000015
28156  48.731  -60.343  4.796 0.1000000015
30784  46.326  -58.977  4.759 0.2000000030
26974  49.557  -61.024  4.502 0.1000000015
29406  39.191  -59.067  10.281 0.4000000060
29414  39.540  -59.312  9.595 0.4000000060
28082  40.819  -60.238  8.242 0.4000000060
28083  39.778  -59.991  8.800 0.4000000060
28081  41.403  -59.810  7.916 0.4000000060
29428  40.688  -59.191  8.764 0.4000000060
29448  42.520  -59.517  7.267 0.4000000060
30725  42.866  -58.737  7.646 0.4000000060
29426  42.246  -59.008  7.800 0.4000000060
30724  43.508  -58.821  7.092 0.5000000000
30723  44.235  -58.331  7.033 0.4000000060
30759  45.709  -58.474  5.366 0.3000000119
30760  44.868  -58.946  5.588 0.4000000060
30743  44.605  -58.490  6.318 0.4000000060
30781  49.275  -58.266  4.038 0.2000000030
30782  48.240  -58.425  4.213 0.2000000030
30758  46.508  -57.939  5.151 0.2000000030
29501  49.740  -59.222  4.204 0.1000000015
29502  49.003  -59.370  4.326 0.2000000030
27011  47.484  -61.081  1.473 0.1000000015
30685  39.782  -58.648  10.250 0.4000000060
30668  39.420  -58.573  10.926 0.4000000060
30702  40.947  -58.615  9.319 0.4000000060
30701  41.664  -58.458  8.952 0.4000000060
30700  42.685  -58.307  8.436 0.4000000060
30699  43.588  -58.265  7.910 0.4000000060
30698  44.125  -58.205  7.508 0.3000000119
32004  45.135  -57.742  6.738 0.4000000060
31988  44.779  -57.813  7.290 0.4000000060
32022  46.358  -57.646  5.610 0.3000000119
32003  45.723  -57.635  6.268 0.3000000119
30742  45.275  -58.115  5.918 0.4000000060
32058  49.868  -57.900  4.136 0.2000000030
33334  49.318  -56.755  4.802 0.2000000030
32043  47.780  -57.707  4.600 0.2000000030
32021  47.124  -57.407  5.197 0.2000000030
30779  50.180  -58.364  3.937 0.2000000030
27028  46.719  -61.630  -0.085 0.1000000015
27012  46.811  -61.646  1.040 0.1000000015
28221  47.736  -60.352  0.937 0.1000000015
30640  40.111  -57.997  12.497 0.3000000119
30667  40.493  -58.314  10.820 0.4000000060
30653  40.335  -58.214  11.646 0.3000000119
30666  41.549  -58.283  10.713 0.4000000060
30665  42.597  -58.372  10.568 0.4000000060
30683  41.655  -58.247  9.830 0.4000000060
30682  42.814  -58.005  9.617 0.4000000060
31970  43.807  -57.802  8.686 0.4000000060
31971  43.319  -57.802  9.116 0.4000000060
31968  45.584  -57.541  8.195 0.4000000060
31969  44.593  -57.766  8.268 0.3000000119
33277  47.489  -56.592  7.358 0.3000000119
31985  47.109  -56.830  7.474 0.3000000119
31986  46.636  -57.003  7.177 0.3000000119
31987  45.707  -57.445  7.294 0.3000000119
34590  49.729  -55.993  4.827 0.2000000030
34570  49.179  -56.129  5.711 0.2000000030
33295  48.443  -56.353  6.095 0.3000000119
33296  47.705  -56.564  6.429 0.2000000030
33333  49.747  -56.761  4.510 0.2000000030
33315  48.179  -56.602  5.722 0.2000000030
33332  50.278  -56.940  3.955 0.2000000030
30614  40.799  -58.209  13.083 0.3000000119
30639  41.161  -58.438  12.380 0.4000000060
30651  42.572  -58.724  11.450 0.3000000119
30664  43.680  -58.544  10.552 0.4000000060
30650  43.310  -58.772  11.113 0.4000000060
30663  44.609  -58.576  10.399 0.4000000060
30679  45.561  -58.361  9.771 0.3000000119
31954  43.999  -57.890  9.398 0.4000000060
30681  43.881  -58.186  9.901 0.4000000060
33248  47.546  -56.788  9.016 0.3000000119
31950  47.102  -57.449  8.854 0.2000000030
30678  46.366  -58.354  9.693 0.2000000030
31952  45.582  -57.809  9.097 0.3000000119
31953  44.752  -57.844  9.231 0.3000000119
34517  47.930  -56.076  8.080 0.3000000119
31966  47.097  -56.979  7.884 0.3000000119
31967  46.437  -57.300  8.097 0.2000000030
31951  46.353  -57.675  8.946 0.2000000030
34572  48.038  -55.310  5.484 0.2000000030
35873  47.727  -55.272  6.927 0.3000000119
34536  48.102  -55.748  7.152 0.3000000119
33276  48.088  -56.273  6.894 0.3000000119
31872  41.556  -57.272  14.103 0.3000000119
29403  45.366  -59.119  10.589 0.3000000119
31940  46.956  -58.082  10.553 0.2000000030
30661  46.864  -58.648  10.267 0.2000000030
29411  46.045  -58.793  9.982 0.2000000030
29412  45.760  -58.861  10.186 0.2000000030
33237  46.858  -57.025  10.443 0.2000000030
30660  46.894  -58.027  9.608 0.2000000030
33174  40.928  -56.559  14.398 0.2000000030
28176  49.738  -60.316  3.855 0.1000000015
28154  50.054  -59.650  4.160 0.1000000015
35894  47.530  -54.969  6.293 0.3000000119
34606  50.134  -56.264  4.026 0.2000000030
23272  40.682  -64.554  14.206 0.3000000119
22038  41.492  -65.713  13.687 0.3000000119
20736  41.775  -66.725  13.441 0.3000000119
18334  41.846  -68.198  11.608 0.2000000030
24420  46.043  -63.688  18.923 0.1000000015
22025  42.125  -65.496  14.171 0.2000000030
20805  45.313  -66.205  8.183 0.1000000015
24579  42.929  -64.139  8.337 0.3000000119
23356  44.281  -64.777  8.399 0.3000000119
24578  43.550  -64.247  8.205 0.2000000030
20845  44.516  -66.578  6.644 0.1000000015
18307  43.646  -68.464  13.168 0.1000000015
19520  42.432  -68.016  12.898 0.2000000030
25763  47.927  -63.154  7.292 0.1000000015
22023  43.994  -66.249  14.761 0.2000000030
20868  44.130  -66.411  5.755 0.1000000015
22147  46.010  -65.291  6.234 0.1000000015
23354  46.146  -64.840  8.186 0.1000000015
24592  47.127  -63.666  7.498 0.1000000015
24617  46.607  -63.273  7.140 0.1000000015
25792  44.814  -62.741  6.524 0.1000000015
23355  45.326  -64.901  8.383 0.2000000030
24597  42.400  -62.892  7.667 0.3000000119
25765  44.626  -63.391  7.223 0.2000000030
25766  43.908  -63.003  7.193 0.3000000119
26898  42.494  -61.395  6.900 0.4000000060
26900  41.174  -61.158  7.751 0.4000000060
26921  43.579  -61.181  6.359 0.3000000119
29429  40.056  -59.350  9.082 0.4000000060
29427  41.566  -59.163  8.202 0.4000000060
29503  47.921  -59.428  4.333 0.2000000030
30783  46.991  -58.413  4.615 0.2000000030
30684  40.549  -58.466  9.911 0.4000000060
32019  48.747  -57.111  4.728 0.2000000030
33297  47.171  -56.734  6.890 0.3000000119
32001  47.596  -56.845  5.714 0.2000000030
33314  48.873  -56.713  5.266 0.2000000030
30652  41.406  -58.444  11.559 0.4000000060
33260  47.545  -56.687  8.160 0.3000000119
34571  48.896  -55.691  5.623 0.2000000030
34555  48.553  -56.073  6.315 0.2000000030
30638  42.278  -58.863  12.252 0.4000000060
30680  44.713  -58.189  9.868 0.4000000060
34495  47.417  -56.472  9.405 0.2000000030
33236  47.309  -56.845  9.679 0.2000000030
31939  47.147  -57.633  9.743 0.2000000030
30677  46.745  -57.864  9.345 0.2000000030
30613  42.117  -58.586  13.061 0.2000000030
29354  42.675  -59.049  12.690 0.3000000119
31905  41.225  -57.793  13.572 0.2000000030
30586  42.668  -58.363  13.664 0.2000000030
18332  43.021  -69.232  11.691 0.1000000015
22000  45.385  -66.417  15.690 0.1000000015
18333  42.481  -68.722  11.584 0.1000000015
18344  42.825  -69.049  10.763 0.1000000015
34409  41.306  -55.603  15.155 0.1000000015
34434  41.171  -56.132  14.673 0.1000000015
33140  43.062  -56.035  15.223 0.1000000015
33141  42.355  -56.030  15.056 0.1000000015
33172  43.055  -56.778  14.796 0.1000000015
31904  42.055  -57.904  13.694 0.1000000015
31871  42.629  -57.637  14.235 0.1000000015
30585  43.547  -58.676  13.931 0.2000000030
29397  43.062  -59.281  12.022 0.2000000030
29328  43.741  -59.404  13.370 0.2000000030
29353  43.224  -59.425  12.919 0.2000000030
29383  43.027  -59.290  12.463 0.2000000030
29351  45.290  -60.344  13.425 0.2000000030
29352  44.537  -60.051  12.920 0.2000000030
29382  43.904  -59.776  12.290 0.2000000030
29396  43.700  -59.382  11.609 0.2000000030
29395  44.399  -59.465  11.347 0.2000000030
29404  44.544  -59.056  10.899 0.2000000030
28063  46.152  -59.940  10.965 0.1000000015
29327  44.559  -59.563  13.669 0.2000000030
28035  44.287  -59.876  11.818 0.2000000030
28053  44.757  -59.902  11.559 0.2000000030
28052  45.563  -60.158  11.446 0.1000000015
28064  45.739  -59.737  10.831 0.1000000015
33173  41.871  -56.540  14.585 0.1000000015
34408  42.439  -55.288  15.631 0.1000000015
33171  43.715  -57.105  14.922 0.1000000015
30612  43.042  -58.932  13.381 0.2000000030
35874  47.152  -54.847  7.117 0.2000000030
35853  47.585  -55.336  7.668 0.2000000030
35855  45.953  -54.597  8.331 0.2000000030
34506  47.498  -56.054  9.057 0.2000000030
35854  46.905  -54.822  8.022 0.2000000030
35833  47.386  -55.379  8.557 0.2000000030
35875  46.211  -54.587  7.331 0.2000000030
35834  46.740  -54.850  8.956 0.1000000015
35835  45.847  -54.694  9.272 0.2000000030
34507  47.156  -55.447  9.311 0.2000000030
34496  47.131  -56.116  9.824 0.2000000030
35836  45.047  -54.497  9.557 0.1000000015
35822  45.656  -54.825  10.119 0.1000000015
35821  46.492  -55.242  9.853 0.1000000015
37048  43.750  -54.098  9.968 0.1000000015
37067  43.826  -53.994  9.152 0.1000000015
30584  44.629  -58.785  14.397 0.1000000015
34482  46.514  -55.850  10.713 0.1000000015
35810  45.553  -54.742  11.035 0.1000000015
35809  46.112  -55.135  10.596 0.1000000015
37030  44.187  -54.219  10.532 0.1000000015
35823  44.887  -54.555  10.363 0.1000000015
37031  43.407  -54.023  10.636 0.1000000015
37017  44.047  -53.994  11.286 0.1000000015
37019  42.059  -53.074  11.538 0.1000000015
29326  45.567  -60.035  14.169 0.1000000015
29299  45.985  -59.557  14.635 0.1000000015
34483  46.066  -55.292  11.142 0.1000000015
35799  44.562  -54.058  11.649 0.1000000015
37006  42.898  -53.139  12.394 0.1000000015
37018  43.127  -53.728  11.509 0.1000000015
29325  46.332  -60.227  14.469 0.1000000015
33212  45.931  -55.981  12.193 0.1000000015
31931  46.610  -57.789  11.358 0.1000000015
35785  45.873  -54.336  13.322 0.1000000015
33213  45.843  -55.375  12.275 0.1000000015
34469  46.152  -55.761  11.475 0.1000000015
33224  46.343  -56.624  11.430 0.1000000015
35786  45.507  -54.297  12.746 0.1000000015
34456  45.776  -54.908  12.407 0.1000000015
36994  45.051  -53.461  13.201 0.1000000015
37004  45.025  -53.882  12.511 0.1000000015
35798  45.216  -54.292  11.930 0.1000000015
38182  44.193  -52.561  13.405 0.1000000015
37005  44.220  -53.688  12.189 0.1000000015
36995  43.756  -53.052  12.909 0.1000000015
27988  46.705  -61.095  14.151 0.1000000015
27989  45.927  -60.875  13.632 0.1000000015
38170  45.515  -52.587  13.844 0.1000000015
36980  45.364  -52.997  13.616 0.1000000015
39179  44.631  -51.840  13.802 0.1000000015
30649  46.792  -58.847  11.188 0.1000000015
35856  45.135  -54.292  8.753 0.1000000015
37066  44.545  -54.177  9.144 0.1000000015
38192  42.864  -52.691  12.727 0.1000000015
33199  46.006  -56.065  13.081 0.1000000015
29591  45.094  -59.774  -0.033 0.1000000015
29560  44.532  -59.436  1.559 0.1000000015
28237  44.673  -60.028  0.180 0.1000000015
28255  45.390  -59.983  -0.876 0.1000000015
28271  43.740  -60.955  -1.980 0.1000000015
28284  43.810  -61.267  -2.917 0.1000000015
27106  42.695  -61.882  -4.309 0.1000000015
30856  46.242  -58.920  0.286 0.1000000015
29559  45.157  -59.291  1.129 0.1000000015
28257  43.845  -60.672  -0.722 0.1000000015
28270  44.794  -60.521  -1.685 0.1000000015
29541  44.322  -59.170  2.262 0.1000000015
30843  45.005  -58.877  1.830 0.1000000015
30823  46.557  -58.302  1.441 0.1000000015
30841  46.721  -58.520  0.663 0.1000000015
29590  45.655  -59.649  -0.702 0.1000000015
28222  43.473  -60.006  1.729 0.1000000015
32074  46.993  -57.602  2.049 0.1000000015
32073  47.742  -57.176  1.735 0.1000000015
29561  43.899  -59.600  2.019 0.1000000015
30825  44.541  -58.446  2.899 0.1000000015
30808  43.640  -58.577  3.773 0.1000000015
29543  42.901  -59.471  3.061 0.1000000015
29523  43.441  -58.934  3.346 0.1000000015
29524  42.913  -59.177  3.700 0.1000000015
30842  45.861  -58.801  1.108 0.1000000015
25986  41.621  -62.512  -4.225 0.1000000015
7833  36.949  -78.051  18.543 0.1000000015
7853  37.065  -78.041  18.235 0.1000000015
7854  36.707  -78.250  17.775 0.1000000015
8703  37.055  -77.688  18.958 0.1000000015
8727  38.154  -77.326  17.748 0.1000000015
9631  35.535  -76.300  17.054 0.1000000015
9645  39.197  -76.241  16.920 0.1000000015
10560  40.419  -75.207  17.740 0.1000000015
10561  39.792  -75.684  17.516 0.1000000015
10562  39.083  -75.536  16.648 0.1000000015
11548  41.329  -74.196  18.304 0.1000000015
11568  41.279  -74.412  17.931 0.1000000015
11585  41.245  -74.250  17.771 0.1000000015
11587  40.110  -74.787  16.984 0.1000000015
11611  39.637  -75.416  16.794 0.1000000015
12644  41.902  -73.148  18.575 0.1000000015
12647  35.950  -73.187  18.329 0.1000000015
13725  31.514  -72.056  15.669 0.1000000015
14734  43.148  -71.281  20.042 0.1000000015
14737  41.058  -71.243  19.265 0.1000000015
14760  32.740  -71.372  17.591 0.1000000015
15874  32.924  -70.941  17.762 0.1000000015
15876  31.775  -70.620  16.984 0.1000000015
17001  42.925  -68.853  21.894 0.1000000015
17052  35.830  -68.911  19.428 0.1000000015
17232  41.914  -69.142  8.028 0.2000000030
18187  43.488  -68.869  22.007 0.1000000015
18188  43.259  -68.845  21.916 0.1000000015
18218  32.738  -67.908  18.815 0.1000000015
18231  33.091  -68.712  18.882 0.1000000015
18232  32.626  -68.496  18.633 0.1000000015
18233  31.990  -68.589  18.120 0.1000000015
18297  36.758  -68.090  13.932 0.1000000015
18378  41.164  -68.849  8.445 0.1000000015
18427  42.214  -68.168  6.978 0.2000000030
19372  37.979  -67.838  21.989 0.1000000015
19395  34.939  -67.169  20.179 0.1000000015
19427  32.034  -67.228  17.886 0.1000000015
19460  45.406  -67.536  15.596 0.1000000015
19478  45.378  -67.776  15.115 0.1000000015
19504  38.478  -68.224  13.820 0.1000000015
19511  30.783  -68.015  13.565 0.1000000015
19522  40.971  -67.219  12.284 0.4000000060
19595  41.122  -67.804  7.448 0.2000000030
19618  41.070  -67.508  7.349 0.2000000030
20582  36.697  -66.127  22.023 0.1000000015
20594  35.634  -66.015  21.271 0.1000000015
20612  33.987  -65.835  19.895 0.1000000015
20632  45.238  -66.216  17.974 0.1000000015
20675  31.770  -67.067  17.207 0.1000000015
20760  39.800  -65.733  11.613 0.4000000060
20786  40.754  -65.805  9.999 0.4000000060
20844  45.429  -65.987  6.493 0.1000000015
20866  45.456  -65.788  6.040 0.1000000015
20869  43.495  -66.466  5.861 0.1000000015
21920  33.738  -65.162  19.600 0.1000000015
21942  32.812  -65.814  18.454 0.1000000015
21978  45.637  -65.917  16.428 0.2000000030
22108  46.029  -65.690  7.752 0.1000000015
22146  46.467  -64.916  6.303 0.1000000015
22149  44.509  -65.628  5.496 0.1000000015
23112  37.508  -64.928  23.389 0.1000000015
23124  37.080  -64.933  22.881 0.1000000015
23164  33.652  -64.757  19.319 0.1000000015
23185  34.039  -64.093  18.471 0.1000000015
23211  34.072  -64.165  17.658 0.1000000015
23237  33.713  -64.521  17.362 0.1000000015
23256  34.625  -64.601  16.421 0.1000000015
23320  38.787  -63.909  11.160 0.4000000060
23327  40.103  -64.895  10.174 0.4000000060
23357  43.135  -64.923  8.635 0.4000000060
23370  47.899  -64.088  7.100 0.1000000015
23372  46.501  -64.361  7.792 0.1000000015
23390  48.395  -63.611  6.785 0.1000000015
23391  47.954  -63.930  6.606 0.1000000015
23392  47.253  -64.598  6.915 0.1000000015
24317  38.222  -64.552  23.796 0.1000000015
24346  38.864  -63.205  22.851 0.1000000015
24363  38.127  -63.092  22.113 0.1000000015
24366  35.646  -64.116  21.194 0.1000000015
24451  44.625  -63.877  18.220 0.2000000030
24501  38.515  -62.832  14.740 0.5000000000
24568  39.890  -63.107  9.256 0.5000000000
24590  48.285  -63.650  7.093 0.1000000015
24591  47.820  -63.697  7.283 0.1000000015
24594  45.217  -63.797  7.570 0.1000000015
24614  48.770  -62.998  6.665 0.1000000015
24616  48.465  -63.484  6.548 0.1000000015
24619  45.059  -63.397  7.053 0.2000000030
24634  49.117  -63.203  6.606 0.1000000015
24639  43.437  -63.935  5.005 0.1000000015
24676  43.598  -62.833  4.015 0.1000000015
24677  43.147  -62.767  3.740 0.1000000015
25581  38.181  -62.920  21.558 0.1000000015
25594  45.285  -62.317  19.505 0.2000000030
25672  37.698  -61.804  15.178 0.5000000000
25762  48.307  -63.317  7.115 0.1000000015
25789  47.888  -62.653  6.825 0.1000000015
25790  47.024  -62.779  6.683 0.1000000015
25813  45.547  -62.207  5.943 0.1000000015
26780  38.262  -61.464  16.634 0.5000000000
26781  37.766  -61.326  16.323 0.5000000000
26843  37.136  -61.424  14.173 0.5000000000
26844  36.758  -60.913  14.015 0.5000000000
26873  37.674  -61.312  11.326 0.5000000000
26922  43.017  -61.006  6.549 0.3000000119
26943  46.985  -61.679  5.679 0.1000000015
26945  45.139  -61.457  5.574 0.1000000015
26977  47.450  -61.602  2.850 0.2000000030
26993  48.542  -61.007  3.308 0.2000000030
27027  47.282  -61.008  0.411 0.1000000015
27082  44.045  -61.440  -3.444 0.1000000015
27097  42.675  -61.651  -3.940 0.1000000015
27107  42.294  -61.900  -4.175 0.1000000015
27793  37.164  -60.779  25.393 0.1000000015
27829  37.519  -60.042  23.827 0.1000000015
27894  40.130  -60.955  18.603 0.4000000060
27916  37.666  -60.365  17.478 0.5000000000
27960  46.778  -60.444  14.509 0.1000000015
27961  37.054  -60.939  15.347 0.5000000000
28009  36.778  -59.865  13.666 0.5000000000
28010  36.712  -60.272  13.892 0.5000000000
28037  36.736  -60.555  13.479 0.5000000000
28054  44.293  -59.680  11.616 0.2000000030
28099  41.547  -60.364  7.625 0.4000000060
28100  41.008  -60.781  7.908 0.4000000060
28159  46.182  -60.404  5.005 0.2000000030
28175  50.103  -59.636  3.877 0.2000000030
28178  42.514  -59.682  3.291 0.1000000015
28201  43.417  -59.714  2.297 0.1000000015
28256  44.904  -60.189  -0.565 0.1000000015
29189  43.595  -60.132  20.105 0.1000000015
29241  37.017  -59.381  17.325 0.5000000000
29356  36.759  -59.753  13.930 0.5000000000
29394  45.096  -59.614  11.113 0.2000000030
29398  38.238  -59.178  11.428 0.4000000060
29405  43.932  -59.052  11.131 0.2000000030
29413  40.322  -58.942  9.297 0.4000000060
29415  38.930  -59.509  10.096 0.4000000060
29447  43.041  -59.313  7.036 0.5000000000
29467  42.605  -59.996  6.911 0.5000000000
29500  50.060  -58.968  4.061 0.2000000030
29504  46.923  -59.523  4.652 0.2000000030
29506  42.800  -58.886  4.320 0.1000000015
29522  49.953  -59.394  3.455 0.2000000030
29539  49.648  -58.925  2.416 0.3000000119
29542  43.527  -59.232  2.806 0.1000000015
29572  46.183  -59.193  -0.288 0.1000000015
29573  45.573  -59.364  0.312 0.1000000015
29574  44.740  -59.768  0.738 0.1000000015
29575  44.099  -59.827  1.325 0.1000000015
30545  36.854  -58.069  15.983 0.5000000000
30589  36.943  -58.834  14.611 0.5000000000
30615  40.204  -57.916  13.048 0.4000000060
30616  38.759  -58.039  13.355 0.4000000060
30662  45.266  -58.583  10.222 0.4000000060
30761  42.560  -57.865  5.121 0.1000000015
30780  49.899  -58.371  4.117 0.1000000015
30785  44.409  -57.654  4.080 0.2000000030
30786  43.898  -57.910  4.312 0.2000000030
30805  49.690  -58.045  4.099 0.2000000030
30806  49.531  -57.849  4.134 0.2000000030
30809  43.102  -58.796  4.158 0.1000000015
30821  50.329  -57.978  2.629 0.2000000030
30826  43.766  -58.794  3.189 0.1000000015
30837  49.989  -57.732  1.954 0.1000000015
30838  49.481  -58.068  1.348 0.1000000015
30852  49.134  -57.770  0.764 0.1000000015
31723  35.877  -57.748  24.085 0.2000000030
31832  36.804  -58.096  16.231 0.5000000000
31875  38.521  -57.424  14.395 0.5000000000
31876  37.849  -57.686  14.591 0.5000000000
31955  43.491  -57.924  9.517 0.4000000060
32002  46.875  -57.027  6.173 0.3000000119
32005  41.885  -57.119  6.096 0.1000000015
32020  48.127  -57.068  5.061 0.2000000030
32039  50.324  -57.735  3.806 0.2000000030
32040  50.009  -57.649  4.152 0.2000000030
32041  49.365  -57.385  4.364 0.2000000030
32042  48.581  -57.602  4.416 0.2000000030
32044  44.283  -57.383  4.369 0.2000000030
32057  50.494  -57.412  3.316 0.3000000119
32059  49.723  -57.710  4.207 0.2000000030
32060  45.459  -57.141  3.532 0.2000000030
32072  50.467  -57.138  2.724 0.2000000030
32091  47.192  -58.037  1.107 0.1000000015
32101  49.306  -57.316  1.065 0.1000000015
32880  37.093  -56.793  29.035 0.1000000015
33200  45.868  -55.481  12.620 0.1000000015
33259  47.940  -56.293  7.618 0.3000000119
33278  47.125  -56.770  7.242 0.3000000119
33294  49.023  -56.330  5.870 0.2000000030
33298  42.387  -56.515  6.099 0.1000000015
33313  49.360  -56.393  5.209 0.2000000030
33316  44.235  -56.179  5.191 0.2000000030
33318  42.898  -56.674  5.637 0.1000000015
33336  45.312  -56.276  4.339 0.2000000030
33338  43.934  -56.661  5.015 0.2000000030
33352  49.933  -55.994  2.974 0.2000000030
33355  46.528  -56.127  3.676 0.2000000030
33356  45.736  -56.731  3.663 0.2000000030
33367  50.248  -56.711  2.463 0.2000000030
33369  48.905  -56.113  2.468 0.2000000030
33372  46.005  -56.971  3.278 0.2000000030
33381  49.964  -56.771  2.011 0.2000000030
33383  48.632  -56.878  1.435 0.1000000015
33393  48.822  -57.074  0.907 0.1000000015
34470  45.841  -55.152  11.805 0.1000000015
34516  48.069  -56.093  7.704 0.3000000119
34520  39.854  -55.595  8.270 0.1000000015
34535  48.141  -56.101  7.326 0.3000000119
34538  41.841  -55.478  7.406 0.1000000015
34539  40.952  -56.112  7.556 0.1000000015
34554  48.978  -56.144  6.021 0.2000000030
34556  48.153  -55.544  6.319 0.2000000030
34557  43.436  -55.316  6.234 0.1000000015
34573  45.272  -55.201  5.201 0.3000000119
34589  50.019  -56.447  4.331 0.2000000030
34610  46.984  -55.789  3.708 0.2000000030
34620  49.550  -55.901  2.859 0.2000000030
35529  40.492  -54.829  25.129 0.1000000015
35811  44.743  -54.311  11.149 0.1000000015
35858  41.540  -54.889  8.199 0.1000000015
35898  43.483  -54.903  6.551 0.1000000015
35899  42.923  -55.107  6.857 0.1000000015
35912  46.240  -54.724  5.623 0.3000000119
35914  44.150  -54.914  5.847 0.2000000030
35929  46.734  -54.909  4.937 0.3000000119
35931  45.523  -55.097  5.130 0.3000000119
36904  38.941  -53.056  18.096 0.1000000015
36996  43.165  -52.836  12.803 0.1000000015
37047  44.350  -54.265  9.771 0.1000000015
38115  38.850  -52.986  18.520 0.1000000015
38127  42.307  -52.902  17.884 0.2000000030
38128  39.622  -52.888  17.921 0.2000000030
38181  44.999  -52.605  13.612 0.1000000015
38183  43.174  -52.409  13.083 0.1000000015
38219  41.216  -52.611  11.028 0.1000000015
39178  45.162  -52.219  13.826 0.1000000015
