#!ascii label  , from subject 3083 vox2ras=TkReg
234
29214  38.827  -59.787  18.786 0.0000000000
23340  40.745  -64.633  9.579 0.0000000000
24452  43.903  -63.783  17.926 0.0000000000
24516  38.595  -63.189  14.091 0.0000000000
20734  43.649  -67.241  13.882 0.0000000000
22001  44.440  -65.808  15.421 0.0000000000
19461  45.012  -67.831  15.822 0.0000000000
23309  39.261  -64.698  12.186 0.0000000000
26869  37.225  -61.205  12.029 0.0000000000
26739  41.419  -61.836  18.440 0.0000000000
24480  41.681  -63.717  16.561 0.0000000000
23290  40.964  -65.113  13.780 0.0000000000
19536  40.712  -67.041  11.516 0.0000000000
18332  43.021  -69.232  11.691 0.0000000000
31771  38.782  -57.794  20.479 0.0000000000
30496  41.236  -59.028  19.972 0.0000000000
26718  43.696  -61.319  19.520 0.0000000000
27991  36.773  -60.607  14.669 0.0000000000
19425  45.506  -66.896  16.857 0.0000000000
22059  39.820  -65.139  10.551 0.0000000000
23329  38.944  -63.557  10.499 0.0000000000
25606  42.736  -62.510  18.422 0.0000000000
23205  42.782  -63.978  17.043 0.0000000000
22023  43.994  -66.249  14.761 0.0000000000
23270  42.298  -65.131  14.680 0.0000000000
22037  42.301  -66.004  13.783 0.0000000000
20737  41.021  -66.348  13.268 0.0000000000
19503  42.335  -67.428  13.312 0.0000000000
18357  42.422  -67.973  9.950 0.0000000000
29167  42.168  -59.310  20.513 0.0000000000
27879  42.864  -60.472  19.548 0.0000000000
29165  43.591  -60.028  20.336 0.0000000000
25670  39.108  -62.724  15.662 0.0000000000
25688  37.652  -61.930  14.639 0.0000000000
29407  38.487  -59.464  10.729 0.0000000000
29399  37.682  -59.416  11.875 0.0000000000
23176  45.561  -64.332  18.297 0.0000000000
23204  43.451  -64.253  17.167 0.0000000000
23227  45.776  -65.652  16.914 0.0000000000
20689  45.541  -66.902  15.551 0.0000000000
19479  45.028  -68.043  14.461 0.0000000000
24529  39.193  -64.134  13.212 0.0000000000
25699  37.990  -62.720  13.378 0.0000000000
24543  38.353  -63.428  11.788 0.0000000000
25731  38.394  -62.199  10.418 0.0000000000
23358  42.586  -64.408  8.521 0.0000000000
27895  39.503  -60.645  18.586 0.0000000000
25649  40.004  -62.736  16.587 0.0000000000
24499  40.422  -63.959  15.088 0.0000000000
23230  42.591  -64.342  16.340 0.0000000000
23252  41.766  -64.465  15.274 0.0000000000
24514  40.146  -64.275  14.302 0.0000000000
22040  40.112  -65.241  12.977 0.0000000000
20751  39.985  -65.976  12.125 0.0000000000
20772  40.565  -66.133  10.434 0.0000000000
18322  42.957  -68.593  12.549 0.0000000000
18334  41.846  -68.198  11.608 0.0000000000
19548  41.369  -67.230  10.642 0.0000000000
20784  42.187  -66.257  9.614 0.0000000000
31782  38.092  -57.568  19.604 0.0000000000
30498  38.908  -58.601  19.564 0.0000000000
30497  40.226  -58.840  19.766 0.0000000000
29193  39.653  -59.624  19.276 0.0000000000
27880  41.588  -60.490  19.348 0.0000000000
26719  42.349  -61.477  18.972 0.0000000000
25605  43.889  -62.602  18.757 0.0000000000
26716  45.536  -62.122  19.805 0.0000000000
24420  46.043  -63.688  18.923 0.0000000000
26859  36.812  -61.100  13.223 0.0000000000
30508  37.944  -59.083  18.778 0.0000000000
30526  37.150  -58.825  17.854 0.0000000000
29215  38.088  -59.856  18.302 0.0000000000
22058  40.404  -65.405  10.191 0.0000000000
23341  39.991  -63.787  9.581 0.0000000000
24423  43.502  -63.180  18.325 0.0000000000
24453  42.815  -63.498  17.664 0.0000000000
20714  43.595  -66.623  14.241 0.0000000000
20735  42.839  -66.770  13.766 0.0000000000
19502  43.119  -67.830  13.417 0.0000000000
18356  42.797  -68.673  9.763 0.0000000000
29166  42.955  -59.610  20.382 0.0000000000
24500  39.099  -63.247  15.034 0.0000000000
25671  38.311  -62.314  15.434 0.0000000000
25687  38.093  -62.502  14.343 0.0000000000
30669  38.708  -58.761  11.327 0.0000000000
23202  45.903  -65.268  17.555 0.0000000000
21954  46.160  -65.803  17.364 0.0000000000
19443  45.562  -67.261  16.236 0.0000000000
20688  45.766  -66.998  15.817 0.0000000000
20711  45.441  -67.353  15.440 0.0000000000
20712  45.353  -66.980  15.004 0.0000000000
18287  45.249  -68.215  14.887 0.0000000000
23293  39.077  -64.274  12.733 0.0000000000
24530  38.597  -63.645  12.973 0.0000000000
23310  38.770  -64.146  12.066 0.0000000000
24559  38.789  -62.964  10.282 0.0000000000
25739  38.860  -61.866  9.689 0.0000000000
26878  38.536  -61.282  9.911 0.0000000000
26721  40.438  -61.065  18.651 0.0000000000
26740  40.215  -61.657  18.194 0.0000000000
24482  39.776  -63.031  15.835 0.0000000000
24498  41.257  -63.943  15.871 0.0000000000
23229  44.024  -65.114  16.286 0.0000000000
23250  43.789  -65.416  15.500 0.0000000000
22025  42.125  -65.496  14.171 0.0000000000
23271  41.505  -64.957  14.346 0.0000000000
23253  41.110  -64.452  14.712 0.0000000000
23272  40.682  -64.554  14.206 0.0000000000
23291  40.398  -64.888  13.494 0.0000000000
20749  41.062  -66.991  12.958 0.0000000000
20750  40.487  -66.475  12.498 0.0000000000
20759  40.234  -66.310  11.399 0.0000000000
19549  40.722  -66.720  10.816 0.0000000000
15946  42.293  -70.905  11.700 0.0000000000
17174  43.059  -69.599  10.976 0.0000000000
17163  43.283  -69.751  11.775 0.0000000000
18323  42.244  -68.297  12.280 0.0000000000
18333  42.481  -68.722  11.584 0.0000000000
19547  41.981  -67.752  10.388 0.0000000000
19555  42.276  -67.178  9.860 0.0000000000
19556  41.629  -66.679  10.020 0.0000000000
31781  38.762  -57.947  19.923 0.0000000000
30480  40.689  -58.711  20.449 0.0000000000
29192  40.863  -59.662  19.585 0.0000000000
27881  40.358  -60.489  19.012 0.0000000000
25596  43.388  -62.048  19.117 0.0000000000
25595  44.409  -62.057  19.340 0.0000000000
25574  45.666  -62.886  20.159 0.0000000000
25593  45.813  -62.899  19.662 0.0000000000
25603  45.420  -62.998  19.197 0.0000000000
25716  37.418  -62.020  12.724 0.0000000000
29384  37.254  -59.419  12.771 0.0000000000
22052  39.484  -65.127  11.322 0.0000000000
23319  39.119  -64.479  11.433 0.0000000000
25607  41.799  -62.400  18.155 0.0000000000
25608  41.063  -62.279  17.983 0.0000000000
25625  42.130  -62.903  17.840 0.0000000000
24479  42.340  -63.778  16.990 0.0000000000
22002  43.673  -65.625  15.037 0.0000000000
22024  43.043  -65.761  14.351 0.0000000000
22038  41.492  -65.713  13.687 0.0000000000
20736  41.775  -66.725  13.441 0.0000000000
19521  41.695  -67.622  12.617 0.0000000000
18344  42.825  -69.049  10.763 0.0000000000
30495  41.764  -59.171  20.175 0.0000000000
29191  42.144  -59.559  19.804 0.0000000000
29190  43.251  -59.923  19.941 0.0000000000
27878  43.949  -60.490  20.071 0.0000000000
26827  37.295  -61.396  14.916 0.0000000000
26828  36.938  -61.111  14.529 0.0000000000
28066  37.716  -60.312  11.276 0.0000000000
28055  37.116  -60.247  12.331 0.0000000000
29408  38.003  -59.592  11.293 0.0000000000
30655  38.387  -58.668  12.040 0.0000000000
23177  45.022  -64.107  18.234 0.0000000000
23203  44.777  -64.451  17.503 0.0000000000
23228  45.255  -65.325  16.752 0.0000000000
21979  45.033  -65.663  16.051 0.0000000000
21999  45.793  -66.427  16.359 0.0000000000
22000  45.385  -66.417  15.690 0.0000000000
22022  44.826  -66.486  14.983 0.0000000000
20713  44.442  -67.174  14.378 0.0000000000
24515  39.488  -63.932  13.956 0.0000000000
25715  37.912  -62.798  12.322 0.0000000000
25726  37.567  -62.020  11.748 0.0000000000
24551  38.416  -63.189  10.851 0.0000000000
25725  37.968  -62.645  11.320 0.0000000000
25732  37.850  -61.881  11.033 0.0000000000
26872  38.128  -61.074  10.626 0.0000000000
28065  38.202  -60.267  10.600 0.0000000000
23339  42.134  -64.763  8.887 0.0000000000
27896  38.402  -60.575  18.043 0.0000000000
26741  39.101  -61.242  17.867 0.0000000000
23231  41.811  -64.129  16.014 0.0000000000
23251  43.033  -65.096  15.324 0.0000000000
23273  40.081  -64.457  13.823 0.0000000000
23292  39.654  -64.633  13.111 0.0000000000
22047  39.702  -65.351  12.317 0.0000000000
22039  40.620  -65.660  13.264 0.0000000000
22046  40.180  -65.732  12.644 0.0000000000
22051  39.951  -65.703  10.872 0.0000000000
22073  40.930  -65.503  9.751 0.0000000000
19500  44.595  -68.312  13.872 0.0000000000
15945  43.066  -70.358  12.056 0.0000000000
18307  43.646  -68.464  13.168 0.0000000000
19520  42.432  -68.016  12.898 0.0000000000
19535  41.309  -67.600  11.594 0.0000000000
18345  42.275  -68.366  10.682 0.0000000000
18346  41.660  -67.918  10.932 0.0000000000
20771  41.103  -66.574  10.342 0.0000000000
20785  41.225  -66.102  9.843 0.0000000000
22072  41.705  -65.444  9.526 0.0000000000
33055  37.411  -56.660  18.693 0.0000000000
33035  37.498  -56.367  19.869 0.0000000000
30499  38.027  -58.309  19.178 0.0000000000
30507  38.633  -59.214  19.146 0.0000000000
30460  40.374  -58.595  21.111 0.0000000000
30482  39.082  -58.072  20.078 0.0000000000
29194  38.982  -59.323  19.247 0.0000000000
29213  39.421  -60.068  18.920 0.0000000000
27882  39.724  -60.210  18.971 0.0000000000
26720  41.050  -61.177  18.796 0.0000000000
26738  42.076  -62.038  18.490 0.0000000000
24422  44.334  -63.278  18.485 0.0000000000
25604  44.835  -62.724  18.930 0.0000000000
24421  45.173  -63.555  18.640 0.0000000000
25700  37.477  -61.988  13.749 0.0000000000
26860  36.726  -60.736  13.651 0.0000000000
28036  36.825  -60.106  13.253 0.0000000000
18271  45.210  -68.131  15.238 0.0000000000
19460  45.406  -67.536  15.596 0.0000000000
19478  45.378  -67.776  15.115 0.0000000000
19522  40.971  -67.219  12.284 0.0000000000
20665  46.119  -66.215  17.112 0.0000000000
20760  39.800  -65.733  11.613 0.0000000000
20786  40.754  -65.805  9.999 0.0000000000
21976  46.221  -66.035  17.275 0.0000000000
21977  46.096  -65.998  16.940 0.0000000000
21978  45.637  -65.917  16.428 0.0000000000
23320  38.787  -63.909  11.160 0.0000000000
23327  40.103  -64.895  10.174 0.0000000000
24451  44.625  -63.877  18.220 0.0000000000
24501  38.515  -62.832  14.740 0.0000000000
25594  45.285  -62.317  19.505 0.0000000000
25672  37.698  -61.804  15.178 0.0000000000
26843  37.136  -61.424  14.173 0.0000000000
26844  36.758  -60.913  14.015 0.0000000000
26873  37.674  -61.312  11.326 0.0000000000
27894  40.130  -60.955  18.603 0.0000000000
28010  36.712  -60.272  13.892 0.0000000000
28037  36.736  -60.555  13.479 0.0000000000
29189  43.595  -60.132  20.105 0.0000000000
29398  38.238  -59.178  11.428 0.0000000000
30656  37.763  -58.878  12.522 0.0000000000
