#!ascii label  , from subject 3083 vox2ras=TkReg
247
95479  27.557  -3.245  -1.391 0.0000000000
85557  25.520  -12.212  1.786 0.0000000000
97530  24.988  -1.033  1.515 0.0000000000
108294  22.939  8.323  1.760 0.0000000000
83185  24.321  -14.451  2.681 0.0000000000
99717  27.133  1.377  0.854 0.0000000000
102922  27.259  3.308  2.234 0.0000000000
92273  25.319  -6.723  -2.034 0.0000000000
91153  26.659  -7.684  -0.066 0.0000000000
94359  28.656  -4.345  0.281 0.0000000000
98655  28.491  -0.566  -1.761 0.0000000000
97557  30.169  -1.709  -0.422 0.0000000000
96519  26.085  -2.635  0.313 0.0000000000
98672  26.951  0.162  -2.218 0.0000000000
106146  23.325  6.316  2.262 0.0000000000
106142  27.169  6.319  2.491 0.0000000000
88927  27.016  -9.529  1.922 0.0000000000
101866  25.156  2.316  2.861 0.0000000000
102911  24.645  3.425  3.282 0.0000000000
94397  26.536  -4.651  -1.691 0.0000000000
93286  27.365  -5.425  -1.251 0.0000000000
94395  27.798  -3.778  -1.249 0.0000000000
84378  24.636  -13.555  2.214 0.0000000000
97541  25.699  -1.500  1.002 0.0000000000
97540  26.470  -1.633  -0.021 0.0000000000
98621  26.558  -0.516  0.795 0.0000000000
101916  26.971  2.541  -0.735 0.0000000000
100853  26.864  1.548  -0.977 0.0000000000
108296  20.980  8.333  1.623 0.0000000000
106154  21.666  6.416  1.758 0.0000000000
107300  23.018  7.494  1.801 0.0000000000
110171  27.072  10.941  0.753 0.0000000000
109255  28.252  9.573  0.865 0.0000000000
107296  27.319  7.891  1.947 0.0000000000
107295  28.266  7.408  1.575 0.0000000000
106152  28.606  6.403  0.993 0.0000000000
91152  27.238  -7.308  0.559 0.0000000000
90045  26.626  -8.336  0.579 0.0000000000
82057  23.578  -15.317  2.805 0.0000000000
99719  26.213  -0.068  1.783 0.0000000000
100804  25.981  1.228  2.473 0.0000000000
101902  27.402  2.214  1.602 0.0000000000
102935  27.816  3.661  0.507 0.0000000000
90075  25.627  -8.442  -1.565 0.0000000000
92255  26.459  -6.783  -1.597 0.0000000000
92240  27.413  -6.434  -0.115 0.0000000000
93255  28.060  -5.924  0.823 0.0000000000
96553  28.126  -2.355  -1.388 0.0000000000
96552  28.788  -2.351  -0.627 0.0000000000
97572  29.801  -1.133  -0.947 0.0000000000
94376  26.024  -4.406  -1.101 0.0000000000
95441  25.492  -3.594  0.164 0.0000000000
96537  26.858  -2.749  -1.351 0.0000000000
97575  27.309  -1.290  -1.679 0.0000000000
98670  28.071  0.149  -2.225 0.0000000000
99756  27.526  0.559  -2.948 0.0000000000
99747  26.861  0.527  -1.289 0.0000000000
99767  26.580  0.603  -2.871 0.0000000000
103982  22.523  4.664  2.317 0.0000000000
108292  24.980  8.878  1.648 0.0000000000
107287  24.583  7.560  2.192 0.0000000000
106144  25.206  6.516  2.822 0.0000000000
105059  25.753  5.493  3.000 0.0000000000
105068  27.422  4.866  2.424 0.0000000000
104005  28.210  4.602  0.804 0.0000000000
86669  25.376  -11.485  0.994 0.0000000000
88954  25.869  -9.509  -0.379 0.0000000000
95459  28.951  -3.377  -0.012 0.0000000000
94358  29.307  -4.371  0.764 0.0000000000
102912  23.646  3.618  3.002 0.0000000000
94396  27.348  -4.378  -1.596 0.0000000000
80854  22.959  -17.059  4.265 0.0000000000
80869  23.630  -16.142  3.724 0.0000000000
84393  25.045  -12.993  1.747 0.0000000000
97529  25.466  -0.898  1.428 0.0000000000
102947  26.819  3.181  -1.232 0.0000000000
108295  21.856  8.335  1.535 0.0000000000
107303  20.511  7.543  1.838 0.0000000000
107301  22.317  7.321  1.641 0.0000000000
108282  23.300  7.735  1.905 0.0000000000
108301  28.645  8.432  0.811 0.0000000000
108305  29.046  8.092  0.008 0.0000000000
91151  27.795  -6.974  1.171 0.0000000000
91139  27.592  -7.571  1.339 0.0000000000
84394  24.354  -13.196  1.293 0.0000000000
99702  25.617  0.471  2.343 0.0000000000
100805  25.198  1.266  2.648 0.0000000000
102923  26.443  3.105  2.646 0.0000000000
101883  27.064  2.298  2.212 0.0000000000
101882  27.422  2.767  1.766 0.0000000000
102921  27.549  3.466  1.484 0.0000000000
109245  22.270  9.349  1.577 0.0000000000
91188  25.450  -7.552  -2.003 0.0000000000
92272  26.196  -6.572  -2.152 0.0000000000
93285  27.674  -4.929  -0.779 0.0000000000
93273  27.412  -5.908  -0.583 0.0000000000
93272  27.939  -5.394  0.048 0.0000000000
82038  23.946  -15.563  3.449 0.0000000000
97574  27.972  -1.455  -1.741 0.0000000000
97573  28.852  -1.413  -1.235 0.0000000000
98654  29.462  -0.496  -1.570 0.0000000000
94398  25.663  -5.182  -1.364 0.0000000000
95461  25.905  -3.906  -0.621 0.0000000000
95440  26.208  -3.332  -0.333 0.0000000000
96518  26.561  -2.639  -0.632 0.0000000000
98657  26.992  -0.355  -1.691 0.0000000000
98671  27.320  0.093  -2.222 0.0000000000
99718  26.769  0.706  1.385 0.0000000000
99734  26.945  0.751  0.056 0.0000000000
100862  26.545  1.400  -2.014 0.0000000000
100870  26.799  1.199  -3.755 0.0000000000
106153  22.551  6.335  1.948 0.0000000000
105070  21.289  5.454  1.708 0.0000000000
105069  22.186  5.484  1.865 0.0000000000
105062  22.905  5.497  2.375 0.0000000000
110155  27.358  10.149  1.157 0.0000000000
110156  26.739  10.471  1.142 0.0000000000
108291  25.889  8.807  1.594 0.0000000000
107298  25.387  8.126  1.888 0.0000000000
107285  26.763  7.190  2.364 0.0000000000
107286  25.750  7.315  2.349 0.0000000000
106143  26.225  6.363  2.597 0.0000000000
105060  24.731  5.543  3.181 0.0000000000
103978  26.219  4.671  3.022 0.0000000000
105057  27.595  5.604  2.379 0.0000000000
106161  28.703  6.384  -0.020 0.0000000000
105066  28.373  5.457  1.451 0.0000000000
105092  28.294  5.488  -0.608 0.0000000000
104017  28.188  4.757  0.018 0.0000000000
86670  24.762  -11.953  0.761 0.0000000000
90074  26.203  -8.171  -1.187 0.0000000000
88969  25.527  -9.149  -1.057 0.0000000000
90058  26.345  -8.448  -0.407 0.0000000000
88938  26.329  -9.330  0.996 0.0000000000
87805  26.170  -10.404  1.279 0.0000000000
97558  29.409  -1.714  -0.565 0.0000000000
96536  29.603  -2.386  -0.133 0.0000000000
100783  24.258  1.566  2.804 0.0000000000
101867  23.894  2.572  3.084 0.0000000000
102910  25.608  3.298  3.029 0.0000000000
103992  26.157  3.918  3.065 0.0000000000
93307  25.937  -5.721  -2.165 0.0000000000
93306  26.734  -5.469  -2.004 0.0000000000
94375  27.602  -4.741  -1.167 0.0000000000
94374  28.039  -4.263  -0.737 0.0000000000
83170  24.660  -14.840  3.255 0.0000000000
83184  24.924  -13.871  2.787 0.0000000000
83169  25.402  -14.391  3.445 0.0000000000
98669  29.036  0.221  -2.143 0.0000000000
98668  30.223  0.071  -2.415 0.0000000000
96520  25.117  -2.632  0.846 0.0000000000
97559  26.777  -1.663  -1.208 0.0000000000
98639  26.714  -0.522  -0.594 0.0000000000
100839  27.326  1.959  0.539 0.0000000000
101922  26.589  2.398  -1.592 0.0000000000
107289  22.974  6.914  1.835 0.0000000000
109256  27.696  9.887  1.122 0.0000000000
109240  27.260  9.638  1.429 0.0000000000
108290  26.857  8.842  1.795 0.0000000000
107284  27.662  7.021  2.232 0.0000000000
106141  27.873  6.315  2.227 0.0000000000
107305  28.712  7.338  0.501 0.0000000000
90036  26.842  -8.665  1.346 0.0000000000
80889  23.121  -16.079  2.983 0.0000000000
84379  23.957  -13.833  1.898 0.0000000000
98607  25.256  -0.401  1.902 0.0000000000
98622  25.889  -0.703  1.400 0.0000000000
99701  26.354  0.672  2.147 0.0000000000
100824  27.132  1.617  1.602 0.0000000000
101885  25.642  1.704  2.646 0.0000000000
100803  26.650  1.390  2.141 0.0000000000
100823  27.394  1.924  1.134 0.0000000000
101915  27.355  2.704  0.088 0.0000000000
102946  27.424  3.644  -0.589 0.0000000000
109246  21.576  9.202  1.844 0.0000000000
109244  23.255  9.627  1.352 0.0000000000
91187  26.136  -7.522  -1.701 0.0000000000
91169  26.419  -7.395  -0.866 0.0000000000
92271  26.733  -6.110  -1.732 0.0000000000
92254  26.834  -6.365  -0.892 0.0000000000
91168  26.883  -7.023  -0.264 0.0000000000
92239  27.730  -6.378  0.674 0.0000000000
92224  28.199  -6.395  1.265 0.0000000000
97571  30.623  -1.325  -1.011 0.0000000000
98653  30.379  -0.733  -1.520 0.0000000000
98652  30.914  -1.093  -1.468 0.0000000000
95480  27.000  -3.470  -1.690 0.0000000000
94377  25.311  -4.535  -0.526 0.0000000000
95460  26.469  -3.597  -1.169 0.0000000000
96554  27.333  -2.326  -1.583 0.0000000000
98656  27.673  -0.573  -1.882 0.0000000000
100860  28.272  0.940  -3.385 0.0000000000
99758  26.707  0.533  -2.308 0.0000000000
99766  26.783  0.667  -3.194 0.0000000000
103981  23.279  4.601  2.787 0.0000000000
109243  24.383  9.698  1.132 0.0000000000
108293  24.072  8.629  1.758 0.0000000000
108281  23.670  7.920  2.055 0.0000000000
107288  23.588  7.186  2.047 0.0000000000
106145  24.218  6.425  2.516 0.0000000000
107297  26.330  8.032  1.995 0.0000000000
105061  23.785  5.478  2.715 0.0000000000
103980  24.214  4.524  3.204 0.0000000000
103979  25.353  4.412  3.285 0.0000000000
103991  26.901  4.188  2.677 0.0000000000
105056  28.119  5.754  2.066 0.0000000000
105067  28.034  5.048  2.139 0.0000000000
103990  27.624  4.221  2.040 0.0000000000
102934  28.151  4.249  0.257 0.0000000000
104018  27.847  4.615  -0.566 0.0000000000
85566  24.875  -12.377  1.225 0.0000000000
86659  25.665  -11.715  1.504 0.0000000000
87833  25.344  -10.113  -0.320 0.0000000000
88953  26.289  -9.085  0.228 0.0000000000
88939  26.078  -9.713  0.372 0.0000000000
87818  25.506  -10.456  0.405 0.0000000000
87806  25.675  -10.828  1.015 0.0000000000
86668  25.811  -11.035  1.269 0.0000000000
95478  28.184  -3.217  -0.917 0.0000000000
95458  29.997  -3.070  0.356 0.0000000000
95438  29.645  -3.803  0.629 0.0000000000
93271  28.866  -4.937  0.841 0.0000000000
80888  23.533  -15.766  3.240 0.0000000000
90044  27.190  -8.063  1.096 0.0000000000
90059  25.999  -8.801  -0.990 0.0000000000
93254  28.515  -5.626  1.128 0.0000000000
93270  29.441  -4.764  1.088 0.0000000000
95439  29.124  -3.951  0.457 0.0000000000
99733  27.088  1.464  0.334 0.0000000000
99754  29.410  0.736  -2.708 0.0000000000
99755  28.536  0.788  -2.874 0.0000000000
99757  26.898  0.340  -2.667 0.0000000000
100840  27.064  1.817  -0.120 0.0000000000
100861  28.005  0.801  -3.238 0.0000000000
101865  25.846  2.693  2.768 0.0000000000
101884  26.168  2.074  2.597 0.0000000000
101901  27.502  2.659  1.018 0.0000000000
102945  28.079  4.100  -0.162 0.0000000000
103989  28.094  4.659  1.592 0.0000000000
104006  27.834  4.128  1.287 0.0000000000
105058  26.766  5.353  2.675 0.0000000000
105081  28.487  5.489  0.435 0.0000000000
106140  28.280  6.363  1.771 0.0000000000
107283  28.096  6.791  2.026 0.0000000000
107308  28.737  7.295  -0.452 0.0000000000
109239  27.811  9.496  1.283 0.0000000000
110170  27.660  10.515  0.772 0.0000000000
