#!ascii label  , from subject 3083 vox2ras=TkReg
601
75203  22.144  -21.688  7.200 0.1428571492
73931  21.446  -22.458  7.366 0.1428571492
76412  21.976  -20.539  6.180 0.1428571492
75202  23.056  -21.689  7.542 0.1428571492
76385  22.685  -20.996  7.024 0.2857142985
75204  21.495  -21.844  6.892 0.1428571492
76384  23.657  -20.986  7.157 0.1428571492
77562  22.298  -19.402  5.556 0.5714285970
77541  23.707  -19.726  6.214 0.1428571492
78657  25.111  -18.627  6.366 0.2857142985
77540  24.598  -19.383  6.442 0.2857142985
79739  25.331  -17.957  6.119 0.1428571492
79740  24.782  -18.113  6.067 0.2857142985
82018  25.843  -15.357  4.650 0.2857142985
80851  25.325  -15.904  4.687 0.1428571492
84362  26.829  -13.236  3.446 0.2857142985
83151  26.262  -14.586  4.237 0.2857142985
85555  26.913  -12.061  2.915 0.2857142985
84376  26.296  -13.007  2.965 0.2857142985
87794  26.721  -10.569  2.204 0.2857142985
91139  27.592  -7.571  1.339 0.8571428657
88927  27.016  -9.529  1.922 0.4285714328
87793  27.472  -10.697  2.826 0.2857142985
93255  28.060  -5.924  0.823 0.7142857313
92224  28.199  -6.395  1.265 0.7142857313
91151  27.795  -6.974  1.171 0.7142857313
90036  26.842  -8.665  1.346 0.7142857313
94358  29.307  -4.371  0.764 0.8571428657
93271  28.866  -4.937  0.841 0.5714285970
93272  27.939  -5.394  0.048 0.8571428657
92239  27.730  -6.378  0.674 0.7142857313
91152  27.238  -7.308  0.559 0.7142857313
96535  30.490  -2.457  -0.124 0.4285714328
95438  29.645  -3.803  0.629 0.7142857313
94359  28.656  -4.345  0.281 0.8571428657
98667  31.102  -0.787  -2.001 0.2857142985
98653  30.379  -0.733  -1.520 0.5714285970
96536  29.603  -2.386  -0.133 0.8571428657
97557  30.169  -1.709  -0.422 0.7142857313
95459  28.951  -3.377  -0.012 0.8571428657
98684  31.237  -0.369  -4.247 0.1428571492
98677  31.254  -0.504  -3.031 0.1428571492
97571  30.623  -1.325  -1.011 0.5714285970
97558  29.409  -1.714  -0.565 0.8571428657
100880  29.369  1.241  -4.721 0.1428571492
99784  31.024  0.156  -4.835 0.1428571492
99775  30.378  0.636  -4.442 0.1428571492
98668  30.223  0.071  -2.415 0.4285714328
100892  28.628  1.244  -5.956 0.1428571492
99787  28.900  0.880  -6.706 0.1428571492
100881  28.131  1.323  -4.779 0.1428571492
100879  29.850  1.147  -4.117 0.1428571492
99764  29.188  1.051  -3.111 0.4285714328
98654  29.462  -0.496  -1.570 0.7142857313
96553  28.126  -2.355  -1.388 0.8571428657
100882  26.926  1.259  -4.734 0.1428571492
100869  27.692  1.042  -3.726 0.1428571492
100860  28.272  0.940  -3.385 0.5714285970
98655  28.491  -0.566  -1.761 0.8571428657
97573  28.852  -1.413  -1.235 0.8571428657
97574  27.972  -1.455  -1.741 0.8571428657
100870  26.799  1.199  -3.755 0.2857142985
99765  27.158  0.808  -3.423 0.1428571492
99766  26.783  0.667  -3.194 0.8571428657
98670  28.071  0.149  -2.225 0.8571428657
98669  29.036  0.221  -2.143 0.7142857313
101930  26.377  2.393  -2.650 0.1428571492
101938  25.814  2.463  -3.778 0.1428571492
100871  26.370  1.303  -3.162 0.4285714328
99747  26.861  0.527  -1.289 0.8571428657
99758  26.707  0.533  -2.308 0.8571428657
98657  26.992  -0.355  -1.691 0.8571428657
100862  26.545  1.400  -2.014 0.4285714328
98672  26.951  0.162  -2.218 0.8571428657
98639  26.714  -0.522  -0.594 0.8571428657
102953  26.493  3.454  -2.000 0.2857142985
101922  26.589  2.398  -1.592 0.5714285970
100853  26.864  1.548  -0.977 0.8571428657
99734  26.945  0.751  0.056 0.8571428657
98621  26.558  -0.516  0.795 0.8571428657
102952  26.918  3.890  -1.313 0.2857142985
102947  26.819  3.181  -1.232 0.7142857313
101916  26.971  2.541  -0.735 0.8571428657
99717  27.133  1.377  0.854 0.8571428657
100824  27.132  1.617  1.602 0.8571428657
102946  27.424  3.644  -0.589 0.8571428657
101882  27.422  2.767  1.766 0.8571428657
100823  27.394  1.924  1.134 0.8571428657
101883  27.064  2.298  2.212 0.7142857313
100803  26.650  1.390  2.141 0.7142857313
102935  27.816  3.661  0.507 0.8571428657
102921  27.549  3.466  1.484 0.8571428657
101902  27.402  2.214  1.602 0.8571428657
102922  27.259  3.308  2.234 0.8571428657
103991  26.901  4.188  2.677 0.8571428657
102923  26.443  3.105  2.646 0.7142857313
105066  28.373  5.457  1.451 0.7142857313
105067  28.034  5.048  2.139 0.8571428657
105056  28.119  5.754  2.066 0.8571428657
105057  27.595  5.604  2.379 0.8571428657
107285  26.763  7.190  2.364 0.7142857313
105068  27.422  4.866  2.424 0.8571428657
109278  28.987  9.340  -1.348 0.1428571492
106141  27.873  6.315  2.227 0.8571428657
107284  27.662  7.021  2.232 0.7142857313
107296  27.319  7.891  1.947 0.7142857313
106142  27.169  6.319  2.491 0.8571428657
110184  28.986  10.429  -0.734 0.1428571492
108301  28.645  8.432  0.811 0.5714285970
109255  28.252  9.573  0.865 0.5714285970
110155  27.358  10.149  1.157 0.5714285970
110169  28.462  10.420  0.178 0.1428571492
112188  28.610  12.818  -1.630 0.1428571492
110156  26.739  10.471  1.142 0.5714285970
112189  28.097  13.462  -1.109 0.1428571492
113148  28.153  13.859  -1.610 0.1428571492
111167  27.392  11.420  0.422 0.1428571492
114110  26.910  14.847  -1.733 0.1428571492
110171  27.072  10.941  0.753 0.5714285970
113149  27.462  14.265  -1.142 0.1428571492
113136  26.915  13.720  -0.567 0.1428571492
114121  26.684  15.369  -1.948 0.1428571492
114096  25.758  14.928  -0.935 0.1428571492
73930  22.377  -22.564  7.716 0.1428571492
72753  21.698  -23.011  7.697 0.1428571492
76411  23.202  -20.395  6.562 0.2857142985
76410  24.190  -20.288  6.739 0.1428571492
81999  26.556  -15.704  5.259 0.2857142985
80838  25.796  -16.361  5.186 0.2857142985
80839  25.002  -16.754  5.369 0.1428571492
86657  26.749  -11.405  2.611 0.2857142985
90035  27.613  -8.354  1.769 0.4285714328
95437  30.476  -3.764  0.678 0.2857142985
90045  26.626  -8.336  0.579 0.7142857313
97570  31.377  -1.689  -1.439 0.1428571492
97572  29.801  -1.133  -0.947 0.7142857313
100893  27.331  1.405  -5.863 0.1428571492
99756  27.526  0.559  -2.948 0.8571428657
98671  27.320  0.093  -2.222 0.8571428657
98656  27.673  -0.573  -1.882 0.8571428657
104005  28.210  4.602  0.804 0.8571428657
106152  28.606  6.403  0.993 0.8571428657
107295  28.266  7.408  1.575 0.7142857313
109269  28.948  9.240  -0.101 0.2857142985
111166  28.087  11.187  0.345 0.1428571492
112175  28.538  12.161  -0.859 0.1428571492
114119  28.043  15.192  -2.698 0.1428571492
72754  20.996  -23.484  7.556 0.1428571492
77561  23.261  -19.235  5.704 0.4285714328
77560  23.977  -19.110  5.899 0.4285714328
79760  25.567  -17.302  5.611 0.1428571492
82017  26.877  -15.036  4.889 0.2857142985
83168  26.562  -14.025  3.650 0.2857142985
83169  25.402  -14.391  3.445 0.2857142985
83152  25.679  -14.823  4.143 0.2857142985
88938  26.329  -9.330  0.996 0.7142857313
99786  29.578  0.710  -6.103 0.1428571492
100903  27.705  1.021  -6.848 0.1428571492
100883  25.897  1.803  -4.524 0.1428571492
101950  25.652  2.273  -4.286 0.1428571492
99767  26.580  0.603  -2.871 0.8571428657
102960  25.968  3.441  -3.075 0.1428571492
104032  26.368  4.419  -2.496 0.1428571492
104024  27.340  4.627  -1.142 0.2857142985
100804  25.981  1.228  2.473 0.8571428657
104018  27.847  4.615  -0.566 0.5714285970
105092  28.294  5.488  -0.608 0.5714285970
106161  28.703  6.384  -0.020 0.5714285970
107305  28.712  7.338  0.501 0.7142857313
107308  28.737  7.295  -0.452 0.2857142985
108307  28.939  8.232  -0.906 0.2857142985
112166  25.909  12.186  0.187 0.2857142985
111195  28.899  11.510  -1.265 0.1428571492
112176  27.756  12.710  -0.473 0.1428571492
112177  26.477  12.976  -0.268 0.1428571492
113137  25.949  14.205  -0.556 0.1428571492
115053  26.080  15.748  -1.896 0.1428571492
114112  25.558  15.325  -1.265 0.1428571492
115063  26.445  16.058  -2.255 0.1428571492
105093  27.812  5.056  -0.950 0.4285714328
105100  28.226  5.944  -1.146 0.4285714328
106171  28.501  6.448  -0.874 0.4285714328
107312  28.555  7.262  -1.357 0.4285714328
108305  29.046  8.092  0.008 0.5714285970
76386  22.187  -21.164  6.748 0.1428571492
73932  20.533  -22.697  7.182 0.1428571492
75224  21.787  -21.359  6.666 0.2857142985
77542  22.900  -19.859  6.045 0.5714285970
78658  24.410  -18.520  6.003 0.1428571492
79761  24.343  -17.504  5.472 0.1428571492
91168  26.883  -7.023  -0.264 0.7142857313
95458  29.997  -3.070  0.356 0.8571428657
98652  30.914  -1.093  -1.468 0.5714285970
100868  28.829  1.211  -3.706 0.2857142985
99763  29.868  0.986  -3.423 0.1428571492
100839  27.326  1.959  0.539 0.8571428657
99718  26.769  0.706  1.385 0.8571428657
101915  27.355  2.704  0.088 0.8571428657
102934  28.151  4.249  0.257 0.8571428657
103990  27.624  4.221  2.040 0.8571428657
109256  27.696  9.887  1.122 0.5714285970
109240  27.260  9.638  1.429 0.5714285970
111168  26.479  11.355  0.651 0.4285714328
113159  27.841  14.330  -1.914 0.1428571492
113158  28.415  14.193  -2.561 0.1428571492
111180  28.482  11.493  -0.313 0.1428571492
112165  26.956  12.162  0.218 0.1428571492
113150  26.714  14.345  -0.774 0.1428571492
104017  28.188  4.757  0.018 0.5714285970
78675  23.647  -18.458  5.623 0.4285714328
83170  24.660  -14.840  3.255 0.5714285970
82057  23.578  -15.317  2.805 0.5714285970
82058  22.714  -15.543  2.423 0.2857142985
84378  24.636  -13.555  2.214 0.5714285970
84379  23.957  -13.833  1.898 0.5714285970
80870  22.722  -16.773  3.617 0.4285714328
83185  24.321  -14.451  2.681 0.5714285970
83186  23.217  -14.498  1.981 0.4285714328
86658  26.075  -11.413  1.747 0.4285714328
84393  25.045  -12.993  1.747 0.5714285970
84394  24.354  -13.196  1.293 0.5714285970
84395  23.436  -13.555  1.261 0.4285714328
86668  25.811  -11.035  1.269 0.5714285970
86669  25.376  -11.485  0.994 0.5714285970
85566  24.875  -12.377  1.225 0.4285714328
87806  25.675  -10.828  1.015 0.7142857313
86681  25.065  -11.083  0.423 0.4285714328
87817  26.116  -10.022  0.716 0.4285714328
83187  22.264  -14.765  2.151 0.2857142985
84408  23.845  -13.012  0.673 0.4285714328
87805  26.170  -10.404  1.279 0.7142857313
88953  26.289  -9.085  0.228 0.7142857313
88955  25.119  -9.727  -0.765 0.4285714328
90074  26.203  -8.171  -1.187 0.7142857313
90075  25.627  -8.442  -1.565 0.5714285970
91187  26.136  -7.522  -1.701 0.7142857313
90076  24.765  -8.401  -1.909 0.2857142985
90058  26.345  -8.448  -0.407 0.7142857313
92254  26.834  -6.365  -0.892 0.7142857313
92272  26.196  -6.572  -2.152 0.7142857313
93306  26.734  -5.469  -2.004 0.7142857313
92273  25.319  -6.723  -2.034 0.7142857313
93308  25.053  -5.965  -1.746 0.4285714328
92240  27.413  -6.434  -0.115 0.5714285970
93273  27.412  -5.908  -0.583 0.5714285970
93286  27.365  -5.425  -1.251 0.5714285970
94397  26.536  -4.651  -1.691 0.7142857313
95480  27.000  -3.470  -1.690 0.7142857313
94398  25.663  -5.182  -1.364 0.7142857313
94377  25.311  -4.535  -0.526 0.5714285970
94395  27.798  -3.778  -1.249 0.5714285970
94375  27.602  -4.741  -1.167 0.5714285970
94396  27.348  -4.378  -1.596 0.7142857313
96537  26.858  -2.749  -1.351 0.7142857313
95461  25.905  -3.906  -0.621 0.7142857313
95440  26.208  -3.332  -0.333 0.7142857313
95441  25.492  -3.594  0.164 0.5714285970
95478  28.184  -3.217  -0.917 0.5714285970
96554  27.333  -2.326  -1.583 0.8571428657
96519  26.085  -2.635  0.313 0.7142857313
97542  24.446  -1.670  1.320 0.2857142985
96518  26.561  -2.639  -0.632 0.7142857313
97530  24.988  -1.033  1.515 0.7142857313
97575  27.309  -1.290  -1.679 0.7142857313
97559  26.777  -1.663  -1.208 0.8571428657
97540  26.470  -1.633  -0.021 0.8571428657
97541  25.699  -1.500  1.002 0.5714285970
97529  25.466  -0.898  1.428 0.8571428657
98622  25.889  -0.703  1.400 0.8571428657
98607  25.256  -0.401  1.902 0.7142857313
99719  26.213  -0.068  1.783 0.8571428657
99701  26.354  0.672  2.147 0.8571428657
99702  25.617  0.471  2.343 0.7142857313
103992  26.157  3.918  3.065 0.7142857313
102911  24.645  3.425  3.282 0.7142857313
103978  26.219  4.671  3.022 0.5714285970
102912  23.646  3.618  3.002 0.7142857313
103979  25.353  4.412  3.285 0.7142857313
105059  25.753  5.493  3.000 0.8571428657
106144  25.206  6.516  2.822 0.7142857313
105060  24.731  5.543  3.181 0.7142857313
106145  24.218  6.425  2.516 0.7142857313
107288  23.588  7.186  2.047 0.7142857313
107289  22.974  6.914  1.835 0.5714285970
107286  25.750  7.315  2.349 0.7142857313
107287  24.583  7.560  2.192 0.7142857313
107300  23.018  7.494  1.801 0.5714285970
107299  24.756  8.290  1.861 0.4285714328
108281  23.670  7.920  2.055 0.5714285970
108282  23.300  7.735  1.905 0.5714285970
107297  26.330  8.032  1.995 0.5714285970
107301  22.317  7.321  1.641 0.5714285970
108292  24.980  8.878  1.648 0.5714285970
108293  24.072  8.629  1.758 0.5714285970
108294  22.939  8.323  1.760 0.5714285970
107303  20.511  7.543  1.838 0.5714285970
107302  21.278  7.420  1.625 0.4285714328
109245  22.270  9.349  1.577 0.5714285970
108295  21.856  8.335  1.535 0.5714285970
109243  24.383  9.698  1.132 0.5714285970
108297  20.347  8.260  2.071 0.4285714328
106148  19.495  6.940  1.901 0.4285714328
109246  21.576  9.202  1.844 0.5714285970
108296  20.980  8.333  1.623 0.5714285970
109231  20.353  9.502  3.067 0.4285714328
91138  28.368  -7.324  1.813 0.2857142985
94374  28.039  -4.263  -0.737 0.5714285970
110146  21.764  10.029  1.690 0.2857142985
108283  20.744  8.955  2.293 0.4285714328
82038  23.946  -15.563  3.449 0.5714285970
80869  23.630  -16.142  3.724 0.5714285970
84377  25.538  -13.262  2.571 0.2857142985
85556  26.229  -12.268  2.563 0.2857142985
85557  25.520  -12.212  1.786 0.5714285970
80890  22.382  -16.273  2.859 0.2857142985
85567  24.353  -12.430  0.686 0.4285714328
86670  24.762  -11.953  0.761 0.5714285970
83203  22.507  -14.075  1.736 0.2857142985
84396  22.651  -13.440  1.122 0.2857142985
87833  25.344  -10.113  -0.320 0.5714285970
92223  28.978  -6.293  1.670 0.2857142985
88971  24.113  -8.994  -1.389 0.2857142985
91188  25.450  -7.552  -2.003 0.7142857313
101866  25.156  2.316  2.861 0.7142857313
102910  25.608  3.298  3.029 0.7142857313
101867  23.894  2.572  3.084 0.7142857313
107290  19.885  7.674  2.260 0.2857142985
107298  25.387  8.126  1.888 0.5714285970
108290  26.857  8.842  1.795 0.5714285970
108291  25.889  8.807  1.594 0.5714285970
109244  23.255  9.627  1.352 0.5714285970
86682  24.464  -11.465  0.174 0.4285714328
84363  26.088  -13.559  3.276 0.2857142985
91153  26.659  -7.684  -0.066 0.5714285970
96552  28.788  -2.351  -0.627 0.7142857313
95479  27.557  -3.245  -1.391 0.7142857313
106143  26.225  6.363  2.597 0.8571428657
100805  25.198  1.266  2.648 0.7142857313
83184  24.924  -13.871  2.787 0.5714285970
82056  24.258  -15.138  3.151 0.4285714328
80889  23.121  -16.079  2.983 0.5714285970
80854  22.959  -17.059  4.265 0.5714285970
83202  22.948  -13.918  1.488 0.4285714328
86659  25.665  -11.715  1.504 0.5714285970
84409  23.195  -13.016  0.521 0.4285714328
87818  25.506  -10.456  0.405 0.5714285970
87834  24.736  -10.562  -0.345 0.4285714328
88939  26.078  -9.713  0.372 0.5714285970
88954  25.869  -9.509  -0.379 0.7142857313
88969  25.527  -9.149  -1.057 0.5714285970
88970  24.929  -9.132  -1.362 0.4285714328
88956  24.308  -9.830  -0.995 0.4285714328
91169  26.419  -7.395  -0.866 0.7142857313
92255  26.459  -6.783  -1.597 0.7142857313
92271  26.733  -6.110  -1.732 0.7142857313
93307  25.937  -5.721  -2.165 0.7142857313
93285  27.674  -4.929  -0.779 0.5714285970
94376  26.024  -4.406  -1.101 0.7142857313
95460  26.469  -3.597  -1.169 0.7142857313
94360  24.769  -4.194  0.183 0.2857142985
96520  25.117  -2.632  0.846 0.5714285970
96521  24.011  -2.593  0.916 0.2857142985
84410  22.621  -12.791  0.596 0.1428571492
85580  22.959  -12.250  0.213 0.4285714328
85541  27.423  -12.420  3.373 0.1428571492
85542  26.702  -12.577  3.110 0.1428571492
88926  28.028  -9.131  2.328 0.1428571492
86647  27.408  -11.573  3.034 0.1428571492
88925  28.629  -8.962  2.532 0.1428571492
87782  27.826  -11.168  3.143 0.1428571492
90034  28.460  -8.341  2.314 0.1428571492
93252  30.329  -5.500  1.594 0.2857142985
94357  30.024  -4.472  1.215 0.1428571492
101885  25.642  1.704  2.646 0.5714285970
115921  24.384  17.073  -1.136 0.1428571492
99703  24.436  0.516  2.448 0.4285714328
100785  22.698  2.336  2.533 0.4285714328
102913  22.776  3.792  2.686 0.4285714328
112181  22.620  12.879  -0.468 0.2857142985
110174  23.308  10.976  0.630 0.2857142985
111170  23.896  11.739  -0.020 0.2857142985
102936  20.241  3.564  0.936 0.1428571492
103981  23.279  4.601  2.787 0.5714285970
105061  23.785  5.478  2.715 0.5714285970
110175  22.768  11.420  0.674 0.2857142985
109242  25.395  9.571  1.322 0.4285714328
103994  21.107  4.522  1.595 0.4285714328
105069  22.186  5.484  1.865 0.5714285970
106162  19.927  5.675  1.313 0.4285714328
110161  21.894  9.817  1.515 0.1428571492
110160  22.346  10.622  1.096 0.1428571492
106156  19.316  5.982  1.282 0.1428571492
106147  20.135  7.095  2.077 0.4285714328
109230  21.476  9.768  2.501 0.1428571492
110145  22.104  10.679  1.934 0.1428571492
111158  22.507  11.795  1.339 0.1428571492
109221  20.655  9.050  4.638 0.1428571492
109225  21.231  9.674  3.567 0.1428571492
109224  22.006  10.142  3.195 0.1428571492
109229  21.961  10.324  2.523 0.1428571492
109219  22.066  9.845  4.183 0.1428571492
78678  21.454  -18.799  4.749 0.2857142985
83167  27.162  -13.760  3.727 0.1428571492
87792  28.075  -10.258  2.907 0.1428571492
91124  29.009  -7.752  2.479 0.1428571492
100784  23.251  1.814  2.661 0.2857142985
108289  27.864  8.797  1.522 0.4285714328
111157  25.551  10.774  0.872 0.2857142985
111172  22.514  11.996  0.555 0.2857142985
77577  21.068  -18.929  4.729 0.2857142985
79759  26.561  -17.156  5.779 0.1428571492
83150  27.395  -14.236  4.288 0.1428571492
93253  29.518  -5.323  1.422 0.1428571492
99686  23.658  1.112  2.597 0.4285714328
103995  20.405  4.413  1.235 0.2857142985
106153  22.551  6.335  1.948 0.5714285970
109241  26.319  9.618  1.444 0.4285714328
112169  22.144  12.899  0.109 0.2857142985
111183  22.990  12.180  -0.575 0.2857142985
111169  25.279  11.300  0.551 0.2857142985
112180  23.206  12.916  -0.758 0.2857142985
113139  23.692  13.867  -0.729 0.1428571492
114099  23.400  14.839  -0.492 0.1428571492
114097  25.031  14.980  -1.022 0.1428571492
111148  22.647  11.708  2.296 0.2857142985
114098  24.088  14.903  -1.152 0.1428571492
112178  25.340  13.070  -0.277 0.1428571492
113138  24.689  13.997  -0.688 0.1428571492
95436  31.153  -3.766  0.465 0.2857142985
113141  22.498  13.532  -0.170 0.2857142985
112167  24.885  12.271  0.112 0.2857142985
112179  24.132  12.885  -0.419 0.1428571492
76433  21.702  -19.798  5.615 0.4285714328
110157  25.730  10.317  1.154 0.2857142985
101868  23.078  2.849  2.758 0.4285714328
103980  24.214  4.524  3.204 0.5714285970
103982  22.523  4.664  2.317 0.5714285970
106146  23.325  6.316  2.262 0.5714285970
110158  25.037  10.100  0.907 0.2857142985
100783  24.258  1.566  2.804 0.5714285970
105062  22.905  5.497  2.375 0.5714285970
106154  21.666  6.416  1.758 0.5714285970
110159  23.122  10.369  0.954 0.2857142985
88913  27.700  -9.874  2.628 0.1428571492
86646  28.065  -11.674  3.362 0.1428571492
101886  22.227  3.012  2.413 0.2857142985
111184  22.537  12.305  -0.139 0.2857142985
111171  22.971  11.794  0.184 0.2857142985
109258  23.762  10.199  0.865 0.2857142985
110173  24.403  10.564  0.651 0.2857142985
103993  21.876  4.625  1.823 0.4285714328
105070  21.289  5.454  1.708 0.4285714328
105082  19.834  5.040  1.326 0.2857142985
106155  20.455  6.430  1.639 0.4285714328
77563  21.471  -19.310  5.074 0.2857142985
100806  22.980  1.354  2.378 0.2857142985
111182  23.449  12.399  -0.510 0.2857142985
112139  22.853  12.799  1.919 0.1428571492
112168  22.198  13.189  0.495 0.1428571492
113083  22.817  13.750  2.705 0.1428571492
110135  22.574  10.739  3.861 0.1428571492
113109  22.274  13.230  0.719 0.1428571492
111137  22.918  11.606  3.283 0.1428571492
112108  23.058  12.534  3.853 0.1428571492
114044  22.492  14.515  3.438 0.1428571492
112122  22.896  12.660  2.956 0.1428571492
113069  23.068  13.489  4.402 0.1428571492
113070  22.708  13.589  3.680 0.1428571492
95442  24.494  -3.443  0.555 0.2857142985
114057  22.334  14.783  2.566 0.1428571492
112154  22.439  12.964  0.873 0.1428571492
113125  22.373  13.720  0.375 0.1428571492
113095  22.624  13.864  1.719 0.1428571492
113110  22.324  13.812  0.943 0.1428571492
112107  23.567  12.280  4.630 0.1428571492
80853  23.505  -16.727  4.292 0.4285714328
79776  23.978  -17.000  4.698 0.2857142985
80868  24.163  -15.800  3.918 0.2857142985
80852  24.531  -16.284  4.587 0.1428571492
82037  24.672  -15.338  3.781 0.2857142985
79777  23.400  -17.317  4.667 0.2857142985
82036  25.335  -15.098  4.084 0.1428571492
82019  25.130  -15.590  4.369 0.1428571492
102924  22.145  3.981  2.317 0.2857142985
79763  22.614  -18.206  4.839 0.2857142985
78677  22.022  -18.574  4.782 0.2857142985
79762  23.194  -17.943  5.053 0.2857142985
79778  22.409  -17.619  4.279 0.2857142985
86699  24.277  -11.058  -0.393 0.2857142985
87835  23.829  -10.676  -0.638 0.2857142985
91189  24.553  -7.600  -2.155 0.1428571492
92274  24.426  -6.824  -1.701 0.1428571492
93287  24.809  -5.451  -0.859 0.1428571492
96522  22.991  -2.525  0.681 0.1428571492
97543  23.466  -1.806  1.121 0.1428571492
98608  23.964  -0.559  1.718 0.1428571492
98624  23.018  -1.073  1.407 0.1428571492
98609  22.699  -0.167  1.497 0.1428571492
101887  21.495  2.746  1.701 0.1428571492
107292  18.277  6.920  2.875 0.1428571492
108284  19.787  8.599  2.725 0.1428571492
108285  19.322  8.327  3.399 0.1428571492
99705  21.949  0.637  1.424 0.1428571492
102926  20.965  3.631  1.354 0.1428571492
76434  21.124  -20.039  5.507 0.2857142985
85579  23.714  -12.296  0.294 0.2857142985
86700  24.026  -11.248  -0.393 0.2857142985
94378  24.355  -4.749  -0.295 0.1428571492
94379  23.377  -4.587  -0.319 0.1428571492
94361  23.931  -4.112  0.252 0.1428571492
96538  22.437  -2.730  0.217 0.1428571492
97544  22.623  -1.603  0.774 0.1428571492
98625  22.093  -0.567  0.840 0.1428571492
99704  23.118  0.674  2.194 0.1428571492
101888  20.712  2.714  1.156 0.1428571492
107291  19.000  7.535  2.825 0.1428571492
86683  23.480  -11.381  -0.183 0.2857142985
78676  22.826  -18.621  5.289 0.2857142985
106149  18.459  6.404  2.016 0.1428571492
78692  21.800  -18.046  4.330 0.2857142985
87836  23.315  -10.411  -0.611 0.1428571492
96523  22.322  -2.167  0.382 0.1428571492
76435  20.223  -20.280  5.526 0.1428571492
77564  20.636  -19.335  5.081 0.1428571492
76436  19.815  -20.059  5.830 0.1428571492
79792  21.938  -17.408  3.669 0.1428571492
95457  30.866  -3.158  0.204 0.1428571492
95477  31.998  -3.314  -0.935 0.1428571492
105109  27.544  5.828  -1.924 0.1428571492
76413  20.757  -20.856  5.764 0.1428571492
78694  20.659  -18.092  4.725 0.1428571492
78693  21.244  -18.296  4.524 0.1428571492
105110  27.029  5.396  -2.140 0.1428571492
106193  27.923  6.459  -1.931 0.1428571492
82059  21.668  -15.641  2.698 0.1428571492
96551  31.699  -2.654  -1.302 0.1428571492
77565  20.018  -19.213  5.937 0.1428571492
79791  22.189  -17.240  3.612 0.1428571492
80888  23.533  -15.766  3.240 0.5714285970
83204  22.047  -14.185  2.033 0.2857142985
87819  24.928  -10.892  0.163 0.4285714328
87820  23.374  -10.766  -0.463 0.2857142985
88914  27.164  -10.132  2.470 0.2857142985
90044  27.190  -8.063  1.096 0.8571428657
90059  25.999  -8.801  -0.990 0.5714285970
93254  28.515  -5.626  1.128 0.7142857313
93270  29.441  -4.764  1.088 0.5714285970
95439  29.124  -3.951  0.457 0.7142857313
95456  31.677  -3.462  -0.102 0.1428571492
96533  31.623  -2.860  -0.696 0.1428571492
96534  31.219  -2.657  -0.320 0.1428571492
97555  31.423  -2.306  -0.824 0.1428571492
97556  30.979  -1.912  -0.565 0.1428571492
98610  22.138  -0.012  1.213 0.1428571492
98623  23.723  -1.286  1.415 0.1428571492
98678  30.679  0.211  -3.596 0.1428571492
98685  30.850  0.201  -4.142 0.1428571492
99687  23.258  1.219  2.476 0.4285714328
99733  27.088  1.464  0.334 0.8571428657
99754  29.410  0.736  -2.708 0.7142857313
99755  28.536  0.788  -2.874 0.8571428657
99757  26.898  0.340  -2.667 0.8571428657
99774  30.922  0.191  -4.394 0.1428571492
99776  29.899  0.855  -5.279 0.1428571492
100807  22.279  1.731  2.196 0.1428571492
100840  27.064  1.817  -0.120 0.8571428657
100861  28.005  0.801  -3.238 0.5714285970
100867  29.503  1.235  -3.963 0.1428571492
100891  29.384  1.042  -5.514 0.1428571492
101865  25.846  2.693  2.768 0.7142857313
101884  26.168  2.074  2.597 0.7142857313
101901  27.502  2.659  1.018 0.8571428657
102925  21.617  3.754  1.891 0.2857142985
102945  28.079  4.100  -0.162 0.5714285970
103989  28.094  4.659  1.592 0.8571428657
104006  27.834  4.128  1.287 0.8571428657
104007  19.727  4.386  0.885 0.2857142985
104025  26.788  4.502  -1.724 0.1428571492
105058  26.766  5.353  2.675 0.8571428657
105071  20.472  5.249  1.552 0.4285714328
105081  28.487  5.489  0.435 0.7142857313
105101  27.743  5.521  -1.457 0.4285714328
105102  27.157  5.046  -1.568 0.1428571492
106140  28.280  6.363  1.771 0.8571428657
106163  19.572  5.486  1.215 0.4285714328
106181  28.181  6.378  -1.560 0.1428571492
106182  27.778  6.111  -1.805 0.1428571492
106194  27.540  6.312  -2.224 0.1428571492
107283  28.096  6.791  2.026 0.8571428657
109226  20.498  9.251  4.072 0.1428571492
109239  27.811  9.496  1.283 0.5714285970
109257  24.180  10.132  0.845 0.2857142985
110170  27.660  10.515  0.772 0.5714285970
110172  25.209  10.582  0.779 0.2857142985
111156  25.940  10.922  1.046 0.4285714328
111181  27.840  11.725  -0.033 0.1428571492
112153  22.206  13.016  0.692 0.1428571492
112164  27.481  11.977  0.010 0.1428571492
113124  22.294  13.454  0.627 0.1428571492
114111  26.291  14.987  -1.280 0.1428571492
115040  25.137  15.582  -1.424 0.1428571492
