#!ascii label  , from subject 3055 vox2ras=TkReg
999
65358  -35.132  -13.550  46.570 0.0000000000
57142  -18.874  -19.325  50.594 0.0000000000
59587  -26.201  -18.242  46.830 0.0000000000
84139  -38.527  3.504  26.734 0.0000000000
88731  -41.610  7.372  21.317 0.0000000000
59405  -11.958  -17.193  56.900 0.0000000000
79749  -37.095  -0.183  30.178 0.0000000000
68657  -35.185  -9.747  43.835 0.0000000000
60770  -31.052  -16.462  46.954 0.0000000000
58286  -15.075  -19.056  53.521 0.0000000000
54516  -16.813  -22.415  58.287 0.0000000000
63180  -30.049  -13.800  41.695 0.0000000000
68690  -30.883  -10.248  41.090 0.0000000000
61926  -21.138  -16.138  47.464 0.0000000000
63145  -25.904  -14.123  43.695 0.0000000000
69950  -34.507  -8.099  33.400 0.0000000000
73918  -38.787  -6.306  29.714 0.0000000000
78545  -42.014  -2.307  27.618 0.0000000000
53197  -7.972  -22.958  62.678 0.0000000000
53171  -5.483  -22.808  66.479 0.0000000000
72363  -29.337  -7.636  42.241 0.0000000000
73805  -29.010  -6.417  38.563 0.0000000000
73834  -31.511  -6.460  36.234 0.0000000000
53248  -12.079  -22.912  60.311 0.0000000000
55823  -19.855  -20.824  53.430 0.0000000000
58306  -21.717  -19.321  51.978 0.0000000000
63106  -33.228  -15.572  46.560 0.0000000000
60699  -17.360  -15.607  51.231 0.0000000000
57127  -17.034  -19.000  51.772 0.0000000000
55804  -17.514  -21.766  54.567 0.0000000000
65385  -28.928  -11.529  45.278 0.0000000000
63161  -28.116  -14.629  42.537 0.0000000000
73889  -34.612  -5.584  32.235 0.0000000000
71267  -36.762  -7.164  31.240 0.0000000000
73915  -36.510  -5.246  30.307 0.0000000000
78542  -39.240  -1.603  28.285 0.0000000000
79786  -39.650  -0.322  26.691 0.0000000000
79789  -42.462  -0.329  26.392 0.0000000000
82046  -41.009  1.508  25.259 0.0000000000
84170  -41.438  3.106  24.541 0.0000000000
69816  -28.647  -8.964  45.124 0.0000000000
71109  -29.521  -8.704  41.904 0.0000000000
71088  -26.518  -7.407  44.000 0.0000000000
74976  -27.562  -4.601  39.232 0.0000000000
76098  -28.767  -3.776  37.531 0.0000000000
73823  -30.832  -6.186  37.056 0.0000000000
76129  -30.649  -3.677  35.590 0.0000000000
76147  -31.830  -3.432  34.272 0.0000000000
60764  -23.366  -16.513  47.527 0.0000000000
55732  -9.471  -20.633  59.607 0.0000000000
55746  -11.401  -20.378  57.966 0.0000000000
48827  -5.909  -26.734  68.101 0.0000000000
48810  -4.203  -26.794  69.912 0.0000000000
76200  -36.664  -2.743  31.465 0.0000000000
71068  -35.278  -7.875  43.716 0.0000000000
60767  -28.697  -17.840  47.271 0.0000000000
59440  -13.371  -17.838  55.363 0.0000000000
55760  -13.324  -20.634  56.349 0.0000000000
54557  -15.246  -21.427  55.388 0.0000000000
86435  -43.210  5.998  19.798 0.0000000000
63148  -32.439  -14.512  43.610 0.0000000000
65404  -33.450  -12.014  42.430 0.0000000000
65412  -30.506  -11.964  41.487 0.0000000000
61897  -18.282  -16.121  49.610 0.0000000000
59550  -20.311  -18.359  49.029 0.0000000000
63078  -19.376  -14.876  47.278 0.0000000000
63098  -21.348  -14.366  46.054 0.0000000000
63128  -23.174  -14.834  45.172 0.0000000000
65368  -24.329  -12.484  44.681 0.0000000000
61978  -25.360  -16.060  43.719 0.0000000000
60816  -28.339  -16.518  44.047 0.0000000000
61983  -30.618  -15.630  43.725 0.0000000000
71207  -36.113  -8.693  35.692 0.0000000000
76223  -38.340  -3.677  28.820 0.0000000000
76225  -40.574  -4.178  28.465 0.0000000000
85300  -42.226  3.844  23.484 0.0000000000
52024  -6.877  -23.537  64.469 0.0000000000
49895  -7.545  -25.884  66.072 0.0000000000
68677  -33.434  -9.714  41.862 0.0000000000
71093  -32.791  -7.909  42.155 0.0000000000
73704  -32.005  -6.685  42.348 0.0000000000
73725  -26.357  -5.441  41.606 0.0000000000
72401  -28.590  -6.638  40.459 0.0000000000
73729  -31.339  -5.663  41.022 0.0000000000
74979  -32.351  -5.946  39.496 0.0000000000
72419  -33.076  -6.442  38.573 0.0000000000
71171  -34.896  -8.023  37.564 0.0000000000
71204  -32.707  -7.468  34.672 0.0000000000
75066  -33.278  -4.713  33.132 0.0000000000
61883  -22.538  -17.890  51.372 0.0000000000
55706  -7.713  -20.167  61.313 0.0000000000
53232  -9.779  -22.350  61.231 0.0000000000
53271  -13.700  -22.426  58.673 0.0000000000
47772  -3.717  -27.865  70.875 0.0000000000
57114  -19.098  -20.301  51.792 0.0000000000
57106  -20.566  -20.316  52.734 0.0000000000
58326  -20.467  -19.690  50.764 0.0000000000
63122  -34.082  -15.202  45.970 0.0000000000
58345  -17.920  -18.219  50.471 0.0000000000
59507  -17.251  -17.971  51.452 0.0000000000
57128  -17.529  -19.219  51.237 0.0000000000
57104  -18.590  -20.657  52.612 0.0000000000
75082  -34.986  -4.585  32.129 0.0000000000
73901  -35.563  -5.937  31.456 0.0000000000
75092  -35.546  -4.257  31.355 0.0000000000
82021  -38.276  1.539  27.211 0.0000000000
80944  -38.398  0.290  27.528 0.0000000000
82027  -38.950  1.466  26.303 0.0000000000
80970  -39.831  1.193  25.671 0.0000000000
83103  -38.862  2.920  25.683 0.0000000000
84150  -39.119  3.428  25.250 0.0000000000
71074  -27.166  -7.889  44.549 0.0000000000
77226  -28.730  -2.594  38.010 0.0000000000
76099  -29.481  -3.714  36.849 0.0000000000
77240  -29.945  -2.206  36.792 0.0000000000
77258  -31.172  -1.752  35.590 0.0000000000
60780  -24.467  -17.561  47.089 0.0000000000
59561  -24.826  -18.124  49.273 0.0000000000
59562  -25.735  -18.166  48.992 0.0000000000
57028  -10.748  -19.204  57.803 0.0000000000
57045  -11.592  -18.876  57.077 0.0000000000
86425  -41.556  5.356  21.382 0.0000000000
48819  -5.043  -26.805  69.071 0.0000000000
67523  -36.010  -10.647  46.303 0.0000000000
69811  -35.639  -8.929  44.059 0.0000000000
60768  -29.464  -17.364  47.098 0.0000000000
60743  -31.135  -17.067  48.712 0.0000000000
59476  -15.879  -17.284  52.606 0.0000000000
59458  -14.976  -17.175  53.646 0.0000000000
59441  -13.959  -17.334  54.553 0.0000000000
58264  -14.209  -18.243  54.274 0.0000000000
57078  -13.833  -19.649  55.086 0.0000000000
55801  -14.811  -20.421  54.456 0.0000000000
55778  -19.443  -21.273  56.730 0.0000000000
55790  -17.637  -22.014  55.458 0.0000000000
63165  -31.930  -14.337  42.886 0.0000000000
64344  -32.255  -13.271  41.977 0.0000000000
64342  -30.434  -12.829  41.541 0.0000000000
63042  -18.321  -14.784  49.608 0.0000000000
61912  -18.729  -15.925  48.772 0.0000000000
64231  -18.544  -13.456  48.984 0.0000000000
64268  -20.077  -13.131  46.517 0.0000000000
65352  -21.463  -12.674  45.767 0.0000000000
63113  -22.334  -14.479  45.496 0.0000000000
64283  -22.106  -13.441  45.100 0.0000000000
64299  -25.793  -12.631  44.968 0.0000000000
64298  -24.975  -12.935  44.432 0.0000000000
63143  -24.504  -15.001  43.972 0.0000000000
61997  -25.979  -15.581  43.445 0.0000000000
60815  -27.368  -16.819  44.306 0.0000000000
61999  -27.237  -15.465  43.362 0.0000000000
63179  -29.201  -13.910  41.973 0.0000000000
62001  -29.396  -15.759  43.101 0.0000000000
63146  -30.720  -14.869  43.165 0.0000000000
63133  -31.927  -15.012  44.179 0.0000000000
69936  -35.033  -8.847  34.315 0.0000000000
69938  -36.994  -8.614  35.002 0.0000000000
69952  -36.135  -8.625  33.515 0.0000000000
72570  -38.425  -6.954  30.887 0.0000000000
71269  -38.536  -7.585  31.628 0.0000000000
78525  -36.898  -1.078  30.681 0.0000000000
76222  -37.295  -3.288  29.656 0.0000000000
77349  -37.532  -2.186  29.526 0.0000000000
78543  -40.143  -1.967  27.843 0.0000000000
77352  -40.257  -3.051  28.299 0.0000000000
77359  -41.483  -2.994  28.172 0.0000000000
76227  -42.487  -4.648  28.451 0.0000000000
85288  -41.921  3.483  24.173 0.0000000000
86410  -40.206  5.404  22.942 0.0000000000
86415  -40.691  5.334  22.379 0.0000000000
53211  -7.063  -21.853  62.617 0.0000000000
54416  -6.523  -21.796  63.576 0.0000000000
52034  -7.551  -23.371  63.428 0.0000000000
49908  -8.235  -25.667  65.247 0.0000000000
48843  -8.311  -26.966  67.151 0.0000000000
66469  -32.644  -11.523  41.519 0.0000000000
66454  -33.774  -11.427  42.700 0.0000000000
68692  -32.296  -9.933  41.142 0.0000000000
71091  -29.916  -8.070  42.106 0.0000000000
71111  -31.050  -8.386  41.963 0.0000000000
72364  -30.468  -7.305  42.468 0.0000000000
72347  -32.412  -7.302  42.386 0.0000000000
73702  -29.999  -6.862  42.616 0.0000000000
76046  -26.894  -3.424  41.912 0.0000000000
73804  -28.187  -5.635  38.743 0.0000000000
73776  -27.220  -5.737  39.933 0.0000000000
72418  -28.733  -6.422  39.770 0.0000000000
73748  -29.439  -6.165  40.476 0.0000000000
73749  -30.456  -5.909  40.218 0.0000000000
73750  -31.342  -5.616  40.318 0.0000000000
74977  -30.938  -6.012  39.164 0.0000000000
73833  -30.986  -5.797  36.301 0.0000000000
73808  -31.772  -6.023  37.874 0.0000000000
72463  -32.556  -7.136  37.292 0.0000000000
72442  -33.688  -7.319  38.166 0.0000000000
72482  -32.981  -7.588  36.418 0.0000000000
71186  -33.265  -7.872  35.973 0.0000000000
72496  -32.375  -7.228  35.196 0.0000000000
76148  -32.767  -2.765  33.803 0.0000000000
75065  -32.554  -4.913  33.507 0.0000000000
76149  -33.717  -2.977  33.519 0.0000000000
60751  -20.861  -16.875  47.892 0.0000000000
60715  -21.666  -17.954  49.758 0.0000000000
61898  -22.105  -17.282  50.249 0.0000000000
54496  -10.195  -21.346  59.567 0.0000000000
54495  -9.656  -21.321  59.877 0.0000000000
53247  -11.153  -22.617  60.583 0.0000000000
54528  -15.122  -22.032  56.729 0.0000000000
54513  -13.483  -22.102  58.045 0.0000000000
54500  -14.883  -22.759  58.850 0.0000000000
57079  -20.611  -20.669  55.584 0.0000000000
57080  -21.155  -20.151  55.167 0.0000000000
58275  -21.886  -19.728  54.047 0.0000000000
59461  -21.977  -17.781  54.220 0.0000000000
61942  -32.101  -15.791  46.603 0.0000000000
61916  -31.939  -16.551  48.213 0.0000000000
60675  -16.769  -15.674  52.395 0.0000000000
59490  -16.857  -17.708  51.873 0.0000000000
58303  -16.370  -19.426  52.355 0.0000000000
55819  -16.058  -20.749  53.424 0.0000000000
57103  -17.439  -20.595  52.568 0.0000000000
55805  -18.920  -21.342  54.476 0.0000000000
64341  -29.002  -12.827  42.003 0.0000000000
65402  -29.540  -11.797  42.036 0.0000000000
64300  -26.476  -12.723  44.767 0.0000000000
64326  -26.741  -14.084  43.277 0.0000000000
64328  -28.013  -13.169  42.740 0.0000000000
71238  -34.734  -7.287  32.555 0.0000000000
69965  -35.816  -8.285  32.597 0.0000000000
72550  -35.399  -6.469  31.715 0.0000000000
72568  -36.575  -6.227  30.759 0.0000000000
72605  -37.496  -5.807  29.648 0.0000000000
78540  -37.727  -0.872  28.807 0.0000000000
79761  -38.194  -0.496  28.162 0.0000000000
79770  -39.172  -0.523  27.394 0.0000000000
79772  -41.065  -0.917  27.003 0.0000000000
78554  -42.561  -1.622  27.359 0.0000000000
79788  -41.470  -0.298  26.435 0.0000000000
80956  -41.985  0.351  26.011 0.0000000000
82047  -42.042  1.644  25.226 0.0000000000
83119  -40.901  2.911  24.620 0.0000000000
84168  -39.676  3.667  24.712 0.0000000000
52042  -9.265  -23.441  62.484 0.0000000000
52035  -8.675  -23.667  63.039 0.0000000000
52027  -10.433  -25.194  64.175 0.0000000000
68662  -29.398  -9.860  42.751 0.0000000000
68673  -29.622  -9.561  41.924 0.0000000000
69839  -29.199  -9.303  42.273 0.0000000000
71089  -27.249  -8.336  43.186 0.0000000000
71108  -27.140  -7.879  42.181 0.0000000000
76070  -27.382  -3.323  40.611 0.0000000000
76085  -27.794  -3.403  39.642 0.0000000000
76087  -28.168  -3.717  38.760 0.0000000000
74992  -28.684  -4.854  37.793 0.0000000000
73806  -29.973  -6.334  38.028 0.0000000000
74993  -29.311  -4.840  37.214 0.0000000000
74994  -29.957  -4.742  36.597 0.0000000000
75007  -31.015  -5.139  35.788 0.0000000000
73864  -31.460  -5.146  34.709 0.0000000000
76130  -31.064  -3.643  35.281 0.0000000000
61937  -22.235  -15.835  47.352 0.0000000000
61915  -23.123  -16.883  49.926 0.0000000000
60753  -23.914  -16.726  49.096 0.0000000000
55733  -10.464  -20.468  58.799 0.0000000000
54497  -11.161  -21.548  59.101 0.0000000000
50904  -5.701  -24.935  66.807 0.0000000000
53163  -5.114  -22.738  67.600 0.0000000000
50879  -4.939  -24.645  68.702 0.0000000000
50878  -4.591  -24.909  69.216 0.0000000000
50857  -3.703  -24.444  70.218 0.0000000000
72335  -34.921  -7.069  43.628 0.0000000000
59588  -27.296  -18.130  46.680 0.0000000000
59574  -27.032  -18.379  47.665 0.0000000000
59420  -13.451  -16.904  55.810 0.0000000000
59419  -12.743  -17.631  56.074 0.0000000000
57046  -12.176  -19.191  56.702 0.0000000000
57061  -13.143  -19.553  55.619 0.0000000000
55761  -14.335  -21.325  56.151 0.0000000000
54529  -16.357  -22.231  57.148 0.0000000000
54571  -16.128  -21.546  54.695 0.0000000000
54543  -17.021  -21.945  56.478 0.0000000000
54530  -17.344  -21.991  57.405 0.0000000000
88744  -42.604  7.166  20.418 0.0000000000
64305  -33.660  -14.454  44.709 0.0000000000
65388  -33.924  -12.968  44.310 0.0000000000
65395  -33.354  -13.173  43.522 0.0000000000
65414  -32.271  -12.425  41.484 0.0000000000
66467  -30.860  -11.397  41.119 0.0000000000
66453  -29.867  -11.165  43.039 0.0000000000
67545  -29.806  -10.726  43.623 0.0000000000
68663  -29.619  -10.264  43.334 0.0000000000
69817  -28.949  -9.726  45.236 0.0000000000
59548  -18.575  -17.976  49.365 0.0000000000
59526  -20.270  -18.843  49.865 0.0000000000
60735  -18.669  -17.157  49.053 0.0000000000
60750  -20.095  -16.879  48.071 0.0000000000
61925  -20.182  -16.003  47.425 0.0000000000
64250  -19.013  -13.294  47.474 0.0000000000
63079  -20.410  -14.808  46.719 0.0000000000
63080  -21.489  -15.529  46.880 0.0000000000
63099  -22.147  -15.475  46.630 0.0000000000
61950  -23.182  -16.385  46.438 0.0000000000
60794  -24.120  -17.200  45.572 0.0000000000
65354  -23.128  -11.732  45.281 0.0000000000
64311  -23.295  -13.506  44.311 0.0000000000
61977  -24.237  -16.090  44.332 0.0000000000
60796  -25.936  -17.941  44.968 0.0000000000
60797  -27.321  -17.689  45.275 0.0000000000
60798  -28.413  -17.069  45.150 0.0000000000
60799  -29.422  -16.587  45.067 0.0000000000
62000  -28.113  -15.763  43.175 0.0000000000
60817  -29.415  -16.513  44.187 0.0000000000
61952  -30.697  -16.036  45.810 0.0000000000
61953  -31.534  -15.720  45.635 0.0000000000
63121  -33.260  -15.189  45.390 0.0000000000
61882  -17.799  -15.478  50.502 0.0000000000
71240  -37.364  -8.219  32.413 0.0000000000
76213  -36.461  -3.482  30.440 0.0000000000
75113  -36.863  -4.386  29.540 0.0000000000
75115  -38.759  -4.804  28.965 0.0000000000
78533  -38.778  -2.037  28.754 0.0000000000
76224  -39.472  -3.951  28.550 0.0000000000
75116  -39.879  -5.083  28.775 0.0000000000
73932  -41.429  -5.936  29.555 0.0000000000
85311  -42.549  4.027  22.670 0.0000000000
86424  -40.947  5.684  21.814 0.0000000000
88730  -40.856  7.133  21.720 0.0000000000
54404  -6.066  -21.443  65.193 0.0000000000
52015  -5.965  -23.542  65.255 0.0000000000
52025  -7.967  -24.322  63.810 0.0000000000
50929  -6.873  -24.794  65.077 0.0000000000
50916  -6.604  -25.198  66.079 0.0000000000
48841  -6.500  -26.472  67.366 0.0000000000
66446  -34.542  -11.560  43.641 0.0000000000
67546  -33.856  -10.655  42.983 0.0000000000
67538  -34.533  -10.273  43.342 0.0000000000
69842  -32.342  -8.972  41.295 0.0000000000
68664  -33.243  -9.044  41.748 0.0000000000
69819  -34.279  -8.493  42.904 0.0000000000
71078  -34.073  -7.851  42.854 0.0000000000
72348  -33.424  -7.184  42.624 0.0000000000
73705  -32.839  -6.085  42.566 0.0000000000
72360  -26.017  -5.939  43.138 0.0000000000
71127  -27.114  -7.431  41.635 0.0000000000
74952  -26.832  -4.599  40.336 0.0000000000
72399  -27.132  -6.514  40.855 0.0000000000
72389  -28.299  -7.177  41.033 0.0000000000
73717  -30.160  -6.329  42.254 0.0000000000
73718  -31.565  -6.142  41.933 0.0000000000
73781  -31.751  -5.897  38.624 0.0000000000
73782  -32.866  -6.128  38.744 0.0000000000
71188  -35.383  -8.255  36.525 0.0000000000
71206  -34.609  -8.767  35.140 0.0000000000
71226  -33.633  -8.071  33.842 0.0000000000
73865  -31.966  -5.882  34.144 0.0000000000
72530  -32.953  -6.496  33.373 0.0000000000
72531  -33.515  -6.798  32.975 0.0000000000
73878  -34.070  -5.640  32.678 0.0000000000
75081  -34.528  -4.790  32.436 0.0000000000
59509  -20.887  -18.905  50.554 0.0000000000
59492  -22.125  -18.609  52.102 0.0000000000
61900  -23.333  -17.459  50.791 0.0000000000
54448  -7.789  -21.480  61.649 0.0000000000
55719  -8.623  -20.376  60.432 0.0000000000
54463  -8.686  -21.345  60.812 0.0000000000
53213  -8.744  -22.581  62.002 0.0000000000
53214  -10.101  -23.338  62.033 0.0000000000
55759  -12.388  -20.338  57.241 0.0000000000
54512  -12.237  -21.661  58.334 0.0000000000
53259  -12.717  -22.823  59.288 0.0000000000
46769  -5.377  -28.527  70.748 0.0000000000
48809  -3.875  -27.238  70.368 0.0000000000
49839  -3.204  -25.291  71.044 0.0000000000
65374  -34.858  -13.130  45.493 0.0000000000
57130  -19.505  -19.956  50.920 0.0000000000
57115  -20.209  -20.578  51.628 0.0000000000
64290  -34.711  -14.343  46.009 0.0000000000
58346  -18.614  -18.729  50.223 0.0000000000
57140  -17.731  -18.738  50.805 0.0000000000
57129  -18.525  -19.702  51.128 0.0000000000
76184  -35.650  -3.770  32.388 0.0000000000
75083  -35.405  -4.388  31.838 0.0000000000
76185  -36.182  -3.646  32.187 0.0000000000
83084  -38.406  2.793  27.340 0.0000000000
83090  -38.708  2.496  26.304 0.0000000000
83091  -39.129  1.978  25.972 0.0000000000
59586  -24.924  -17.935  46.980 0.0000000000
59572  -24.930  -18.117  48.196 0.0000000000
59573  -25.900  -18.393  47.878 0.0000000000
58238  -11.374  -18.080  57.122 0.0000000000
57044  -11.120  -18.752  57.350 0.0000000000
87562  -41.613  6.386  20.872 0.0000000000
86426  -42.057  4.991  20.821 0.0000000000
86433  -41.884  5.687  20.603 0.0000000000
68649  -35.766  -9.921  44.641 0.0000000000
69800  -36.247  -9.315  44.621 0.0000000000
60769  -30.343  -16.854  46.869 0.0000000000
60757  -30.245  -17.088  47.967 0.0000000000
60758  -31.069  -16.696  47.686 0.0000000000
59475  -15.386  -18.031  53.079 0.0000000000
59457  -14.722  -18.161  53.736 0.0000000000
58274  -14.413  -18.983  54.134 0.0000000000
57091  -15.032  -19.761  54.075 0.0000000000
63164  -31.034  -14.405  42.406 0.0000000000
63181  -30.971  -13.763  41.698 0.0000000000
65337  -21.318  -11.830  46.142 0.0000000000
65353  -22.068  -12.353  45.403 0.0000000000
64314  -25.514  -13.648  44.084 0.0000000000
63144  -25.524  -14.783  43.642 0.0000000000
63158  -26.115  -15.131  43.453 0.0000000000
61998  -26.595  -15.524  43.473 0.0000000000
63159  -26.423  -14.635  43.388 0.0000000000
63163  -30.065  -14.581  42.321 0.0000000000
71227  -34.548  -8.588  34.043 0.0000000000
69937  -35.856  -8.881  34.473 0.0000000000
69951  -35.242  -8.542  33.602 0.0000000000
72590  -38.144  -6.479  29.871 0.0000000000
72608  -39.935  -6.583  29.861 0.0000000000
77343  -36.947  -2.075  30.188 0.0000000000
78531  -37.334  -1.187  29.666 0.0000000000
78544  -41.117  -2.168  27.718 0.0000000000
77358  -40.741  -2.540  28.014 0.0000000000
76233  -42.161  -3.583  28.040 0.0000000000
53212  -7.554  -22.179  62.300 0.0000000000
53196  -7.030  -22.439  63.098 0.0000000000
67561  -31.335  -10.714  40.957 0.0000000000
67562  -32.473  -10.576  41.313 0.0000000000
68691  -31.558  -9.884  40.996 0.0000000000
72362  -28.089  -8.223  42.078 0.0000000000
72439  -28.313  -6.360  39.143 0.0000000000
72440  -28.851  -6.491  39.212 0.0000000000
73778  -29.448  -6.324  39.544 0.0000000000
73779  -30.253  -6.243  39.090 0.0000000000
73824  -31.672  -6.568  37.181 0.0000000000
72462  -31.893  -6.890  36.758 0.0000000000
72481  -32.053  -7.092  36.229 0.0000000000
61913  -21.700  -16.947  48.706 0.0000000000
61914  -22.455  -16.643  49.451 0.0000000000
54481  -11.354  -22.340  59.844 0.0000000000
54480  -10.728  -21.969  60.045 0.0000000000
54515  -15.642  -22.687  57.986 0.0000000000
54514  -14.485  -22.388  57.831 0.0000000000
53172  -5.874  -22.139  66.211 0.0000000000
54382  -5.363  -21.659  67.212 0.0000000000
67522  -35.498  -10.504  45.773 0.0000000000
55806  -20.222  -21.138  54.127 0.0000000000
55793  -20.545  -20.741  54.990 0.0000000000
55807  -20.715  -20.553  54.540 0.0000000000
58289  -21.321  -19.718  52.945 0.0000000000
58290  -21.981  -19.059  53.059 0.0000000000
58276  -22.346  -18.746  54.126 0.0000000000
61931  -32.572  -15.967  47.549 0.0000000000
60686  -17.357  -15.323  52.073 0.0000000000
60685  -17.114  -16.143  51.535 0.0000000000
58324  -17.116  -18.471  51.604 0.0000000000
58304  -16.452  -18.588  52.160 0.0000000000
57102  -16.426  -20.032  52.753 0.0000000000
57112  -16.862  -19.704  51.965 0.0000000000
55822  -19.210  -20.867  53.497 0.0000000000
55792  -19.928  -21.210  55.484 0.0000000000
64329  -28.518  -12.307  43.314 0.0000000000
65401  -29.107  -12.034  42.942 0.0000000000
64316  -27.104  -12.717  43.928 0.0000000000
64318  -28.417  -11.978  44.619 0.0000000000
72549  -34.901  -6.406  32.157 0.0000000000
71252  -35.241  -7.045  32.127 0.0000000000
73902  -35.832  -5.348  31.138 0.0000000000
72567  -35.886  -6.405  31.301 0.0000000000
72588  -36.814  -5.794  30.325 0.0000000000
72589  -37.261  -6.027  30.085 0.0000000000
73916  -36.886  -5.636  30.067 0.0000000000
79760  -37.671  -0.173  28.578 0.0000000000
80937  -37.915  0.171  28.185 0.0000000000
80945  -39.132  0.156  26.894 0.0000000000
79771  -40.115  -0.968  27.221 0.0000000000
79787  -40.420  -0.379  26.385 0.0000000000
82045  -40.055  1.671  25.373 0.0000000000
80955  -40.911  0.508  25.867 0.0000000000
83106  -41.576  2.455  24.787 0.0000000000
83105  -40.517  2.453  24.848 0.0000000000
85271  -38.712  4.097  25.529 0.0000000000
69825  -28.809  -9.426  43.705 0.0000000000
71075  -28.008  -8.671  44.354 0.0000000000
71107  -26.546  -7.381  42.927 0.0000000000
76088  -28.339  -3.408  38.109 0.0000000000
77225  -28.394  -3.081  38.527 0.0000000000
76097  -28.342  -4.093  38.071 0.0000000000
74987  -28.272  -4.747  38.463 0.0000000000
76113  -30.006  -3.642  36.033 0.0000000000
75006  -30.642  -4.645  35.961 0.0000000000
75022  -30.914  -4.096  35.563 0.0000000000
75023  -31.197  -4.489  35.313 0.0000000000
77275  -30.842  -3.238  35.314 0.0000000000
77276  -31.248  -2.851  34.952 0.0000000000
61938  -22.863  -16.301  47.482 0.0000000000
61929  -23.566  -16.475  48.527 0.0000000000
60765  -23.753  -16.710  47.899 0.0000000000
59552  -25.456  -18.294  49.973 0.0000000000
55745  -10.735  -19.846  58.277 0.0000000000
55734  -11.081  -20.933  58.540 0.0000000000
54511  -11.427  -21.190  58.428 0.0000000000
49870  -5.571  -25.771  67.534 0.0000000000
50893  -5.155  -24.782  67.764 0.0000000000
49858  -5.151  -25.757  68.335 0.0000000000
48818  -4.522  -26.228  69.365 0.0000000000
49857  -4.658  -25.665  68.974 0.0000000000
49849  -4.288  -25.598  69.498 0.0000000000
50863  -4.285  -24.532  69.644 0.0000000000
49841  -3.643  -25.493  69.966 0.0000000000
72336  -35.586  -7.197  44.305 0.0000000000
59589  -28.071  -17.949  46.765 0.0000000000
59575  -27.931  -18.007  47.501 0.0000000000
60755  -28.546  -18.002  47.993 0.0000000000
59421  -13.871  -16.143  55.448 0.0000000000
59439  -13.086  -18.131  55.673 0.0000000000
58252  -12.865  -18.552  55.818 0.0000000000
57077  -13.485  -19.097  55.196 0.0000000000
55787  -14.444  -20.475  55.035 0.0000000000
55775  -14.044  -20.432  55.691 0.0000000000
55776  -14.767  -21.145  55.595 0.0000000000
55762  -14.898  -21.548  56.062 0.0000000000
54541  -15.313  -21.703  55.823 0.0000000000
55820  -16.993  -20.953  53.487 0.0000000000
55803  -16.330  -21.341  54.182 0.0000000000
54544  -17.829  -21.694  56.681 0.0000000000
54560  -17.582  -21.949  56.010 0.0000000000
64319  -33.254  -13.811  44.026 0.0000000000
64331  -32.682  -13.766  42.924 0.0000000000
64355  -31.385  -12.708  41.413 0.0000000000
64356  -31.900  -13.005  41.520 0.0000000000
65413  -31.289  -12.088  41.284 0.0000000000
66468  -31.830  -11.473  41.182 0.0000000000
65394  -29.526  -11.497  43.613 0.0000000000
66444  -29.886  -10.960  44.742 0.0000000000
67536  -29.681  -10.477  44.525 0.0000000000
68654  -29.444  -10.110  44.505 0.0000000000
67550  -29.926  -10.667  42.433 0.0000000000
69826  -29.389  -9.821  43.909 0.0000000000
60734  -18.479  -17.436  49.482 0.0000000000
61924  -19.275  -15.930  47.902 0.0000000000
63097  -20.644  -13.904  46.248 0.0000000000
63081  -21.990  -15.674  47.244 0.0000000000
63114  -22.734  -15.568  45.965 0.0000000000
61963  -23.285  -15.966  45.521 0.0000000000
61951  -23.681  -16.634  45.825 0.0000000000
61964  -23.693  -16.529  45.030 0.0000000000
65355  -24.348  -11.659  45.698 0.0000000000
65367  -23.536  -12.375  44.750 0.0000000000
65380  -23.139  -13.063  44.400 0.0000000000
65381  -23.666  -13.093  44.291 0.0000000000
60813  -25.103  -17.095  44.370 0.0000000000
60814  -26.266  -17.077  44.241 0.0000000000
61980  -27.304  -16.095  43.724 0.0000000000
60783  -29.426  -17.074  46.040 0.0000000000
64327  -27.193  -13.722  43.146 0.0000000000
63160  -27.266  -14.716  43.076 0.0000000000
60836  -29.504  -16.317  43.679 0.0000000000
61982  -30.087  -16.347  44.001 0.0000000000
61965  -29.865  -16.151  44.764 0.0000000000
61966  -30.573  -15.848  44.880 0.0000000000
61967  -31.357  -15.437  44.581 0.0000000000
63134  -32.843  -14.805  44.454 0.0000000000
61881  -18.009  -16.271  50.087 0.0000000000
60713  -18.281  -16.903  49.870 0.0000000000
71189  -36.604  -8.156  36.681 0.0000000000
69954  -37.903  -8.656  34.487 0.0000000000
69939  -37.975  -8.512  35.365 0.0000000000
69976  -36.239  -7.998  32.164 0.0000000000
69977  -36.450  -8.218  32.404 0.0000000000
71254  -36.877  -7.903  32.020 0.0000000000
76199  -36.158  -3.500  31.395 0.0000000000
76221  -36.647  -3.850  29.796 0.0000000000
75114  -37.653  -4.553  29.131 0.0000000000
78541  -38.413  -1.312  28.474 0.0000000000
78532  -37.944  -1.718  29.008 0.0000000000
75117  -41.042  -5.185  28.822 0.0000000000
75125  -43.028  -4.898  28.716 0.0000000000
79774  -43.116  -0.974  26.759 0.0000000000
84171  -41.933  3.217  24.480 0.0000000000
85299  -41.289  4.187  23.544 0.0000000000
85310  -41.490  4.490  22.725 0.0000000000
87544  -40.210  5.874  22.504 0.0000000000
86416  -41.283  5.074  22.065 0.0000000000
87552  -40.418  6.408  22.088 0.0000000000
87561  -41.105  6.392  21.469 0.0000000000
53188  -6.666  -22.433  63.999 0.0000000000
54415  -6.302  -21.483  64.285 0.0000000000
53187  -6.150  -22.426  64.671 0.0000000000
52023  -6.196  -22.985  64.989 0.0000000000
52026  -9.142  -24.756  63.743 0.0000000000
50938  -8.414  -25.206  64.425 0.0000000000
49896  -8.575  -26.077  65.936 0.0000000000
49919  -7.358  -25.137  64.836 0.0000000000
50917  -7.122  -25.323  65.632 0.0000000000
50928  -6.155  -24.391  65.431 0.0000000000
49894  -7.008  -25.677  66.269 0.0000000000
50905  -6.282  -25.518  66.605 0.0000000000
49885  -7.365  -26.324  66.603 0.0000000000
48829  -7.902  -27.183  67.939 0.0000000000
65396  -33.851  -12.416  43.091 0.0000000000
67552  -33.455  -10.523  41.899 0.0000000000
68665  -33.829  -9.679  42.502 0.0000000000
69840  -29.910  -9.034  41.507 0.0000000000
68675  -31.148  -9.283  41.059 0.0000000000
69841  -31.211  -8.619  41.469 0.0000000000
71092  -31.473  -7.954  42.152 0.0000000000
69828  -32.414  -8.283  41.730 0.0000000000
69829  -33.587  -8.514  42.451 0.0000000000
71094  -33.425  -7.965  42.466 0.0000000000
72365  -31.424  -7.158  42.452 0.0000000000
73687  -32.867  -6.728  42.540 0.0000000000
74901  -26.433  -4.706  42.782 0.0000000000
73700  -26.270  -5.371  43.147 0.0000000000
73714  -26.295  -5.489  42.395 0.0000000000
72377  -26.349  -6.394  42.562 0.0000000000
73715  -26.522  -6.015  41.896 0.0000000000
74953  -27.270  -3.918  39.866 0.0000000000
76069  -27.084  -3.715  41.202 0.0000000000
72417  -27.822  -6.535  39.765 0.0000000000
72416  -27.372  -6.322  40.306 0.0000000000
72400  -27.756  -6.865  40.490 0.0000000000
72388  -27.443  -7.188  41.087 0.0000000000
73727  -29.313  -6.645  41.368 0.0000000000
73728  -30.315  -5.929  41.302 0.0000000000
73719  -32.722  -5.749  42.118 0.0000000000
74955  -31.828  -5.853  39.983 0.0000000000
73822  -29.932  -5.921  37.069 0.0000000000
73807  -30.880  -6.007  37.866 0.0000000000
73809  -32.310  -6.354  37.983 0.0000000000
71170  -34.034  -7.608  37.551 0.0000000000
71161  -34.500  -7.530  38.362 0.0000000000
71172  -36.067  -7.998  37.558 0.0000000000
71205  -33.272  -7.894  35.178 0.0000000000
71225  -32.945  -7.585  34.267 0.0000000000
75044  -31.542  -4.189  34.571 0.0000000000
75045  -32.015  -4.294  33.874 0.0000000000
73876  -32.740  -5.776  33.490 0.0000000000
73877  -33.451  -5.645  33.079 0.0000000000
75067  -34.147  -4.474  32.803 0.0000000000
59527  -20.951  -18.389  49.768 0.0000000000
60700  -22.105  -18.054  51.132 0.0000000000
60687  -22.389  -18.212  52.336 0.0000000000
61869  -22.685  -17.971  52.569 0.0000000000
60738  -23.566  -17.109  50.245 0.0000000000
60716  -23.791  -17.343  50.874 0.0000000000
59554  -27.403  -18.538  49.480 0.0000000000
55693  -7.289  -20.824  61.808 0.0000000000
57004  -9.010  -19.739  59.792 0.0000000000
57003  -8.492  -19.104  60.285 0.0000000000
54479  -9.920  -21.765  60.353 0.0000000000
54464  -9.336  -21.740  60.789 0.0000000000
53231  -9.043  -21.911  61.288 0.0000000000
53233  -10.735  -22.845  61.336 0.0000000000
57047  -12.671  -19.795  56.354 0.0000000000
54526  -12.896  -21.350  57.363 0.0000000000
53270  -13.200  -22.471  58.677 0.0000000000
53260  -13.938  -22.688  59.406 0.0000000000
87569  -42.929  6.536  20.028 0.0000000000
47773  -4.191  -28.071  70.769 0.0000000000
48799  -3.563  -26.572  70.480 0.0000000000
57105  -19.709  -20.671  52.706 0.0000000000
57092  -20.235  -20.618  53.380 0.0000000000
58305  -20.964  -19.848  51.867 0.0000000000
60698  -17.605  -16.428  50.645 0.0000000000
59508  -17.435  -17.353  51.217 0.0000000000
58325  -17.468  -18.344  51.088 0.0000000000
57113  -17.953  -20.175  51.755 0.0000000000
65371  -28.980  -11.570  45.827 0.0000000000
73890  -35.191  -5.462  31.700 0.0000000000
73891  -35.445  -4.865  31.490 0.0000000000
75104  -35.870  -4.327  30.623 0.0000000000
82020  -37.978  0.934  27.649 0.0000000000
80953  -38.760  0.754  26.704 0.0000000000
80954  -39.621  0.566  26.054 0.0000000000
82028  -39.484  1.544  25.802 0.0000000000
83104  -39.411  2.409  25.469 0.0000000000
84151  -39.785  3.010  24.855 0.0000000000
71063  -27.693  -7.801  45.414 0.0000000000
71062  -27.131  -7.299  45.299 0.0000000000
71073  -26.646  -7.214  44.897 0.0000000000
77239  -29.058  -3.015  37.148 0.0000000000
77257  -30.466  -2.847  35.520 0.0000000000
77241  -30.570  -1.356  36.225 0.0000000000
60766  -24.457  -17.445  47.574 0.0000000000
60754  -24.405  -17.390  48.644 0.0000000000
57029  -11.315  -19.371  57.478 0.0000000000
85322  -42.296  4.343  21.638 0.0000000000
85323  -42.798  3.948  21.344 0.0000000000
47801  -6.706  -27.568  68.637 0.0000000000
47800  -5.887  -27.496  68.907 0.0000000000
47792  -5.660  -27.711  69.622 0.0000000000
48811  -4.983  -27.406  69.730 0.0000000000
71056  -36.081  -8.291  44.511 0.0000000000
60756  -29.431  -17.801  48.128 0.0000000000
60721  -31.171  -17.616  50.023 0.0000000000
59477  -16.197  -16.088  52.949 0.0000000000
59459  -15.410  -16.263  53.641 0.0000000000
59442  -14.543  -16.245  54.455 0.0000000000
58263  -13.716  -18.615  54.724 0.0000000000
58273  -14.043  -19.268  54.560 0.0000000000
55788  -15.105  -21.129  54.874 0.0000000000
55791  -18.516  -21.918  55.789 0.0000000000
55777  -18.540  -21.463  56.881 0.0000000000
64330  -31.715  -13.816  42.280 0.0000000000
64343  -31.462  -13.316  41.629 0.0000000000
64354  -30.902  -12.407  41.413 0.0000000000
63061  -18.619  -14.741  48.206 0.0000000000
65336  -20.232  -11.631  47.008 0.0000000000
64269  -21.028  -13.209  46.030 0.0000000000
63112  -21.770  -13.911  45.498 0.0000000000
63127  -22.763  -14.390  45.083 0.0000000000
64285  -25.729  -12.011  46.197 0.0000000000
65382  -24.237  -13.270  44.120 0.0000000000
64313  -24.733  -13.968  44.036 0.0000000000
61979  -26.478  -16.232  43.725 0.0000000000
61981  -27.739  -15.999  43.550 0.0000000000
63178  -28.561  -14.000  42.207 0.0000000000
63162  -29.233  -14.736  42.431 0.0000000000
62002  -30.069  -15.191  42.883 0.0000000000
61984  -31.152  -14.998  43.916 0.0000000000
63147  -31.548  -14.791  43.360 0.0000000000
69953  -36.933  -8.682  33.995 0.0000000000
71268  -37.652  -7.558  31.291 0.0000000000
77328  -36.582  -1.892  31.196 0.0000000000
76214  -36.905  -2.746  30.639 0.0000000000
78534  -39.511  -2.310  28.388 0.0000000000
77353  -41.023  -3.595  28.294 0.0000000000
76226  -41.743  -4.232  28.302 0.0000000000
76234  -42.937  -4.066  28.046 0.0000000000
85287  -40.914  3.782  24.102 0.0000000000
85298  -40.283  4.583  23.554 0.0000000000
85309  -40.731  4.707  22.962 0.0000000000
54431  -6.754  -21.289  63.040 0.0000000000
52033  -7.149  -22.886  63.836 0.0000000000
48852  -7.775  -26.570  66.636 0.0000000000
66459  -33.016  -11.970  41.908 0.0000000000
67563  -33.014  -11.114  41.703 0.0000000000
67551  -32.936  -10.281  41.560 0.0000000000
68676  -32.822  -9.792  41.485 0.0000000000
71110  -30.497  -8.451  41.850 0.0000000000
71076  -32.459  -7.694  42.248 0.0000000000
73703  -30.872  -6.630  42.669 0.0000000000
74913  -26.295  -4.708  41.958 0.0000000000
74975  -27.206  -5.183  39.608 0.0000000000
73777  -27.657  -5.729  39.320 0.0000000000
74954  -31.036  -5.749  39.651 0.0000000000
74978  -31.479  -5.854  39.248 0.0000000000
73825  -32.331  -6.712  37.709 0.0000000000
72441  -32.913  -6.635  38.196 0.0000000000
72464  -33.378  -7.477  37.291 0.0000000000
72483  -33.591  -7.677  36.955 0.0000000000
71187  -33.949  -8.120  36.480 0.0000000000
72497  -32.935  -7.683  35.707 0.0000000000
75046  -33.003  -3.852  33.344 0.0000000000
75047  -33.961  -3.672  33.185 0.0000000000
60737  -20.945  -17.904  48.456 0.0000000000
53246  -10.458  -22.333  60.701 0.0000000000
54527  -13.861  -21.803  56.959 0.0000000000
67531  -34.963  -10.255  44.941 0.0000000000
57063  -20.728  -20.556  56.650 0.0000000000
58265  -22.101  -19.224  55.180 0.0000000000
57093  -20.825  -20.230  53.872 0.0000000000
61941  -31.289  -16.062  46.482 0.0000000000
59491  -16.736  -16.679  52.070 0.0000000000
58288  -15.793  -18.198  52.563 0.0000000000
58287  -15.641  -19.009  52.725 0.0000000000
57101  -15.580  -19.900  53.391 0.0000000000
55821  -18.118  -21.167  53.468 0.0000000000
63129  -26.197  -12.505  45.329 0.0000000000
64315  -26.325  -13.463  43.830 0.0000000000
64317  -27.921  -12.439  43.877 0.0000000000
64340  -28.677  -13.463  42.201 0.0000000000
69963  -34.590  -7.718  32.999 0.0000000000
69964  -34.989  -7.970  32.913 0.0000000000
71239  -35.290  -7.650  32.355 0.0000000000
71253  -35.890  -7.414  31.739 0.0000000000
71266  -36.260  -6.831  31.238 0.0000000000
72569  -37.458  -6.758  30.674 0.0000000000
73917  -38.526  -6.122  29.547 0.0000000000
79755  -37.322  -0.193  29.218 0.0000000000
79762  -38.819  -0.972  27.943 0.0000000000
79769  -38.601  -0.467  27.720 0.0000000000
79763  -39.530  -1.194  27.785 0.0000000000
78552  -40.800  -1.496  27.486 0.0000000000
78553  -41.610  -1.535  27.428 0.0000000000
79773  -42.063  -0.866  27.003 0.0000000000
84169  -40.474  3.305  24.563 0.0000000000
85286  -39.989  4.097  24.283 0.0000000000
52041  -8.818  -23.220  62.506 0.0000000000
68674  -30.243  -9.827  41.566 0.0000000000
71090  -28.592  -8.789  42.551 0.0000000000
77221  -28.409  -2.668  39.268 0.0000000000
73820  -28.605  -5.576  38.180 0.0000000000
73821  -29.156  -5.853  37.671 0.0000000000
73832  -30.439  -5.518  36.571 0.0000000000
73848  -31.313  -5.557  35.617 0.0000000000
76146  -31.390  -3.612  34.817 0.0000000000
77288  -32.449  -2.356  34.287 0.0000000000
77278  -33.107  -1.901  34.358 0.0000000000
61927  -22.123  -16.020  48.000 0.0000000000
61928  -23.143  -16.414  48.828 0.0000000000
60752  -23.558  -16.795  49.636 0.0000000000
60739  -23.933  -17.104  50.080 0.0000000000
60740  -24.417  -17.449  49.858 0.0000000000
57014  -9.623  -19.447  59.179 0.0000000000
57015  -10.266  -19.335  58.493 0.0000000000
54498  -11.831  -22.413  59.284 0.0000000000
52009  -5.450  -23.939  66.454 0.0000000000
52002  -5.255  -23.821  67.211 0.0000000000
51994  -5.130  -23.708  68.178 0.0000000000
51984  -5.079  -23.585  68.992 0.0000000000
50864  -4.831  -24.228  69.274 0.0000000000
51971  -4.718  -23.550  69.458 0.0000000000
51970  -4.129  -23.556  69.797 0.0000000000
78512  -37.083  -0.994  31.723 0.0000000000
79736  -37.049  -0.148  31.196 0.0000000000
73689  -34.582  -6.312  43.314 0.0000000000
59564  -27.862  -18.162  48.508 0.0000000000
59406  -12.887  -16.572  56.721 0.0000000000
59418  -12.184  -17.827  56.393 0.0000000000
58239  -11.864  -18.246  56.649 0.0000000000
58251  -12.359  -18.411  56.221 0.0000000000
57060  -12.599  -19.106  56.089 0.0000000000
57062  -13.645  -19.963  55.518 0.0000000000
55802  -15.388  -20.785  54.018 0.0000000000
55789  -15.737  -21.374  54.562 0.0000000000
54558  -15.891  -21.645  55.217 0.0000000000
54559  -16.896  -21.882  55.528 0.0000000000
54542  -16.107  -22.026  56.122 0.0000000000
88743  -42.035  7.036  20.702 0.0000000000
64306  -34.293  -13.939  44.989 0.0000000000
64320  -33.822  -13.817  44.483 0.0000000000
65387  -33.539  -13.344  43.960 0.0000000000
65403  -32.978  -12.717  42.500 0.0000000000
67560  -30.484  -10.690  41.364 0.0000000000
66458  -30.132  -11.260  41.802 0.0000000000
69809  -28.795  -8.924  45.933 0.0000000000
58347  -19.465  -19.055  50.184 0.0000000000
58365  -18.868  -18.506  49.698 0.0000000000
59549  -19.378  -18.367  49.215 0.0000000000
60736  -19.776  -17.659  48.566 0.0000000000
60749  -19.251  -16.759  48.367 0.0000000000
65298  -18.803  -12.113  48.507 0.0000000000
64267  -19.733  -12.357  47.176 0.0000000000
64251  -19.519  -14.070  46.781 0.0000000000
63100  -22.614  -16.040  46.581 0.0000000000
60779  -24.147  -17.156  46.718 0.0000000000
59585  -24.512  -17.674  46.607 0.0000000000
59605  -24.624  -17.723  46.151 0.0000000000
65366  -22.687  -12.716  44.713 0.0000000000
64296  -22.845  -13.872  44.619 0.0000000000
64297  -23.331  -14.401  44.498 0.0000000000
64312  -23.641  -14.025  43.944 0.0000000000
63142  -23.696  -15.003  44.382 0.0000000000
61976  -23.576  -15.691  44.856 0.0000000000
60812  -24.348  -16.950  44.836 0.0000000000
60795  -24.891  -17.586  45.256 0.0000000000
59606  -25.492  -18.130  45.960 0.0000000000
59607  -26.614  -18.162  45.910 0.0000000000
59608  -27.269  -17.964  46.003 0.0000000000
60781  -27.729  -17.926  46.165 0.0000000000
60782  -28.494  -17.597  46.237 0.0000000000
60784  -30.147  -16.512  45.906 0.0000000000
60835  -28.962  -16.337  43.553 0.0000000000
60800  -30.069  -16.074  45.333 0.0000000000
61940  -30.736  -16.405  46.403 0.0000000000
61954  -32.432  -15.465  45.898 0.0000000000
63120  -32.206  -15.262  45.070 0.0000000000
64289  -34.107  -14.714  45.338 0.0000000000
61868  -17.747  -14.885  51.607 0.0000000000
59525  -17.967  -17.395  50.357 0.0000000000
58363  -18.128  -17.866  50.099 0.0000000000
71208  -37.263  -8.510  35.993 0.0000000000
69966  -36.910  -8.448  32.885 0.0000000000
69967  -37.869  -8.585  33.550 0.0000000000
71255  -37.840  -8.053  32.008 0.0000000000
75112  -36.363  -4.359  29.976 0.0000000000
73927  -36.629  -4.862  29.779 0.0000000000
73928  -37.047  -5.359  29.575 0.0000000000
73929  -38.025  -5.711  29.332 0.0000000000
73930  -39.155  -5.919  29.384 0.0000000000
77350  -38.116  -2.632  28.998 0.0000000000
77351  -39.096  -2.910  28.649 0.0000000000
75118  -42.259  -5.337  28.926 0.0000000000
85321  -41.773  4.568  22.063 0.0000000000
88723  -41.104  7.783  21.856 0.0000000000
53180  -5.871  -22.486  65.567 0.0000000000
53179  -5.656  -23.114  65.765 0.0000000000
49920  -7.771  -25.318  64.780 0.0000000000
50937  -7.522  -24.757  64.498 0.0000000000
52016  -6.439  -24.078  65.009 0.0000000000
50927  -5.762  -24.028  65.577 0.0000000000
50915  -5.769  -24.405  65.995 0.0000000000
49883  -6.113  -25.854  67.039 0.0000000000
48842  -7.346  -26.715  67.145 0.0000000000
48828  -6.951  -27.094  67.915 0.0000000000
69862  -32.186  -9.516  41.092 0.0000000000
68656  -34.484  -9.193  42.968 0.0000000000
69820  -34.922  -8.535  43.272 0.0000000000
71079  -34.716  -7.918  43.340 0.0000000000
71077  -33.134  -7.637  42.403 0.0000000000
71067  -34.628  -7.544  43.370 0.0000000000
72349  -34.219  -7.075  43.099 0.0000000000
73688  -33.653  -6.560  42.748 0.0000000000
72346  -26.297  -6.412  44.668 0.0000000000
73685  -26.293  -5.122  43.752 0.0000000000
73701  -26.112  -5.681  43.588 0.0000000000
72361  -26.084  -6.434  43.604 0.0000000000
72378  -27.790  -7.677  41.533 0.0000000000
74929  -26.680  -4.175  41.476 0.0000000000
74928  -26.415  -4.894  41.157 0.0000000000
73747  -26.873  -5.725  40.600 0.0000000000
73726  -26.656  -6.017  41.246 0.0000000000
72387  -26.809  -6.724  41.599 0.0000000000
72379  -28.742  -7.430  41.734 0.0000000000
73716  -29.507  -6.923  42.181 0.0000000000
73706  -33.883  -6.147  42.666 0.0000000000
74930  -32.107  -5.798  40.731 0.0000000000
73780  -30.888  -6.046  38.642 0.0000000000
73849  -31.736  -6.269  35.351 0.0000000000
72514  -32.507  -6.898  34.031 0.0000000000
72515  -32.980  -7.259  33.612 0.0000000000
71237  -34.169  -7.462  33.011 0.0000000000
72532  -34.315  -6.531  32.596 0.0000000000
58327  -21.249  -19.365  51.166 0.0000000000
59510  -21.583  -18.645  50.918 0.0000000000
59478  -21.951  -18.162  53.203 0.0000000000
61899  -22.741  -17.365  50.536 0.0000000000
61884  -23.047  -17.816  51.624 0.0000000000
61885  -23.608  -17.564  51.796 0.0000000000
59563  -26.731  -18.332  48.725 0.0000000000
59553  -26.374  -18.347  49.756 0.0000000000
55692  -7.084  -20.132  62.534 0.0000000000
54447  -7.109  -21.354  62.207 0.0000000000
55718  -8.238  -19.643  60.781 0.0000000000
54478  -9.214  -21.281  60.230 0.0000000000
55707  -8.231  -20.813  60.842 0.0000000000
54449  -8.472  -21.723  61.359 0.0000000000
53215  -11.280  -23.419  62.098 0.0000000000
55758  -11.809  -19.610  57.329 0.0000000000
55747  -12.015  -20.956  57.697 0.0000000000
54525  -12.337  -21.139  57.595 0.0000000000
54501  -16.131  -22.730  59.489 0.0000000000
53249  -13.318  -22.967  60.482 0.0000000000
87568  -42.231  6.391  20.385 0.0000000000
47785  -5.308  -28.081  70.337 0.0000000000
46762  -4.658  -28.735  70.779 0.0000000000
47784  -4.317  -27.775  70.435 0.0000000000
48800  -3.800  -26.023  70.494 0.0000000000
49840  -3.639  -25.341  70.782 0.0000000000
48798  -3.274  -26.757  70.573 0.0000000000
49848  -2.812  -25.506  70.539 0.0000000000
46763  -5.407  -28.747  70.925 0.0000000000
46768  -4.865  -28.461  70.597 0.0000000000
47783  -3.838  -27.574  70.617 0.0000000000
48840  -5.998  -26.239  67.492 0.0000000000
49884  -6.835  -25.978  66.634 0.0000000000
49907  -7.467  -25.393  65.254 0.0000000000
52014  -5.591  -23.648  65.887 0.0000000000
53198  -8.555  -23.125  62.543 0.0000000000
54430  -6.508  -21.103  63.767 0.0000000000
54462  -8.090  -21.186  61.086 0.0000000000
54499  -14.098  -22.423  58.585 0.0000000000
54572  -16.549  -21.694  54.831 0.0000000000
55774  -13.530  -20.181  55.730 0.0000000000
57013  -8.924  -18.955  59.592 0.0000000000
57090  -14.442  -19.755  54.549 0.0000000000
57111  -16.542  -19.745  52.328 0.0000000000
57141  -18.151  -19.045  50.652 0.0000000000
58262  -13.294  -18.613  55.410 0.0000000000
58364  -18.360  -18.188  49.875 0.0000000000
59474  -15.228  -18.539  53.270 0.0000000000
59547  -18.294  -17.638  49.805 0.0000000000
60714  -18.377  -16.654  49.561 0.0000000000
60778  -23.440  -16.633  47.204 0.0000000000
61896  -18.245  -16.469  49.787 0.0000000000
61939  -23.356  -16.390  48.218 0.0000000000
64282  -21.554  -13.331  45.567 0.0000000000
66460  -33.311  -11.426  42.074 0.0000000000
66470  -32.998  -11.503  41.819 0.0000000000
69827  -31.689  -8.211  41.806 0.0000000000
69861  -31.713  -9.183  41.050 0.0000000000
71126  -26.746  -7.211  42.154 0.0000000000
71160  -34.088  -7.481  38.036 0.0000000000
71241  -37.899  -8.300  32.726 0.0000000000
72376  -26.178  -5.808  42.823 0.0000000000
72420  -33.428  -6.797  38.755 0.0000000000
72606  -37.706  -6.061  29.677 0.0000000000
72607  -39.663  -6.390  29.641 0.0000000000
73746  -26.481  -5.475  41.036 0.0000000000
74951  -26.544  -5.176  40.712 0.0000000000
77286  -31.577  -3.141  34.575 0.0000000000
77287  -31.946  -2.737  34.372 0.0000000000
80943  -37.819  0.646  27.974 0.0000000000
80971  -40.261  1.056  25.581 0.0000000000
83120  -41.123  2.731  24.665 0.0000000000
84149  -38.631  3.458  25.924 0.0000000000
85272  -42.144  3.229  24.432 0.0000000000
89891  -41.061  8.446  22.247 0.0000000000
