#!ascii label  , from subject 3055 vox2ras=TkReg
1327
58087  -8.391  -17.061  66.149 0.0000000000
64273  -29.631  -11.690  48.205 0.0000000000
73664  -26.967  -5.362  46.767 0.0000000000
67431  -23.629  -8.796  52.463 0.0000000000
76168  -36.414  -3.329  32.850 0.0000000000
78444  -30.099  -0.892  37.569 0.0000000000
65243  -31.141  -10.525  54.405 0.0000000000
64214  -26.047  -11.860  49.984 0.0000000000
76190  -40.474  -1.081  34.126 0.0000000000
83060  -41.330  3.107  30.753 0.0000000000
88677  -42.399  7.786  28.034 0.0000000000
77139  -30.960  -1.107  46.206 0.0000000000
76048  -27.994  -2.615  41.898 0.0000000000
81889  -32.539  1.999  42.265 0.0000000000
82977  -35.095  3.215  38.705 0.0000000000
65236  -17.751  -12.261  54.075 0.0000000000
61670  -5.501  -15.920  69.822 0.0000000000
69798  -29.839  -8.948  47.970 0.0000000000
75937  -29.989  -3.174  50.746 0.0000000000
65286  -18.566  -12.332  49.916 0.0000000000
65338  -22.537  -11.062  45.751 0.0000000000
87537  -39.252  6.520  23.785 0.0000000000
93951  -42.513  12.047  27.541 0.0000000000
77279  -33.987  -1.651  34.555 0.0000000000
78439  -39.042  -0.722  36.392 0.0000000000
59337  -9.464  -16.927  61.438 0.0000000000
51961  -3.328  -23.353  70.903 0.0000000000
80915  -40.660  1.195  32.659 0.0000000000
78376  -32.114  0.605  44.437 0.0000000000
59477  -16.197  -16.088  52.949 0.0000000000
59248  -7.747  -16.284  68.503 0.0000000000
66444  -29.886  -10.960  44.742 0.0000000000
66416  -30.422  -10.612  48.231 0.0000000000
68602  -20.841  -8.499  50.476 0.0000000000
65317  -19.937  -11.013  47.375 0.0000000000
66386  -22.645  -9.803  48.479 0.0000000000
63066  -28.254  -12.342  49.526 0.0000000000
64271  -25.791  -11.828  47.148 0.0000000000
63132  -27.489  -12.257  46.362 0.0000000000
68562  -22.082  -7.403  53.837 0.0000000000
69734  -18.936  -8.218  52.595 0.0000000000
82012  -37.708  1.284  28.056 0.0000000000
85284  -38.490  4.763  25.480 0.0000000000
90958  -42.051  9.345  27.534 0.0000000000
77222  -28.851  -1.846  39.187 0.0000000000
78455  -31.908  -0.723  35.710 0.0000000000
81911  -36.522  2.121  36.153 0.0000000000
58222  -14.340  -15.450  57.581 0.0000000000
58181  -14.137  -17.196  59.632 0.0000000000
58147  -13.525  -18.110  62.246 0.0000000000
59388  -10.209  -17.253  58.664 0.0000000000
53149  -4.793  -22.677  69.112 0.0000000000
64203  -30.007  -11.221  51.594 0.0000000000
67475  -31.103  -9.734  51.053 0.0000000000
68581  -31.940  -8.925  53.347 0.0000000000
67400  -26.079  -9.072  55.020 0.0000000000
65260  -24.986  -10.591  51.346 0.0000000000
65222  -27.943  -10.861  54.418 0.0000000000
64176  -29.269  -11.870  53.126 0.0000000000
76170  -37.841  -2.305  33.882 0.0000000000
79723  -38.462  -0.232  32.831 0.0000000000
81997  -38.978  2.303  31.020 0.0000000000
84116  -39.628  3.834  29.226 0.0000000000
86381  -39.092  5.355  27.723 0.0000000000
86359  -41.865  5.239  29.370 0.0000000000
75981  -28.742  -2.530  46.457 0.0000000000
74890  -27.332  -3.410  44.720 0.0000000000
77163  -29.611  -1.684  44.456 0.0000000000
77194  -29.787  -0.014  42.223 0.0000000000
79647  -31.086  0.892  40.337 0.0000000000
81919  -32.743  1.319  37.648 0.0000000000
81894  -33.455  2.411  40.332 0.0000000000
65194  -16.543  -12.077  55.982 0.0000000000
59423  -15.019  -15.066  55.453 0.0000000000
92012  -42.710  10.645  22.803 0.0000000000
62810  -3.564  -15.611  69.365 0.0000000000
68654  -29.444  -10.110  44.505 0.0000000000
72324  -29.108  -7.310  47.401 0.0000000000
71014  -30.891  -8.143  50.197 0.0000000000
72282  -29.746  -7.028  49.824 0.0000000000
74845  -28.308  -4.633  48.820 0.0000000000
75972  -30.660  -1.572  48.242 0.0000000000
65300  -24.890  -10.716  48.687 0.0000000000
68548  -17.607  -8.967  54.113 0.0000000000
65259  -18.475  -12.114  52.040 0.0000000000
89858  -39.563  7.922  26.492 0.0000000000
92001  -39.807  9.770  25.181 0.0000000000
92008  -41.314  10.695  23.879 0.0000000000
94911  -42.992  13.370  25.556 0.0000000000
56969  -6.981  -18.983  63.585 0.0000000000
56946  -5.680  -19.611  66.297 0.0000000000
75025  -35.589  -2.744  33.981 0.0000000000
79672  -34.595  0.502  36.262 0.0000000000
78448  -36.452  -1.140  36.329 0.0000000000
75010  -37.767  -2.303  35.493 0.0000000000
76134  -39.703  -1.861  35.692 0.0000000000
58122  -8.922  -16.760  63.618 0.0000000000
56914  -5.753  -18.837  68.366 0.0000000000
56888  -3.619  -19.594  69.998 0.0000000000
58038  -2.814  -18.742  70.718 0.0000000000
58067  -8.549  -16.941  67.611 0.0000000000
65371  -28.980  -11.570  45.827 0.0000000000
65373  -29.906  -11.096  46.600 0.0000000000
65342  -30.327  -11.350  47.994 0.0000000000
68593  -21.742  -8.243  50.957 0.0000000000
67473  -21.824  -8.946  49.599 0.0000000000
67463  -22.777  -9.455  50.712 0.0000000000
63087  -28.592  -12.315  48.995 0.0000000000
63104  -27.705  -12.450  48.076 0.0000000000
64287  -28.364  -11.922  47.268 0.0000000000
64317  -27.921  -12.439  43.877 0.0000000000
68551  -24.215  -8.337  54.390 0.0000000000
68537  -22.911  -7.814  55.509 0.0000000000
68563  -23.030  -7.700  52.926 0.0000000000
68579  -21.272  -7.608  52.358 0.0000000000
84149  -38.631  3.458  25.924 0.0000000000
72334  -27.974  -7.369  46.193 0.0000000000
72332  -26.648  -6.486  45.558 0.0000000000
77227  -29.487  -1.474  38.293 0.0000000000
77239  -29.058  -3.015  37.148 0.0000000000
78454  -31.030  -0.765  36.104 0.0000000000
59406  -12.887  -16.572  56.721 0.0000000000
58202  -14.328  -15.629  58.615 0.0000000000
59375  -12.333  -16.008  58.440 0.0000000000
59374  -11.872  -16.299  58.965 0.0000000000
59404  -11.158  -17.326  57.543 0.0000000000
65252  -30.430  -11.279  53.005 0.0000000000
66365  -31.395  -10.334  52.366 0.0000000000
66340  -31.543  -10.055  53.884 0.0000000000
67386  -26.572  -9.685  55.907 0.0000000000
66320  -26.510  -9.880  54.012 0.0000000000
66287  -27.892  -10.614  55.634 0.0000000000
65227  -30.624  -10.368  54.734 0.0000000000
64149  -29.131  -11.587  54.269 0.0000000000
64164  -29.959  -11.758  53.327 0.0000000000
63021  -29.743  -11.758  52.540 0.0000000000
76188  -39.222  -1.902  33.690 0.0000000000
77314  -38.375  -1.544  33.553 0.0000000000
78515  -39.647  -0.308  33.670 0.0000000000
83049  -41.278  2.703  31.608 0.0000000000
81986  -40.223  1.965  32.106 0.0000000000
81998  -39.837  2.346  31.149 0.0000000000
83070  -39.102  3.101  29.724 0.0000000000
84104  -40.354  3.874  29.858 0.0000000000
85238  -40.265  4.520  29.444 0.0000000000
84118  -41.656  4.222  30.007 0.0000000000
75995  -29.915  -1.617  46.446 0.0000000000
76006  -29.159  -2.226  44.983 0.0000000000
77151  -30.410  -1.474  45.076 0.0000000000
79631  -31.905  0.982  42.966 0.0000000000
77178  -30.990  0.056  43.285 0.0000000000
79629  -31.032  0.582  42.253 0.0000000000
78423  -30.368  0.364  40.749 0.0000000000
80821  -31.696  1.253  40.686 0.0000000000
81897  -32.344  1.734  40.479 0.0000000000
81893  -32.785  2.308  41.030 0.0000000000
67383  -17.411  -11.151  55.404 0.0000000000
66264  -16.802  -11.152  56.230 0.0000000000
64146  -17.184  -12.773  55.077 0.0000000000
59460  -15.789  -15.498  53.884 0.0000000000
93018  -43.784  11.900  23.004 0.0000000000
93021  -44.285  11.438  22.625 0.0000000000
62811  -4.172  -15.525  69.058 0.0000000000
67529  -29.952  -10.314  46.292 0.0000000000
67536  -29.681  -10.477  44.525 0.0000000000
69818  -29.357  -9.769  46.105 0.0000000000
71065  -29.031  -8.433  46.708 0.0000000000
71055  -29.495  -8.460  47.739 0.0000000000
69759  -32.036  -8.572  51.180 0.0000000000
68611  -30.913  -9.123  50.361 0.0000000000
70995  -31.652  -7.660  51.477 0.0000000000
74815  -30.069  -4.265  52.273 0.0000000000
73629  -30.160  -6.422  51.342 0.0000000000
74823  -29.015  -4.627  50.827 0.0000000000
73636  -28.404  -5.993  49.606 0.0000000000
75948  -28.951  -3.827  49.467 0.0000000000
74847  -29.263  -2.856  48.468 0.0000000000
75950  -30.395  -2.488  49.923 0.0000000000
66413  -21.206  -10.534  46.865 0.0000000000
65276  -25.732  -11.190  51.348 0.0000000000
65288  -25.011  -10.720  49.766 0.0000000000
64233  -25.531  -11.436  49.121 0.0000000000
64284  -25.125  -12.126  45.420 0.0000000000
69698  -19.600  -6.903  54.803 0.0000000000
66372  -18.705  -10.911  50.222 0.0000000000
67447  -18.277  -9.940  51.834 0.0000000000
65271  -18.398  -12.739  50.738 0.0000000000
63028  -18.004  -14.264  50.910 0.0000000000
87514  -40.775  6.917  28.137 0.0000000000
88674  -39.581  7.195  27.310 0.0000000000
89846  -40.817  8.280  27.460 0.0000000000
91993  -42.496  10.442  27.502 0.0000000000
90969  -41.761  10.103  26.940 0.0000000000
92003  -41.228  10.863  25.821 0.0000000000
92007  -40.665  10.387  24.271 0.0000000000
93008  -41.630  11.563  25.383 0.0000000000
93962  -41.921  11.856  24.742 0.0000000000
94906  -42.798  12.838  26.620 0.0000000000
76018  -27.789  -3.002  43.208 0.0000000000
74888  -26.440  -4.722  43.448 0.0000000000
75067  -34.147  -4.474  32.803 0.0000000000
75024  -34.656  -2.788  33.636 0.0000000000
80828  -33.883  1.948  38.244 0.0000000000
80847  -33.976  0.997  36.553 0.0000000000
80836  -35.148  1.851  36.539 0.0000000000
80839  -38.067  0.756  36.435 0.0000000000
79661  -36.836  0.226  36.441 0.0000000000
77229  -37.829  -1.265  36.375 0.0000000000
76116  -37.099  -2.291  35.871 0.0000000000
76103  -38.440  -1.958  36.240 0.0000000000
75011  -38.529  -2.299  35.676 0.0000000000
77247  -39.374  -1.517  36.259 0.0000000000
58177  -10.831  -17.086  61.391 0.0000000000
58145  -11.302  -17.785  62.640 0.0000000000
58123  -10.010  -16.795  63.373 0.0000000000
58143  -9.167  -16.883  62.671 0.0000000000
58159  -7.492  -17.894  62.335 0.0000000000
56994  -7.901  -18.836  60.975 0.0000000000
54394  -6.006  -21.438  66.132 0.0000000000
55648  -5.765  -19.357  67.607 0.0000000000
55646  -5.125  -21.076  67.719 0.0000000000
53135  -4.010  -22.671  69.778 0.0000000000
54343  -4.461  -21.123  69.358 0.0000000000
54341  -3.614  -21.313  71.021 0.0000000000
56887  -3.336  -19.428  71.097 0.0000000000
54340  -3.066  -21.518  71.154 0.0000000000
66268  -28.766  -10.217  56.573 0.0000000000
78501  -41.330  -0.271  33.845 0.0000000000
78516  -40.320  0.008  33.667 0.0000000000
79742  -41.574  0.963  33.464 0.0000000000
78346  -31.583  0.074  45.565 0.0000000000
61857  -17.586  -14.555  52.600 0.0000000000
61840  -17.326  -14.482  53.802 0.0000000000
62816  -8.343  -14.960  69.252 0.0000000000
60484  -6.927  -16.096  69.338 0.0000000000
65386  -29.440  -11.332  44.945 0.0000000000
66437  -30.075  -10.824  46.201 0.0000000000
67521  -30.252  -10.128  47.334 0.0000000000
75951  -30.999  -1.818  50.293 0.0000000000
67471  -19.382  -9.904  49.500 0.0000000000
65298  -18.803  -12.113  48.507 0.0000000000
67485  -20.068  -9.656  48.702 0.0000000000
66398  -21.122  -9.567  47.859 0.0000000000
66399  -22.324  -9.848  47.179 0.0000000000
63029  -27.398  -11.831  50.356 0.0000000000
64234  -26.022  -11.798  49.179 0.0000000000
63084  -26.697  -12.249  48.273 0.0000000000
63116  -26.542  -12.246  46.457 0.0000000000
64316  -27.104  -12.717  43.928 0.0000000000
69700  -21.645  -7.550  55.504 0.0000000000
69712  -20.384  -7.153  54.279 0.0000000000
69736  -20.546  -7.398  52.994 0.0000000000
68592  -20.282  -8.440  51.225 0.0000000000
80930  -37.224  0.703  29.629 0.0000000000
86405  -38.955  5.514  24.169 0.0000000000
89849  -44.062  8.448  28.139 0.0000000000
89848  -42.783  8.571  28.094 0.0000000000
77213  -28.094  -2.380  40.323 0.0000000000
77277  -32.011  -2.090  34.691 0.0000000000
77259  -32.518  -1.391  35.158 0.0000000000
84024  -36.222  3.502  38.633 0.0000000000
81910  -35.860  2.280  36.858 0.0000000000
84039  -37.608  3.313  37.452 0.0000000000
59377  -15.547  -14.863  57.958 0.0000000000
59356  -15.692  -15.244  58.705 0.0000000000
59339  -14.704  -16.665  61.039 0.0000000000
58180  -13.483  -17.623  60.049 0.0000000000
58198  -11.758  -16.688  60.458 0.0000000000
59371  -9.255  -17.240  59.823 0.0000000000
58195  -8.518  -18.119  59.770 0.0000000000
58197  -9.847  -18.655  58.770 0.0000000000
64236  -29.714  -11.722  49.918 0.0000000000
65323  -30.177  -11.126  49.323 0.0000000000
65291  -30.420  -10.585  50.833 0.0000000000
67464  -32.095  -9.715  51.856 0.0000000000
67413  -24.813  -8.879  53.834 0.0000000000
66352  -23.939  -9.419  51.410 0.0000000000
66337  -25.451  -9.845  52.956 0.0000000000
65249  -25.872  -10.593  52.331 0.0000000000
64186  -26.603  -11.463  52.153 0.0000000000
65208  -28.144  -11.654  55.352 0.0000000000
64161  -28.414  -11.405  54.060 0.0000000000
64188  -27.885  -11.521  51.958 0.0000000000
63031  -28.785  -11.622  51.087 0.0000000000
64216  -29.384  -11.797  50.536 0.0000000000
67399  -24.967  -8.718  55.021 0.0000000000
76169  -37.212  -3.202  33.100 0.0000000000
76199  -36.158  -3.500  31.395 0.0000000000
77300  -37.535  -2.318  33.257 0.0000000000
78499  -37.557  -0.896  32.514 0.0000000000
79736  -37.049  -0.148  31.196 0.0000000000
79725  -39.724  0.782  32.981 0.0000000000
81971  -38.656  1.294  32.023 0.0000000000
80924  -37.044  0.755  30.657 0.0000000000
81995  -37.480  1.549  30.090 0.0000000000
82013  -38.208  2.283  28.290 0.0000000000
84134  -38.663  3.683  27.584 0.0000000000
85262  -38.526  4.263  27.131 0.0000000000
85248  -39.553  4.564  28.653 0.0000000000
86372  -40.419  5.581  28.971 0.0000000000
87504  -42.171  6.355  28.625 0.0000000000
85241  -43.247  4.738  29.842 0.0000000000
88664  -43.607  7.388  28.468 0.0000000000
74862  -27.596  -4.399  47.307 0.0000000000
73671  -26.635  -4.971  46.136 0.0000000000
74891  -27.900  -3.037  45.438 0.0000000000
76005  -28.217  -2.584  44.622 0.0000000000
76035  -28.546  -2.185  43.248 0.0000000000
77165  -30.838  -0.059  44.015 0.0000000000
77176  -29.145  -1.431  43.199 0.0000000000
77192  -28.378  -1.953  41.806 0.0000000000
77215  -29.445  -0.716  40.618 0.0000000000
78429  -29.854  -0.190  40.071 0.0000000000
78434  -30.767  0.193  38.685 0.0000000000
79657  -31.314  0.301  38.045 0.0000000000
79653  -31.815  1.324  38.722 0.0000000000
80827  -33.057  1.790  38.870 0.0000000000
82976  -34.424  2.924  39.308 0.0000000000
84006  -34.788  3.623  40.786 0.0000000000
84015  -35.291  4.017  39.831 0.0000000000
64109  -16.351  -13.086  57.284 0.0000000000
60648  -16.927  -14.809  54.724 0.0000000000
61802  -16.044  -13.739  55.540 0.0000000000
60608  -15.626  -14.078  56.721 0.0000000000
59409  -14.694  -15.217  56.628 0.0000000000
71064  -28.486  -8.241  45.929 0.0000000000
72310  -27.964  -6.625  47.591 0.0000000000
66401  -30.269  -10.738  49.203 0.0000000000
68626  -30.287  -9.422  48.802 0.0000000000
71029  -30.480  -8.316  49.419 0.0000000000
72283  -30.309  -7.630  49.978 0.0000000000
72298  -29.967  -7.691  49.190 0.0000000000
72296  -28.957  -6.669  48.713 0.0000000000
73649  -28.092  -6.092  48.648 0.0000000000
74853  -27.984  -4.766  48.065 0.0000000000
74854  -28.230  -3.830  47.953 0.0000000000
75970  -29.404  -2.278  47.505 0.0000000000
75984  -30.461  -1.502  47.310 0.0000000000
75962  -30.907  -1.783  49.231 0.0000000000
77120  -31.773  -1.342  48.409 0.0000000000
65273  -24.351  -9.894  50.148 0.0000000000
65299  -23.681  -10.042  47.886 0.0000000000
65339  -23.716  -11.088  46.341 0.0000000000
64252  -25.529  -11.275  48.046 0.0000000000
65355  -24.348  -11.659  45.698 0.0000000000
68535  -17.125  -9.022  54.863 0.0000000000
67411  -17.703  -10.701  54.126 0.0000000000
69720  -18.440  -8.409  53.028 0.0000000000
67430  -17.664  -10.149  52.987 0.0000000000
65248  -17.835  -12.201  53.043 0.0000000000
63016  -18.242  -14.059  52.114 0.0000000000
86389  -38.425  5.273  27.093 0.0000000000
87527  -38.459  6.433  25.512 0.0000000000
88705  -38.657  7.329  25.136 0.0000000000
90957  -41.327  8.863  27.242 0.0000000000
89869  -39.858  8.783  26.154 0.0000000000
89884  -39.350  8.411  24.042 0.0000000000
89885  -39.860  8.543  23.335 0.0000000000
89890  -40.435  8.556  22.768 0.0000000000
89891  -41.061  8.446  22.247 0.0000000000
92011  -41.777  10.535  23.335 0.0000000000
93970  -42.761  11.793  23.551 0.0000000000
56963  -7.442  -17.930  64.916 0.0000000000
56948  -7.145  -18.394  66.108 0.0000000000
56961  -5.863  -19.133  64.894 0.0000000000
73686  -26.233  -5.519  44.229 0.0000000000
76167  -35.868  -3.390  32.798 0.0000000000
79683  -32.377  0.068  36.324 0.0000000000
79684  -33.662  0.194  35.769 0.0000000000
78457  -34.631  -0.525  35.493 0.0000000000
79660  -35.839  0.342  36.442 0.0000000000
78447  -35.653  -0.570  36.105 0.0000000000
77262  -35.452  -1.518  35.392 0.0000000000
75008  -35.967  -2.611  34.908 0.0000000000
75026  -36.435  -2.743  34.459 0.0000000000
75050  -36.826  -3.144  34.054 0.0000000000
75051  -37.569  -2.537  34.202 0.0000000000
75053  -39.279  -2.326  34.615 0.0000000000
76153  -40.162  -1.831  34.733 0.0000000000
58079  -9.754  -16.392  66.446 0.0000000000
58098  -10.273  -16.814  64.776 0.0000000000
58108  -8.744  -17.188  64.536 0.0000000000
58120  -7.389  -18.120  63.579 0.0000000000
55692  -7.084  -20.132  62.534 0.0000000000
58066  -7.177  -17.361  67.056 0.0000000000
58054  -6.471  -17.686  67.882 0.0000000000
59239  -5.793  -16.836  69.739 0.0000000000
54365  -4.831  -21.704  68.747 0.0000000000
56890  -5.128  -18.805  69.882 0.0000000000
60490  -4.523  -16.894  69.974 0.0000000000
59236  -3.354  -17.476  69.702 0.0000000000
60488  -2.969  -16.749  70.715 0.0000000000
51960  -2.977  -23.366  70.967 0.0000000000
54350  -2.858  -21.732  70.715 0.0000000000
58078  -9.094  -16.813  66.974 0.0000000000
64288  -29.128  -11.641  47.380 0.0000000000
65356  -29.643  -11.437  47.435 0.0000000000
65341  -30.042  -11.493  47.847 0.0000000000
68580  -22.676  -8.403  51.851 0.0000000000
68594  -22.701  -8.711  50.986 0.0000000000
64272  -28.864  -11.953  48.241 0.0000000000
64304  -28.867  -11.675  46.734 0.0000000000
67412  -23.954  -8.440  53.463 0.0000000000
84139  -38.527  3.504  26.734 0.0000000000
72321  -26.845  -6.305  46.331 0.0000000000
72333  -27.440  -6.899  45.865 0.0000000000
78445  -30.551  -0.976  36.796 0.0000000000
77241  -30.570  -1.356  36.225 0.0000000000
59405  -11.958  -17.193  56.900 0.0000000000
59391  -12.418  -16.125  57.551 0.0000000000
59390  -11.694  -16.482  57.899 0.0000000000
65253  -30.930  -10.768  53.587 0.0000000000
66355  -31.351  -10.388  53.263 0.0000000000
66339  -31.314  -10.442  54.214 0.0000000000
67387  -27.019  -10.066  56.276 0.0000000000
66286  -27.036  -10.275  55.785 0.0000000000
66266  -27.507  -10.223  56.373 0.0000000000
65241  -29.850  -11.421  53.757 0.0000000000
65242  -30.353  -11.212  53.797 0.0000000000
64178  -30.106  -11.960  53.070 0.0000000000
67368  -27.297  -9.569  56.850 0.0000000000
76189  -39.843  -1.361  34.182 0.0000000000
76201  -39.472  -1.438  33.867 0.0000000000
77331  -39.916  -0.620  33.932 0.0000000000
83048  -40.616  2.611  31.198 0.0000000000
83059  -40.270  3.079  30.488 0.0000000000
84105  -41.190  3.922  30.259 0.0000000000
84119  -41.833  4.067  30.126 0.0000000000
75996  -30.235  -1.448  46.802 0.0000000000
77138  -30.007  -1.627  45.759 0.0000000000
80812  -32.447  1.379  43.147 0.0000000000
79630  -31.462  0.787  42.639 0.0000000000
79643  -31.611  1.062  42.444 0.0000000000
79642  -31.431  1.033  41.785 0.0000000000
80815  -31.830  1.391  41.555 0.0000000000
81892  -32.131  1.770  41.284 0.0000000000
66318  -17.661  -11.569  54.497 0.0000000000
66302  -17.436  -11.611  55.121 0.0000000000
64158  -17.705  -12.978  54.584 0.0000000000
94916  -43.783  13.042  23.895 0.0000000000
93972  -44.397  12.420  23.097 0.0000000000
62813  -6.045  -15.354  69.325 0.0000000000
63986  -5.854  -14.998  69.061 0.0000000000
62812  -5.128  -15.111  69.561 0.0000000000
61669  -4.662  -15.831  69.616 0.0000000000
68639  -29.773  -9.380  47.311 0.0000000000
68647  -29.754  -9.775  46.687 0.0000000000
69810  -29.375  -9.121  46.779 0.0000000000
71005  -31.939  -8.133  51.118 0.0000000000
75923  -30.021  -3.532  51.546 0.0000000000
74813  -29.330  -4.568  51.285 0.0000000000
75922  -29.432  -3.967  51.166 0.0000000000
75936  -29.242  -3.878  50.331 0.0000000000
75949  -29.599  -3.118  49.704 0.0000000000
64231  -18.544  -13.456  48.984 0.0000000000
64200  -26.130  -11.323  51.010 0.0000000000
64213  -25.431  -11.377  50.124 0.0000000000
65272  -18.452  -12.032  50.942 0.0000000000
64211  -18.333  -13.417  50.287 0.0000000000
88662  -42.062  7.197  28.297 0.0000000000
88676  -41.405  7.586  27.917 0.0000000000
93001  -42.996  11.350  27.661 0.0000000000
91999  -41.771  10.910  26.627 0.0000000000
93005  -42.210  11.549  27.210 0.0000000000
92004  -41.653  11.278  26.013 0.0000000000
93009  -41.999  11.718  26.240 0.0000000000
93958  -42.415  12.461  26.811 0.0000000000
93959  -42.852  12.783  26.912 0.0000000000
76034  -28.181  -2.725  42.587 0.0000000000
76033  -27.310  -3.292  42.591 0.0000000000
76047  -27.479  -3.027  41.745 0.0000000000
76131  -33.376  -2.248  34.078 0.0000000000
76148  -32.767  -2.765  33.803 0.0000000000
76149  -33.717  -2.977  33.519 0.0000000000
76132  -34.240  -2.178  34.276 0.0000000000
81900  -34.480  2.520  38.489 0.0000000000
80829  -34.554  2.159  37.608 0.0000000000
81909  -35.205  2.448  37.721 0.0000000000
79663  -38.546  -0.008  36.593 0.0000000000
79662  -37.702  0.072  36.504 0.0000000000
78438  -38.173  -0.714  36.408 0.0000000000
77246  -38.134  -1.660  36.321 0.0000000000
77230  -38.600  -1.480  36.279 0.0000000000
76090  -38.918  -1.774  36.228 0.0000000000
77231  -39.364  -1.209  36.288 0.0000000000
59338  -10.110  -16.769  61.295 0.0000000000
58162  -10.515  -17.107  61.889 0.0000000000
58144  -10.432  -16.843  62.595 0.0000000000
59336  -8.870  -17.153  61.510 0.0000000000
58160  -8.157  -17.501  61.662 0.0000000000
59351  -8.714  -17.312  61.012 0.0000000000
54383  -5.614  -21.149  66.735 0.0000000000
51962  -3.622  -23.459  70.275 0.0000000000
53128  -3.593  -22.452  70.558 0.0000000000
53127  -3.243  -22.413  71.037 0.0000000000
78363  -32.813  0.776  45.656 0.0000000000
60686  -17.357  -15.323  52.073 0.0000000000
59249  -8.321  -16.201  68.265 0.0000000000
61674  -8.689  -15.224  68.915 0.0000000000
60493  -7.899  -15.880  68.580 0.0000000000
61672  -7.262  -15.459  69.379 0.0000000000
60492  -7.511  -16.051  68.960 0.0000000000
65393  -29.019  -11.779  44.101 0.0000000000
66427  -30.272  -11.017  47.450 0.0000000000
66428  -30.350  -10.465  47.564 0.0000000000
67520  -30.115  -10.492  46.975 0.0000000000
67507  -30.327  -10.057  48.086 0.0000000000
67484  -19.494  -10.235  48.965 0.0000000000
67472  -20.407  -8.797  49.664 0.0000000000
66385  -21.909  -9.282  48.970 0.0000000000
67486  -20.956  -8.980  48.725 0.0000000000
63045  -27.866  -12.073  49.948 0.0000000000
63064  -26.871  -12.294  49.039 0.0000000000
63065  -27.569  -12.405  49.286 0.0000000000
63118  -27.659  -12.288  47.239 0.0000000000
63117  -27.048  -12.406  46.879 0.0000000000
63131  -27.058  -12.211  45.927 0.0000000000
63130  -26.554  -12.356  45.568 0.0000000000
64301  -27.104  -12.468  44.976 0.0000000000
65369  -27.289  -12.416  44.849 0.0000000000
68549  -22.234  -7.603  55.048 0.0000000000
68536  -22.059  -8.268  55.829 0.0000000000
69713  -21.403  -7.279  54.608 0.0000000000
69723  -20.980  -7.300  53.592 0.0000000000
67461  -20.124  -8.638  50.451 0.0000000000
67460  -19.234  -9.476  50.684 0.0000000000
80936  -37.504  0.573  28.639 0.0000000000
77214  -28.758  -1.529  40.384 0.0000000000
78428  -28.502  -2.006  39.730 0.0000000000
77258  -31.172  -1.752  35.590 0.0000000000
85149  -37.222  4.224  39.011 0.0000000000
84038  -36.799  3.136  37.725 0.0000000000
138184  -38.611  2.008  35.719 0.0000000000
58223  -14.683  -15.189  57.448 0.0000000000
60597  -15.807  -14.848  58.379 0.0000000000
58203  -14.719  -15.220  58.177 0.0000000000
58201  -13.798  -16.058  59.015 0.0000000000
58182  -14.519  -16.321  59.471 0.0000000000
58166  -14.469  -18.046  60.492 0.0000000000
59373  -11.130  -16.580  59.506 0.0000000000
58199  -12.386  -16.689  59.944 0.0000000000
59354  -10.955  -16.729  60.301 0.0000000000
59372  -10.151  -16.733  59.671 0.0000000000
58196  -9.213  -18.258  59.144 0.0000000000
58218  -9.652  -17.962  58.619 0.0000000000
64218  -29.942  -11.345  50.538 0.0000000000
65290  -30.170  -11.088  50.215 0.0000000000
65277  -30.231  -10.978  51.158 0.0000000000
66356  -31.841  -10.205  52.913 0.0000000000
66366  -31.950  -10.257  52.058 0.0000000000
67450  -32.051  -9.728  52.656 0.0000000000
67433  -25.032  -9.504  53.484 0.0000000000
67414  -25.620  -9.375  54.035 0.0000000000
66321  -27.359  -10.436  54.003 0.0000000000
66338  -26.384  -10.191  52.933 0.0000000000
65237  -27.031  -10.419  53.265 0.0000000000
65250  -26.697  -10.842  52.553 0.0000000000
65251  -27.222  -10.784  52.953 0.0000000000
65195  -28.935  -10.557  55.761 0.0000000000
66288  -28.415  -10.745  55.627 0.0000000000
64162  -28.953  -11.548  53.766 0.0000000000
64148  -28.674  -11.744  54.482 0.0000000000
64175  -28.647  -11.590  53.097 0.0000000000
64174  -27.937  -11.445  52.776 0.0000000000
63008  -28.365  -11.532  52.387 0.0000000000
63018  -28.405  -11.491  51.655 0.0000000000
63009  -28.882  -11.663  52.491 0.0000000000
64202  -29.867  -11.418  52.116 0.0000000000
63033  -29.516  -11.479  51.824 0.0000000000
64217  -29.577  -11.577  50.923 0.0000000000
78500  -37.919  -0.940  33.054 0.0000000000
78487  -37.731  -0.812  32.656 0.0000000000
78512  -37.083  -0.994  31.723 0.0000000000
79722  -37.591  -0.155  32.140 0.0000000000
79740  -40.802  0.603  33.242 0.0000000000
79739  -39.964  0.546  33.322 0.0000000000
80914  -40.003  1.164  32.761 0.0000000000
81985  -39.233  1.916  31.724 0.0000000000
81984  -38.477  1.646  31.318 0.0000000000
80913  -38.055  1.094  31.633 0.0000000000
81983  -37.613  1.389  31.032 0.0000000000
81996  -38.272  1.960  30.546 0.0000000000
83069  -38.901  3.178  28.848 0.0000000000
83077  -38.656  3.160  28.065 0.0000000000
84126  -39.133  3.859  28.315 0.0000000000
85247  -39.240  4.298  28.266 0.0000000000
86358  -41.036  5.200  29.419 0.0000000000
87491  -41.413  5.845  29.138 0.0000000000
87503  -41.095  6.376  28.678 0.0000000000
87492  -41.951  5.736  28.962 0.0000000000
87506  -44.003  6.890  28.793 0.0000000000
74863  -28.174  -3.220  47.022 0.0000000000
74875  -27.506  -4.151  45.956 0.0000000000
74876  -28.083  -2.960  46.140 0.0000000000
76020  -28.856  -2.136  44.019 0.0000000000
76019  -28.249  -2.581  43.577 0.0000000000
78361  -31.520  0.275  44.662 0.0000000000
77152  -30.979  -0.578  44.916 0.0000000000
78390  -30.773  0.234  42.718 0.0000000000
77177  -29.955  0.003  43.090 0.0000000000
77193  -29.321  -0.677  41.809 0.0000000000
78407  -29.763  -0.062  41.820 0.0000000000
78430  -30.503  0.370  39.606 0.0000000000
79652  -31.139  1.099  39.054 0.0000000000
81898  -33.088  1.744  39.984 0.0000000000
81899  -33.710  2.411  39.336 0.0000000000
82968  -33.969  3.281  40.223 0.0000000000
84007  -35.391  4.203  41.139 0.0000000000
85135  -36.409  4.436  39.619 0.0000000000
66265  -16.733  -11.594  56.050 0.0000000000
65193  -16.427  -11.712  56.425 0.0000000000
65183  -16.237  -12.318  57.105 0.0000000000
65184  -16.439  -12.467  56.491 0.0000000000
60662  -16.821  -14.946  53.872 0.0000000000
61822  -17.276  -14.299  54.870 0.0000000000
59443  -15.072  -15.535  54.524 0.0000000000
59444  -15.579  -15.213  54.757 0.0000000000
59424  -15.554  -14.716  55.320 0.0000000000
60617  -15.703  -13.884  55.908 0.0000000000
59411  -15.424  -14.212  55.908 0.0000000000
59410  -15.040  -14.620  56.268 0.0000000000
59422  -14.477  -15.538  55.450 0.0000000000
61676  -3.167  -15.631  70.382 0.0000000000
67545  -29.806  -10.726  43.623 0.0000000000
69817  -28.949  -9.726  45.236 0.0000000000
71053  -28.810  -7.873  46.970 0.0000000000
72323  -28.448  -7.240  46.952 0.0000000000
66387  -30.523  -10.219  50.488 0.0000000000
67487  -30.673  -9.647  50.247 0.0000000000
69765  -31.132  -8.657  50.461 0.0000000000
68618  -30.630  -9.241  49.717 0.0000000000
69773  -30.610  -8.733  49.514 0.0000000000
73628  -29.524  -6.248  50.817 0.0000000000
72274  -30.103  -6.999  50.559 0.0000000000
72297  -29.491  -7.260  48.955 0.0000000000
72281  -29.187  -6.703  49.417 0.0000000000
74844  -28.088  -4.904  48.392 0.0000000000
73648  -27.983  -5.353  48.285 0.0000000000
75961  -29.939  -2.413  48.825 0.0000000000
74856  -29.511  -2.472  48.111 0.0000000000
75971  -29.867  -1.856  47.925 0.0000000000
77111  -31.782  -1.448  49.589 0.0000000000
77121  -32.148  -0.844  47.588 0.0000000000
65316  -19.540  -11.716  47.600 0.0000000000
64250  -19.013  -13.294  47.474 0.0000000000
64267  -19.733  -12.357  47.176 0.0000000000
66353  -24.408  -9.909  51.925 0.0000000000
66363  -23.895  -9.378  50.886 0.0000000000
66364  -24.655  -9.900  50.933 0.0000000000
65287  -24.143  -9.790  49.074 0.0000000000
65319  -24.315  -10.642  47.442 0.0000000000
63083  -26.169  -11.781  47.889 0.0000000000
63062  -25.881  -11.604  48.579 0.0000000000
64253  -25.749  -11.560  47.669 0.0000000000
67397  -17.524  -10.047  54.644 0.0000000000
69721  -19.037  -7.711  53.157 0.0000000000
69733  -18.537  -8.670  52.719 0.0000000000
66351  -18.158  -11.147  52.512 0.0000000000
64185  -18.197  -13.088  52.601 0.0000000000
87512  -39.050  6.377  27.379 0.0000000000
88687  -39.414  7.579  26.697 0.0000000000
88686  -38.834  7.129  26.711 0.0000000000
88696  -39.061  7.497  26.313 0.0000000000
88695  -38.726  7.316  25.951 0.0000000000
89867  -38.973  7.667  25.820 0.0000000000
90959  -43.209  9.455  28.089 0.0000000000
89847  -41.856  8.358  27.600 0.0000000000
90977  -40.825  10.191  26.018 0.0000000000
90976  -40.268  9.548  25.876 0.0000000000
89877  -38.920  8.287  25.008 0.0000000000
90985  -39.594  9.216  24.626 0.0000000000
90995  -40.526  9.441  23.467 0.0000000000
92010  -41.140  10.165  23.613 0.0000000000
91005  -40.965  9.163  22.638 0.0000000000
90996  -41.395  9.751  22.998 0.0000000000
93015  -41.641  11.013  23.774 0.0000000000
93964  -42.943  13.044  25.025 0.0000000000
93967  -42.363  12.057  24.176 0.0000000000
93968  -43.008  12.764  24.442 0.0000000000
94913  -43.495  13.451  24.746 0.0000000000
95902  -43.475  13.859  25.215 0.0000000000
58106  -7.099  -18.173  64.203 0.0000000000
56962  -6.532  -18.713  64.597 0.0000000000
55681  -6.440  -20.075  63.814 0.0000000000
74874  -27.047  -4.291  45.070 0.0000000000
73670  -26.559  -5.186  45.289 0.0000000000
74889  -26.572  -4.380  44.215 0.0000000000
75048  -34.961  -3.418  33.318 0.0000000000
75068  -35.267  -3.794  32.837 0.0000000000
75049  -35.934  -3.048  33.582 0.0000000000
79671  -31.907  0.528  37.299 0.0000000000
80860  -32.541  0.823  36.889 0.0000000000
80861  -33.266  0.691  36.435 0.0000000000
80862  -34.029  0.582  36.096 0.0000000000
79685  -34.518  0.205  35.852 0.0000000000
80837  -36.262  1.282  36.527 0.0000000000
78436  -36.487  -0.508  36.402 0.0000000000
78435  -36.025  -0.290  36.368 0.0000000000
77242  -35.308  -1.098  35.657 0.0000000000
77243  -36.085  -1.499  35.801 0.0000000000
76115  -35.560  -1.938  35.007 0.0000000000
76100  -36.233  -1.948  35.568 0.0000000000
76117  -37.497  -2.281  35.837 0.0000000000
75009  -36.906  -2.422  35.367 0.0000000000
75027  -37.262  -2.505  34.763 0.0000000000
75028  -38.109  -2.280  35.002 0.0000000000
75012  -39.094  -2.216  35.830 0.0000000000
75029  -38.865  -2.344  35.207 0.0000000000
75030  -39.522  -2.158  35.307 0.0000000000
76152  -39.706  -2.115  34.579 0.0000000000
76135  -40.168  -1.842  35.341 0.0000000000
58109  -9.714  -16.832  64.254 0.0000000000
58097  -9.539  -17.096  65.143 0.0000000000
58107  -7.822  -17.726  64.355 0.0000000000
58121  -8.177  -17.612  63.679 0.0000000000
56993  -7.395  -18.672  61.729 0.0000000000
55705  -7.326  -19.438  62.034 0.0000000000
56947  -6.208  -18.744  66.187 0.0000000000
56938  -6.876  -18.100  66.534 0.0000000000
55637  -5.826  -19.229  67.815 0.0000000000
56928  -6.087  -18.634  67.651 0.0000000000
58041  -5.824  -17.777  68.817 0.0000000000
53157  -4.932  -22.709  68.485 0.0000000000
55595  -4.393  -20.564  69.482 0.0000000000
56897  -4.986  -20.061  69.617 0.0000000000
56889  -4.545  -19.532  69.700 0.0000000000
59237  -4.920  -18.041  70.249 0.0000000000
58040  -4.261  -18.213  69.417 0.0000000000
59243  -3.836  -17.319  68.934 0.0000000000
58033  -3.345  -18.622  69.805 0.0000000000
58032  -3.019  -18.493  71.030 0.0000000000
59242  -2.795  -17.756  70.809 0.0000000000
60487  -2.577  -17.259  70.376 0.0000000000
51969  -2.838  -23.407  70.311 0.0000000000
58056  -8.434  -16.697  67.930 0.0000000000
65385  -28.928  -11.529  45.278 0.0000000000
65372  -29.404  -11.489  46.305 0.0000000000
65357  -29.910  -11.189  47.315 0.0000000000
66415  -30.397  -11.104  48.349 0.0000000000
68603  -21.463  -8.521  50.137 0.0000000000
67474  -22.416  -9.274  50.120 0.0000000000
66374  -22.839  -9.647  49.774 0.0000000000
63086  -27.956  -12.551  48.801 0.0000000000
63105  -28.229  -12.282  48.211 0.0000000000
63119  -27.981  -12.274  47.717 0.0000000000
64286  -27.982  -12.166  46.432 0.0000000000
64302  -27.718  -12.255  45.277 0.0000000000
64303  -28.585  -11.811  45.964 0.0000000000
68538  -23.904  -8.088  55.292 0.0000000000
68550  -23.232  -7.811  54.362 0.0000000000
85271  -38.712  4.097  25.529 0.0000000000
71063  -27.693  -7.801  45.414 0.0000000000
77223  -29.565  -1.153  39.605 0.0000000000
77226  -28.730  -2.594  38.010 0.0000000000
79682  -31.604  -0.382  36.249 0.0000000000
59393  -13.853  -15.833  57.253 0.0000000000
58221  -13.717  -15.585  58.060 0.0000000000
58220  -13.029  -15.814  58.324 0.0000000000
58200  -13.038  -16.466  59.278 0.0000000000
59389  -11.002  -16.800  58.357 0.0000000000
59403  -10.531  -17.509  57.920 0.0000000000
58219  -10.164  -18.313  58.138 0.0000000000
58237  -10.767  -18.195  57.540 0.0000000000
65263  -30.296  -10.991  52.154 0.0000000000
65278  -30.665  -10.494  51.811 0.0000000000
65264  -30.781  -10.580  52.729 0.0000000000
67434  -31.765  -9.519  53.558 0.0000000000
67401  -26.506  -9.570  54.924 0.0000000000
67415  -26.234  -9.420  54.461 0.0000000000
66303  -26.870  -9.920  55.243 0.0000000000
66304  -27.471  -10.343  54.892 0.0000000000
66305  -27.933  -10.853  55.045 0.0000000000
65225  -29.137  -12.121  54.982 0.0000000000
65226  -29.649  -11.208  54.502 0.0000000000
64163  -29.521  -11.625  53.620 0.0000000000
63010  -29.466  -11.935  52.725 0.0000000000
64190  -30.043  -11.620  52.503 0.0000000000
76187  -38.540  -2.093  33.747 0.0000000000
77301  -37.977  -1.954  33.816 0.0000000000
77315  -39.139  -1.571  33.671 0.0000000000
77329  -38.811  -1.020  33.615 0.0000000000
79737  -38.805  -0.435  33.341 0.0000000000
81987  -41.285  2.072  32.261 0.0000000000
82005  -38.945  2.508  30.270 0.0000000000
82006  -39.522  2.571  30.591 0.0000000000
83058  -39.753  3.474  29.911 0.0000000000
84103  -39.949  3.784  29.654 0.0000000000
85237  -39.793  4.317  29.132 0.0000000000
85225  -40.451  4.207  29.741 0.0000000000
85239  -41.286  4.541  29.770 0.0000000000
75982  -29.390  -2.165  46.783 0.0000000000
75994  -29.527  -2.193  45.878 0.0000000000
77150  -29.776  -1.881  45.301 0.0000000000
79614  -32.378  0.911  43.942 0.0000000000
78375  -31.589  0.353  43.784 0.0000000000
79613  -31.713  0.658  43.277 0.0000000000
78391  -31.305  0.381  42.985 0.0000000000
78408  -30.250  0.321  41.963 0.0000000000
79641  -30.955  0.633  41.348 0.0000000000
79648  -31.390  0.821  41.019 0.0000000000
80820  -31.409  1.123  40.318 0.0000000000
80825  -31.420  1.262  39.970 0.0000000000
82967  -33.528  2.808  41.047 0.0000000000
68501  -16.535  -9.563  56.025 0.0000000000
67382  -17.212  -10.408  55.697 0.0000000000
66284  -17.111  -11.414  55.714 0.0000000000
64139  -16.717  -12.542  55.492 0.0000000000
59442  -14.543  -16.245  54.455 0.0000000000
93017  -43.295  11.389  23.073 0.0000000000
92018  -43.368  10.399  22.346 0.0000000000
93020  -43.765  11.083  22.648 0.0000000000
92019  -44.039  10.653  22.331 0.0000000000
92020  -44.905  10.688  22.296 0.0000000000
66445  -30.001  -10.638  45.645 0.0000000000
67537  -29.826  -10.519  45.359 0.0000000000
68655  -29.517  -10.170  45.554 0.0000000000
71066  -29.171  -8.461  47.122 0.0000000000
71054  -29.209  -7.955  47.499 0.0000000000
67476  -31.724  -9.568  51.233 0.0000000000
67488  -31.257  -9.448  50.875 0.0000000000
69766  -31.768  -8.706  50.756 0.0000000000
69758  -31.807  -8.439  50.821 0.0000000000
71004  -31.556  -8.080  50.794 0.0000000000
73618  -30.218  -5.428  52.280 0.0000000000
73607  -30.006  -4.959  52.017 0.0000000000
73616  -29.273  -5.201  51.241 0.0000000000
73627  -28.816  -5.589  50.545 0.0000000000
73637  -29.167  -6.338  50.045 0.0000000000
74833  -28.596  -4.744  50.021 0.0000000000
75959  -28.807  -3.703  48.948 0.0000000000
75960  -29.047  -3.038  49.055 0.0000000000
77112  -32.245  -0.980  49.528 0.0000000000
65336  -20.232  -11.631  47.008 0.0000000000
65261  -25.479  -10.963  51.673 0.0000000000
65274  -24.972  -10.578  50.551 0.0000000000
65289  -25.223  -11.010  50.317 0.0000000000
64212  -25.246  -11.143  49.811 0.0000000000
65301  -25.314  -11.093  48.548 0.0000000000
64285  -25.729  -12.011  46.197 0.0000000000
69697  -18.065  -7.637  54.620 0.0000000000
68591  -19.163  -9.054  51.648 0.0000000000
66362  -18.539  -10.950  51.378 0.0000000000
64198  -18.314  -13.097  51.296 0.0000000000
64210  -18.349  -13.039  50.757 0.0000000000
63042  -18.321  -14.784  49.608 0.0000000000
87513  -39.975  6.648  27.812 0.0000000000
88675  -40.318  7.594  27.548 0.0000000000
89845  -40.351  8.064  27.350 0.0000000000
91998  -41.329  10.330  26.410 0.0000000000
92002  -40.465  10.456  25.226 0.0000000000
92006  -39.962  10.040  24.671 0.0000000000
93007  -41.064  11.076  25.116 0.0000000000
93012  -41.466  11.272  24.400 0.0000000000
93966  -41.947  11.692  24.390 0.0000000000
93963  -42.348  12.502  25.392 0.0000000000
54431  -6.754  -21.289  63.040 0.0000000000
74903  -27.057  -3.378  43.552 0.0000000000
74915  -26.914  -3.619  42.946 0.0000000000
74914  -26.671  -3.866  42.412 0.0000000000
75047  -33.961  -3.672  33.185 0.0000000000
76133  -35.272  -2.344  34.289 0.0000000000
80834  -33.206  1.535  37.891 0.0000000000
80846  -33.068  1.307  37.176 0.0000000000
80835  -34.060  1.666  37.092 0.0000000000
79659  -34.825  0.890  36.595 0.0000000000
80838  -37.218  1.036  36.578 0.0000000000
78437  -37.350  -0.610  36.482 0.0000000000
77228  -37.109  -1.201  36.497 0.0000000000
76101  -36.741  -2.053  35.902 0.0000000000
77245  -37.658  -1.697  36.354 0.0000000000
76102  -37.511  -2.113  36.163 0.0000000000
74997  -38.142  -2.252  35.987 0.0000000000
74998  -38.798  -2.183  36.059 0.0000000000
74999  -39.019  -2.075  36.022 0.0000000000
76105  -39.544  -1.569  36.216 0.0000000000
58164  -12.559  -17.817  61.601 0.0000000000
58146  -12.348  -18.213  62.520 0.0000000000
58124  -11.080  -17.323  63.188 0.0000000000
58142  -8.233  -17.426  62.842 0.0000000000
55665  -5.893  -20.451  65.756 0.0000000000
56936  -5.564  -19.826  66.781 0.0000000000
55657  -5.649  -20.467  66.504 0.0000000000
55647  -5.400  -20.292  67.325 0.0000000000
55635  -5.152  -20.705  68.316 0.0000000000
53136  -4.470  -22.725  69.488 0.0000000000
54352  -4.574  -21.683  69.233 0.0000000000
54351  -4.260  -22.159  69.534 0.0000000000
54342  -3.836  -21.558  69.660 0.0000000000
55594  -3.582  -20.474  69.851 0.0000000000
55593  -3.593  -20.241  70.935 0.0000000000
55592  -3.176  -20.443  71.232 0.0000000000
56886  -2.919  -19.557  71.154 0.0000000000
66267  -28.128  -10.388  56.493 0.0000000000
65211  -29.995  -10.151  55.313 0.0000000000
77318  -41.063  -0.740  33.715 0.0000000000
77332  -40.583  -0.579  33.781 0.0000000000
78517  -40.989  -0.115  33.582 0.0000000000
79741  -41.309  0.814  33.338 0.0000000000
80916  -41.390  1.342  32.751 0.0000000000
83061  -42.173  3.136  31.103 0.0000000000
84106  -42.154  3.804  30.424 0.0000000000
77140  -31.946  -0.214  46.196 0.0000000000
78347  -32.373  0.476  45.907 0.0000000000
78362  -32.320  0.685  45.202 0.0000000000
79594  -32.603  0.892  44.745 0.0000000000
64171  -17.847  -13.037  53.654 0.0000000000
62995  -17.670  -13.758  54.255 0.0000000000
63005  -17.761  -13.819  53.170 0.0000000000
60676  -16.984  -14.935  52.930 0.0000000000
62814  -6.852  -15.146  69.450 0.0000000000
61666  -5.723  -16.403  69.815 0.0000000000
65394  -29.526  -11.497  43.613 0.0000000000
66436  -29.856  -11.205  45.734 0.0000000000
67530  -30.119  -10.230  46.879 0.0000000000
68648  -30.013  -9.923  46.943 0.0000000000
68640  -30.067  -9.534  47.766 0.0000000000
75938  -30.457  -2.397  50.930 0.0000000000
66383  -19.201  -11.047  49.181 0.0000000000
66384  -19.565  -10.461  48.599 0.0000000000
66397  -19.957  -10.375  47.916 0.0000000000
67494  -20.430  -9.695  48.180 0.0000000000
66412  -20.454  -10.574  47.361 0.0000000000
66414  -22.064  -10.468  46.273 0.0000000000
64215  -26.740  -11.961  50.044 0.0000000000
63043  -26.474  -12.054  49.466 0.0000000000
63063  -26.327  -11.923  48.764 0.0000000000
63085  -27.316  -12.450  48.568 0.0000000000
63102  -26.585  -12.261  47.395 0.0000000000
63101  -26.093  -12.133  46.887 0.0000000000
63115  -26.123  -12.230  45.908 0.0000000000
65384  -27.473  -12.457  44.488 0.0000000000
69699  -20.845  -6.959  55.126 0.0000000000
69722  -20.009  -7.377  53.443 0.0000000000
69735  -19.884  -7.660  52.698 0.0000000000
68578  -19.687  -8.347  52.128 0.0000000000
79755  -37.322  -0.193  29.218 0.0000000000
88678  -43.265  7.897  28.272 0.0000000000
93952  -43.212  12.418  27.507 0.0000000000
77191  -27.732  -2.569  41.303 0.0000000000
77260  -33.713  -1.116  34.818 0.0000000000
82985  -35.941  2.692  37.956 0.0000000000
84037  -36.398  2.900  37.958 0.0000000000
82986  -36.390  2.722  37.125 0.0000000000
82987  -37.062  2.922  36.465 0.0000000000
81912  -37.593  1.869  35.695 0.0000000000
80840  -38.846  0.609  36.287 0.0000000000
58183  -14.908  -15.749  59.006 0.0000000000
59355  -15.333  -15.620  59.442 0.0000000000
58165  -13.598  -18.099  61.095 0.0000000000
58179  -12.709  -17.130  60.863 0.0000000000
58178  -11.531  -17.054  61.112 0.0000000000
59353  -10.286  -16.662  60.669 0.0000000000
59352  -9.370  -16.937  60.761 0.0000000000
59370  -8.688  -17.456  60.329 0.0000000000
64255  -29.768  -11.461  48.962 0.0000000000
65321  -30.093  -11.479  48.347 0.0000000000
64256  -30.100  -11.186  49.219 0.0000000000
65303  -30.242  -10.836  49.950 0.0000000000
66375  -31.086  -10.121  51.497 0.0000000000
68604  -32.033  -9.126  51.551 0.0000000000
67449  -23.989  -9.426  52.207 0.0000000000
67432  -24.528  -9.349  52.862 0.0000000000
66336  -24.762  -9.809  52.610 0.0000000000
66354  -25.195  -10.491  52.082 0.0000000000
66319  -25.876  -9.681  53.648 0.0000000000
65262  -25.989  -11.222  51.911 0.0000000000
64187  -27.130  -11.728  51.832 0.0000000000
65223  -27.959  -11.732  54.826 0.0000000000
65224  -28.281  -12.073  54.916 0.0000000000
65240  -28.116  -11.747  54.612 0.0000000000
65239  -28.117  -11.215  54.191 0.0000000000
64160  -27.805  -11.242  53.418 0.0000000000
64201  -26.827  -11.707  50.714 0.0000000000
63017  -27.634  -11.492  51.156 0.0000000000
63030  -28.157  -11.579  50.654 0.0000000000
63046  -28.561  -11.990  50.254 0.0000000000
63020  -29.434  -11.627  52.353 0.0000000000
63032  -29.134  -11.595  51.505 0.0000000000
63067  -28.909  -12.248  49.835 0.0000000000
64254  -29.292  -11.967  49.214 0.0000000000
67384  -24.632  -8.111  56.343 0.0000000000
76185  -36.182  -3.646  32.187 0.0000000000
76186  -36.821  -2.926  32.358 0.0000000000
77313  -37.182  -1.775  32.488 0.0000000000
77328  -36.582  -1.892  31.196 0.0000000000
79738  -39.195  -0.072  33.388 0.0000000000
79724  -39.286  0.500  33.054 0.0000000000
81973  -39.800  1.403  32.506 0.0000000000
80900  -38.884  0.792  32.584 0.0000000000
80899  -38.088  0.552  32.161 0.0000000000
80912  -37.492  0.590  31.595 0.0000000000
79749  -37.095  -0.183  30.178 0.0000000000
82003  -37.647  1.486  29.033 0.0000000000
82004  -38.304  2.326  29.553 0.0000000000
83084  -38.406  2.793  27.340 0.0000000000
85255  -38.973  4.529  27.872 0.0000000000
86382  -39.704  5.622  28.205 0.0000000000
85249  -39.966  5.020  29.020 0.0000000000
86371  -39.875  5.225  28.739 0.0000000000
86383  -40.391  6.235  28.351 0.0000000000
87515  -41.503  6.911  28.355 0.0000000000
85227  -42.430  4.127  30.197 0.0000000000
85240  -42.249  4.409  29.871 0.0000000000
86360  -42.733  5.241  29.399 0.0000000000
86374  -43.010  5.816  28.787 0.0000000000
87505  -43.235  6.625  28.581 0.0000000000
88663  -42.802  7.226  28.394 0.0000000000
88679  -43.860  7.864  28.286 0.0000000000
75993  -28.576  -2.497  45.608 0.0000000000
76004  -27.615  -2.789  43.919 0.0000000000
77164  -30.333  -1.047  44.052 0.0000000000
77175  -28.473  -2.048  42.749 0.0000000000
78422  -29.762  -0.074  41.177 0.0000000000
78433  -30.220  -0.555  38.839 0.0000000000
79656  -30.661  -0.254  37.869 0.0000000000
79658  -31.860  0.909  38.179 0.0000000000
80833  -32.486  1.366  38.279 0.0000000000
80826  -32.068  1.561  39.491 0.0000000000
82962  -33.292  2.743  41.993 0.0000000000
82964  -35.041  3.653  41.694 0.0000000000
84014  -34.635  3.632  40.105 0.0000000000
82969  -34.624  3.488  39.604 0.0000000000
85148  -36.745  3.929  38.927 0.0000000000
62982  -17.317  -13.535  55.047 0.0000000000
62967  -16.653  -13.157  55.511 0.0000000000
60647  -16.250  -15.065  54.505 0.0000000000
60631  -16.862  -14.482  55.222 0.0000000000
61788  -16.332  -13.443  55.785 0.0000000000
61787  -16.005  -13.625  56.224 0.0000000000
62951  -16.167  -13.453  56.936 0.0000000000
59395  -15.442  -14.485  56.903 0.0000000000
59394  -15.033  -14.896  57.456 0.0000000000
58240  -14.533  -15.480  57.020 0.0000000000
59421  -13.871  -16.143  55.448 0.0000000000
59408  -14.221  -15.686  56.562 0.0000000000
59407  -13.516  -16.044  56.489 0.0000000000
93975  -44.867  11.931  22.591 0.0000000000
69808  -28.629  -8.715  45.641 0.0000000000
72322  -27.458  -6.647  46.878 0.0000000000
65322  -30.139  -11.253  48.852 0.0000000000
67496  -30.349  -10.044  49.088 0.0000000000
69785  -30.070  -8.856  48.713 0.0000000000
72276  -31.201  -7.484  50.989 0.0000000000
72275  -30.645  -7.159  50.768 0.0000000000
72284  -30.753  -7.712  50.326 0.0000000000
71013  -30.565  -8.007  49.826 0.0000000000
71044  -30.257  -8.341  49.029 0.0000000000
71043  -29.874  -8.305  48.628 0.0000000000
72313  -29.663  -7.686  48.594 0.0000000000
72312  -29.648  -7.138  47.989 0.0000000000
72311  -28.739  -6.689  47.838 0.0000000000
73656  -28.032  -6.132  48.030 0.0000000000
73655  -27.578  -5.631  47.665 0.0000000000
74846  -28.748  -3.446  48.515 0.0000000000
74855  -28.973  -2.991  47.792 0.0000000000
74864  -28.878  -2.553  47.149 0.0000000000
75983  -29.786  -1.693  47.166 0.0000000000
78318  -32.411  -0.887  48.888 0.0000000000
77130  -31.413  -1.265  47.404 0.0000000000
77131  -32.088  -0.692  46.816 0.0000000000
67448  -23.450  -9.298  51.575 0.0000000000
65318  -23.124  -10.352  46.680 0.0000000000
65320  -25.155  -10.828  47.977 0.0000000000
64270  -25.359  -11.574  46.776 0.0000000000
65340  -24.906  -10.983  47.012 0.0000000000
65354  -23.128  -11.732  45.281 0.0000000000
68519  -16.739  -8.990  55.541 0.0000000000
67398  -17.571  -10.966  54.963 0.0000000000
69710  -18.282  -8.128  53.676 0.0000000000
68561  -18.060  -9.439  53.014 0.0000000000
67429  -17.812  -9.682  53.305 0.0000000000
67410  -17.654  -9.820  53.778 0.0000000000
66335  -17.733  -11.372  53.563 0.0000000000
85270  -38.443  4.395  26.266 0.0000000000
86395  -38.361  5.464  25.980 0.0000000000
87522  -38.463  6.379  26.488 0.0000000000
87536  -38.697  6.474  24.608 0.0000000000
89860  -40.753  8.776  26.918 0.0000000000
90968  -41.136  9.492  26.620 0.0000000000
90967  -40.415  8.968  26.460 0.0000000000
88706  -39.014  7.454  24.297 0.0000000000
88713  -39.500  7.550  23.331 0.0000000000
88714  -40.028  7.915  22.891 0.0000000000
90986  -40.054  9.694  24.187 0.0000000000
88722  -40.492  7.564  22.351 0.0000000000
90997  -42.080  10.030  22.642 0.0000000000
93013  -41.993  11.598  24.158 0.0000000000
93016  -42.217  11.330  23.625 0.0000000000
93971  -43.301  12.243  23.542 0.0000000000
94914  -44.145  13.611  24.295 0.0000000000
56957  -7.984  -17.590  65.577 0.0000000000
56949  -7.848  -17.893  66.147 0.0000000000
56956  -7.263  -18.233  65.529 0.0000000000
56955  -6.267  -18.567  65.476 0.0000000000
56954  -5.793  -19.379  65.560 0.0000000000
55680  -6.397  -20.753  64.166 0.0000000000
55672  -6.181  -20.280  64.794 0.0000000000
73663  -26.521  -5.644  46.094 0.0000000000
72346  -26.297  -6.412  44.668 0.0000000000
76069  -27.084  -3.715  41.202 0.0000000000
79670  -31.221  -0.223  36.968 0.0000000000
78456  -33.144  -0.580  35.521 0.0000000000
79673  -35.181  0.216  36.237 0.0000000000
78446  -35.236  -0.754  35.774 0.0000000000
77261  -34.812  -1.391  34.866 0.0000000000
76114  -34.995  -1.719  34.534 0.0000000000
74995  -36.402  -2.230  35.438 0.0000000000
75069  -36.266  -3.229  33.260 0.0000000000
75070  -37.082  -3.296  33.553 0.0000000000
75071  -37.430  -2.913  33.672 0.0000000000
76150  -37.903  -2.281  34.255 0.0000000000
75052  -38.484  -2.329  34.522 0.0000000000
76171  -38.892  -2.346  33.901 0.0000000000
75073  -39.202  -2.323  34.096 0.0000000000
76172  -39.617  -2.022  34.213 0.0000000000
76173  -40.361  -1.326  34.357 0.0000000000
78440  -39.785  -0.706  36.686 0.0000000000
58088  -9.180  -16.641  65.931 0.0000000000
58089  -9.950  -16.626  65.629 0.0000000000
58096  -8.681  -17.106  65.412 0.0000000000
56964  -8.138  -17.442  65.001 0.0000000000
58141  -7.668  -17.957  63.015 0.0000000000
56983  -7.255  -18.705  62.660 0.0000000000
58176  -8.142  -17.957  60.551 0.0000000000
55718  -8.238  -19.643  60.781 0.0000000000
58077  -8.031  -17.331  66.717 0.0000000000
58076  -7.469  -17.639  66.614 0.0000000000
58055  -7.584  -16.829  67.953 0.0000000000
56937  -6.002  -19.067  66.948 0.0000000000
58065  -6.502  -17.869  67.301 0.0000000000
58043  -7.304  -16.742  68.587 0.0000000000
59247  -6.897  -16.619  69.098 0.0000000000
60477  -5.810  -16.462  70.921 0.0000000000
53163  -5.114  -22.738  67.600 0.0000000000
54373  -4.969  -21.748  68.019 0.0000000000
55622  -5.410  -19.909  68.844 0.0000000000
55604  -4.901  -20.735  69.429 0.0000000000
55605  -5.166  -20.155  69.351 0.0000000000
56898  -5.310  -19.155  69.382 0.0000000000
58036  -5.406  -18.086  69.868 0.0000000000
59238  -5.224  -17.369  70.428 0.0000000000
60482  -5.067  -16.461  70.383 0.0000000000
60481  -4.288  -16.448  69.177 0.0000000000
61668  -3.826  -16.060  68.963 0.0000000000
61667  -3.381  -16.239  69.921 0.0000000000
59235  -2.768  -17.651  70.447 0.0000000000
50855  -3.118  -24.138  71.089 0.0000000000
55603  -2.745  -20.714  70.907 0.0000000000
50856  -3.468  -24.329  70.962 0.0000000000
51971  -4.718  -23.550  69.458 0.0000000000
51984  -5.079  -23.585  68.992 0.0000000000
53126  -2.938  -22.484  70.850 0.0000000000
54382  -5.363  -21.659  67.212 0.0000000000
54393  -5.735  -21.840  66.558 0.0000000000
55621  -5.124  -20.829  69.120 0.0000000000
55636  -5.619  -19.636  68.074 0.0000000000
55673  -6.251  -19.516  64.532 0.0000000000
56895  -4.081  -18.247  69.248 0.0000000000
56896  -4.130  -18.005  69.286 0.0000000000
56912  -4.052  -17.909  69.050 0.0000000000
56913  -3.992  -18.072  68.859 0.0000000000
56915  -6.070  -18.327  68.003 0.0000000000
56927  -5.873  -19.105  68.002 0.0000000000
56929  -6.506  -18.152  67.016 0.0000000000
56939  -7.553  -17.897  66.398 0.0000000000
58034  -4.665  -19.135  69.816 0.0000000000
58035  -5.051  -18.491  70.137 0.0000000000
58039  -3.857  -17.908  69.300 0.0000000000
58042  -6.750  -17.106  68.586 0.0000000000
58051  -3.999  -17.674  69.071 0.0000000000
58052  -4.238  -17.767  69.277 0.0000000000
58053  -6.005  -18.145  68.236 0.0000000000
58161  -9.401  -17.045  61.956 0.0000000000
58163  -11.516  -17.667  61.846 0.0000000000
58241  -14.600  -15.336  57.211 0.0000000000
59233  -5.742  -16.459  70.643 0.0000000000
59234  -5.887  -16.508  70.741 0.0000000000
59240  -6.384  -16.489  69.348 0.0000000000
59244  -4.770  -17.861  70.234 0.0000000000
59245  -4.832  -17.469  70.341 0.0000000000
59246  -6.234  -16.982  68.982 0.0000000000
59251  -4.244  -17.201  69.071 0.0000000000
59252  -4.428  -17.496  69.601 0.0000000000
59253  -8.267  -16.399  68.151 0.0000000000
59376  -15.254  -15.254  58.489 0.0000000000
59387  -9.599  -17.445  59.108 0.0000000000
59392  -13.172  -15.823  57.371 0.0000000000
59396  -15.511  -14.120  56.351 0.0000000000
60478  -5.916  -16.530  70.615 0.0000000000
60479  -3.296  -16.923  70.218 0.0000000000
60480  -3.648  -16.719  69.073 0.0000000000
60483  -6.026  -16.392  69.527 0.0000000000
60485  -7.716  -15.633  69.094 0.0000000000
60486  -8.321  -15.417  68.893 0.0000000000
60489  -4.197  -16.858  68.930 0.0000000000
60491  -4.873  -17.065  70.446 0.0000000000
60494  -8.853  -15.536  68.677 0.0000000000
60498  -4.416  -16.992  69.628 0.0000000000
60607  -15.625  -14.512  57.562 0.0000000000
60630  -16.200  -14.387  55.397 0.0000000000
60661  -16.461  -15.321  53.358 0.0000000000
61665  -5.714  -16.457  70.482 0.0000000000
61671  -6.329  -15.834  69.465 0.0000000000
61673  -8.016  -15.253  69.242 0.0000000000
61677  -4.338  -16.740  69.252 0.0000000000
61678  -4.378  -16.933  69.406 0.0000000000
61803  -16.611  -13.862  55.412 0.0000000000
62952  -16.384  -13.269  56.230 0.0000000000
63011  -29.674  -12.216  52.764 0.0000000000
63019  -28.930  -11.554  51.992 0.0000000000
63044  -27.141  -12.163  49.708 0.0000000000
63047  -29.164  -11.816  50.661 0.0000000000
63048  -29.369  -11.600  51.226 0.0000000000
63082  -25.830  -11.523  48.125 0.0000000000
63103  -27.137  -12.469  47.768 0.0000000000
64110  -16.421  -12.753  56.773 0.0000000000
64126  -16.412  -13.080  56.704 0.0000000000
64127  -16.464  -12.749  56.143 0.0000000000
64147  -28.400  -11.842  54.568 0.0000000000
64159  -27.567  -11.126  53.209 0.0000000000
64172  -26.846  -11.246  52.490 0.0000000000
64173  -27.282  -11.206  52.742 0.0000000000
64177  -29.828  -12.289  53.030 0.0000000000
64189  -29.912  -12.154  52.720 0.0000000000
64197  -18.303  -12.958  50.981 0.0000000000
64199  -25.653  -11.304  50.640 0.0000000000
64232  -25.259  -11.153  49.506 0.0000000000
64235  -29.375  -11.973  50.186 0.0000000000
64237  -30.006  -11.293  49.699 0.0000000000
65207  -17.029  -12.085  55.249 0.0000000000
65221  -17.548  -12.253  54.823 0.0000000000
65238  -27.576  -10.901  53.507 0.0000000000
65275  -25.429  -11.107  50.864 0.0000000000
65285  -18.444  -12.899  50.442 0.0000000000
65302  -30.171  -11.164  49.554 0.0000000000
65335  -19.864  -11.932  47.301 0.0000000000
65370  -27.451  -12.385  44.823 0.0000000000
65383  -27.251  -12.483  44.601 0.0000000000
66283  -17.219  -11.044  55.978 0.0000000000
66285  -26.796  -10.026  55.700 0.0000000000
66373  -22.185  -9.269  49.462 0.0000000000
66376  -31.670  -9.926  51.528 0.0000000000
66396  -19.367  -11.128  48.348 0.0000000000
66400  -30.281  -11.112  48.702 0.0000000000
67462  -22.245  -8.749  50.341 0.0000000000
67495  -20.660  -9.430  48.360 0.0000000000
68560  -18.030  -9.100  53.425 0.0000000000
68576  -18.319  -8.964  52.920 0.0000000000
68577  -18.483  -9.080  52.419 0.0000000000
68612  -31.573  -9.126  50.780 0.0000000000
69711  -19.221  -7.431  53.993 0.0000000000
69784  -29.886  -8.722  48.495 0.0000000000
69799  -29.963  -9.138  48.206 0.0000000000
71028  -30.359  -8.024  49.291 0.0000000000
71042  -29.523  -7.909  48.146 0.0000000000
73617  -29.826  -5.478  51.605 0.0000000000
74804  -29.951  -4.719  51.986 0.0000000000
74814  -29.718  -4.563  51.770 0.0000000000
74902  -26.666  -4.090  43.244 0.0000000000
74996  -36.807  -2.273  35.695 0.0000000000
75013  -39.361  -1.987  35.770 0.0000000000
75031  -40.001  -2.089  34.930 0.0000000000
75054  -39.753  -2.162  34.823 0.0000000000
75072  -38.904  -2.429  34.224 0.0000000000
76032  -26.924  -3.432  42.338 0.0000000000
76089  -38.681  -1.854  36.263 0.0000000000
76104  -39.156  -1.705  36.234 0.0000000000
76118  -39.186  -1.865  36.035 0.0000000000
76119  -39.488  -1.825  35.941 0.0000000000
76151  -38.473  -2.330  34.129 0.0000000000
76202  -39.756  -1.076  34.054 0.0000000000
77077  -30.179  -3.329  51.470 0.0000000000
77092  -30.185  -3.186  51.271 0.0000000000
77137  -29.772  -1.901  45.647 0.0000000000
77244  -36.919  -1.688  36.304 0.0000000000
77248  -39.593  -1.412  36.331 0.0000000000
77302  -40.882  -1.091  33.938 0.0000000000
77303  -41.155  -0.988  33.869 0.0000000000
77316  -40.254  -0.919  34.074 0.0000000000
77317  -40.741  -0.890  33.828 0.0000000000
77330  -39.286  -1.053  33.778 0.0000000000
77333  -40.883  -0.636  33.675 0.0000000000
78420  -28.274  -2.198  40.081 0.0000000000
78421  -28.390  -1.986  40.059 0.0000000000
78427  -28.343  -2.238  39.845 0.0000000000
78458  -35.038  -0.053  35.887 0.0000000000
78488  -37.874  -0.842  32.840 0.0000000000
78513  -38.546  -0.800  33.385 0.0000000000
78514  -39.061  -0.631  33.560 0.0000000000
79669  -30.610  -0.568  37.278 0.0000000000
79686  -34.873  0.222  36.055 0.0000000000
79712  -37.896  -0.631  32.623 0.0000000000
79713  -38.060  -0.695  32.820 0.0000000000
80816  -31.938  1.342  42.288 0.0000000000
80845  -32.403  1.079  37.554 0.0000000000
80848  -38.498  1.232  35.970 0.0000000000
80898  -37.691  0.339  31.995 0.0000000000
80901  -39.530  1.009  32.726 0.0000000000
81888  -32.046  1.638  41.832 0.0000000000
81907  -32.836  1.409  37.864 0.0000000000
81908  -32.963  1.417  37.648 0.0000000000
81920  -32.894  1.330  37.429 0.0000000000
81972  -39.380  1.446  32.338 0.0000000000
83071  -39.441  3.018  30.271 0.0000000000
84025  -37.089  3.625  38.384 0.0000000000
84115  -39.296  3.688  28.752 0.0000000000
84117  -40.062  3.985  29.551 0.0000000000
84127  -39.434  3.958  28.708 0.0000000000
85226  -40.697  4.244  29.884 0.0000000000
85256  -39.292  5.024  28.134 0.0000000000
86373  -42.355  5.648  28.978 0.0000000000
88673  -39.123  7.139  27.088 0.0000000000
88688  -39.822  7.645  27.099 0.0000000000
89859  -40.005  8.212  26.865 0.0000000000
89868  -39.272  8.003  26.018 0.0000000000
89876  -38.887  7.725  25.565 0.0000000000
90975  -39.565  8.971  25.472 0.0000000000
90994  -39.826  9.103  23.916 0.0000000000
92013  -43.445  10.837  22.642 0.0000000000
93011  -40.858  10.856  24.755 0.0000000000
93973  -45.038  12.951  23.090 0.0000000000
94907  -43.084  13.305  26.626 0.0000000000
94910  -42.661  12.955  26.220 0.0000000000
95907  -44.507  13.876  24.192 0.0000000000
138150  -4.303  -16.939  69.112 0.0000000000
138185  -39.012  1.985  36.089 0.0000000000
138186  -38.680  2.296  36.009 0.0000000000
