#!ascii label  , from subject 3055 vox2ras=TkReg
1348
104262  -37.023  23.326  20.593 0.0000000000
101139  -48.078  19.958  6.816 0.0000000000
109283  -44.025  28.829  25.960 0.0000000000
99084  -45.569  17.308  14.146 0.0000000000
100047  -44.873  18.543  22.692 0.0000000000
105928  -42.444  25.437  16.260 0.0000000000
111084  -48.011  32.349  13.420 0.0000000000
112718  -40.293  32.936  18.713 0.0000000000
99995  -38.917  18.804  27.019 0.0000000000
101050  -41.176  19.722  17.419 0.0000000000
102724  -43.721  21.614  14.728 0.0000000000
105086  -41.309  24.254  18.501 0.0000000000
110952  -48.750  31.526  26.436 0.0000000000
110205  -48.640  30.284  20.528 0.0000000000
111843  -48.103  32.184  20.530 0.0000000000
111911  -44.113  32.114  16.000 0.0000000000
113448  -43.761  34.328  21.629 0.0000000000
103539  -46.439  22.596  9.768 0.0000000000
105056  -35.205  25.130  26.545 0.0000000000
107645  -39.575  28.047  23.613 0.0000000000
99075  -51.005  17.430  15.373 0.0000000000
97947  -46.341  16.524  18.516 0.0000000000
99005  -40.208  17.116  20.181 0.0000000000
97862  -38.858  16.980  24.292 0.0000000000
105152  -46.487  24.147  11.767 0.0000000000
106835  -43.700  26.418  11.027 0.0000000000
108476  -43.580  28.630  20.410 0.0000000000
109385  -42.923  29.583  15.326 0.0000000000
109440  -42.288  30.046  8.186 0.0000000000
111110  -42.086  31.895  9.869 0.0000000000
110273  -39.699  31.030  13.342 0.0000000000
102678  -38.803  21.517  19.049 0.0000000000
103460  -40.388  22.445  18.114 0.0000000000
105079  -39.182  24.309  19.379 0.0000000000
113410  -48.078  34.398  25.190 0.0000000000
111796  -49.594  32.251  23.507 0.0000000000
112666  -47.447  33.445  23.370 0.0000000000
111832  -45.460  32.343  21.865 0.0000000000
102764  -47.497  21.784  8.980 0.0000000000
105038  -35.831  23.740  28.726 0.0000000000
105857  -37.822  25.454  27.377 0.0000000000
99007  -46.004  17.212  20.860 0.0000000000
97925  -42.724  16.495  19.595 0.0000000000
97889  -42.997  16.643  22.205 0.0000000000
98945  -38.676  18.438  25.314 0.0000000000
98968  -33.855  17.905  23.699 0.0000000000
102661  -32.981  21.525  23.856 0.0000000000
100018  -31.687  19.205  25.258 0.0000000000
100160  -46.809  18.444  11.714 0.0000000000
104306  -44.032  23.440  15.219 0.0000000000
103508  -45.213  22.682  13.737 0.0000000000
105957  -44.591  24.894  13.516 0.0000000000
106837  -45.237  25.891  11.537 0.0000000000
106817  -42.536  26.393  13.509 0.0000000000
108454  -41.365  28.386  24.631 0.0000000000
108469  -41.529  28.825  21.669 0.0000000000
109303  -43.774  29.785  22.727 0.0000000000
110244  -49.174  30.771  16.785 0.0000000000
109357  -45.922  29.788  17.557 0.0000000000
110276  -45.689  31.307  13.874 0.0000000000
110285  -43.362  30.655  12.676 0.0000000000
111102  -44.622  31.970  10.443 0.0000000000
111139  -43.376  31.602  7.321 0.0000000000
112782  -45.556  33.362  10.508 0.0000000000
111892  -42.046  31.867  17.260 0.0000000000
111939  -41.205  33.209  14.022 0.0000000000
111907  -39.770  32.699  15.693 0.0000000000
110262  -38.645  30.642  14.866 0.0000000000
112729  -38.398  33.032  16.992 0.0000000000
100124  -43.168  18.507  15.796 0.0000000000
100142  -44.716  19.123  13.799 0.0000000000
101950  -42.353  20.589  15.980 0.0000000000
103482  -42.656  22.532  16.340 0.0000000000
105089  -43.052  24.744  17.544 0.0000000000
110155  -46.788  30.744  26.040 0.0000000000
110193  -46.234  30.501  22.882 0.0000000000
110187  -49.172  30.451  23.375 0.0000000000
111007  -50.463  31.328  19.950 0.0000000000
111916  -49.057  32.414  16.501 0.0000000000
111956  -46.422  33.112  14.032 0.0000000000
111049  -46.434  31.874  17.673 0.0000000000
111018  -43.353  31.662  19.853 0.0000000000
112700  -41.844  33.252  20.000 0.0000000000
104356  -45.162  23.519  10.505 0.0000000000
105881  -35.791  24.978  22.707 0.0000000000
107653  -37.373  26.476  21.790 0.0000000000
106740  -37.208  26.702  25.067 0.0000000000
106734  -39.681  26.655  26.431 0.0000000000
107607  -42.244  27.237  27.400 0.0000000000
107578  -42.427  27.069  29.374 0.0000000000
109256  -45.584  28.694  28.283 0.0000000000
98003  -48.663  16.314  14.602 0.0000000000
97964  -49.068  16.991  17.079 0.0000000000
97974  -45.672  16.303  16.700 0.0000000000
99050  -42.957  17.106  17.341 0.0000000000
100089  -40.203  18.663  18.871 0.0000000000
100960  -44.514  19.802  24.241 0.0000000000
100930  -41.445  19.696  26.563 0.0000000000
100957  -41.495  19.764  24.683 0.0000000000
100034  -41.973  18.031  23.725 0.0000000000
97885  -39.515  16.410  22.553 0.0000000000
102669  -36.043  21.516  21.358 0.0000000000
102773  -50.316  22.047  8.158 0.0000000000
101973  -45.932  20.660  12.534 0.0000000000
103525  -47.152  22.525  11.409 0.0000000000
104374  -49.010  23.616  8.800 0.0000000000
106025  -47.612  24.715  9.360 0.0000000000
106010  -45.778  25.590  9.524 0.0000000000
106855  -43.744  26.415  8.773 0.0000000000
106762  -39.588  26.816  20.281 0.0000000000
106768  -42.786  26.218  19.347 0.0000000000
107670  -43.018  26.564  17.937 0.0000000000
109318  -45.770  29.347  20.567 0.0000000000
108503  -43.648  28.399  17.649 0.0000000000
107699  -42.004  28.070  15.838 0.0000000000
108541  -41.600  28.407  13.137 0.0000000000
107735  -41.792  27.729  10.090 0.0000000000
107751  -42.204  26.838  7.191 0.0000000000
112764  -43.618  33.331  12.121 0.0000000000
111089  -40.638  31.567  11.849 0.0000000000
108558  -37.937  28.671  11.095 0.0000000000
109406  -37.875  28.891  13.496 0.0000000000
109395  -36.794  28.879  14.550 0.0000000000
103451  -37.850  22.363  19.711 0.0000000000
104267  -38.645  23.395  19.343 0.0000000000
105076  -37.823  24.152  20.171 0.0000000000
113430  -48.364  34.028  24.048 0.0000000000
113428  -46.757  34.421  23.452 0.0000000000
102011  -47.676  20.769  8.272 0.0000000000
98986  -45.199  17.839  22.178 0.0000000000
97902  -44.237  16.560  21.270 0.0000000000
98984  -43.714  17.416  22.508 0.0000000000
98953  -34.066  17.229  24.690 0.0000000000
100020  -32.761  18.803  24.492 0.0000000000
99096  -46.727  17.159  13.241 0.0000000000
99095  -45.947  17.711  13.317 0.0000000000
105939  -43.073  24.915  15.714 0.0000000000
105123  -44.029  24.438  14.664 0.0000000000
105947  -43.504  25.161  14.531 0.0000000000
106818  -43.193  25.859  13.837 0.0000000000
106808  -42.465  26.140  14.671 0.0000000000
108456  -42.874  28.622  25.495 0.0000000000
109296  -42.683  29.204  23.798 0.0000000000
109297  -43.585  29.412  23.785 0.0000000000
111063  -48.921  31.539  14.938 0.0000000000
110265  -47.173  30.916  15.408 0.0000000000
111071  -46.710  31.524  13.485 0.0000000000
111081  -45.869  31.422  12.619 0.0000000000
111094  -46.308  31.930  11.763 0.0000000000
111974  -45.782  32.839  10.109 0.0000000000
111976  -47.001  33.052  11.440 0.0000000000
111875  -40.921  32.239  18.072 0.0000000000
111891  -40.844  32.355  16.891 0.0000000000
111890  -39.880  32.662  16.653 0.0000000000
112734  -39.103  32.743  16.525 0.0000000000
112730  -39.194  33.051  17.338 0.0000000000
100114  -42.010  18.567  17.044 0.0000000000
101068  -42.653  19.632  15.784 0.0000000000
101942  -41.370  20.599  17.072 0.0000000000
104271  -40.935  23.308  18.156 0.0000000000
103471  -41.625  22.405  17.204 0.0000000000
104272  -41.651  23.691  17.979 0.0000000000
104283  -42.684  23.675  17.052 0.0000000000
105087  -42.091  24.321  18.315 0.0000000000
110142  -48.432  30.812  26.669 0.0000000000
110173  -48.126  30.494  24.784 0.0000000000
110157  -48.911  30.740  25.672 0.0000000000
111828  -49.474  32.277  22.073 0.0000000000
110989  -50.305  31.192  22.274 0.0000000000
111845  -49.827  32.145  20.198 0.0000000000
111038  -49.980  31.713  18.423 0.0000000000
111881  -49.119  32.016  18.501 0.0000000000
111897  -47.429  32.408  17.084 0.0000000000
111021  -47.203  31.829  19.405 0.0000000000
111831  -44.299  32.769  21.671 0.0000000000
111004  -45.285  31.552  20.527 0.0000000000
111840  -43.344  32.619  20.871 0.0000000000
111857  -42.547  32.435  20.092 0.0000000000
112690  -42.705  33.460  20.829 0.0000000000
105176  -45.549  24.392  9.893 0.0000000000
105059  -35.003  25.071  24.961 0.0000000000
105876  -36.075  25.840  23.574 0.0000000000
105871  -36.032  25.811  25.611 0.0000000000
105839  -38.996  25.201  28.460 0.0000000000
105867  -39.286  26.124  26.821 0.0000000000
105859  -39.920  25.913  27.649 0.0000000000
106736  -41.028  26.735  26.706 0.0000000000
105842  -41.678  26.151  28.342 0.0000000000
108411  -41.845  28.224  28.778 0.0000000000
108401  -44.253  27.901  29.399 0.0000000000
109241  -45.364  28.866  29.216 0.0000000000
110111  -46.277  30.338  28.941 0.0000000000
110924  -44.473  31.016  28.661 0.0000000000
98016  -49.831  16.315  13.556 0.0000000000
97992  -50.259  16.879  15.167 0.0000000000
99037  -48.915  17.561  18.462 0.0000000000
97948  -47.357  16.711  18.543 0.0000000000
97976  -47.509  16.357  16.568 0.0000000000
97960  -45.546  16.384  17.576 0.0000000000
97972  -43.991  16.534  16.835 0.0000000000
97945  -44.526  16.415  18.531 0.0000000000
99006  -40.832  16.927  20.049 0.0000000000
99034  -41.441  17.489  18.742 0.0000000000
99017  -40.449  17.685  19.593 0.0000000000
100929  -40.255  19.153  26.777 0.0000000000
100021  -39.738  19.137  24.976 0.0000000000
100022  -40.591  18.932  24.568 0.0000000000
100023  -41.729  18.772  24.114 0.0000000000
98959  -40.729  17.727  24.062 0.0000000000
97875  -40.998  16.694  23.146 0.0000000000
97873  -39.232  16.571  23.482 0.0000000000
103443  -35.066  22.431  22.265 0.0000000000
102666  -34.734  21.509  22.387 0.0000000000
102013  -50.709  20.758  7.970 0.0000000000
101958  -44.017  20.709  14.403 0.0000000000
101082  -45.158  19.694  13.329 0.0000000000
102732  -44.907  21.417  13.766 0.0000000000
104332  -45.737  23.614  12.911 0.0000000000
103516  -46.182  22.580  12.503 0.0000000000
104344  -46.951  23.290  11.550 0.0000000000
104352  -47.932  23.381  10.433 0.0000000000
105179  -47.988  24.097  10.344 0.0000000000
106026  -48.075  24.676  9.355 0.0000000000
105999  -47.160  24.816  10.564 0.0000000000
106836  -44.588  26.250  11.249 0.0000000000
106848  -45.398  26.239  10.469 0.0000000000
106847  -44.669  26.569  10.108 0.0000000000
106856  -44.444  26.246  9.125 0.0000000000
106846  -43.852  26.680  9.782 0.0000000000
107649  -38.456  27.469  22.418 0.0000000000
107658  -38.633  26.608  20.732 0.0000000000
107655  -39.156  27.589  21.511 0.0000000000
108475  -42.892  28.490  20.803 0.0000000000
107661  -41.602  27.736  20.301 0.0000000000
107668  -43.157  27.376  19.514 0.0000000000
106774  -43.410  26.077  18.706 0.0000000000
107671  -43.384  27.037  18.502 0.0000000000
109307  -47.086  30.106  21.911 0.0000000000
109306  -46.347  30.067  22.041 0.0000000000
109319  -46.595  29.469  20.294 0.0000000000
109373  -45.165  30.186  16.285 0.0000000000
108505  -45.371  29.264  18.000 0.0000000000
109355  -44.025  29.106  17.296 0.0000000000
108512  -42.672  28.420  16.575 0.0000000000
108521  -42.184  28.763  15.477 0.0000000000
108530  -41.590  28.427  14.303 0.0000000000
108531  -42.220  29.222  14.591 0.0000000000
109425  -42.357  30.111  10.142 0.0000000000
109424  -41.793  29.416  10.628 0.0000000000
109431  -41.896  29.525  9.754 0.0000000000
107742  -41.710  27.625  8.902 0.0000000000
108580  -41.673  28.352  7.216 0.0000000000
107761  -42.138  26.887  6.359 0.0000000000
109453  -41.952  29.213  6.717 0.0000000000
111129  -42.172  31.569  7.578 0.0000000000
110331  -41.291  31.102  6.542 0.0000000000
111928  -44.979  32.546  15.172 0.0000000000
112755  -44.769  33.205  13.265 0.0000000000
112744  -43.689  33.099  13.790 0.0000000000
111938  -40.474  32.943  13.927 0.0000000000
111952  -41.381  33.040  13.140 0.0000000000
111077  -40.143  31.581  12.901 0.0000000000
110291  -40.343  30.474  11.544 0.0000000000
109408  -39.211  29.587  12.541 0.0000000000
108549  -37.847  28.544  12.025 0.0000000000
110272  -39.259  30.384  13.753 0.0000000000
111054  -38.217  31.349  16.275 0.0000000000
110261  -38.126  30.167  15.447 0.0000000000
110250  -37.772  30.315  16.286 0.0000000000
109369  -36.233  29.279  16.342 0.0000000000
101924  -39.822  20.631  18.513 0.0000000000
101933  -40.865  20.614  17.571 0.0000000000
102688  -40.097  21.540  18.323 0.0000000000
104268  -39.400  23.421  18.806 0.0000000000
105080  -40.008  24.357  18.897 0.0000000000
110961  -49.258  31.479  25.573 0.0000000000
112656  -48.567  33.394  24.427 0.0000000000
111811  -48.931  32.870  23.257 0.0000000000
111827  -48.526  32.728  22.444 0.0000000000
111842  -47.313  32.080  20.916 0.0000000000
111810  -46.638  33.074  23.048 0.0000000000
111808  -45.513  33.372  22.811 0.0000000000
102763  -46.842  21.681  9.514 0.0000000000
105049  -35.551  24.470  27.993 0.0000000000
105864  -36.233  25.429  26.711 0.0000000000
105050  -36.680  24.749  28.263 0.0000000000
97915  -46.084  16.779  20.231 0.0000000000
97927  -44.475  16.400  19.516 0.0000000000
97913  -44.367  16.373  20.442 0.0000000000
97911  -42.614  16.257  20.493 0.0000000000
97909  -40.725  16.357  20.646 0.0000000000
100941  -38.742  19.182  26.402 0.0000000000
98956  -37.274  17.306  24.866 0.0000000000
100044  -33.997  18.594  23.035 0.0000000000
101885  -33.797  20.489  22.962 0.0000000000
100969  -33.261  19.564  23.649 0.0000000000
101863  -32.025  20.334  24.550 0.0000000000
103495  -43.680  22.551  15.337 0.0000000000
102726  -44.912  22.064  13.911 0.0000000000
104307  -44.448  23.440  14.611 0.0000000000
104331  -45.331  23.781  13.373 0.0000000000
105138  -45.453  24.268  12.944 0.0000000000
105969  -45.491  25.062  12.260 0.0000000000
105968  -44.674  25.507  12.677 0.0000000000
106826  -43.665  26.116  12.478 0.0000000000
106825  -42.499  26.723  12.204 0.0000000000
107646  -40.158  28.167  24.126 0.0000000000
108464  -40.177  28.322  22.437 0.0000000000
108460  -41.246  28.586  23.588 0.0000000000
108470  -42.526  29.157  21.670 0.0000000000
109310  -43.967  29.427  21.593 0.0000000000
109342  -48.892  29.949  18.233 0.0000000000
109326  -47.813  29.766  19.261 0.0000000000
110242  -47.913  30.413  17.092 0.0000000000
110253  -46.631  30.551  16.102 0.0000000000
110263  -44.960  30.756  14.748 0.0000000000
109400  -43.640  30.536  14.162 0.0000000000
110286  -44.161  31.064  12.875 0.0000000000
110294  -44.193  31.403  11.670 0.0000000000
110309  -43.741  31.316  9.521 0.0000000000
110325  -43.442  31.306  7.756 0.0000000000
111123  -44.274  31.839  8.733 0.0000000000
111998  -44.302  32.593  8.520 0.0000000000
112787  -43.946  33.254  9.472 0.0000000000
111910  -42.941  32.022  15.913 0.0000000000
111926  -42.740  32.713  14.792 0.0000000000
111909  -41.798  32.466  15.906 0.0000000000
111924  -40.559  32.854  14.798 0.0000000000
111062  -39.537  32.189  14.530 0.0000000000
111068  -39.297  31.044  14.465 0.0000000000
111922  -39.334  32.272  15.024 0.0000000000
111905  -38.462  31.921  16.097 0.0000000000
111888  -38.015  32.289  16.637 0.0000000000
99072  -44.549  17.166  15.487 0.0000000000
100135  -44.927  18.210  14.087 0.0000000000
100133  -43.580  18.875  15.058 0.0000000000
101069  -43.285  19.671  15.310 0.0000000000
101957  -43.456  20.656  14.947 0.0000000000
102706  -41.652  21.473  16.799 0.0000000000
102707  -42.189  21.494  16.319 0.0000000000
103494  -43.125  22.218  15.761 0.0000000000
104294  -43.081  23.291  16.361 0.0000000000
104284  -43.177  23.857  16.497 0.0000000000
105929  -43.152  24.970  16.621 0.0000000000
110154  -45.930  29.973  25.952 0.0000000000
109299  -45.363  30.188  24.191 0.0000000000
110172  -47.001  30.541  24.893 0.0000000000
110186  -48.174  30.539  23.609 0.0000000000
110196  -49.168  30.506  22.228 0.0000000000
110176  -50.248  30.854  23.372 0.0000000000
110197  -49.894  30.515  21.989 0.0000000000
110206  -49.274  30.271  20.116 0.0000000000
110233  -50.004  30.520  17.832 0.0000000000
110258  -50.076  31.537  16.338 0.0000000000
111946  -48.687  32.754  14.562 0.0000000000
112758  -47.904  33.274  13.427 0.0000000000
111931  -48.050  32.594  15.355 0.0000000000
111913  -46.290  32.215  16.084 0.0000000000
111895  -45.499  31.903  16.927 0.0000000000
111020  -45.914  31.600  19.523 0.0000000000
111035  -45.284  31.631  18.639 0.0000000000
111046  -43.705  31.588  17.809 0.0000000000
111033  -42.862  31.668  18.731 0.0000000000
111856  -41.711  32.558  19.460 0.0000000000
112699  -40.996  33.380  19.483 0.0000000000
105068  -36.374  24.320  21.740 0.0000000000
105886  -37.226  25.214  21.169 0.0000000000
106753  -36.551  25.726  22.424 0.0000000000
106751  -37.237  26.609  23.318 0.0000000000
107637  -38.338  27.410  24.233 0.0000000000
105865  -37.014  25.716  26.536 0.0000000000
106741  -38.241  27.125  25.341 0.0000000000
107631  -39.151  27.450  25.000 0.0000000000
107633  -40.808  27.276  25.815 0.0000000000
107635  -42.288  27.692  26.420 0.0000000000
108450  -43.774  28.463  26.640 0.0000000000
106693  -41.504  26.320  29.371 0.0000000000
106710  -42.878  26.705  28.979 0.0000000000
108425  -43.739  27.753  27.634 0.0000000000
109272  -45.039  28.825  27.088 0.0000000000
109273  -46.087  29.333  27.702 0.0000000000
110124  -47.537  30.474  27.910 0.0000000000
110942  -47.702  31.512  28.011 0.0000000000
98015  -48.784  16.348  13.664 0.0000000000
98001  -46.612  16.473  14.642 0.0000000000
99052  -49.816  17.668  17.300 0.0000000000
99063  -50.043  17.439  16.376 0.0000000000
97977  -48.449  16.488  16.470 0.0000000000
97989  -47.564  16.269  15.594 0.0000000000
98000  -45.893  16.597  14.984 0.0000000000
99062  -44.013  16.905  16.198 0.0000000000
99061  -43.317  17.327  16.597 0.0000000000
100104  -41.772  18.057  17.652 0.0000000000
97943  -42.717  16.685  18.616 0.0000000000
99048  -41.721  17.732  18.059 0.0000000000
100102  -40.504  19.163  18.222 0.0000000000
101033  -39.621  19.732  18.775 0.0000000000
100931  -42.302  20.176  26.283 0.0000000000
100942  -39.329  19.477  26.075 0.0000000000
100944  -41.589  20.113  25.574 0.0000000000
101851  -42.461  20.448  25.377 0.0000000000
100958  -42.319  19.778  24.271 0.0000000000
100035  -42.776  18.634  23.597 0.0000000000
100036  -44.002  18.525  23.179 0.0000000000
98983  -42.883  17.194  22.684 0.0000000000
97887  -41.226  16.313  22.405 0.0000000000
97907  -39.268  16.791  20.909 0.0000000000
103446  -36.229  22.414  21.250 0.0000000000
104255  -35.420  23.454  22.264 0.0000000000
105064  -34.768  24.266  23.396 0.0000000000
105058  -34.303  24.508  24.861 0.0000000000
104237  -34.342  24.638  26.379 0.0000000000
101150  -49.581  19.758  6.419 0.0000000000
102021  -49.556  20.791  7.107 0.0000000000
102780  -49.453  21.794  7.714 0.0000000000
100150  -45.843  18.585  12.779 0.0000000000
101091  -46.034  19.459  12.364 0.0000000000
102734  -45.836  21.819  12.810 0.0000000000
102741  -46.760  21.713  11.763 0.0000000000
102749  -47.982  21.696  10.456 0.0000000000
103533  -48.456  22.697  10.188 0.0000000000
103548  -49.571  23.147  8.879 0.0000000000
102772  -48.776  21.910  8.053 0.0000000000
103554  -48.478  22.765  8.587 0.0000000000
104365  -47.509  23.775  9.083 0.0000000000
105185  -47.049  24.581  9.343 0.0000000000
105998  -46.713  25.307  10.249 0.0000000000
106011  -46.827  25.140  9.577 0.0000000000
105184  -46.200  24.848  9.550 0.0000000000
105183  -45.287  25.187  9.592 0.0000000000
105182  -44.672  25.298  9.475 0.0000000000
106022  -43.685  25.796  8.451 0.0000000000
105887  -37.852  25.376  20.708 0.0000000000
105891  -39.079  25.589  19.858 0.0000000000
105896  -40.572  25.326  19.237 0.0000000000
107660  -40.264  27.496  20.563 0.0000000000
107666  -41.263  26.976  19.824 0.0000000000
105897  -41.475  25.529  19.194 0.0000000000
105899  -42.872  25.612  18.776 0.0000000000
106784  -43.188  25.687  17.880 0.0000000000
105915  -41.752  25.793  16.803 0.0000000000
109304  -44.683  30.116  22.552 0.0000000000
109311  -44.877  29.565  21.549 0.0000000000
108477  -44.414  28.730  20.099 0.0000000000
108493  -46.304  29.144  18.894 0.0000000000
108483  -45.316  28.676  19.365 0.0000000000
108482  -44.527  28.464  19.338 0.0000000000
107681  -43.247  27.643  17.905 0.0000000000
107680  -42.324  27.087  17.391 0.0000000000
106794  -40.838  26.425  15.958 0.0000000000
106807  -41.840  26.738  14.433 0.0000000000
107718  -41.723  27.489  12.314 0.0000000000
109409  -41.938  29.296  12.869 0.0000000000
108550  -41.642  28.430  12.066 0.0000000000
107727  -42.339  27.151  10.361 0.0000000000
107736  -42.361  27.116  9.229 0.0000000000
106866  -43.416  26.128  8.219 0.0000000000
110358  -42.677  30.435  5.661 0.0000000000
112766  -45.784  33.469  12.305 0.0000000000
112774  -44.661  33.428  11.189 0.0000000000
111972  -42.652  32.808  11.044 0.0000000000
112753  -42.451  33.165  13.112 0.0000000000
111090  -41.577  32.802  12.375 0.0000000000
111100  -41.190  31.615  10.824 0.0000000000
109423  -40.288  29.951  10.292 0.0000000000
109428  -38.964  29.220  10.036 0.0000000000
108565  -37.080  28.494  10.167 0.0000000000
109397  -38.451  29.542  14.119 0.0000000000
109396  -37.466  29.090  14.189 0.0000000000
113473  -40.098  34.217  19.122 0.0000000000
113472  -38.976  34.389  18.407 0.0000000000
112716  -38.624  33.699  17.750 0.0000000000
113489  -37.891  33.802  17.486 0.0000000000
112728  -37.422  33.213  17.307 0.0000000000
104263  -37.640  23.290  20.073 0.0000000000
105075  -37.347  23.967  20.484 0.0000000000
102019  -48.162  20.577  7.591 0.0000000000
100048  -45.862  18.536  22.093 0.0000000000
98985  -44.548  17.660  22.368 0.0000000000
100046  -44.302  18.053  22.733 0.0000000000
98941  -33.716  17.062  25.259 0.0000000000
99085  -46.366  17.067  13.867 0.0000000000
105938  -42.444  25.709  15.370 0.0000000000
105946  -42.859  25.690  14.776 0.0000000000
109282  -43.326  28.724  25.610 0.0000000000
109291  -43.216  28.935  24.835 0.0000000000
109292  -44.225  29.460  24.883 0.0000000000
111085  -48.415  32.201  14.018 0.0000000000
111072  -47.590  31.615  13.875 0.0000000000
111083  -47.267  32.013  13.030 0.0000000000
111082  -46.577  31.719  12.667 0.0000000000
111095  -46.992  32.515  12.168 0.0000000000
111105  -46.613  32.588  11.212 0.0000000000
111966  -47.708  32.869  12.370 0.0000000000
111874  -39.999  32.663  17.706 0.0000000000
112717  -39.436  33.418  18.269 0.0000000000
100113  -41.475  19.134  17.300 0.0000000000
101060  -41.663  19.704  16.940 0.0000000000
104281  -41.368  23.066  17.615 0.0000000000
104273  -42.227  23.886  17.746 0.0000000000
110943  -48.308  31.564  27.271 0.0000000000
111835  -48.820  32.441  21.341 0.0000000000
111836  -49.723  32.190  21.107 0.0000000000
111844  -49.073  32.219  20.341 0.0000000000
111861  -49.386  32.061  19.451 0.0000000000
111860  -48.377  32.015  19.377 0.0000000000
111859  -47.764  31.933  18.691 0.0000000000
111022  -47.803  31.912  19.904 0.0000000000
112686  -43.755  33.668  21.712 0.0000000000
111841  -43.965  32.325  21.142 0.0000000000
111830  -43.552  33.041  21.508 0.0000000000
113456  -43.182  34.346  21.150 0.0000000000
102755  -46.175  21.614  10.010 0.0000000000
103538  -45.782  22.566  10.316 0.0000000000
104357  -46.042  23.578  9.858 0.0000000000
105875  -35.652  25.780  24.311 0.0000000000
105840  -39.691  25.423  28.407 0.0000000000
105841  -40.662  25.707  28.503 0.0000000000
105860  -40.866  26.197  27.492 0.0000000000
110109  -44.513  29.876  28.844 0.0000000000
110110  -45.402  30.170  29.074 0.0000000000
99086  -51.457  17.258  14.450 0.0000000000
98005  -50.554  16.792  14.445 0.0000000000
97961  -46.476  16.412  17.586 0.0000000000
97946  -45.429  16.466  18.503 0.0000000000
99018  -41.163  17.167  19.555 0.0000000000
99016  -39.847  17.795  19.843 0.0000000000
99996  -39.534  18.841  27.048 0.0000000000
98958  -39.510  18.047  24.737 0.0000000000
97863  -39.805  17.004  24.231 0.0000000000
97874  -40.263  16.705  23.451 0.0000000000
101892  -35.183  20.535  22.019 0.0000000000
101886  -34.443  20.529  22.525 0.0000000000
101994  -49.282  20.627  9.527 0.0000000000
101964  -44.598  20.737  13.909 0.0000000000
102725  -44.392  21.664  14.225 0.0000000000
104342  -46.118  23.705  12.356 0.0000000000
104343  -46.425  23.326  12.050 0.0000000000
105153  -46.786  23.750  11.639 0.0000000000
105167  -47.630  23.776  10.675 0.0000000000
105166  -47.257  24.150  11.063 0.0000000000
105178  -47.824  24.684  10.206 0.0000000000
105983  -46.926  24.590  11.046 0.0000000000
107644  -38.790  27.627  23.416 0.0000000000
107650  -39.406  27.915  22.580 0.0000000000
107663  -43.097  28.054  20.258 0.0000000000
108481  -43.776  28.106  19.364 0.0000000000
110200  -48.389  30.327  21.292 0.0000000000
109314  -47.355  30.129  21.185 0.0000000000
109320  -47.724  29.965  20.247 0.0000000000
109372  -43.822  29.623  16.408 0.0000000000
109371  -42.917  29.132  16.195 0.0000000000
109432  -42.348  30.078  9.176 0.0000000000
109439  -41.740  29.357  8.873 0.0000000000
108573  -41.538  28.404  8.394 0.0000000000
109446  -41.803  29.236  7.778 0.0000000000
109447  -42.426  29.927  7.190 0.0000000000
111121  -41.925  31.463  8.689 0.0000000000
110315  -41.609  31.282  7.970 0.0000000000
110314  -40.941  30.713  8.329 0.0000000000
111120  -41.334  30.889  9.088 0.0000000000
111942  -44.821  32.817  14.154 0.0000000000
111927  -43.870  32.512  15.060 0.0000000000
111950  -40.026  32.105  13.445 0.0000000000
110284  -39.721  30.460  12.680 0.0000000000
110283  -39.193  29.925  13.019 0.0000000000
102687  -39.432  21.537  18.652 0.0000000000
104270  -40.148  23.355  18.433 0.0000000000
112650  -48.381  33.517  25.287 0.0000000000
112667  -48.394  33.530  23.682 0.0000000000
112682  -48.290  33.204  23.090 0.0000000000
112681  -47.927  33.089  22.837 0.0000000000
111826  -47.319  32.771  22.538 0.0000000000
114146  -46.079  34.840  23.134 0.0000000000
112664  -45.712  33.734  22.989 0.0000000000
113441  -44.846  34.153  22.373 0.0000000000
102010  -47.046  20.204  8.689 0.0000000000
102003  -47.133  20.966  9.040 0.0000000000
105039  -36.517  24.039  28.893 0.0000000000
97914  -45.307  16.622  20.504 0.0000000000
97901  -43.436  16.480  21.541 0.0000000000
97900  -42.441  16.150  21.461 0.0000000000
98969  -34.922  17.289  23.875 0.0000000000
98979  -34.517  17.956  23.114 0.0000000000
100970  -33.682  19.226  23.164 0.0000000000
100033  -33.560  18.724  23.555 0.0000000000
100953  -32.401  19.534  24.432 0.0000000000
100952  -31.756  19.625  24.891 0.0000000000
103496  -44.203  22.886  14.873 0.0000000000
105948  -44.165  24.661  14.254 0.0000000000
105124  -44.506  24.163  14.226 0.0000000000
105137  -45.013  24.213  13.537 0.0000000000
105958  -45.153  24.626  13.088 0.0000000000
105956  -44.005  25.594  13.305 0.0000000000
108461  -41.970  28.912  24.064 0.0000000000
109302  -42.918  29.495  22.799 0.0000000000
109309  -43.262  29.499  21.967 0.0000000000
109360  -49.018  30.327  17.513 0.0000000000
109359  -48.274  30.237  17.630 0.0000000000
110243  -48.477  30.560  16.912 0.0000000000
110277  -46.817  31.262  14.464 0.0000000000
110264  -45.911  30.696  15.306 0.0000000000
110275  -44.341  31.034  13.968 0.0000000000
111093  -45.315  31.723  11.653 0.0000000000
111092  -44.853  31.959  11.073 0.0000000000
110303  -43.809  31.414  10.534 0.0000000000
111112  -44.496  31.834  9.501 0.0000000000
111984  -45.313  33.047  9.792 0.0000000000
111992  -44.776  32.969  8.928 0.0000000000
112788  -44.468  33.266  9.415 0.0000000000
111991  -43.821  33.114  8.984 0.0000000000
112781  -44.646  33.348  10.211 0.0000000000
111908  -40.718  32.650  15.767 0.0000000000
111923  -39.735  32.634  14.794 0.0000000000
111906  -38.908  32.366  15.813 0.0000000000
111889  -38.518  32.542  16.540 0.0000000000
100125  -43.809  18.096  15.296 0.0000000000
101951  -42.916  20.614  15.473 0.0000000000
102697  -40.595  21.531  17.798 0.0000000000
102698  -41.181  21.505  17.351 0.0000000000
103472  -42.185  22.838  16.922 0.0000000000
103481  -42.065  22.161  16.709 0.0000000000
102716  -42.705  21.529  15.804 0.0000000000
103483  -43.275  22.814  15.992 0.0000000000
105093  -42.906  24.351  17.357 0.0000000000
105094  -43.116  24.456  16.953 0.0000000000
105917  -43.178  25.111  17.393 0.0000000000
110171  -46.047  30.269  24.962 0.0000000000
110174  -49.138  30.523  24.541 0.0000000000
110195  -48.095  30.406  22.338 0.0000000000
111787  -49.614  32.045  24.242 0.0000000000
110962  -49.748  31.397  24.718 0.0000000000
110975  -50.074  31.404  23.754 0.0000000000
110994  -50.323  31.258  21.406 0.0000000000
110198  -50.221  30.737  21.686 0.0000000000
110202  -49.972  30.352  20.954 0.0000000000
110207  -49.939  30.411  19.895 0.0000000000
110219  -49.934  30.299  18.840 0.0000000000
110208  -50.312  30.768  19.487 0.0000000000
111900  -49.695  31.900  17.791 0.0000000000
111918  -50.049  31.957  17.201 0.0000000000
111917  -49.760  32.181  16.753 0.0000000000
111065  -49.645  31.942  15.657 0.0000000000
111932  -48.926  32.482  15.584 0.0000000000
111915  -48.207  32.492  16.302 0.0000000000
111878  -46.884  32.017  17.604 0.0000000000
111914  -47.267  32.468  16.197 0.0000000000
111896  -46.504  32.139  17.055 0.0000000000
111048  -45.826  31.792  17.737 0.0000000000
111833  -46.636  32.215  21.630 0.0000000000
111005  -46.523  31.740  20.527 0.0000000000
110998  -45.751  31.818  21.229 0.0000000000
111019  -44.648  31.450  19.675 0.0000000000
111034  -44.084  31.459  18.743 0.0000000000
111047  -44.789  31.685  17.795 0.0000000000
112701  -42.298  33.100  20.461 0.0000000000
111877  -42.299  32.085  19.310 0.0000000000
111855  -41.048  32.484  18.973 0.0000000000
105175  -44.397  24.621  10.277 0.0000000000
105067  -35.818  24.375  22.245 0.0000000000
105882  -36.297  25.051  22.268 0.0000000000
105879  -36.117  25.528  22.898 0.0000000000
106747  -36.552  26.400  24.190 0.0000000000
106750  -36.549  26.110  23.137 0.0000000000
106748  -37.547  26.976  24.256 0.0000000000
105856  -36.910  25.243  27.428 0.0000000000
106733  -38.886  26.719  26.245 0.0000000000
106742  -39.321  27.145  25.781 0.0000000000
107632  -39.950  27.398  25.322 0.0000000000
106743  -40.123  26.968  26.005 0.0000000000
107624  -41.782  27.282  26.878 0.0000000000
107623  -41.306  27.230  26.334 0.0000000000
108438  -42.789  27.946  26.475 0.0000000000
108439  -43.363  27.976  26.958 0.0000000000
108399  -42.228  27.670  29.210 0.0000000000
106694  -42.523  26.518  29.118 0.0000000000
106695  -42.999  26.890  29.061 0.0000000000
108427  -44.987  28.207  28.721 0.0000000000
108413  -44.441  27.684  28.995 0.0000000000
108441  -44.906  28.309  27.976 0.0000000000
108440  -44.153  28.319  27.367 0.0000000000
110123  -46.757  29.926  28.189 0.0000000000
110112  -46.930  30.655  28.521 0.0000000000
110927  -47.238  31.173  28.460 0.0000000000
110941  -46.940  31.825  28.398 0.0000000000
98030  -51.000  16.690  12.208 0.0000000000
98004  -49.627  16.501  14.517 0.0000000000
98014  -47.688  16.466  13.664 0.0000000000
98002  -47.649  16.168  14.644 0.0000000000
99051  -49.210  17.325  17.705 0.0000000000
99038  -49.602  17.855  18.082 0.0000000000
97978  -49.317  16.853  16.421 0.0000000000
97975  -46.545  16.294  16.637 0.0000000000
97988  -46.612  16.279  15.680 0.0000000000
97987  -45.627  16.469  15.762 0.0000000000
97986  -45.137  16.529  16.106 0.0000000000
97958  -43.644  16.545  17.579 0.0000000000
99060  -42.611  17.674  16.993 0.0000000000
99049  -42.327  17.438  17.721 0.0000000000
97926  -43.575  16.435  19.542 0.0000000000
97944  -43.639  16.487  18.603 0.0000000000
99033  -40.832  17.830  19.076 0.0000000000
100090  -40.932  18.168  18.675 0.0000000000
100103  -41.156  18.617  17.948 0.0000000000
101034  -40.204  19.752  18.397 0.0000000000
100973  -44.655  19.327  23.541 0.0000000000
100915  -41.350  19.096  27.578 0.0000000000
100916  -42.777  19.631  27.256 0.0000000000
100008  -38.228  18.893  25.958 0.0000000000
100009  -39.095  19.200  25.421 0.0000000000
100956  -40.544  19.686  25.092 0.0000000000
101850  -41.978  20.272  24.971 0.0000000000
101865  -42.519  20.272  24.766 0.0000000000
101864  -42.051  20.109  24.629 0.0000000000
100024  -42.415  19.242  23.927 0.0000000000
98974  -43.185  17.814  23.123 0.0000000000
98973  -42.353  17.418  23.264 0.0000000000
97886  -40.389  16.399  22.483 0.0000000000
97898  -40.559  16.218  21.562 0.0000000000
97897  -39.747  16.475  21.637 0.0000000000
101899  -36.440  20.635  20.960 0.0000000000
102671  -36.573  21.543  20.829 0.0000000000
104259  -35.925  23.107  21.635 0.0000000000
103445  -35.641  22.423  21.710 0.0000000000
103442  -34.422  22.469  22.806 0.0000000000
104254  -34.835  23.136  22.725 0.0000000000
101884  -33.337  20.464  23.424 0.0000000000
102664  -33.507  21.008  23.295 0.0000000000
104241  -33.258  23.467  25.698 0.0000000000
104242  -34.035  24.041  25.465 0.0000000000
104236  -34.051  23.962  26.831 0.0000000000
100208  -50.101  18.757  6.192 0.0000000000
101151  -50.404  19.323  6.876 0.0000000000
102774  -50.484  21.488  7.973 0.0000000000
102022  -50.342  20.952  7.626 0.0000000000
102782  -50.331  21.471  7.779 0.0000000000
102781  -50.130  21.812  7.735 0.0000000000
100143  -45.333  18.570  13.427 0.0000000000
101972  -45.485  20.159  13.036 0.0000000000
101090  -45.555  19.523  12.849 0.0000000000
102733  -45.378  21.826  13.424 0.0000000000
103524  -46.593  22.545  11.925 0.0000000000
102740  -46.323  21.761  12.310 0.0000000000
102748  -47.329  21.661  11.172 0.0000000000
102756  -48.816  21.726  9.770 0.0000000000
104367  -48.904  23.721  9.248 0.0000000000
103555  -49.355  22.707  8.392 0.0000000000
104373  -48.408  23.763  8.748 0.0000000000
105192  -48.062  24.500  8.919 0.0000000000
104372  -47.890  24.244  8.797 0.0000000000
105191  -47.598  24.476  9.117 0.0000000000
106024  -47.310  24.760  9.327 0.0000000000
106828  -45.050  25.668  12.180 0.0000000000
105981  -45.998  25.689  10.941 0.0000000000
105997  -46.029  25.783  9.933 0.0000000000
105177  -46.069  24.258  9.602 0.0000000000
106009  -44.874  25.759  9.201 0.0000000000
106023  -44.287  25.882  8.703 0.0000000000
106867  -44.025  26.105  8.463 0.0000000000
106757  -36.917  25.801  21.776 0.0000000000
106758  -37.582  26.033  21.205 0.0000000000
107659  -39.091  27.032  20.701 0.0000000000
106761  -39.067  26.243  20.248 0.0000000000
106764  -39.410  25.896  19.803 0.0000000000
106765  -39.971  26.338  19.753 0.0000000000
108465  -40.968  28.682  22.573 0.0000000000
108468  -40.624  28.403  21.586 0.0000000000
108473  -41.170  28.362  20.860 0.0000000000
107667  -42.217  27.105  19.679 0.0000000000
106767  -41.911  26.182  19.608 0.0000000000
106766  -40.983  26.205  19.556 0.0000000000
105898  -42.273  25.553  19.090 0.0000000000
106773  -43.272  26.216  18.174 0.0000000000
105916  -42.903  25.515  17.090 0.0000000000
106783  -42.665  26.167  17.493 0.0000000000
110184  -46.013  30.499  23.862 0.0000000000
110183  -45.169  30.298  23.453 0.0000000000
110192  -45.469  30.432  22.953 0.0000000000
109312  -45.651  29.680  21.362 0.0000000000
109317  -45.053  29.166  20.747 0.0000000000
108478  -45.189  28.750  20.053 0.0000000000
109340  -46.871  29.631  18.504 0.0000000000
109325  -46.915  29.414  19.452 0.0000000000
109339  -45.971  29.357  18.381 0.0000000000
108504  -44.694  28.855  17.914 0.0000000000
108492  -45.507  28.886  18.667 0.0000000000
108491  -44.603  28.514  18.602 0.0000000000
108490  -43.905  27.995  18.551 0.0000000000
108502  -42.789  27.833  17.223 0.0000000000
107692  -42.068  27.694  16.506 0.0000000000
107691  -41.402  27.050  16.294 0.0000000000
107698  -41.556  27.380  15.416 0.0000000000
106800  -41.565  26.409  15.414 0.0000000000
107711  -41.549  27.580  13.390 0.0000000000
109399  -42.825  29.994  13.870 0.0000000000
109410  -42.458  30.120  12.367 0.0000000000
108559  -41.561  28.505  10.950 0.0000000000
107726  -41.751  27.661  11.216 0.0000000000
106845  -43.019  26.658  9.508 0.0000000000
107743  -42.329  26.948  8.150 0.0000000000
110333  -43.402  31.097  6.921 0.0000000000
110345  -43.324  30.900  6.204 0.0000000000
111147  -42.642  31.384  6.250 0.0000000000
110329  -40.286  30.159  6.609 0.0000000000
109460  -40.694  29.948  5.931 0.0000000000
112746  -47.507  33.294  13.794 0.0000000000
112767  -46.761  33.368  12.476 0.0000000000
112756  -45.927  33.246  13.126 0.0000000000
112754  -43.666  33.195  13.109 0.0000000000
112765  -44.717  33.464  12.206 0.0000000000
112773  -43.542  33.211  11.056 0.0000000000
112772  -42.742  33.002  11.582 0.0000000000
112737  -42.133  33.132  14.328 0.0000000000
112743  -42.749  33.229  14.033 0.0000000000
112752  -41.691  33.162  13.570 0.0000000000
111962  -40.883  32.299  11.962 0.0000000000
111963  -41.556  32.627  12.205 0.0000000000
111970  -41.080  31.984  11.463 0.0000000000
111971  -41.682  32.301  11.073 0.0000000000
110301  -40.618  30.705  10.449 0.0000000000
110292  -40.561  31.190  11.153 0.0000000000
109415  -39.597  29.548  11.820 0.0000000000
109421  -38.884  29.065  10.998 0.0000000000
108566  -38.156  28.680  10.194 0.0000000000
108540  -37.687  28.541  12.782 0.0000000000
108548  -36.897  28.483  12.106 0.0000000000
108539  -36.973  28.485  13.145 0.0000000000
109383  -37.389  29.524  15.228 0.0000000000
108528  -35.995  28.480  14.212 0.0000000000
114182  -38.501  35.302  18.272 0.0000000000
113471  -38.066  34.557  17.781 0.0000000000
103452  -38.405  22.382  19.297 0.0000000000
103453  -38.991  22.463  18.819 0.0000000000
104266  -38.097  23.033  19.606 0.0000000000
104264  -38.098  23.677  19.772 0.0000000000
105077  -38.430  24.414  19.805 0.0000000000
113419  -48.252  34.220  24.539 0.0000000000
113429  -47.732  34.690  23.820 0.0000000000
114147  -46.714  35.490  23.305 0.0000000000
114157  -45.801  35.551  22.616 0.0000000000
104217  -35.919  23.600  29.846 0.0000000000
104226  -36.291  23.666  29.437 0.0000000000
100057  -46.116  18.139  21.539 0.0000000000
98997  -45.572  17.509  21.435 0.0000000000
97903  -44.875  16.798  21.101 0.0000000000
98996  -44.766  17.249  21.710 0.0000000000
98995  -44.160  17.041  21.913 0.0000000000
98967  -33.492  18.380  23.966 0.0000000000
98952  -33.219  18.079  24.542 0.0000000000
98027  -48.051  16.556  12.860 0.0000000000
99097  -47.302  16.895  12.832 0.0000000000
99109  -46.791  17.597  12.323 0.0000000000
99108  -46.247  17.869  12.732 0.0000000000
105111  -43.696  24.247  15.321 0.0000000000
105112  -44.188  23.963  14.857 0.0000000000
106809  -43.005  25.716  14.467 0.0000000000
108455  -42.275  28.672  24.980 0.0000000000
109290  -42.535  28.960  24.417 0.0000000000
110267  -48.890  31.292  15.234 0.0000000000
110255  -48.673  30.858  16.048 0.0000000000
110279  -48.388  31.352  14.971 0.0000000000
110278  -47.797  31.338  14.771 0.0000000000
111070  -46.220  31.411  13.128 0.0000000000
111104  -46.148  32.402  10.748 0.0000000000
111103  -45.404  32.464  10.426 0.0000000000
111115  -46.450  32.671  10.755 0.0000000000
111985  -46.108  32.985  10.321 0.0000000000
112783  -46.373  33.353  10.859 0.0000000000
100115  -42.686  18.163  16.496 0.0000000000
100123  -42.511  18.889  16.276 0.0000000000
101061  -42.174  19.660  16.419 0.0000000000
101943  -41.825  20.583  16.506 0.0000000000
103470  -40.942  22.411  17.621 0.0000000000
104282  -41.941  23.287  17.403 0.0000000000
105088  -42.695  24.452  17.842 0.0000000000
110141  -47.737  30.417  26.882 0.0000000000
110156  -47.950  30.520  25.880 0.0000000000
111812  -49.405  32.476  22.817 0.0000000000
110988  -49.966  31.772  22.793 0.0000000000
110993  -50.000  31.717  21.826 0.0000000000
110999  -50.162  31.779  21.162 0.0000000000
111846  -50.245  31.833  20.115 0.0000000000
111024  -50.215  31.439  19.071 0.0000000000
111862  -50.006  31.934  19.457 0.0000000000
111899  -49.085  32.203  17.475 0.0000000000
111898  -48.302  32.367  17.240 0.0000000000
111880  -48.381  32.041  18.177 0.0000000000
111879  -47.525  31.953  17.923 0.0000000000
111037  -47.267  31.830  18.592 0.0000000000
110997  -44.828  31.968  21.270 0.0000000000
110996  -44.278  32.207  21.213 0.0000000000
111003  -44.091  31.847  20.689 0.0000000000
111002  -43.453  32.046  20.470 0.0000000000
111858  -43.135  32.162  20.352 0.0000000000
111839  -42.676  32.860  20.613 0.0000000000
112689  -42.061  33.731  20.475 0.0000000000
105062  -35.064  24.940  23.793 0.0000000000
105878  -35.617  25.297  23.345 0.0000000000
106746  -36.075  26.226  24.816 0.0000000000
106739  -36.512  26.388  25.110 0.0000000000
105052  -38.393  25.138  28.112 0.0000000000
105858  -38.876  25.666  27.631 0.0000000000
105868  -40.147  26.188  26.894 0.0000000000
106735  -40.356  26.625  26.540 0.0000000000
105869  -40.597  26.389  26.897 0.0000000000
106724  -41.325  26.550  27.359 0.0000000000
106725  -41.885  26.765  27.726 0.0000000000
108400  -43.237  27.887  29.365 0.0000000000
107579  -43.357  27.290  29.167 0.0000000000
109230  -44.005  28.395  29.435 0.0000000000
109231  -44.672  28.428  29.326 0.0000000000
109257  -46.093  29.411  28.631 0.0000000000
109242  -45.930  29.635  29.123 0.0000000000
98017  -50.936  16.724  13.437 0.0000000000
97949  -48.087  16.880  18.196 0.0000000000
97963  -48.438  16.740  17.471 0.0000000000
97962  -47.407  16.501  17.514 0.0000000000
97973  -44.753  16.433  16.581 0.0000000000
97959  -44.632  16.385  17.583 0.0000000000
97924  -41.894  16.706  19.579 0.0000000000
100088  -39.493  19.158  19.118 0.0000000000
100075  -39.972  18.226  19.563 0.0000000000
98946  -39.254  18.758  25.132 0.0000000000
98960  -41.482  17.970  23.899 0.0000000000
98972  -41.442  17.389  23.536 0.0000000000
98971  -40.851  17.137  23.540 0.0000000000
100994  -36.481  19.584  21.176 0.0000000000
101893  -35.852  20.557  21.467 0.0000000000
102668  -35.414  21.500  21.842 0.0000000000
101142  -50.697  19.836  7.546 0.0000000000
102758  -50.245  21.336  8.700 0.0000000000
102765  -50.216  22.018  8.654 0.0000000000
101075  -44.381  19.814  14.200 0.0000000000
101081  -44.791  20.024  13.686 0.0000000000
101965  -45.286  20.726  13.392 0.0000000000
104320  -45.408  23.271  13.430 0.0000000000
103515  -45.699  22.728  13.081 0.0000000000
104333  -46.052  23.205  12.610 0.0000000000
103532  -47.629  22.558  10.695 0.0000000000
104351  -47.419  23.304  10.975 0.0000000000
105187  -48.324  24.452  9.661 0.0000000000
105193  -48.569  24.294  9.006 0.0000000000
105186  -48.027  24.829  9.812 0.0000000000
106012  -47.631  24.998  9.782 0.0000000000
106857  -45.311  26.193  9.571 0.0000000000
107648  -37.653  26.892  22.436 0.0000000000
107654  -38.153  26.929  21.330 0.0000000000
108474  -42.056  28.512  20.828 0.0000000000
107662  -42.569  27.846  20.247 0.0000000000
110194  -47.163  30.578  22.701 0.0000000000
109313  -46.440  29.849  21.195 0.0000000000
109356  -44.782  29.538  17.323 0.0000000000
108513  -43.414  28.912  16.835 0.0000000000
108520  -41.701  28.031  15.095 0.0000000000
109398  -41.927  29.125  13.789 0.0000000000
109417  -42.338  30.145  11.185 0.0000000000
108567  -41.532  28.615  9.702 0.0000000000
107750  -41.834  27.556  7.737 0.0000000000
107760  -42.026  27.514  6.648 0.0000000000
108587  -42.008  28.372  6.199 0.0000000000
111130  -43.076  31.924  8.014 0.0000000000
111137  -42.046  31.491  6.738 0.0000000000
110322  -40.690  30.765  7.144 0.0000000000
111943  -45.860  32.898  14.475 0.0000000000
111955  -45.886  33.039  13.796 0.0000000000
112745  -44.220  32.979  13.831 0.0000000000
111951  -40.557  32.486  12.992 0.0000000000
111078  -40.527  32.049  12.434 0.0000000000
111088  -40.377  30.982  12.344 0.0000000000
109414  -38.724  29.016  11.944 0.0000000000
109407  -38.595  29.230  13.005 0.0000000000
110251  -38.334  30.789  15.743 0.0000000000
109370  -36.987  29.568  15.973 0.0000000000
109382  -36.378  28.868  15.214 0.0000000000
110249  -36.980  29.994  16.639 0.0000000000
101049  -40.642  19.724  17.864 0.0000000000
101932  -40.394  20.634  18.104 0.0000000000
103459  -39.729  22.465  18.488 0.0000000000
105085  -40.624  23.987  18.540 0.0000000000
105081  -40.726  24.615  18.748 0.0000000000
111778  -48.625  32.576  26.014 0.0000000000
111786  -49.134  32.452  24.960 0.0000000000
111795  -49.080  32.781  24.023 0.0000000000
111834  -47.796  32.484  21.553 0.0000000000
111825  -46.163  32.667  22.543 0.0000000000
112665  -46.403  33.665  23.232 0.0000000000
111809  -45.904  33.218  22.938 0.0000000000
111824  -45.129  32.984  22.620 0.0000000000
111823  -44.607  33.219  22.236 0.0000000000
112687  -44.359  33.540  22.020 0.0000000000
113449  -44.465  34.367  21.984 0.0000000000
105855  -36.039  25.216  27.508 0.0000000000
105051  -37.658  24.913  28.220 0.0000000000
104227  -37.034  23.727  29.594 0.0000000000
105040  -37.531  24.281  29.142 0.0000000000
97930  -47.022  16.805  19.444 0.0000000000
97929  -46.179  16.612  19.395 0.0000000000
97928  -45.355  16.458  19.457 0.0000000000
97912  -43.516  16.288  20.502 0.0000000000
97910  -41.582  16.365  20.389 0.0000000000
100927  -38.805  19.001  26.668 0.0000000000
99993  -37.477  18.492  26.591 0.0000000000
98944  -37.605  18.076  25.400 0.0000000000
98957  -38.322  17.545  24.907 0.0000000000
100983  -34.121  19.533  22.718 0.0000000000
100982  -33.638  19.845  23.154 0.0000000000
101877  -32.842  20.375  23.814 0.0000000000
100954  -32.941  19.318  24.155 0.0000000000
100968  -32.793  19.791  24.024 0.0000000000
102660  -32.426  20.781  24.206 0.0000000000
103506  -44.094  22.305  14.675 0.0000000000
103507  -44.652  22.652  14.339 0.0000000000
104319  -44.992  23.477  13.951 0.0000000000
105151  -45.872  24.217  12.349 0.0000000000
105970  -46.046  24.557  11.879 0.0000000000
105967  -44.237  25.792  12.638 0.0000000000
106827  -44.597  25.911  12.123 0.0000000000
108458  -39.827  28.251  22.910 0.0000000000
108459  -40.369  28.395  23.347 0.0000000000
108466  -41.958  29.057  22.873 0.0000000000
108471  -43.266  29.021  21.284 0.0000000000
109327  -48.813  29.972  19.117 0.0000000000
109341  -47.996  29.916  18.378 0.0000000000
109358  -47.206  30.234  17.416 0.0000000000
110254  -47.671  30.551  16.346 0.0000000000
109375  -46.924  30.434  16.663 0.0000000000
109374  -46.279  30.230  16.699 0.0000000000
110252  -45.982  30.340  16.089 0.0000000000
109387  -44.980  30.492  15.381 0.0000000000
109386  -44.000  30.380  15.095 0.0000000000
110274  -43.614  30.662  13.545 0.0000000000
110287  -44.936  31.502  12.941 0.0000000000
110295  -44.635  31.395  12.302 0.0000000000
110293  -43.126  30.791  11.524 0.0000000000
110302  -43.052  30.732  10.421 0.0000000000
110308  -43.053  30.671  9.408 0.0000000000
110316  -43.001  30.669  8.447 0.0000000000
110324  -43.002  30.599  7.514 0.0000000000
110317  -43.608  31.349  8.623 0.0000000000
111131  -43.810  31.990  8.235 0.0000000000
111113  -45.016  32.474  9.515 0.0000000000
111997  -43.663  32.431  8.520 0.0000000000
111990  -43.183  32.526  9.004 0.0000000000
111111  -42.677  32.330  9.416 0.0000000000
112738  -42.296  33.058  14.496 0.0000000000
111925  -41.643  32.980  14.771 0.0000000000
111937  -39.913  32.453  13.923 0.0000000000
111069  -39.655  31.590  13.944 0.0000000000
111061  -39.162  31.690  14.925 0.0000000000
111055  -38.590  31.516  15.603 0.0000000000
99083  -44.818  17.556  14.566 0.0000000000
100134  -44.258  18.540  14.586 0.0000000000
101074  -43.786  19.707  14.699 0.0000000000
102717  -43.246  21.556  15.318 0.0000000000
104295  -43.561  23.501  15.916 0.0000000000
105102  -43.317  24.320  16.180 0.0000000000
109284  -45.030  29.413  25.924 0.0000000000
109293  -45.182  29.854  24.940 0.0000000000
110185  -47.109  30.610  23.782 0.0000000000
110158  -49.596  30.828  25.055 0.0000000000
110175  -49.896  30.723  24.095 0.0000000000
110976  -50.399  31.175  23.034 0.0000000000
110188  -49.906  30.539  23.015 0.0000000000
110201  -49.276  30.425  21.197 0.0000000000
110218  -49.537  30.130  19.335 0.0000000000
109343  -49.508  30.198  18.095 0.0000000000
109361  -49.557  30.488  17.394 0.0000000000
111039  -50.253  31.427  18.102 0.0000000000
110234  -50.269  31.051  17.516 0.0000000000
110256  -49.357  31.182  15.912 0.0000000000
110268  -49.179  31.382  15.450 0.0000000000
111074  -48.660  32.260  14.435 0.0000000000
111958  -48.485  32.669  13.857 0.0000000000
111957  -48.228  32.985  13.154 0.0000000000
112759  -48.450  33.116  13.793 0.0000000000
111945  -47.861  32.916  14.578 0.0000000000
111930  -47.103  32.741  15.315 0.0000000000
111929  -46.061  32.719  15.274 0.0000000000
111912  -45.221  32.129  16.025 0.0000000000
111894  -44.427  31.819  16.912 0.0000000000
111006  -47.404  31.921  20.263 0.0000000000
111036  -46.538  31.758  18.378 0.0000000000
111893  -43.330  31.792  16.941 0.0000000000
111045  -42.839  31.682  17.775 0.0000000000
111032  -42.361  31.738  18.104 0.0000000000
111017  -42.731  31.944  19.514 0.0000000000
111876  -41.830  31.976  18.601 0.0000000000
105071  -36.889  24.304  21.039 0.0000000000
105885  -36.739  25.011  21.706 0.0000000000
106756  -36.618  25.405  22.053 0.0000000000
106754  -37.008  26.302  22.470 0.0000000000
107643  -37.969  27.215  23.350 0.0000000000
105872  -37.026  26.327  25.782 0.0000000000
105866  -38.094  26.181  26.410 0.0000000000
105873  -37.634  26.567  25.645 0.0000000000
107630  -38.675  27.442  24.713 0.0000000000
107638  -39.029  27.656  24.256 0.0000000000
107639  -39.720  27.797  24.544 0.0000000000
107640  -40.527  27.954  24.884 0.0000000000
107641  -41.203  27.896  25.346 0.0000000000
107634  -41.674  27.624  25.961 0.0000000000
108447  -41.750  28.200  25.384 0.0000000000
108448  -42.402  28.180  25.846 0.0000000000
108449  -43.178  28.471  26.182 0.0000000000
105825  -41.638  25.874  29.029 0.0000000000
105843  -42.197  26.280  28.591 0.0000000000
107608  -42.662  27.198  27.943 0.0000000000
107593  -43.857  27.427  28.993 0.0000000000
107609  -43.492  27.408  28.195 0.0000000000
107626  -43.230  27.511  27.509 0.0000000000
109271  -44.248  28.611  26.749 0.0000000000
110139  -45.795  29.484  26.754 0.0000000000
110140  -46.772  29.932  27.079 0.0000000000
110125  -48.131  30.832  27.438 0.0000000000
111765  -46.965  32.479  28.176 0.0000000000
98028  -48.957  16.385  12.726 0.0000000000
98013  -46.972  16.610  13.980 0.0000000000
97991  -49.594  16.708  15.531 0.0000000000
97990  -48.563  16.391  15.560 0.0000000000
99073  -45.228  16.937  14.933 0.0000000000
99071  -43.738  17.570  15.834 0.0000000000
97957  -43.019  16.788  17.942 0.0000000000
97942  -42.076  16.774  18.913 0.0000000000
99035  -42.021  17.171  18.369 0.0000000000
101923  -39.236  20.624  18.927 0.0000000000
102677  -38.234  21.506  19.483 0.0000000000
103449  -37.337  22.423  20.219 0.0000000000
100037  -44.617  18.942  23.099 0.0000000000
101824  -43.014  20.259  26.503 0.0000000000
100928  -39.234  19.162  26.651 0.0000000000
100943  -40.469  19.685  25.900 0.0000000000
100955  -39.821  19.469  25.477 0.0000000000
100945  -42.264  20.409  25.810 0.0000000000
101852  -43.162  20.492  25.539 0.0000000000
101866  -43.025  20.458  25.041 0.0000000000
100959  -43.368  20.012  24.508 0.0000000000
100971  -42.885  19.532  23.892 0.0000000000
100972  -43.696  19.396  23.758 0.0000000000
97876  -41.683  16.760  23.053 0.0000000000
97888  -42.206  16.480  22.456 0.0000000000
97899  -41.460  15.986  21.482 0.0000000000
97908  -39.954  16.621  20.806 0.0000000000
97872  -38.263  16.513  23.518 0.0000000000
97884  -38.593  16.471  22.602 0.0000000000
97895  -38.129  16.815  21.921 0.0000000000
97896  -38.831  16.688  21.596 0.0000000000
99004  -39.433  17.451  20.333 0.0000000000
103448  -36.734  22.453  20.695 0.0000000000
104260  -36.415  23.404  21.227 0.0000000000
104256  -35.968  23.758  21.800 0.0000000000
105065  -35.305  24.470  22.927 0.0000000000
104251  -34.941  23.769  22.948 0.0000000000
105061  -34.419  24.476  24.050 0.0000000000
104243  -34.491  24.771  25.634 0.0000000000
102665  -33.858  21.543  23.000 0.0000000000
104247  -34.024  23.860  24.344 0.0000000000
105055  -34.629  24.604  27.212 0.0000000000
105048  -34.750  24.026  27.715 0.0000000000
104231  -35.190  23.755  28.337 0.0000000000
104230  -34.369  23.436  28.049 0.0000000000
104225  -35.301  23.396  29.112 0.0000000000
101141  -50.092  20.115  7.166 0.0000000000
102030  -49.217  20.371  6.306 0.0000000000
102029  -49.002  20.561  6.453 0.0000000000
101140  -48.694  20.377  6.480 0.0000000000
102020  -48.773  20.927  7.232 0.0000000000
100151  -46.328  18.549  12.271 0.0000000000
101099  -46.514  19.397  11.870 0.0000000000
101966  -45.621  21.267  13.058 0.0000000000
101974  -46.463  21.179  12.079 0.0000000000
101983  -47.595  20.893  10.905 0.0000000000
102757  -49.769  21.731  9.164 0.0000000000
103540  -49.280  22.838  9.500 0.0000000000
103549  -49.937  22.510  8.491 0.0000000000
103561  -49.900  22.294  7.869 0.0000000000
102012  -48.289  21.252  7.882 0.0000000000
102771  -48.099  21.890  8.437 0.0000000000
103547  -47.840  22.742  8.901 0.0000000000
104366  -48.078  23.333  8.781 0.0000000000
103546  -47.188  22.679  9.380 0.0000000000
104358  -46.747  23.376  9.510 0.0000000000
105982  -46.498  24.890  11.271 0.0000000000
104364  -46.601  24.117  9.467 0.0000000000
105072  -37.509  24.654  20.639 0.0000000000
105073  -38.044  24.793  20.335 0.0000000000
106760  -38.325  26.087  20.770 0.0000000000
105890  -38.540  25.361  20.226 0.0000000000
105894  -38.917  25.025  19.689 0.0000000000
105895  -39.592  25.270  19.522 0.0000000000
105905  -41.168  24.995  18.792 0.0000000000
107651  -39.818  28.099  22.330 0.0000000000
107656  -39.922  27.953  21.833 0.0000000000
107665  -40.622  26.780  19.888 0.0000000000
105906  -41.833  24.927  18.774 0.0000000000
105907  -42.506  25.013  18.513 0.0000000000
105908  -43.064  25.251  18.108 0.0000000000
109298  -44.567  29.841  23.775 0.0000000000
109305  -45.520  30.091  22.192 0.0000000000
109316  -44.366  29.167  20.835 0.0000000000
108484  -46.094  29.009  19.451 0.0000000000
108479  -45.817  28.953  19.965 0.0000000000
106782  -41.697  26.764  16.675 0.0000000000
105914  -40.956  26.620  16.124 0.0000000000
105927  -41.219  25.792  15.848 0.0000000000
107705  -41.502  27.444  14.335 0.0000000000
107719  -42.243  27.139  11.375 0.0000000000
109416  -41.895  29.334  11.724 0.0000000000
106834  -42.876  26.641  10.686 0.0000000000
106854  -42.988  26.542  8.495 0.0000000000
110332  -43.065  30.469  6.652 0.0000000000
109462  -42.631  29.937  5.706 0.0000000000
110343  -41.385  30.877  5.928 0.0000000000
109468  -41.342  29.737  5.530 0.0000000000
112768  -47.610  33.237  12.717 0.0000000000
112776  -46.567  33.419  11.653 0.0000000000
112775  -45.683  33.560  11.366 0.0000000000
112780  -43.934  33.215  10.016 0.0000000000
111983  -43.448  33.022  9.926 0.0000000000
111940  -43.191  33.016  14.199 0.0000000000
111953  -42.006  32.902  12.645 0.0000000000
112763  -42.734  33.099  12.109 0.0000000000
111101  -41.736  32.001  10.599 0.0000000000
111109  -41.298  31.213  9.760 0.0000000000
110307  -40.869  30.593  9.416 0.0000000000
109430  -40.331  30.164  9.609 0.0000000000
109429  -39.739  29.669  9.750 0.0000000000
110300  -40.382  30.112  10.805 0.0000000000
109422  -39.871  29.567  10.782 0.0000000000
108556  -36.139  28.658  11.418 0.0000000000
109384  -38.094  29.731  14.832 0.0000000000
108519  -35.633  28.578  14.743 0.0000000000
114162  -43.859  34.847  21.430 0.0000000000
114170  -42.001  34.614  20.367 0.0000000000
113461  -41.428  34.173  20.158 0.0000000000
113460  -40.750  34.110  19.737 0.0000000000
114183  -39.533  35.336  18.648 0.0000000000
98940  -33.269  17.366  25.178 0.0000000000
99003  -38.743  17.402  20.763 0.0000000000
99994  -38.345  18.669  26.706 0.0000000000
100032  -33.250  18.824  24.076 0.0000000000
101838  -42.769  20.551  25.966 0.0000000000
101876  -32.474  20.158  24.151 0.0000000000
102766  -50.436  21.434  8.293 0.0000000000
103541  -49.835  22.514  8.936 0.0000000000
103556  -50.078  22.406  8.031 0.0000000000
103562  -50.120  22.198  7.873 0.0000000000
104359  -48.521  23.599  9.882 0.0000000000
105043  -40.083  25.215  28.910 0.0000000000
105165  -46.800  24.459  11.303 0.0000000000
105826  -42.217  26.153  28.821 0.0000000000
105861  -41.424  26.385  27.740 0.0000000000
105926  -40.830  26.332  16.053 0.0000000000
105937  -41.689  25.933  15.471 0.0000000000
106013  -48.062  24.775  9.581 0.0000000000
106708  -42.154  26.461  28.351 0.0000000000
106709  -42.596  26.648  28.681 0.0000000000
106726  -42.321  26.766  28.216 0.0000000000
106737  -41.481  26.824  27.170 0.0000000000
106744  -40.577  26.886  26.259 0.0000000000
106781  -40.717  26.871  16.700 0.0000000000
106793  -40.433  26.391  16.320 0.0000000000
106801  -42.036  26.089  15.275 0.0000000000
107580  -44.023  27.576  29.159 0.0000000000
107591  -42.989  27.157  28.491 0.0000000000
107592  -43.251  27.156  28.837 0.0000000000
107610  -43.917  27.483  28.689 0.0000000000
107625  -42.660  27.520  27.042 0.0000000000
107678  -40.489  26.857  16.625 0.0000000000
107679  -41.101  27.010  16.853 0.0000000000
107690  -40.818  26.794  16.412 0.0000000000
108402  -44.714  28.184  29.345 0.0000000000
108414  -44.873  28.199  29.187 0.0000000000
108426  -44.304  27.821  28.255 0.0000000000
108453  -40.733  28.306  24.119 0.0000000000
108463  -39.799  28.162  22.568 0.0000000000
109232  -44.958  28.397  29.316 0.0000000000
109321  -48.462  30.098  19.834 0.0000000000
109328  -49.402  30.002  18.728 0.0000000000
109452  -40.364  29.963  6.378 0.0000000000
109454  -42.643  29.841  6.309 0.0000000000
109461  -42.207  29.291  5.907 0.0000000000
109470  -42.533  30.041  5.517 0.0000000000
110189  -50.250  30.772  22.617 0.0000000000
110203  -50.366  30.794  20.610 0.0000000000
110220  -50.284  30.851  18.470 0.0000000000
110245  -49.853  30.873  16.855 0.0000000000
110246  -50.115  31.340  16.781 0.0000000000
110257  -49.854  31.322  16.217 0.0000000000
110266  -48.154  31.035  15.429 0.0000000000
110323  -41.426  31.220  7.349 0.0000000000
110330  -40.650  30.554  6.335 0.0000000000
110342  -41.186  30.365  5.770 0.0000000000
110344  -43.071  30.365  5.978 0.0000000000
110356  -41.450  30.223  5.575 0.0000000000
110357  -41.819  30.462  5.539 0.0000000000
110359  -43.151  30.739  5.837 0.0000000000
111000  -50.349  31.505  20.677 0.0000000000
111023  -49.975  31.769  18.944 0.0000000000
111050  -50.038  31.729  17.834 0.0000000000
111051  -50.175  31.606  17.353 0.0000000000
111056  -49.627  31.490  15.795 0.0000000000
111057  -49.924  31.811  15.966 0.0000000000
111058  -50.134  31.806  16.679 0.0000000000
111064  -49.242  31.819  15.268 0.0000000000
111073  -48.509  31.704  14.486 0.0000000000
111079  -41.543  32.903  12.602 0.0000000000
111080  -41.776  32.897  12.540 0.0000000000
111091  -41.794  32.817  12.385 0.0000000000
111096  -47.557  32.455  12.708 0.0000000000
111114  -46.337  32.782  10.549 0.0000000000
111122  -42.754  32.095  8.906 0.0000000000
111124  -44.752  32.326  8.752 0.0000000000
111132  -44.368  32.254  8.498 0.0000000000
111138  -42.837  31.632  6.996 0.0000000000
111146  -41.918  31.231  6.104 0.0000000000
111148  -43.193  31.320  6.526 0.0000000000
111157  -41.868  30.942  5.791 0.0000000000
111158  -42.377  31.025  5.736 0.0000000000
111159  -43.088  31.121  5.832 0.0000000000
111837  -50.130  31.981  20.671 0.0000000000
111863  -50.268  31.674  19.656 0.0000000000
111882  -49.686  31.868  18.772 0.0000000000
111901  -50.020  31.834  17.532 0.0000000000
111933  -49.601  32.254  15.864 0.0000000000
111941  -43.724  32.832  14.272 0.0000000000
111944  -46.987  33.154  14.379 0.0000000000
111954  -45.342  33.080  13.578 0.0000000000
111964  -42.132  32.757  12.150 0.0000000000
111965  -47.391  32.848  11.869 0.0000000000
111973  -43.396  33.089  10.468 0.0000000000
111975  -45.934  32.682  10.312 0.0000000000
111977  -47.445  33.047  11.821 0.0000000000
111981  -42.060  32.188  10.423 0.0000000000
111982  -42.682  32.605  9.930 0.0000000000
111986  -46.563  32.950  10.744 0.0000000000
111996  -43.232  32.298  8.543 0.0000000000
112679  -44.807  33.733  22.438 0.0000000000
112680  -45.288  33.626  22.716 0.0000000000
112691  -43.207  33.400  21.293 0.0000000000
112733  -38.737  32.647  16.520 0.0000000000
112742  -41.942  33.169  13.981 0.0000000000
112747  -47.969  33.304  14.003 0.0000000000
112748  -48.382  33.132  14.186 0.0000000000
112757  -46.922  33.279  13.451 0.0000000000
112777  -47.307  33.240  11.976 0.0000000000
113427  -46.010  34.214  23.199 0.0000000000
113454  -41.950  34.197  20.441 0.0000000000
114176  -40.848  34.716  19.728 0.0000000000
