#!ascii label  , from subject 3055 vox2ras=TkReg
915
52019  -19.738  -23.642  64.911 0.0000000000
69691  -39.408  -9.271  54.546 0.0000000000
79552  -41.274  -1.489  47.525 0.0000000000
76063  -48.690  -4.465  41.790 0.0000000000
66292  -36.946  -13.549  56.037 0.0000000000
79622  -44.387  -1.327  44.191 0.0000000000
75015  -50.790  -4.403  35.711 0.0000000000
81935  -51.870  0.252  34.448 0.0000000000
67419  -41.855  -10.824  54.028 0.0000000000
73623  -42.102  -5.597  51.488 0.0000000000
75912  -39.272  -4.204  51.890 0.0000000000
58083  -23.117  -19.023  67.233 0.0000000000
58131  -23.391  -18.888  63.460 0.0000000000
59398  -24.702  -17.660  58.307 0.0000000000
56999  -29.695  -18.019  60.224 0.0000000000
56990  -33.287  -18.969  60.905 0.0000000000
58191  -35.646  -17.450  58.830 0.0000000000
61798  -39.068  -15.028  56.441 0.0000000000
77117  -43.753  -2.058  48.206 0.0000000000
81953  -53.134  1.280  33.362 0.0000000000
68530  -40.781  -9.948  55.419 0.0000000000
73580  -40.661  -6.664  53.858 0.0000000000
72243  -38.806  -6.687  54.304 0.0000000000
60526  -21.747  -17.917  65.770 0.0000000000
58094  -23.535  -18.904  65.990 0.0000000000
61737  -34.337  -15.925  61.007 0.0000000000
58189  -34.353  -18.257  59.950 0.0000000000
62913  -35.308  -15.274  60.285 0.0000000000
67373  -38.664  -11.464  55.512 0.0000000000
65189  -38.225  -13.217  57.184 0.0000000000
66278  -39.892  -11.965  56.064 0.0000000000
64152  -41.001  -13.047  55.094 0.0000000000
79486  -42.031  -1.995  51.218 0.0000000000
75941  -42.822  -3.625  50.396 0.0000000000
80703  -43.452  -0.772  48.863 0.0000000000
78415  -46.832  -2.867  42.655 0.0000000000
78352  -46.752  -2.437  44.893 0.0000000000
74898  -47.874  -4.769  43.520 0.0000000000
71119  -49.435  -7.536  42.424 0.0000000000
76110  -53.078  -4.194  36.963 0.0000000000
73816  -51.678  -5.463  38.188 0.0000000000
65185  -35.837  -14.388  57.392 0.0000000000
74969  -46.085  -4.862  41.095 0.0000000000
78461  -51.021  -1.705  35.175 0.0000000000
77283  -53.442  -2.951  35.195 0.0000000000
78521  -51.878  -1.740  31.927 0.0000000000
65269  -42.193  -12.315  52.409 0.0000000000
70971  -41.918  -7.737  52.973 0.0000000000
75893  -40.819  -4.316  52.440 0.0000000000
54391  -21.860  -20.851  66.779 0.0000000000
56998  -24.774  -20.647  61.454 0.0000000000
58186  -23.068  -18.797  60.326 0.0000000000
57019  -24.340  -19.280  58.402 0.0000000000
58227  -26.611  -18.517  57.857 0.0000000000
57036  -28.934  -19.088  58.214 0.0000000000
54488  -30.983  -19.981  59.322 0.0000000000
55686  -31.724  -19.223  61.182 0.0000000000
54509  -33.362  -21.555  59.586 0.0000000000
64088  -36.583  -14.927  58.674 0.0000000000
60614  -37.521  -15.902  57.552 0.0000000000
58256  -38.003  -17.746  55.338 0.0000000000
60670  -40.218  -16.654  54.707 0.0000000000
62999  -41.352  -14.255  54.415 0.0000000000
79569  -45.237  -0.750  46.558 0.0000000000
73814  -50.314  -6.084  38.840 0.0000000000
72391  -51.083  -6.804  41.251 0.0000000000
53177  -21.087  -22.274  66.763 0.0000000000
68528  -39.779  -9.769  55.233 0.0000000000
70948  -39.694  -7.977  54.390 0.0000000000
70959  -39.000  -7.599  54.755 0.0000000000
62912  -34.543  -15.245  60.079 0.0000000000
61749  -34.810  -15.511  61.070 0.0000000000
64084  -34.797  -15.146  59.686 0.0000000000
68526  -39.251  -10.310  54.796 0.0000000000
67374  -38.807  -11.689  56.141 0.0000000000
68509  -39.493  -10.816  55.454 0.0000000000
68511  -40.510  -10.618  55.432 0.0000000000
80669  -42.434  -1.546  50.241 0.0000000000
80701  -42.357  -0.558  48.655 0.0000000000
77208  -47.477  -3.491  42.339 0.0000000000
76026  -47.694  -3.896  43.293 0.0000000000
74908  -48.242  -4.851  42.808 0.0000000000
72373  -49.133  -6.604  43.091 0.0000000000
73711  -49.327  -5.966  42.786 0.0000000000
75016  -53.493  -4.778  36.017 0.0000000000
73830  -53.281  -5.659  37.427 0.0000000000
72494  -53.231  -6.258  35.993 0.0000000000
79707  -50.474  -0.952  33.971 0.0000000000
80856  -51.469  -0.754  35.041 0.0000000000
78463  -51.734  -1.949  34.989 0.0000000000
78471  -52.486  -1.971  34.859 0.0000000000
78482  -53.158  -2.351  34.424 0.0000000000
79708  -52.534  -0.893  33.926 0.0000000000
80907  -52.697  0.157  32.895 0.0000000000
65257  -42.231  -11.806  53.718 0.0000000000
67438  -42.431  -10.367  52.994 0.0000000000
69717  -42.095  -9.399  53.411 0.0000000000
74780  -39.539  -5.996  53.512 0.0000000000
73592  -40.882  -6.087  53.506 0.0000000000
77046  -39.944  -3.941  52.549 0.0000000000
78258  -40.258  -2.906  52.188 0.0000000000
77082  -40.112  -3.395  51.053 0.0000000000
55661  -22.601  -20.380  66.269 0.0000000000
55663  -23.481  -19.631  66.607 0.0000000000
58118  -23.741  -19.087  64.152 0.0000000000
60600  -23.655  -16.830  59.413 0.0000000000
59379  -23.292  -17.753  59.633 0.0000000000
58206  -23.532  -18.618  59.341 0.0000000000
58207  -24.156  -18.447  58.615 0.0000000000
57032  -24.856  -19.268  57.768 0.0000000000
59399  -25.531  -17.727  58.219 0.0000000000
57020  -29.301  -18.448  59.162 0.0000000000
55740  -30.461  -19.742  58.795 0.0000000000
55712  -30.650  -19.287  59.798 0.0000000000
59321  -32.957  -17.336  61.410 0.0000000000
58135  -31.964  -18.005  61.618 0.0000000000
54444  -32.801  -19.733  61.136 0.0000000000
54473  -32.445  -20.087  60.994 0.0000000000
53244  -32.947  -21.254  62.113 0.0000000000
53256  -33.078  -21.975  60.325 0.0000000000
54476  -33.203  -20.167  60.495 0.0000000000
58190  -34.950  -17.635  59.464 0.0000000000
57023  -34.150  -19.138  59.102 0.0000000000
57024  -34.828  -18.394  58.489 0.0000000000
58213  -35.767  -17.512  58.368 0.0000000000
65178  -36.367  -14.218  58.094 0.0000000000
65187  -36.977  -13.702  57.344 0.0000000000
62964  -38.899  -14.093  56.530 0.0000000000
62947  -38.156  -14.396  57.283 0.0000000000
61797  -38.050  -15.416  56.999 0.0000000000
59414  -37.407  -17.144  56.960 0.0000000000
60626  -38.777  -15.823  56.163 0.0000000000
61832  -39.457  -16.077  55.519 0.0000000000
66310  -41.543  -11.630  54.949 0.0000000000
62990  -41.228  -13.978  54.934 0.0000000000
65245  -41.896  -12.138  54.115 0.0000000000
63014  -41.648  -13.664  53.457 0.0000000000
59272  -21.435  -18.540  67.521 0.0000000000
59262  -21.771  -18.737  67.745 0.0000000000
56934  -22.266  -19.866  67.824 0.0000000000
70988  -42.772  -7.773  51.824 0.0000000000
72278  -42.951  -7.075  50.720 0.0000000000
77107  -43.179  -2.753  49.625 0.0000000000
79602  -43.878  -0.761  44.685 0.0000000000
80764  -44.267  -0.033  46.487 0.0000000000
79582  -45.491  -0.846  45.639 0.0000000000
74886  -46.848  -4.416  44.906 0.0000000000
75991  -45.763  -3.118  46.003 0.0000000000
72435  -52.378  -6.526  39.131 0.0000000000
73815  -50.913  -6.019  38.433 0.0000000000
72404  -51.748  -6.580  39.822 0.0000000000
73763  -50.642  -6.282  40.249 0.0000000000
72392  -51.464  -6.898  40.593 0.0000000000
69873  -51.164  -7.957  40.991 0.0000000000
83022  -51.349  1.774  33.367 0.0000000000
80876  -52.675  0.470  34.059 0.0000000000
84086  -51.918  2.979  33.369 0.0000000000
85195  -52.536  2.884  32.868 0.0000000000
68542  -40.862  -9.773  55.014 0.0000000000
69705  -41.252  -8.910  54.750 0.0000000000
70950  -40.974  -8.373  55.240 0.0000000000
72227  -39.687  -6.832  54.198 0.0000000000
74798  -39.380  -5.529  53.091 0.0000000000
60510  -22.319  -18.290  66.731 0.0000000000
58085  -23.400  -18.835  66.625 0.0000000000
58116  -22.788  -18.380  64.122 0.0000000000
58155  -33.541  -17.431  60.980 0.0000000000
56991  -33.498  -18.742  60.599 0.0000000000
59333  -34.516  -16.711  61.005 0.0000000000
60591  -35.077  -16.524  60.455 0.0000000000
60592  -35.433  -16.313  59.820 0.0000000000
66293  -37.630  -12.759  55.588 0.0000000000
66258  -37.603  -13.130  56.867 0.0000000000
66277  -38.467  -12.425  56.386 0.0000000000
65190  -38.980  -13.000  56.499 0.0000000000
64135  -39.636  -13.340  55.883 0.0000000000
62977  -40.203  -14.064  55.887 0.0000000000
66280  -40.585  -11.960  55.576 0.0000000000
66297  -40.828  -11.775  55.309 0.0000000000
60524  -20.608  -18.640  65.930 0.0000000000
75915  -42.329  -3.811  52.010 0.0000000000
74820  -42.404  -4.675  51.370 0.0000000000
77085  -42.885  -2.826  50.967 0.0000000000
78309  -43.397  -2.056  50.106 0.0000000000
79528  -43.824  -1.164  48.721 0.0000000000
78402  -45.957  -2.259  43.329 0.0000000000
79605  -46.228  -1.566  44.798 0.0000000000
78385  -47.027  -2.265  43.805 0.0000000000
76010  -47.399  -3.563  44.080 0.0000000000
76108  -51.812  -4.082  36.782 0.0000000000
75000  -51.240  -4.485  36.655 0.0000000000
74989  -52.726  -4.834  37.524 0.0000000000
73818  -53.074  -5.632  38.070 0.0000000000
68554  -39.169  -9.773  54.057 0.0000000000
67418  -38.650  -10.879  54.067 0.0000000000
80761  -42.318  -1.265  46.390 0.0000000000
78400  -44.613  -2.208  43.268 0.0000000000
77205  -45.697  -2.742  42.479 0.0000000000
76060  -46.165  -3.454  41.807 0.0000000000
76081  -47.457  -4.189  41.281 0.0000000000
77266  -51.148  -2.597  35.334 0.0000000000
77267  -51.647  -2.776  35.541 0.0000000000
76124  -53.367  -3.878  36.423 0.0000000000
75039  -53.541  -4.819  34.955 0.0000000000
80891  -52.757  -0.025  33.593 0.0000000000
78506  -52.515  -1.709  32.886 0.0000000000
67453  -42.707  -10.809  52.037 0.0000000000
69741  -42.800  -8.778  52.269 0.0000000000
70979  -42.334  -7.453  52.217 0.0000000000
72230  -41.281  -7.410  54.231 0.0000000000
73593  -41.336  -5.930  53.222 0.0000000000
75904  -41.895  -4.409  52.351 0.0000000000
78260  -41.263  -3.184  51.915 0.0000000000
78298  -40.919  -2.636  50.685 0.0000000000
70978  -39.131  -7.648  53.129 0.0000000000
73611  -38.885  -6.118  52.497 0.0000000000
75940  -39.325  -4.086  50.372 0.0000000000
54401  -21.472  -21.481  66.315 0.0000000000
54411  -21.397  -21.346  65.241 0.0000000000
55724  -25.162  -21.147  60.686 0.0000000000
60548  -22.155  -17.449  63.362 0.0000000000
58151  -22.791  -18.430  62.854 0.0000000000
58152  -23.116  -18.695  62.387 0.0000000000
57007  -23.993  -20.377  60.295 0.0000000000
57051  -27.880  -19.377  57.294 0.0000000000
57052  -28.753  -19.730  57.490 0.0000000000
59317  -29.883  -17.301  61.013 0.0000000000
59318  -30.803  -17.388  61.351 0.0000000000
55697  -30.793  -19.090  60.362 0.0000000000
55713  -31.146  -19.847  60.091 0.0000000000
53254  -31.732  -21.531  59.976 0.0000000000
55742  -33.494  -19.720  59.684 0.0000000000
64103  -35.267  -14.793  58.789 0.0000000000
64087  -36.129  -15.068  59.090 0.0000000000
61766  -36.582  -15.768  58.759 0.0000000000
65180  -37.554  -13.795  57.622 0.0000000000
61767  -37.237  -15.482  58.278 0.0000000000
59384  -36.547  -16.958  58.062 0.0000000000
58232  -36.660  -17.335  57.440 0.0000000000
57056  -36.885  -17.986  56.063 0.0000000000
59486  -40.493  -17.024  54.179 0.0000000000
61817  -40.668  -14.377  55.380 0.0000000000
61851  -40.946  -15.204  54.423 0.0000000000
60683  -40.860  -16.448  53.953 0.0000000000
61866  -40.970  -15.433  53.450 0.0000000000
54380  -21.696  -21.384  67.639 0.0000000000
80740  -42.921  -0.328  47.286 0.0000000000
80723  -44.150  -0.265  48.050 0.0000000000
79554  -44.396  -1.466  47.728 0.0000000000
79583  -45.945  -1.275  45.757 0.0000000000
77134  -45.318  -2.181  46.624 0.0000000000
75977  -44.737  -2.746  46.781 0.0000000000
73760  -47.470  -5.321  40.510 0.0000000000
74972  -48.226  -4.695  41.051 0.0000000000
73828  -50.635  -5.541  37.265 0.0000000000
72475  -49.906  -6.208  37.638 0.0000000000
72433  -49.001  -6.297  39.085 0.0000000000
73762  -49.601  -6.052  40.605 0.0000000000
73722  -50.226  -6.089  41.683 0.0000000000
72383  -50.570  -6.656  41.830 0.0000000000
52020  -20.092  -23.617  65.690 0.0000000000
69692  -39.455  -8.659  54.599 0.0000000000
69704  -39.276  -8.414  54.543 0.0000000000
62943  -33.757  -15.824  59.273 0.0000000000
64083  -34.352  -15.205  59.636 0.0000000000
64102  -34.660  -15.067  59.112 0.0000000000
68527  -39.488  -9.981  55.049 0.0000000000
79538  -41.409  -1.492  48.638 0.0000000000
79526  -42.024  -1.250  49.012 0.0000000000
79539  -41.825  -0.918  48.265 0.0000000000
76062  -47.988  -3.871  41.856 0.0000000000
76040  -48.162  -4.186  42.452 0.0000000000
74920  -48.830  -4.860  42.310 0.0000000000
73720  -48.917  -5.429  42.620 0.0000000000
73857  -53.494  -5.558  35.372 0.0000000000
73842  -53.413  -5.623  36.532 0.0000000000
81934  -51.513  0.022  34.597 0.0000000000
80867  -51.697  -0.446  34.810 0.0000000000
79691  -52.014  -1.081  34.783 0.0000000000
79700  -52.359  -0.992  34.384 0.0000000000
80875  -52.278  -0.120  34.469 0.0000000000
66327  -42.068  -11.374  53.929 0.0000000000
67420  -42.183  -10.641  53.545 0.0000000000
68555  -41.673  -10.137  54.038 0.0000000000
74799  -39.662  -4.995  52.726 0.0000000000
75891  -39.952  -4.565  52.645 0.0000000000
75902  -39.770  -4.206  52.492 0.0000000000
77065  -39.753  -3.484  52.044 0.0000000000
77064  -39.593  -3.835  51.858 0.0000000000
56942  -22.903  -19.533  67.291 0.0000000000
56943  -23.410  -19.317  67.049 0.0000000000
59380  -24.019  -17.406  58.787 0.0000000000
58225  -24.749  -18.415  57.995 0.0000000000
57008  -29.555  -18.129  59.930 0.0000000000
58188  -28.664  -17.815  59.524 0.0000000000
57009  -30.073  -18.656  59.562 0.0000000000
57000  -30.174  -18.394  60.234 0.0000000000
56979  -33.157  -18.614  61.119 0.0000000000
56978  -32.912  -18.560  61.343 0.0000000000
55700  -33.027  -19.936  61.193 0.0000000000
53227  -32.771  -20.437  62.013 0.0000000000
54459  -33.091  -20.346  61.508 0.0000000000
54475  -33.066  -20.926  60.870 0.0000000000
54460  -33.160  -20.265  61.007 0.0000000000
59366  -35.576  -17.000  59.299 0.0000000000
58212  -35.117  -18.026  58.905 0.0000000000
58230  -35.416  -17.883  58.293 0.0000000000
65201  -36.696  -13.795  56.968 0.0000000000
61782  -38.339  -14.805  56.935 0.0000000000
60640  -38.062  -16.666  56.269 0.0000000000
60641  -38.756  -16.490  55.701 0.0000000000
61815  -39.392  -15.643  55.787 0.0000000000
66326  -41.872  -11.529  54.549 0.0000000000
65231  -41.510  -12.375  54.878 0.0000000000
59273  -22.190  -18.462  67.208 0.0000000000
58072  -22.445  -19.006  67.556 0.0000000000
72262  -42.580  -7.204  51.591 0.0000000000
70998  -43.089  -7.752  51.221 0.0000000000
72270  -42.151  -6.251  51.226 0.0000000000
77116  -43.313  -2.447  48.558 0.0000000000
77115  -42.799  -2.768  49.067 0.0000000000
75965  -42.801  -3.111  48.146 0.0000000000
75966  -43.401  -2.593  47.943 0.0000000000
80800  -44.080  -0.389  45.110 0.0000000000
79603  -44.659  -0.815  44.688 0.0000000000
72434  -51.918  -6.394  39.532 0.0000000000
73734  -51.479  -6.714  40.336 0.0000000000
69695  -41.030  -8.859  55.366 0.0000000000
69694  -40.793  -8.940  55.260 0.0000000000
72212  -38.931  -6.975  54.795 0.0000000000
72213  -39.350  -7.127  54.691 0.0000000000
72226  -39.207  -6.645  54.723 0.0000000000
73590  -39.248  -5.874  54.171 0.0000000000
73602  -38.922  -5.904  53.412 0.0000000000
60518  -22.109  -17.989  66.398 0.0000000000
59308  -22.599  -18.121  64.197 0.0000000000
62880  -34.185  -16.119  60.746 0.0000000000
59331  -33.549  -17.109  61.177 0.0000000000
59332  -34.024  -16.911  60.947 0.0000000000
60565  -34.385  -16.211  60.928 0.0000000000
62900  -35.486  -14.875  61.021 0.0000000000
60578  -35.018  -16.206  60.856 0.0000000000
60579  -35.218  -16.114  60.509 0.0000000000
61756  -35.382  -15.666  60.066 0.0000000000
66294  -38.201  -11.870  55.424 0.0000000000
66276  -38.040  -12.502  56.044 0.0000000000
67375  -39.524  -11.518  56.005 0.0000000000
67359  -38.995  -11.902  56.417 0.0000000000
66261  -39.289  -12.201  56.334 0.0000000000
64134  -39.142  -13.343  56.374 0.0000000000
65202  -39.650  -12.603  55.938 0.0000000000
65203  -40.338  -12.453  55.575 0.0000000000
66279  -40.306  -11.927  55.812 0.0000000000
68529  -40.417  -9.806  55.329 0.0000000000
67377  -40.581  -11.217  55.455 0.0000000000
67392  -41.166  -10.930  54.969 0.0000000000
60517  -21.688  -18.249  66.450 0.0000000000
60509  -21.971  -18.175  66.792 0.0000000000
78280  -42.288  -2.607  51.524 0.0000000000
77068  -42.697  -2.972  51.474 0.0000000000
79487  -42.442  -1.981  51.082 0.0000000000
80684  -42.736  -1.244  49.689 0.0000000000
79515  -43.034  -1.556  50.204 0.0000000000
80685  -43.109  -1.243  49.569 0.0000000000
79527  -43.350  -1.434  49.462 0.0000000000
78414  -46.254  -2.559  42.800 0.0000000000
78403  -46.565  -2.345  43.367 0.0000000000
78386  -47.153  -2.720  43.218 0.0000000000
76025  -47.451  -3.276  43.708 0.0000000000
76011  -47.605  -4.185  43.791 0.0000000000
74897  -47.469  -4.481  44.255 0.0000000000
72372  -48.042  -6.421  43.547 0.0000000000
77236  -52.200  -4.125  36.935 0.0000000000
76093  -51.967  -4.265  37.047 0.0000000000
76094  -52.196  -4.357  37.178 0.0000000000
72436  -52.855  -6.361  38.428 0.0000000000
77187  -45.027  -2.497  42.807 0.0000000000
76079  -45.661  -4.022  41.361 0.0000000000
76080  -46.617  -4.116  41.331 0.0000000000
76061  -47.031  -3.647  41.755 0.0000000000
74970  -47.039  -4.683  40.860 0.0000000000
79699  -50.762  -0.958  34.464 0.0000000000
78470  -50.916  -1.701  34.853 0.0000000000
77281  -50.731  -2.506  34.616 0.0000000000
77282  -53.022  -2.437  35.295 0.0000000000
77268  -52.613  -3.065  35.792 0.0000000000
77269  -53.370  -3.385  35.841 0.0000000000
76142  -53.525  -3.954  35.556 0.0000000000
75040  -53.810  -5.078  34.357 0.0000000000
76162  -53.651  -4.048  34.600 0.0000000000
78495  -53.116  -2.589  33.802 0.0000000000
81946  -52.866  1.118  33.829 0.0000000000
80883  -52.982  0.606  33.791 0.0000000000
79730  -52.375  -0.679  32.438 0.0000000000
65283  -42.053  -12.303  51.900 0.0000000000
66360  -42.425  -11.535  52.540 0.0000000000
69727  -42.525  -9.072  52.943 0.0000000000
68584  -42.641  -9.571  52.610 0.0000000000
70980  -42.474  -8.264  52.597 0.0000000000
70961  -41.146  -7.890  54.855 0.0000000000
70962  -41.529  -8.202  53.898 0.0000000000
72229  -41.081  -6.913  54.210 0.0000000000
74790  -40.692  -5.198  52.934 0.0000000000
74800  -41.137  -4.815  52.585 0.0000000000
73603  -41.548  -5.891  52.630 0.0000000000
74801  -41.452  -5.075  52.516 0.0000000000
75903  -41.605  -4.052  52.349 0.0000000000
77059  -40.951  -3.577  52.140 0.0000000000
78277  -40.287  -2.793  51.468 0.0000000000
78278  -40.992  -2.887  51.208 0.0000000000
54402  -21.978  -20.697  65.891 0.0000000000
55669  -23.194  -20.307  65.399 0.0000000000
59285  -23.300  -18.683  66.282 0.0000000000
55696  -25.069  -20.844  62.581 0.0000000000
55711  -25.110  -20.974  61.638 0.0000000000
54469  -25.411  -21.655  61.347 0.0000000000
55710  -24.839  -20.730  61.036 0.0000000000
60559  -22.213  -17.181  62.600 0.0000000000
59315  -22.373  -17.765  63.302 0.0000000000
58170  -23.002  -18.797  61.406 0.0000000000
56996  -23.509  -19.594  61.249 0.0000000000
57018  -23.815  -19.445  59.075 0.0000000000
57006  -23.514  -19.819  60.051 0.0000000000
55737  -23.726  -20.052  59.400 0.0000000000
55723  -24.514  -20.664  60.193 0.0000000000
55738  -24.169  -20.313  58.919 0.0000000000
54519  -25.509  -21.495  58.464 0.0000000000
58226  -25.568  -18.497  57.826 0.0000000000
57033  -25.567  -19.262  57.471 0.0000000000
57034  -26.132  -19.282  57.137 0.0000000000
57050  -26.798  -19.308  56.858 0.0000000000
58244  -27.177  -18.817  57.371 0.0000000000
58210  -28.491  -18.368  58.662 0.0000000000
57035  -28.315  -18.841  57.857 0.0000000000
57037  -29.806  -19.552  58.399 0.0000000000
54507  -30.993  -20.639  58.730 0.0000000000
54508  -31.168  -21.570  59.028 0.0000000000
56976  -31.633  -18.607  61.300 0.0000000000
59319  -31.550  -17.460  61.561 0.0000000000
56975  -31.146  -18.178  61.026 0.0000000000
56988  -30.878  -18.520  60.777 0.0000000000
55698  -31.360  -19.346  60.760 0.0000000000
54490  -31.974  -20.838  60.320 0.0000000000
54492  -33.087  -20.938  60.088 0.0000000000
53257  -33.471  -22.203  60.013 0.0000000000
57001  -33.747  -18.942  60.178 0.0000000000
57010  -33.913  -19.061  59.789 0.0000000000
64119  -35.219  -14.741  58.220 0.0000000000
64120  -35.663  -14.469  58.018 0.0000000000
64105  -36.325  -14.656  58.607 0.0000000000
62915  -36.332  -15.236  58.944 0.0000000000
62930  -36.321  -15.496  59.023 0.0000000000
62931  -36.866  -15.154  58.583 0.0000000000
65188  -37.596  -13.425  57.314 0.0000000000
64121  -37.879  -14.002  57.587 0.0000000000
61781  -37.656  -15.185  57.527 0.0000000000
60603  -37.356  -15.705  57.985 0.0000000000
60602  -36.874  -16.253  58.284 0.0000000000
60613  -37.206  -16.572  57.604 0.0000000000
58214  -36.312  -17.295  57.947 0.0000000000
59401  -36.933  -16.957  57.587 0.0000000000
59433  -37.846  -17.121  56.059 0.0000000000
59432  -37.340  -17.409  56.513 0.0000000000
58255  -37.358  -17.670  56.018 0.0000000000
60656  -39.567  -16.969  55.111 0.0000000000
59470  -39.884  -17.551  54.347 0.0000000000
64143  -40.599  -13.277  55.368 0.0000000000
62978  -40.656  -13.984  55.449 0.0000000000
64167  -41.435  -13.922  54.576 0.0000000000
61852  -41.060  -14.530  54.652 0.0000000000
64194  -41.782  -13.255  52.945 0.0000000000
63025  -41.699  -13.933  53.231 0.0000000000
55653  -22.539  -20.297  67.170 0.0000000000
55643  -22.094  -20.509  68.083 0.0000000000
54390  -21.448  -21.746  67.143 0.0000000000
74826  -42.541  -4.632  50.771 0.0000000000
74837  -42.576  -4.577  49.964 0.0000000000
80782  -42.534  -0.822  45.721 0.0000000000
80739  -42.374  -0.866  47.159 0.0000000000
80765  -44.716  -0.310  46.905 0.0000000000
80742  -44.207  0.003  47.493 0.0000000000
80743  -44.522  -0.277  47.327 0.0000000000
80705  -44.158  -0.624  48.213 0.0000000000
79542  -44.745  -0.818  47.330 0.0000000000
78367  -46.495  -1.880  44.864 0.0000000000
78351  -46.403  -2.004  45.274 0.0000000000
77135  -45.636  -2.404  46.318 0.0000000000
75978  -45.293  -2.781  46.487 0.0000000000
77126  -44.964  -2.290  46.881 0.0000000000
74971  -47.823  -4.651  40.868 0.0000000000
73761  -48.509  -5.326  40.816 0.0000000000
73829  -51.532  -4.948  37.357 0.0000000000
72476  -50.484  -6.094  37.878 0.0000000000
72458  -50.259  -6.190  38.256 0.0000000000
72457  -49.542  -6.265  38.434 0.0000000000
73798  -49.873  -6.178  39.531 0.0000000000
73733  -51.174  -6.579  40.628 0.0000000000
73732  -50.418  -6.315  41.107 0.0000000000
73731  -49.327  -5.429  41.464 0.0000000000
72384  -51.041  -7.026  41.595 0.0000000000
69693  -40.080  -8.892  54.822 0.0000000000
70947  -39.179  -7.394  54.816 0.0000000000
70970  -38.776  -7.374  54.537 0.0000000000
62898  -34.570  -15.539  60.597 0.0000000000
62881  -34.589  -15.513  61.103 0.0000000000
62899  -34.929  -14.880  61.086 0.0000000000
64068  -34.934  -15.064  60.401 0.0000000000
64069  -35.237  -15.004  60.511 0.0000000000
67391  -38.815  -10.977  54.956 0.0000000000
68508  -39.145  -10.888  55.313 0.0000000000
67376  -40.184  -11.361  55.699 0.0000000000
68510  -39.789  -10.608  55.676 0.0000000000
79501  -41.869  -1.739  50.672 0.0000000000
79502  -42.332  -1.610  50.715 0.0000000000
79513  -42.123  -1.725  49.822 0.0000000000
80683  -42.451  -1.154  49.307 0.0000000000
80702  -42.860  -0.525  48.859 0.0000000000
78416  -47.227  -3.195  42.552 0.0000000000
78404  -47.094  -2.844  42.862 0.0000000000
77188  -47.531  -3.383  42.725 0.0000000000
73710  -48.489  -5.657  43.163 0.0000000000
72382  -49.841  -6.633  42.440 0.0000000000
75003  -53.348  -4.787  37.074 0.0000000000
80873  -50.968  -0.385  34.708 0.0000000000
79690  -51.145  -0.997  35.270 0.0000000000
78462  -51.244  -1.596  35.246 0.0000000000
78472  -53.130  -2.146  34.938 0.0000000000
78481  -52.731  -1.697  34.387 0.0000000000
78494  -52.805  -1.776  33.721 0.0000000000
83024  -53.236  1.948  32.911 0.0000000000
80892  -53.105  0.779  33.218 0.0000000000
81964  -53.286  1.603  32.724 0.0000000000
80908  -53.167  0.971  32.443 0.0000000000
79746  -52.021  -0.409  31.498 0.0000000000
65256  -42.273  -12.144  53.302 0.0000000000
66344  -42.399  -11.460  53.041 0.0000000000
66345  -42.310  -11.288  53.438 0.0000000000
68567  -42.334  -9.837  53.188 0.0000000000
70972  -42.068  -8.679  53.255 0.0000000000
73579  -40.066  -6.426  53.524 0.0000000000
73591  -40.423  -5.819  53.266 0.0000000000
75892  -40.297  -4.509  52.644 0.0000000000
77048  -40.431  -3.831  52.442 0.0000000000
77058  -40.359  -3.339  52.434 0.0000000000
77057  -39.998  -3.595  52.553 0.0000000000
77097  -40.326  -3.243  50.269 0.0000000000
55654  -23.382  -19.816  67.004 0.0000000000
55662  -23.220  -20.070  66.462 0.0000000000
56986  -24.159  -19.949  62.149 0.0000000000
59400  -26.207  -18.036  58.301 0.0000000000
57021  -29.916  -19.029  58.868 0.0000000000
55725  -30.454  -19.306  59.288 0.0000000000
60554  -32.597  -16.987  61.513 0.0000000000
59320  -32.270  -17.452  61.615 0.0000000000
58136  -32.639  -17.947  61.503 0.0000000000
56977  -32.404  -18.646  61.416 0.0000000000
55687  -32.360  -19.375  61.266 0.0000000000
55699  -31.897  -19.742  61.022 0.0000000000
54491  -32.786  -20.848  60.308 0.0000000000
54493  -33.226  -20.333  60.254 0.0000000000
58174  -34.600  -17.535  60.099 0.0000000000
58211  -34.509  -18.382  59.465 0.0000000000
57040  -35.190  -18.307  57.759 0.0000000000
57041  -35.759  -18.001  57.202 0.0000000000
65199  -36.049  -14.271  56.724 0.0000000000
65186  -36.253  -14.118  57.512 0.0000000000
65179  -37.042  -13.839  58.056 0.0000000000
64122  -38.521  -13.657  56.911 0.0000000000
60624  -37.388  -16.799  57.253 0.0000000000
60625  -37.968  -16.264  56.742 0.0000000000
60655  -39.510  -16.363  55.398 0.0000000000
65230  -41.206  -12.790  54.984 0.0000000000
64153  -41.205  -13.286  54.953 0.0000000000
64168  -41.446  -13.375  54.594 0.0000000000
64181  -41.465  -13.800  54.326 0.0000000000
63013  -41.452  -14.242  53.766 0.0000000000
64182  -41.633  -13.186  53.827 0.0000000000
59261  -21.035  -18.903  67.983 0.0000000000
58063  -21.594  -19.314  68.135 0.0000000000
75955  -42.859  -3.592  49.898 0.0000000000
75954  -42.636  -3.486  49.339 0.0000000000
80799  -43.453  -0.413  45.169 0.0000000000
80763  -43.424  -0.145  46.501 0.0000000000
80784  -43.831  -0.056  45.699 0.0000000000
79567  -44.492  -0.300  45.994 0.0000000000
79568  -44.819  -0.466  46.227 0.0000000000
76000  -47.032  -3.590  44.762 0.0000000000
77144  -46.665  -2.804  45.122 0.0000000000
73801  -52.204  -5.909  38.908 0.0000000000
73800  -51.586  -6.002  39.148 0.0000000000
73799  -50.859  -6.135  39.399 0.0000000000
73764  -51.477  -6.471  39.962 0.0000000000
81944  -51.567  0.808  33.970 0.0000000000
81945  -52.219  0.859  33.998 0.0000000000
83012  -51.975  1.721  33.767 0.0000000000
84063  -52.254  2.253  33.637 0.0000000000
85204  -52.070  3.156  33.117 0.0000000000
84065  -53.028  2.092  33.034 0.0000000000
84076  -53.000  2.576  32.741 0.0000000000
67406  -41.441  -10.851  54.636 0.0000000000
68543  -41.310  -9.882  54.540 0.0000000000
70960  -40.893  -7.386  54.600 0.0000000000
70949  -40.494  -8.030  54.587 0.0000000000
72214  -40.049  -7.421  54.195 0.0000000000
72228  -40.415  -7.066  54.218 0.0000000000
73578  -39.367  -6.088  54.108 0.0000000000
74788  -39.381  -5.683  53.374 0.0000000000
74809  -38.986  -5.041  52.542 0.0000000000
58073  -22.934  -18.699  67.098 0.0000000000
58084  -23.366  -18.979  66.990 0.0000000000
59274  -22.812  -18.518  66.731 0.0000000000
59275  -23.204  -18.648  66.573 0.0000000000
59293  -23.358  -18.661  65.695 0.0000000000
58103  -23.320  -18.548  64.914 0.0000000000
58117  -23.159  -18.545  64.410 0.0000000000
58171  -29.317  -17.733  60.313 0.0000000000
60563  -33.353  -16.863  61.195 0.0000000000
58137  -33.162  -17.807  61.185 0.0000000000
56980  -33.393  -18.393  60.806 0.0000000000
58156  -33.697  -17.718  60.745 0.0000000000
58173  -34.098  -17.879  60.433 0.0000000000
59348  -34.758  -17.068  60.720 0.0000000000
59365  -34.950  -16.947  59.930 0.0000000000
66259  -38.104  -12.720  56.899 0.0000000000
67358  -38.793  -12.032  56.393 0.0000000000
66260  -38.703  -12.432  56.474 0.0000000000
62965  -39.735  -14.112  56.300 0.0000000000
61799  -39.872  -14.480  56.211 0.0000000000
64142  -40.056  -13.616  55.749 0.0000000000
64136  -40.211  -13.021  55.445 0.0000000000
65204  -40.814  -12.482  55.266 0.0000000000
66298  -41.196  -11.684  55.050 0.0000000000
67393  -41.258  -11.306  54.900 0.0000000000
60508  -21.594  -18.323  67.052 0.0000000000
74819  -42.241  -4.759  51.854 0.0000000000
75928  -42.426  -4.152  51.667 0.0000000000
75929  -42.665  -3.645  51.252 0.0000000000
77098  -43.083  -2.816  50.628 0.0000000000
79503  -42.690  -1.802  50.747 0.0000000000
78301  -43.023  -2.192  50.713 0.0000000000
78315  -43.558  -1.851  49.261 0.0000000000
78316  -43.795  -1.680  48.549 0.0000000000
79623  -45.303  -1.639  44.116 0.0000000000
79637  -45.983  -1.936  43.761 0.0000000000
79625  -46.507  -1.844  44.005 0.0000000000
78368  -46.778  -2.171  44.559 0.0000000000
77172  -47.401  -2.992  43.446 0.0000000000
77171  -47.308  -2.776  44.049 0.0000000000
77155  -47.140  -2.836  44.650 0.0000000000
76107  -51.523  -3.895  36.406 0.0000000000
74988  -52.019  -4.661  37.516 0.0000000000
73817  -52.436  -5.405  38.187 0.0000000000
74990  -53.159  -5.232  37.569 0.0000000000
73802  -52.654  -5.961  38.598 0.0000000000
71157  -52.633  -6.941  38.712 0.0000000000
69703  -39.100  -8.572  54.415 0.0000000000
69715  -38.985  -8.649  53.817 0.0000000000
66308  -37.297  -13.406  55.377 0.0000000000
66309  -37.564  -12.426  54.942 0.0000000000
67390  -38.000  -11.650  55.027 0.0000000000
67404  -38.736  -10.867  54.483 0.0000000000
68541  -39.300  -9.974  54.416 0.0000000000
79564  -41.277  -1.907  46.607 0.0000000000
80738  -41.764  -1.376  47.056 0.0000000000
79580  -41.960  -1.569  45.969 0.0000000000
80797  -42.016  -0.968  45.197 0.0000000000
79621  -43.537  -1.300  44.174 0.0000000000
78383  -44.091  -1.708  43.618 0.0000000000
78384  -44.766  -1.848  43.740 0.0000000000
78401  -45.374  -2.228  43.321 0.0000000000
78413  -45.828  -2.414  42.960 0.0000000000
77206  -46.540  -3.115  42.291 0.0000000000
76082  -48.042  -4.351  41.237 0.0000000000
76161  -50.466  -3.004  34.194 0.0000000000
76122  -51.252  -3.736  35.881 0.0000000000
77252  -51.572  -3.388  36.140 0.0000000000
77253  -51.961  -3.433  36.432 0.0000000000
77254  -52.313  -3.754  36.683 0.0000000000
76123  -52.806  -3.811  36.643 0.0000000000
77295  -53.408  -3.197  34.201 0.0000000000
80882  -52.636  -0.119  34.093 0.0000000000
79717  -52.549  -0.793  33.286 0.0000000000
67437  -42.475  -10.910  52.739 0.0000000000
67454  -42.715  -10.162  52.316 0.0000000000
68598  -42.975  -9.418  51.942 0.0000000000
70987  -42.519  -7.322  51.796 0.0000000000
72261  -42.192  -6.714  51.673 0.0000000000
69706  -41.696  -9.279  53.928 0.0000000000
70963  -41.796  -8.836  53.614 0.0000000000
72244  -41.197  -6.471  53.629 0.0000000000
72245  -41.454  -6.881  53.485 0.0000000000
72254  -41.777  -6.780  52.446 0.0000000000
73613  -41.865  -5.752  51.997 0.0000000000
75914  -42.051  -3.510  52.184 0.0000000000
78279  -41.683  -2.804  51.670 0.0000000000
78259  -40.897  -3.202  51.901 0.0000000000
79500  -41.352  -2.275  50.796 0.0000000000
78321  -40.982  -2.074  48.291 0.0000000000
70958  -38.815  -7.767  54.576 0.0000000000
72242  -38.696  -6.765  53.933 0.0000000000
72260  -39.002  -6.848  52.327 0.0000000000
73601  -38.949  -6.041  52.969 0.0000000000
73612  -38.931  -5.614  52.571 0.0000000000
74818  -38.916  -5.106  51.700 0.0000000000
75927  -38.929  -4.059  51.164 0.0000000000
77096  -39.818  -3.821  50.760 0.0000000000
79551  -41.261  -1.838  47.064 0.0000000000
53185  -21.090  -22.102  65.992 0.0000000000
53184  -20.408  -22.201  65.347 0.0000000000
56944  -23.521  -19.206  66.761 0.0000000000
56952  -23.531  -19.278  66.278 0.0000000000
58130  -22.703  -18.346  63.594 0.0000000000
56972  -23.508  -19.177  62.913 0.0000000000
56997  -24.205  -20.392  61.093 0.0000000000
58228  -27.832  -18.511  57.941 0.0000000000
55754  -30.279  -20.090  58.167 0.0000000000
54521  -30.789  -20.727  57.710 0.0000000000
59330  -29.536  -17.470  60.719 0.0000000000
58154  -29.933  -17.842  60.616 0.0000000000
60552  -31.045  -17.019  61.561 0.0000000000
58133  -30.682  -17.813  60.947 0.0000000000
54471  -31.016  -19.834  59.655 0.0000000000
54472  -31.118  -20.261  59.709 0.0000000000
55714  -31.712  -20.059  60.590 0.0000000000
55727  -31.353  -20.467  60.163 0.0000000000
54489  -31.098  -20.996  59.799 0.0000000000
53265  -31.832  -22.025  59.345 0.0000000000
55715  -33.319  -19.628  60.567 0.0000000000
55729  -33.387  -19.871  60.013 0.0000000000
55728  -33.316  -20.266  59.894 0.0000000000
55741  -33.362  -20.338  59.309 0.0000000000
64085  -35.141  -15.154  59.632 0.0000000000
64086  -35.469  -15.190  59.557 0.0000000000
65177  -35.841  -14.468  58.215 0.0000000000
64104  -35.705  -14.738  58.798 0.0000000000
61757  -36.019  -15.832  59.426 0.0000000000
60593  -36.146  -16.381  59.056 0.0000000000
64106  -37.159  -14.395  58.233 0.0000000000
62946  -37.483  -14.755  57.919 0.0000000000
59367  -36.118  -16.949  58.612 0.0000000000
58231  -35.978  -17.624  57.650 0.0000000000
58245  -36.040  -17.794  57.011 0.0000000000
58246  -36.725  -17.599  56.814 0.0000000000
61816  -40.182  -14.760  55.771 0.0000000000
61833  -40.118  -15.832  55.193 0.0000000000
62989  -40.861  -14.114  55.141 0.0000000000
61834  -40.745  -14.588  54.981 0.0000000000
61850  -40.469  -16.017  54.653 0.0000000000
61877  -40.765  -15.205  52.872 0.0000000000
73624  -42.256  -5.630  51.024 0.0000000000
80720  -42.336  -0.510  47.911 0.0000000000
80721  -42.916  -0.220  48.123 0.0000000000
80741  -43.582  -0.024  47.394 0.0000000000
80722  -43.580  -0.141  48.218 0.0000000000
80704  -44.112  -0.615  48.290 0.0000000000
79540  -44.159  -1.294  48.183 0.0000000000
78322  -44.013  -1.818  47.995 0.0000000000
79604  -45.445  -1.043  44.789 0.0000000000
78344  -45.728  -1.687  46.286 0.0000000000
78335  -45.238  -1.136  46.880 0.0000000000
78334  -45.134  -1.701  46.895 0.0000000000
77125  -44.253  -2.241  47.469 0.0000000000
77124  -43.706  -2.348  47.862 0.0000000000
74939  -48.566  -4.719  41.404 0.0000000000
73841  -50.549  -4.990  36.235 0.0000000000
73840  -49.669  -5.385  36.102 0.0000000000
73827  -49.422  -5.936  36.883 0.0000000000
72432  -48.167  -6.359  39.177 0.0000000000
73797  -48.847  -6.204  39.973 0.0000000000
74921  -49.120  -4.833  41.940 0.0000000000
73721  -49.650  -5.670  42.192 0.0000000000
71120  -50.411  -7.406  42.071 0.0000000000
71121  -50.874  -7.214  41.722 0.0000000000
71133  -50.788  -7.526  41.669 0.0000000000
69853  -49.998  -7.940  42.131 0.0000000000
53228  -33.018  -20.715  62.240 0.0000000000
53229  -33.368  -20.769  61.960 0.0000000000
53242  -32.795  -20.317  61.838 0.0000000000
53243  -32.612  -20.801  62.006 0.0000000000
54410  -20.825  -21.713  64.761 0.0000000000
54445  -32.828  -19.875  61.266 0.0000000000
54457  -32.798  -20.058  61.121 0.0000000000
54458  -32.999  -20.217  61.713 0.0000000000
55644  -22.052  -20.676  67.965 0.0000000000
55655  -23.517  -19.508  66.876 0.0000000000
55688  -32.827  -19.414  61.281 0.0000000000
55689  -33.048  -18.995  61.265 0.0000000000
55701  -33.021  -19.644  61.203 0.0000000000
55702  -33.163  -19.614  60.908 0.0000000000
55722  -23.925  -20.317  59.760 0.0000000000
55726  -31.129  -20.452  59.956 0.0000000000
56933  -22.106  -20.261  68.084 0.0000000000
56989  -31.365  -18.945  61.088 0.0000000000
58074  -23.213  -18.683  66.834 0.0000000000
58134  -31.315  -17.888  61.320 0.0000000000
58138  -33.355  -17.949  60.899 0.0000000000
58153  -29.421  -17.560  60.577 0.0000000000
58172  -29.798  -17.994  60.381 0.0000000000
58192  -36.041  -17.270  58.343 0.0000000000
58229  -28.421  -18.666  58.184 0.0000000000
58243  -26.650  -18.887  57.254 0.0000000000
59302  -23.361  -18.620  65.355 0.0000000000
59347  -34.236  -17.176  60.856 0.0000000000
59415  -37.850  -16.847  56.570 0.0000000000
60516  -21.015  -18.466  66.728 0.0000000000
60564  -34.077  -16.595  60.840 0.0000000000
61750  -35.538  -15.475  60.936 0.0000000000
61835  -41.128  -14.277  54.769 0.0000000000
61865  -40.524  -15.804  52.934 0.0000000000
62914  -35.800  -15.415  59.475 0.0000000000
62928  -34.091  -15.431  59.487 0.0000000000
62945  -34.661  -15.150  58.773 0.0000000000
62979  -40.996  -13.768  55.082 0.0000000000
63000  -41.295  -14.183  54.628 0.0000000000
64070  -35.318  -15.044  60.272 0.0000000000
64144  -40.898  -13.489  55.153 0.0000000000
65216  -39.821  -12.343  55.914 0.0000000000
65217  -40.071  -12.389  55.684 0.0000000000
65218  -41.064  -12.409  55.141 0.0000000000
65219  -41.412  -12.002  55.063 0.0000000000
65246  -42.172  -11.633  53.839 0.0000000000
65268  -41.793  -12.906  52.132 0.0000000000
66275  -37.181  -13.473  56.446 0.0000000000
66295  -39.992  -12.176  55.934 0.0000000000
66296  -40.160  -12.215  55.749 0.0000000000
67405  -41.028  -10.371  54.768 0.0000000000
68507  -38.984  -10.864  55.121 0.0000000000
68556  -41.988  -10.117  53.596 0.0000000000
69707  -41.925  -9.079  53.508 0.0000000000
69716  -41.856  -9.741  53.684 0.0000000000
69852  -49.663  -7.896  42.127 0.0000000000
71134  -51.130  -7.438  41.357 0.0000000000
72252  -38.883  -6.626  53.301 0.0000000000
72253  -38.765  -6.444  53.803 0.0000000000
72271  -42.611  -6.833  51.194 0.0000000000
72390  -50.635  -6.499  41.500 0.0000000000
73577  -39.274  -6.000  54.469 0.0000000000
73589  -39.261  -5.994  53.936 0.0000000000
73730  -48.783  -5.149  41.281 0.0000000000
73765  -51.620  -6.697  40.126 0.0000000000
74779  -39.350  -5.863  53.770 0.0000000000
74787  -39.245  -5.687  53.567 0.0000000000
74789  -40.128  -5.596  53.035 0.0000000000
74791  -41.143  -5.385  53.028 0.0000000000
74810  -41.914  -4.898  52.245 0.0000000000
74940  -48.926  -4.834  41.697 0.0000000000
75001  -51.694  -4.505  37.130 0.0000000000
75002  -53.024  -4.467  37.245 0.0000000000
75061  -53.804  -4.711  34.395 0.0000000000
75901  -39.480  -4.660  52.538 0.0000000000
75913  -39.593  -4.117  52.268 0.0000000000
75916  -42.629  -3.207  51.550 0.0000000000
75979  -45.511  -2.720  46.335 0.0000000000
76041  -48.650  -4.355  42.049 0.0000000000
76109  -52.594  -4.216  37.059 0.0000000000
77047  -40.128  -3.823  52.551 0.0000000000
77066  -41.728  -3.279  52.092 0.0000000000
77067  -42.244  -3.118  51.953 0.0000000000
77081  -39.620  -3.804  51.500 0.0000000000
77083  -42.069  -3.007  52.045 0.0000000000
77084  -42.144  -2.857  51.832 0.0000000000
77106  -42.881  -2.976  49.427 0.0000000000
77108  -43.558  -2.133  48.874 0.0000000000
77127  -45.341  -2.493  46.519 0.0000000000
77207  -47.189  -3.381  42.238 0.0000000000
77235  -52.014  -3.980  36.837 0.0000000000
78281  -42.742  -2.324  51.025 0.0000000000
78299  -41.904  -2.958  51.876 0.0000000000
78300  -42.087  -2.725  51.817 0.0000000000
78323  -44.914  -1.148  47.200 0.0000000000
78324  -45.061  -0.989  47.114 0.0000000000
78333  -44.602  -1.851  47.412 0.0000000000
78343  -45.476  -1.987  46.537 0.0000000000
78451  -51.247  -1.263  35.304 0.0000000000
78452  -51.394  -1.385  35.149 0.0000000000
79484  -41.234  -2.454  50.922 0.0000000000
79485  -41.527  -2.272  51.086 0.0000000000
79514  -42.640  -1.550  50.397 0.0000000000
79529  -44.202  -0.873  48.219 0.0000000000
79541  -44.483  -1.015  47.715 0.0000000000
79553  -41.879  -0.997  47.622 0.0000000000
79555  -44.704  -1.423  47.379 0.0000000000
79556  -45.133  -0.744  46.860 0.0000000000
79566  -41.648  -1.707  46.358 0.0000000000
79579  -41.467  -1.829  45.746 0.0000000000
79581  -44.626  -0.489  45.576 0.0000000000
79606  -46.659  -1.910  44.255 0.0000000000
79624  -45.985  -1.600  44.193 0.0000000000
79636  -45.677  -2.042  43.685 0.0000000000
79638  -46.267  -1.912  43.841 0.0000000000
79679  -51.334  -1.023  35.211 0.0000000000
79680  -51.601  -1.061  34.997 0.0000000000
79689  -50.986  -0.993  35.130 0.0000000000
80668  -42.334  -1.612  50.053 0.0000000000
80724  -44.457  -0.486  47.600 0.0000000000
80725  -44.718  -0.535  47.212 0.0000000000
80744  -44.776  -0.406  47.007 0.0000000000
80762  -42.770  -0.527  46.453 0.0000000000
80766  -44.814  -0.435  46.878 0.0000000000
80780  -41.677  -1.557  45.572 0.0000000000
80781  -41.975  -1.393  45.675 0.0000000000
80796  -41.670  -1.410  45.355 0.0000000000
80855  -51.289  -0.779  35.146 0.0000000000
80865  -51.010  -0.630  35.007 0.0000000000
80866  -51.243  -0.571  35.010 0.0000000000
81952  -51.449  1.412  33.589 0.0000000000
83013  -52.444  1.637  33.623 0.0000000000
83014  -52.896  1.681  33.325 0.0000000000
84064  -52.632  2.176  33.275 0.0000000000
84074  -52.030  2.607  33.755 0.0000000000
84075  -52.368  2.750  33.336 0.0000000000
84087  -52.147  3.011  33.569 0.0000000000
85194  -52.372  2.907  33.138 0.0000000000
85205  -52.307  3.072  32.974 0.0000000000
85212  -52.202  3.159  32.787 0.0000000000
