#!ascii label  , from subject 3055 vox2ras=TkReg
1051
68259  -20.231  -10.826  -18.017 0.5555555820
68275  -20.739  -10.426  -18.616 0.6666666865
69434  -20.807  -9.517  -19.319 0.7777777910
69444  -21.485  -9.605  -19.730 0.7777777910
70709  -21.506  -8.056  -20.574 0.8888888955
70722  -24.131  -8.885  -21.302 0.8888888955
67139  -19.403  -11.521  -17.019 0.5555555820
68274  -20.000  -10.189  -18.267 0.5555555820
69433  -20.254  -9.479  -18.667 0.6666666865
70695  -20.419  -8.627  -19.204 0.8888888955
70704  -21.711  -9.124  -20.228 0.8888888955
70710  -22.158  -8.482  -20.743 0.8888888955
71965  -22.998  -7.301  -21.856 1.0000000000
71967  -24.462  -8.422  -22.023 0.8888888955
71976  -24.821  -7.742  -22.491 1.0000000000
70682  -19.321  -8.658  -18.064 0.7777777910
71949  -19.960  -6.917  -19.270 1.0000000000
73313  -20.306  -6.300  -19.699 1.0000000000
73325  -21.421  -7.012  -20.751 1.0000000000
74545  -22.030  -6.043  -21.782 1.0000000000
73324  -20.901  -6.504  -20.652 1.0000000000
73333  -22.415  -6.518  -21.747 1.0000000000
74544  -21.612  -5.506  -21.767 1.0000000000
74553  -22.511  -5.514  -22.253 1.0000000000
74554  -23.443  -5.606  -22.550 1.0000000000
74556  -24.865  -6.076  -22.846 1.0000000000
74565  -25.346  -5.553  -23.210 1.0000000000
75687  -25.104  -4.434  -23.358 1.0000000000
75688  -25.998  -4.607  -23.662 0.7777777910
75622  -19.362  -4.481  -19.771 0.8888888955
74529  -20.399  -5.327  -20.468 1.0000000000
74552  -21.942  -4.973  -22.366 1.0000000000
75646  -19.936  -4.305  -20.568 1.0000000000
75675  -21.467  -4.401  -22.202 1.0000000000
75676  -22.499  -4.229  -22.637 1.0000000000
75686  -24.124  -4.499  -23.238 1.0000000000
76823  -25.672  -3.571  -23.518 1.0000000000
76824  -26.719  -3.689  -23.689 0.8888888955
76831  -28.350  -3.938  -24.252 0.7777777910
76768  -19.195  -3.306  -19.973 0.5555555820
79115  -19.954  -1.792  -21.485 0.7777777910
76795  -20.186  -3.349  -21.059 0.8888888955
76809  -21.923  -3.624  -22.648 1.0000000000
76808  -21.265  -3.339  -22.459 0.8888888955
76819  -22.406  -3.227  -23.254 1.0000000000
76820  -23.105  -3.220  -23.607 1.0000000000
77956  -25.304  -2.587  -23.610 1.0000000000
77957  -26.256  -2.647  -23.408 0.8888888955
79173  -28.569  -1.802  -24.031 0.7777777910
77972  -29.660  -2.922  -25.071 0.6666666865
79174  -29.409  -1.837  -24.555 0.6666666865
80307  -17.781  -0.983  -19.669 0.4444444478
79094  -18.691  -1.506  -20.335 0.7777777910
80344  -19.131  -0.405  -21.225 0.6666666865
79139  -20.956  -1.815  -22.723 0.7777777910
77952  -22.032  -2.326  -23.376 0.8888888955
76821  -23.851  -3.400  -23.680 1.0000000000
77953  -22.806  -2.291  -23.974 1.0000000000
77970  -23.921  -2.155  -24.252 1.0000000000
79155  -24.986  -1.730  -23.961 1.0000000000
80378  -25.581  -0.951  -23.773 0.8888888955
80380  -27.332  -0.932  -23.431 0.7777777910
80381  -28.219  -0.867  -23.520 0.7777777910
79181  -29.868  -1.887  -25.603 0.5555555820
80397  -28.904  -0.810  -24.214 0.7777777910
80398  -29.484  -0.798  -25.020 0.6666666865
81506  -18.736  0.589  -21.387 0.6666666865
80343  -18.629  0.100  -20.879 0.6666666865
80363  -19.769  -0.495  -22.131 0.7777777910
80364  -20.380  -0.485  -22.770 0.7777777910
79151  -20.811  -1.160  -22.899 0.8888888955
79153  -22.272  -1.469  -23.828 0.8888888955
80377  -22.412  -0.957  -24.224 1.0000000000
79172  -24.932  -0.963  -24.038 1.0000000000
79171  -24.239  -1.516  -24.387 0.8888888955
81542  -26.576  -0.266  -23.611 0.8888888955
81543  -26.922  -0.243  -23.168 0.8888888955
81559  -25.212  0.418  -24.341 0.8888888955
81561  -27.379  0.581  -23.179 0.7777777910
81562  -28.485  0.356  -23.711 0.7777777910
81563  -29.122  0.002  -24.554 0.7777777910
80407  -29.758  -0.708  -26.026 0.6666666865
81505  -18.297  0.642  -20.710 0.5555555820
81525  -19.351  0.511  -22.090 0.7777777910
81526  -19.970  0.206  -22.598 0.8888888955
80376  -21.825  -0.503  -24.097 0.8888888955
80391  -22.142  0.105  -24.585 1.0000000000
80392  -22.721  -0.447  -24.670 1.0000000000
81558  -24.282  0.426  -24.692 1.0000000000
80394  -24.634  -0.411  -24.396 0.8888888955
82613  -27.885  1.709  -23.669 0.7777777910
81574  -29.024  0.767  -24.631 0.6666666865
81581  -29.801  0.287  -26.543 0.5555555820
82557  -18.806  1.200  -21.928 0.7777777910
82578  -18.533  1.783  -22.157 0.6666666865
81539  -19.675  0.839  -22.862 0.8888888955
81555  -21.603  0.667  -24.541 1.0000000000
81556  -22.448  0.754  -24.949 1.0000000000
82610  -24.763  1.302  -24.554 0.8888888955
83651  -25.203  2.352  -24.497 0.8888888955
82612  -26.754  1.497  -23.510 0.8888888955
83654  -27.822  2.684  -23.940 0.7777777910
83655  -28.540  2.565  -24.166 0.7777777910
83670  -29.335  2.512  -24.726 0.7777777910
82629  -29.675  1.339  -26.107 0.5555555820
84751  -26.772  3.399  -23.714 0.7777777910
83671  -29.646  2.394  -25.707 0.5555555820
82635  -29.739  1.162  -27.209 0.5555555820
84771  -29.456  3.401  -25.356 0.6666666865
84683  -16.183  4.266  -20.789 0.4444444478
83593  -17.518  2.587  -21.387 0.5555555820
83620  -19.469  2.635  -23.231 0.7777777910
82595  -20.446  1.554  -23.975 1.0000000000
82594  -19.858  1.584  -23.319 0.8888888955
82606  -21.143  1.634  -24.521 1.0000000000
82608  -22.573  1.522  -25.310 0.8888888955
82626  -23.146  1.871  -25.415 0.8888888955
83650  -24.266  2.017  -24.814 0.8888888955
83652  -26.203  2.478  -23.763 0.8888888955
85880  -27.819  3.675  -24.214 0.6666666865
84779  -29.751  3.299  -26.334 0.5555555820
85856  -19.068  4.422  -23.439 0.6666666865
84712  -19.067  3.525  -23.223 0.6666666865
84747  -20.758  3.513  -24.837 0.7777777910
82625  -22.547  2.085  -25.615 0.8888888955
83649  -21.586  2.713  -25.509 0.7777777910
83667  -23.018  2.650  -25.960 0.7777777910
83668  -23.829  2.559  -25.407 0.8888888955
84767  -23.594  3.574  -25.675 0.7777777910
83669  -24.491  2.748  -24.843 0.8888888955
85892  -25.466  4.471  -24.737 0.7777777910
84769  -25.222  3.651  -24.767 0.7777777910
85878  -26.671  4.084  -24.216 0.6666666865
86976  -26.241  5.626  -24.553 0.6666666865
86977  -27.299  5.512  -24.549 0.6666666865
85894  -27.414  4.635  -24.374 0.6666666865
85895  -28.248  4.182  -24.423 0.5555555820
88101  -27.114  6.414  -24.783 0.6666666865
86991  -28.611  5.839  -24.936 0.5555555820
86992  -28.954  5.309  -25.434 0.5555555820
88090  -19.228  6.113  -24.205 0.3333333433
86964  -19.138  5.780  -23.841 0.3333333433
86966  -19.936  4.728  -24.579 0.5555555820
85876  -20.257  4.338  -24.773 0.6666666865
85903  -20.770  5.011  -25.974 0.5555555820
84764  -21.026  3.947  -25.535 0.7777777910
84766  -22.567  3.714  -26.026 0.7777777910
85906  -23.139  4.981  -26.092 0.6666666865
85890  -23.306  4.405  -25.785 0.6666666865
85891  -24.362  4.724  -25.687 0.6666666865
86975  -25.262  5.682  -25.111 0.6666666865
88100  -26.115  6.525  -25.033 0.6666666865
89261  -27.856  7.020  -25.169 0.6666666865
88116  -28.680  6.316  -25.394 0.5555555820
88117  -29.194  6.320  -26.209 0.5555555820
89262  -28.335  6.734  -25.291 0.6666666865
88097  -19.579  6.043  -24.912 0.4444444478
89248  -19.174  6.543  -23.895 0.4444444478
86985  -19.968  5.793  -25.213 0.4444444478
88110  -20.629  6.241  -25.794 0.5555555820
86986  -20.369  5.459  -25.531 0.5555555820
86987  -20.988  5.572  -26.152 0.6666666865
85904  -21.305  4.616  -26.260 0.6666666865
86989  -22.977  5.896  -26.423 0.6666666865
85907  -23.720  4.905  -26.020 0.6666666865
86974  -24.558  6.012  -25.635 0.6666666865
88099  -25.187  6.601  -25.548 0.6666666865
89275  -27.746  7.826  -25.640 0.6666666865
90390  -28.820  7.867  -26.634 0.5555555820
89276  -28.612  7.285  -25.876 0.6666666865
89269  -20.598  7.172  -25.847 0.4444444478
86997  -22.505  6.287  -26.576 0.6666666865
88113  -23.801  6.468  -26.618 0.6666666865
86990  -23.908  5.634  -26.179 0.6666666865
89274  -26.795  7.956  -25.765 0.6666666865
70703  -21.227  -8.542  -19.960 0.8888888955
71941  -20.078  -8.058  -18.969 1.0000000000
71957  -21.203  -7.526  -20.405 1.0000000000
71975  -23.829  -7.138  -22.322 1.0000000000
80323  -18.204  -0.451  -20.242 0.5555555820
82555  -17.495  1.778  -20.906 0.5555555820
85802  -16.450  4.834  -21.334 0.5555555820
82579  -19.209  1.591  -22.579 0.7777777910
85801  -15.675  4.997  -20.866 0.2222222239
85896  -28.988  4.256  -25.080 0.6666666865
85908  -29.498  4.323  -25.936 0.4444444478
86988  -21.957  5.724  -26.214 0.6666666865
88112  -22.070  6.467  -26.557 0.6666666865
80322  -17.517  0.030  -19.784 0.4444444478
82541  -17.110  1.462  -20.209 0.4444444478
89277  -29.073  7.254  -26.907 0.5555555820
88126  -29.446  6.243  -27.355 0.5555555820
89249  -19.572  6.761  -24.296 0.2222222239
89257  -19.909  6.724  -25.248 0.3333333433
66085  -20.699  -12.325  -17.341 0.5555555820
66086  -21.325  -12.428  -17.856 0.5555555820
68276  -21.410  -10.695  -18.829 0.5555555820
68289  -21.840  -10.519  -19.401 0.5555555820
70712  -23.765  -9.455  -20.704 0.7777777910
66084  -19.947  -12.092  -17.006 0.5555555820
69445  -22.254  -9.720  -20.114 0.6666666865
69454  -22.661  -9.229  -20.442 0.8888888955
70723  -25.295  -8.981  -22.095 0.7777777910
71977  -26.083  -7.728  -23.047 0.8888888955
67138  -18.918  -11.504  -16.392 0.4444444478
69421  -19.244  -9.496  -17.513 0.5555555820
73342  -25.264  -6.694  -22.929 1.0000000000
71919  -18.701  -7.485  -17.587 0.2222222239
71940  -19.493  -7.516  -18.592 0.6666666865
74566  -26.455  -5.614  -23.554 0.8888888955
74567  -27.357  -5.748  -23.966 0.6666666865
76830  -27.451  -4.131  -24.009 0.7777777910
75698  -28.844  -4.542  -24.779 0.6666666865
74509  -19.052  -5.511  -19.088 0.5555555820
76832  -29.229  -3.863  -24.807 0.6666666865
75621  -18.686  -4.559  -18.988 0.4444444478
79182  -30.307  -2.368  -26.333 0.5555555820
77884  -17.704  -2.279  -19.250 0.2222222239
80306  -17.237  -0.599  -19.431 0.4444444478
80414  -29.873  -0.668  -27.013 0.5555555820
82524  -15.916  1.414  -19.046 0.3333333433
84660  -16.318  3.478  -20.438 0.4444444478
82643  -29.770  0.872  -28.450 0.4444444478
85777  -15.235  4.749  -19.942 0.3333333433
83685  -29.530  2.014  -27.816 0.5555555820
84787  -29.610  3.078  -27.365 0.4444444478
88067  -18.630  6.368  -22.965 0.3333333433
86942  -18.391  5.858  -22.803 0.3333333433
86943  -18.763  5.384  -23.291 0.4444444478
86999  -29.402  5.228  -26.637 0.4444444478
88132  -29.426  6.220  -28.562 0.2222222239
88111  -21.348  6.498  -26.294 0.6666666865
88125  -23.294  6.868  -27.040 0.6666666865
88114  -24.570  6.702  -26.163 0.6666666865
89272  -24.897  7.865  -26.281 0.6666666865
90387  -26.635  8.577  -26.352 0.6666666865
90388  -27.518  8.488  -26.155 0.6666666865
90389  -28.414  8.462  -26.394 0.6666666865
90408  -29.211  8.455  -27.295 0.4444444478
89287  -29.362  7.330  -27.967 0.3333333433
88123  -21.897  6.934  -26.787 0.5555555820
68258  -19.458  -10.561  -17.650 0.5555555820
67155  -20.086  -11.476  -17.525 0.5555555820
67156  -20.896  -11.544  -18.167 0.6666666865
67171  -21.230  -11.039  -18.552 0.6666666865
68288  -21.213  -10.167  -19.216 0.7777777910
71958  -21.661  -7.532  -20.894 1.0000000000
71966  -23.818  -7.988  -21.968 1.0000000000
70721  -23.162  -8.160  -21.207 0.8888888955
70711  -23.205  -8.915  -20.633 0.8888888955
68244  -19.052  -10.867  -16.904 0.4444444478
68257  -19.087  -10.171  -17.023 0.5555555820
69422  -19.610  -9.529  -18.181 0.6666666865
70694  -19.912  -8.624  -18.553 0.8888888955
70720  -22.575  -7.860  -21.339 1.0000000000
71964  -22.212  -7.400  -21.343 1.0000000000
73341  -24.466  -6.584  -22.634 1.0000000000
71920  -18.983  -8.101  -17.966 0.5555555820
70681  -19.074  -8.580  -17.389 0.6666666865
71950  -20.461  -7.493  -19.582 1.0000000000
73312  -19.617  -6.358  -19.154 0.8888888955
74510  -19.967  -5.394  -19.535 1.0000000000
73332  -21.672  -6.579  -21.286 1.0000000000
73331  -21.234  -6.047  -21.290 1.0000000000
73339  -23.047  -6.353  -22.215 1.0000000000
74543  -20.901  -5.514  -21.318 1.0000000000
75668  -21.157  -4.967  -21.692 1.0000000000
73340  -23.728  -6.343  -22.482 1.0000000000
73349  -26.110  -6.539  -23.254 0.8888888955
74555  -24.329  -5.569  -22.801 1.0000000000
75677  -23.291  -4.796  -22.738 1.0000000000
74564  -24.765  -4.955  -23.004 1.0000000000
75689  -26.955  -4.770  -23.820 0.7777777910
75623  -20.009  -4.843  -20.018 1.0000000000
75667  -20.638  -4.430  -21.485 1.0000000000
75674  -20.956  -3.915  -22.079 1.0000000000
75684  -22.838  -3.645  -23.155 1.0000000000
75685  -23.295  -3.955  -23.169 1.0000000000
76822  -24.730  -3.498  -23.599 1.0000000000
77958  -27.212  -2.668  -23.580 0.8888888955
76825  -27.580  -3.436  -23.832 0.7777777910
77971  -29.074  -2.873  -24.206 0.6666666865
76767  -18.440  -3.133  -19.404 0.5555555820
76747  -18.737  -3.853  -19.434 0.5555555820
77899  -18.484  -2.288  -19.681 0.6666666865
76794  -19.627  -2.996  -20.623 0.6666666865
75645  -19.496  -3.949  -20.280 0.7777777910
76769  -19.674  -3.595  -20.536 0.7777777910
77922  -19.938  -2.358  -20.925 0.7777777910
79114  -19.407  -1.483  -20.936 0.6666666865
79138  -20.255  -1.526  -22.283 0.8888888955
77923  -20.334  -2.475  -21.656 0.8888888955
77941  -20.764  -2.516  -22.361 0.8888888955
76807  -20.665  -3.355  -21.885 1.0000000000
77942  -21.427  -2.401  -22.818 0.8888888955
77955  -24.392  -2.438  -23.996 1.0000000000
79156  -25.868  -1.701  -23.514 0.8888888955
79157  -26.817  -1.732  -23.545 0.8888888955
77977  -30.406  -3.080  -25.762 0.5555555820
80324  -18.884  -0.956  -20.672 0.5555555820
79080  -17.590  -1.467  -19.430 0.3333333433
79093  -18.149  -1.411  -19.754 0.4444444478
77900  -19.217  -2.327  -20.437 0.6666666865
79137  -19.672  -1.161  -21.654 0.7777777910
79152  -21.483  -1.457  -23.302 0.8888888955
77954  -23.579  -2.588  -23.991 1.0000000000
79170  -23.323  -1.300  -24.567 1.0000000000
80379  -26.441  -0.747  -23.659 0.7777777910
81544  -27.795  -0.248  -22.922 0.7777777910
80375  -21.001  -0.485  -23.399 0.8888888955
80393  -23.767  -0.479  -24.732 1.0000000000
81575  -29.580  0.368  -25.375 0.6666666865
81491  -17.672  0.595  -20.146 0.4444444478
81540  -20.405  0.529  -23.380 0.8888888955
81557  -23.356  0.564  -24.922 0.8888888955
82628  -29.425  1.506  -25.094 0.6666666865
81590  -29.836  0.141  -27.621 0.5555555820
83572  -17.097  2.227  -20.658 0.5555555820
83594  -18.195  2.252  -21.915 0.6666666865
81554  -20.824  0.847  -24.199 0.8888888955
82609  -23.936  1.249  -24.833 1.0000000000
82611  -25.746  1.369  -24.102 0.8888888955
84752  -27.543  3.304  -23.853 0.8888888955
84750  -25.826  3.485  -24.329 0.8888888955
83677  -29.795  2.230  -26.751 0.5555555820
84684  -16.845  3.728  -21.251 0.5555555820
83618  -18.259  2.976  -21.865 0.5555555820
83636  -20.106  2.445  -23.807 0.7777777910
82607  -21.828  1.739  -25.335 0.7777777910
86918  -18.285  4.929  -22.822 0.5555555820
85831  -18.547  4.382  -22.996 0.5555555820
86944  -19.275  4.886  -23.641 0.4444444478
84733  -19.813  3.495  -23.873 0.6666666865
84746  -20.167  3.926  -24.446 0.6666666865
84713  -19.438  3.212  -23.441 0.7777777910
84685  -17.712  3.645  -21.882 0.7777777910
85803  -17.400  4.646  -21.739 0.6666666865
84765  -21.560  3.634  -25.856 0.7777777910
83648  -21.262  2.535  -24.936 0.7777777910
84768  -24.566  3.536  -25.166 0.7777777910
85877  -26.092  4.232  -24.343 0.6666666865
86978  -28.293  5.274  -24.567 0.5555555820
86979  -28.718  4.787  -24.783 0.5555555820
85915  -29.474  4.123  -27.022 0.4444444478
86965  -19.593  5.255  -24.212 0.4444444478
86972  -19.864  5.505  -25.013 0.5555555820
85887  -20.682  4.491  -25.518 0.6666666865
84777  -21.742  4.089  -26.509 0.7777777910
89260  -26.954  7.267  -25.171 0.6666666865
88109  -20.126  6.148  -25.370 0.5555555820
88098  -24.722  6.474  -25.757 0.6666666865
88115  -25.243  7.357  -25.818 0.6666666865
89273  -25.832  8.029  -26.001 0.6666666865
83571  -16.536  2.458  -20.041 0.4444444478
86892  -16.133  5.853  -21.102 0.3333333433
81490  -16.921  0.551  -19.598 0.4444444478
82540  -16.435  1.500  -19.499 0.4444444478
90417  -29.491  8.391  -28.589 0.3333333433
69467  -24.267  -9.715  -20.986 0.6666666865
66067  -19.428  -12.449  -16.399 0.4444444478
71987  -26.625  -7.144  -23.262 0.7777777910
69403  -19.049  -9.415  -16.752 0.4444444478
75696  -27.767  -4.893  -24.201 0.6666666865
77885  -17.938  -1.874  -19.519 0.3333333433
77898  -18.110  -2.679  -19.358 0.3333333433
77871  -17.520  -2.154  -18.664 0.1111111119
79079  -17.197  -1.515  -19.086 0.1111111119
81489  -16.327  0.875  -19.175 0.4444444478
83554  -15.949  2.286  -19.361 0.3333333433
86917  -17.898  5.455  -22.495 0.3333333433
91485  -27.935  8.964  -26.340 0.6666666865
90407  -28.850  9.057  -26.831 0.4444444478
65032  -23.820  -13.909  -19.005 0.4444444478
65010  -25.161  -13.268  -17.533 0.2222222239
65006  -21.831  -13.397  -17.716 0.4444444478
66097  -21.777  -12.519  -18.298 0.4444444478
66098  -22.384  -12.549  -18.549 0.4444444478
66111  -23.591  -12.978  -19.203 0.4444444478
66112  -24.480  -12.954  -19.638 0.4444444478
66113  -25.321  -12.757  -19.289 0.2222222239
67182  -22.304  -11.099  -19.251 0.4444444478
67183  -22.904  -11.706  -19.251 0.4444444478
67184  -24.069  -11.829  -19.789 0.4444444478
67186  -25.603  -12.040  -19.877 0.1111111119
67187  -26.242  -11.543  -19.725 0.1111111119
67197  -24.304  -11.301  -20.269 0.4444444478
67198  -24.804  -11.612  -20.367 0.3333333433
68290  -22.608  -10.689  -19.713 0.4444444478
68291  -23.282  -11.102  -19.798 0.4444444478
68306  -25.296  -11.246  -20.797 0.3333333433
67200  -25.863  -11.710  -20.196 0.2222222239
68304  -23.738  -10.836  -20.278 0.4444444478
68305  -24.548  -10.861  -20.598 0.3333333433
69446  -22.719  -10.220  -20.116 0.5555555820
68303  -23.057  -10.556  -20.094 0.4444444478
68321  -26.709  -10.975  -21.735 0.2222222239
68323  -28.330  -10.461  -22.388 0.1111111119
68320  -25.711  -10.719  -21.265 0.3333333433
69469  -25.992  -10.051  -21.962 0.3333333433
70734  -26.506  -8.995  -22.570 0.5555555820
71978  -26.844  -8.450  -23.187 0.6666666865
70746  -28.483  -9.208  -24.111 0.4444444478
70760  -29.856  -8.399  -24.692 0.3333333433
71988  -27.289  -7.832  -23.519 0.6666666865
73352  -28.544  -7.594  -24.434 0.5555555820
73350  -27.027  -6.580  -23.461 0.6666666865
73359  -28.485  -6.427  -24.573 0.5555555820
74577  -29.221  -6.488  -25.261 0.5555555820
72000  -29.545  -7.906  -24.972 0.4444444478
74586  -29.611  -5.791  -25.569 0.3333333433
75718  -29.551  -4.954  -26.054 0.4444444478
76836  -29.565  -3.962  -25.906 0.5555555820
74585  -29.062  -5.392  -25.286 0.4444444478
89271  -24.126  7.434  -26.834 0.5555555820
90386  -25.627  8.710  -26.758 0.5555555820
91484  -27.376  9.185  -26.425 0.5555555820
91501  -27.226  10.045  -26.648 0.5555555820
65021  -23.410  -13.815  -18.415 0.4444444478
65023  -24.945  -13.396  -18.530 0.2222222239
67199  -25.465  -11.792  -20.404 0.2222222239
68308  -27.364  -10.900  -20.858 0.1111111119
69479  -27.150  -10.163  -22.959 0.4444444478
68330  -27.773  -10.758  -22.911 0.3333333433
70724  -25.991  -9.509  -22.364 0.4444444478
70745  -27.940  -8.596  -23.747 0.4444444478
74596  -29.998  -5.544  -25.961 0.3333333433
76837  -30.601  -4.155  -26.401 0.4444444478
79189  -30.515  -2.113  -27.042 0.4444444478
90406  -25.060  8.807  -27.200 0.5555555820
90405  -24.550  8.790  -27.445 0.5555555820
67172  -21.875  -11.557  -18.712 0.4444444478
69490  -28.950  -9.678  -24.209 0.2222222239
91502  -28.266  9.581  -26.694 0.5555555820
62703  -22.577  -15.297  -17.244 0.4444444478
63887  -23.018  -14.798  -17.728 0.4444444478
62718  -23.890  -15.115  -18.046 0.4444444478
63888  -24.203  -14.650  -17.428 0.2222222239
64993  -24.677  -13.810  -16.925 0.2222222239
64991  -20.986  -13.377  -16.953 0.4444444478
63885  -21.798  -14.204  -17.353 0.4444444478
66114  -25.924  -12.078  -19.323 0.1111111119
67188  -26.714  -11.434  -19.245 0.1111111119
68309  -28.175  -10.459  -21.171 0.1111111119
69458  -28.683  -9.770  -21.409 0.1111111119
69471  -28.742  -9.655  -22.295 0.1111111119
71979  -29.702  -8.809  -23.562 0.2222222239
72001  -30.325  -7.584  -25.086 0.1111111119
70748  -29.933  -8.799  -24.153 0.2222222239
74587  -30.644  -5.740  -25.866 0.2222222239
75708  -30.650  -5.015  -26.378 0.3333333433
77978  -30.829  -3.140  -26.717 0.4444444478
77986  -30.949  -2.633  -27.147 0.3333333433
79190  -31.101  -2.164  -27.306 0.3333333433
79188  -29.908  -1.564  -26.615 0.4444444478
79199  -30.787  -1.498  -27.728 0.3333333433
85830  -17.951  4.441  -22.492 0.4444444478
85922  -29.408  3.794  -27.918 0.3333333433
89270  -21.425  7.424  -26.500 0.4444444478
91503  -29.123  9.615  -27.247 0.5555555820
89285  -23.017  7.627  -27.372 0.5555555820
90404  -23.658  8.553  -27.499 0.5555555820
91482  -26.002  9.340  -27.033 0.5555555820
91500  -26.323  9.971  -27.052 0.5555555820
65005  -21.236  -12.859  -17.425 0.4444444478
69455  -23.152  -9.867  -20.359 0.5555555820
69456  -23.994  -10.153  -20.632 0.5555555820
69468  -24.913  -9.947  -21.475 0.6666666865
70733  -25.666  -8.344  -22.534 0.6666666865
74575  -28.147  -5.807  -24.397 0.5555555820
75697  -28.451  -5.024  -24.618 0.5555555820
75707  -29.174  -4.788  -25.383 0.4444444478
80422  -30.178  -0.754  -27.861 0.4444444478
87005  -29.463  4.954  -27.948 0.3333333433
69457  -24.543  -10.255  -20.940 0.3333333433
65033  -24.176  -13.659  -19.215 0.4444444478
63920  -24.085  -14.241  -18.898 0.3333333433
63919  -23.864  -14.384  -18.647 0.4444444478
65009  -24.605  -14.044  -17.983 0.3333333433
64992  -21.461  -13.875  -17.271 0.4444444478
63886  -22.378  -14.409  -17.467 0.4444444478
65019  -22.085  -12.982  -18.289 0.4444444478
65007  -22.882  -13.935  -17.756 0.4444444478
67173  -22.538  -12.039  -18.797 0.4444444478
66099  -23.017  -12.995  -18.617 0.4444444478
66110  -22.923  -12.432  -18.841 0.4444444478
65034  -24.664  -13.407  -19.169 0.2222222239
67185  -24.979  -12.357  -20.133 0.4444444478
68292  -26.436  -11.211  -19.955 0.1111111119
67174  -26.472  -11.764  -18.965 0.1111111119
68319  -24.998  -10.626  -21.036 0.3333333433
68307  -26.263  -11.386  -20.577 0.2222222239
68329  -27.172  -10.957  -22.552 0.2222222239
68322  -27.705  -11.087  -21.999 0.1111111119
68331  -28.120  -10.405  -23.164 0.1111111119
70735  -27.498  -9.253  -23.607 0.4444444478
70747  -29.329  -8.932  -24.382 0.3333333433
69480  -27.920  -10.264  -23.723 0.4444444478
69489  -28.392  -10.007  -24.211 0.3333333433
71991  -30.261  -8.012  -24.355 0.1111111119
71990  -28.947  -8.261  -24.599 0.4444444478
73351  -28.001  -6.890  -24.145 0.5555555820
71989  -28.334  -8.047  -23.931 0.5555555820
74576  -28.802  -5.903  -24.998 0.5555555820
73361  -29.664  -7.008  -25.313 0.3333333433
77979  -31.359  -3.457  -26.784 0.4444444478
90385  -24.638  8.379  -26.873 0.5555555820
89286  -23.619  7.721  -27.233 0.5555555820
91483  -26.537  9.321  -26.668 0.5555555820
65008  -23.309  -14.342  -17.966 0.4444444478
63902  -23.626  -14.760  -18.100 0.4444444478
91498  -24.380  9.681  -27.569 0.5555555820
69481  -28.621  -9.926  -23.419 0.2222222239
61561  -22.842  -15.870  -17.174 0.4444444478
62705  -23.909  -15.365  -17.876 0.4444444478
63903  -24.084  -14.757  -18.276 0.4444444478
63868  -21.445  -14.421  -16.841 0.4444444478
63867  -20.582  -14.311  -16.321 0.4444444478
66101  -25.984  -12.161  -18.569 0.1111111119
66100  -25.519  -12.698  -18.108 0.1111111119
68293  -27.058  -10.983  -19.550 0.1111111119
56686  -23.622  -20.443  -11.462 0.1111111119
57899  -21.332  -19.699  -14.023 0.3333333433
56747  -22.580  -20.864  -14.143 0.2222222239
56708  -22.953  -20.496  -12.388 0.2222222239
56709  -23.995  -20.607  -12.467 0.1111111119
56731  -24.309  -20.640  -13.201 0.1111111119
60344  -19.503  -17.005  -14.416 0.3333333433
60334  -20.188  -18.160  -14.149 0.3333333433
59090  -20.361  -18.938  -13.487 0.3333333433
57922  -21.976  -19.058  -14.607 0.3333333433
59117  -22.337  -18.822  -14.638 0.3333333433
57911  -22.744  -19.382  -14.360 0.2222222239
56748  -23.480  -20.355  -13.916 0.2222222239
63825  -18.870  -14.696  -14.823 0.2222222239
61533  -19.759  -15.785  -15.094 0.2222222239
61524  -19.412  -16.166  -14.678 0.2222222239
60345  -20.441  -17.626  -14.729 0.3333333433
59110  -20.903  -18.275  -14.653 0.3333333433
59111  -21.405  -18.592  -14.665 0.3333333433
57912  -23.243  -19.476  -14.079 0.1111111119
63846  -19.371  -14.354  -15.412 0.2222222239
62664  -19.364  -15.271  -14.973 0.3333333433
63847  -19.958  -14.683  -15.969 0.3333333433
62665  -19.985  -15.326  -15.494 0.3333333433
62684  -20.463  -15.081  -16.001 0.3333333433
62666  -20.669  -15.698  -15.782 0.3333333433
61534  -20.322  -16.351  -15.196 0.3333333433
61535  -21.436  -16.322  -15.759 0.3333333433
61536  -22.400  -16.847  -15.536 0.3333333433
60347  -22.808  -17.426  -14.717 0.3333333433
60348  -23.435  -17.845  -14.045 0.1111111119
61527  -23.530  -16.627  -14.498 0.2222222239
64972  -19.426  -13.399  -15.882 0.2222222239
63866  -19.796  -14.071  -16.094 0.2222222239
61546  -21.813  -15.687  -16.272 0.3333333433
61547  -22.447  -15.942  -16.530 0.3333333433
61562  -22.911  -16.089  -17.071 0.3333333433
61526  -22.962  -16.861  -15.088 0.3333333433
66050  -19.085  -12.738  -15.675 0.3333333433
66068  -20.239  -12.704  -16.781 0.3333333433
62686  -21.971  -15.220  -16.688 0.3333333433
61548  -22.980  -16.343  -16.562 0.3333333433
62704  -23.340  -15.564  -17.452 0.3333333433
62688  -23.792  -15.217  -16.896 0.3333333433
76838  -31.366  -3.903  -26.315 0.2222222239
77987  -31.488  -2.980  -27.313 0.2222222239
81591  -30.180  -0.033  -28.598 0.3333333433
56761  -21.995  -20.154  -14.295 0.3333333433
56730  -23.296  -20.826  -13.374 0.2222222239
57900  -23.926  -19.531  -13.585 0.1111111119
60353  -21.457  -17.757  -15.382 0.3333333433
60354  -22.305  -18.092  -15.184 0.3333333433
64990  -20.017  -13.414  -16.469 0.3333333433
62687  -23.424  -15.866  -16.283 0.3333333433
56685  -22.553  -20.316  -11.310 0.1111111119
59089  -19.608  -18.496  -13.162 0.3333333433
57884  -20.388  -19.704  -12.959 0.3333333433
56728  -21.133  -20.815  -12.988 0.3333333433
56729  -22.251  -20.759  -13.264 0.3333333433
62647  -18.808  -15.356  -14.462 0.2222222239
56749  -24.603  -20.247  -13.421 0.1111111119
63845  -18.689  -14.053  -14.927 0.2222222239
59113  -23.465  -18.795  -13.827 0.1111111119
60335  -23.989  -17.258  -13.665 0.1111111119
64971  -18.959  -13.380  -15.250 0.2222222239
62648  -23.775  -16.098  -14.690 0.1111111119
62667  -23.587  -15.975  -15.173 0.1111111119
67108  -18.749  -11.465  -14.811 0.1111111119
82644  -29.852  0.313  -28.928 0.2222222239
81592  -30.595  -0.283  -29.127 0.2222222239
68243  -18.829  -10.469  -16.291 0.2222222239
73294  -18.952  -6.484  -18.659 0.5555555820
66066  -18.747  -12.160  -15.921 0.2222222239
79208  -31.287  -1.392  -28.304 0.2222222239
57898  -20.804  -19.448  -13.599 0.3333333433
59102  -21.314  -19.091  -14.286 0.3333333433
59101  -20.768  -18.694  -14.136 0.3333333433
56746  -21.703  -20.587  -13.802 0.3333333433
61525  -19.946  -16.770  -14.703 0.3333333433
60343  -19.086  -16.582  -14.326 0.2222222239
60333  -19.551  -17.802  -13.878 0.2222222239
59100  -20.095  -18.418  -13.755 0.3333333433
57910  -21.698  -19.392  -14.401 0.3333333433
56774  -22.149  -19.646  -14.448 0.3333333433
60346  -21.032  -18.112  -14.973 0.3333333433
59116  -21.898  -18.492  -14.989 0.3333333433
56762  -22.592  -19.990  -14.278 0.2222222239
59112  -22.864  -18.556  -14.395 0.2222222239
62685  -21.220  -15.245  -16.211 0.3333333433
60352  -20.953  -17.013  -15.228 0.3333333433
66049  -18.740  -12.431  -15.160 0.2222222239
61537  -23.171  -16.533  -15.593 0.3333333433
56707  -21.857  -20.307  -12.196 0.2222222239
56727  -20.471  -20.532  -12.402 0.3333333433
60332  -18.892  -16.952  -13.956 0.2222222239
77996  -32.316  -2.610  -27.536 0.1111111119
76856  -32.707  -2.969  -27.088 0.1111111119
79202  -33.326  -1.676  -27.239 0.1111111119
77997  -33.009  -2.429  -27.405 0.1111111119
79201  -32.582  -1.680  -27.892 0.1111111119
80425  -33.190  -0.694  -28.056 0.1111111119
80423  -30.760  -0.969  -28.731 0.1111111119
80433  -31.538  -0.870  -29.285 0.1111111119
80434  -32.384  -0.331  -29.002 0.1111111119
83693  -29.429  1.834  -28.852 0.2222222239
80424  -30.913  -0.646  -29.258 0.1111111119
80440  -31.756  -0.186  -29.568 0.1111111119
84806  -29.126  2.637  -29.321 0.1111111119
84805  -28.447  3.211  -29.777 0.1111111119
88124  -22.550  6.836  -27.030 0.4444444478
87012  -28.996  5.125  -29.145 0.1111111119
90402  -21.539  8.476  -26.602 0.4444444478
89284  -22.231  7.626  -26.937 0.4444444478
91499  -25.364  9.544  -27.358 0.4444444478
91511  -29.573  9.508  -28.162 0.3333333433
89295  -29.369  7.319  -29.124 0.1111111119
88139  -28.852  6.264  -29.719 0.1111111119
89303  -28.566  6.703  -30.622 0.1111111119
92517  -25.528  11.044  -28.342 0.4444444478
93465  -26.460  11.446  -27.813 0.4444444478
92506  -26.845  10.853  -27.112 0.4444444478
92518  -28.542  11.102  -27.810 0.4444444478
93479  -28.765  11.383  -28.212 0.4444444478
92519  -29.152  10.632  -27.871 0.2222222239
92528  -29.561  10.425  -29.004 0.2222222239
91522  -29.605  9.358  -29.334 0.2222222239
94480  -28.635  13.512  -33.195 0.1111111119
94481  -29.266  12.723  -32.408 0.1111111119
91545  -29.154  8.961  -31.382 0.1111111119
91496  -22.259  9.550  -27.013 0.4444444478
91497  -23.327  9.631  -27.558 0.4444444478
92504  -25.096  10.455  -28.022 0.4444444478
93476  -25.749  11.976  -28.680 0.4444444478
94460  -26.723  12.684  -28.799 0.4444444478
93477  -27.077  12.133  -28.144 0.4444444478
93466  -27.302  11.476  -27.496 0.4444444478
93486  -28.525  11.935  -28.676 0.4444444478
94465  -26.176  12.744  -29.475 0.3333333433
94467  -28.894  12.381  -29.459 0.3333333433
94474  -29.270  11.945  -30.186 0.1111111119
94468  -29.289  11.766  -29.566 0.1111111119
93493  -29.584  11.239  -30.751 0.1111111119
92535  -29.725  10.269  -30.106 0.2222222239
93496  -29.593  11.436  -31.933 0.1111111119
92503  -24.323  11.029  -27.775 0.3333333433
92516  -24.931  11.087  -28.768 0.3333333433
94461  -27.457  12.625  -28.783 0.4444444478
95470  -26.760  13.308  -29.855 0.2222222239
95471  -27.618  13.017  -29.433 0.2222222239
95478  -28.366  13.023  -29.959 0.2222222239
94477  -28.877  12.771  -30.911 0.1111111119
95476  -26.325  13.802  -30.676 0.1111111119
95477  -27.615  13.592  -30.256 0.1111111119
95484  -27.739  14.180  -31.142 0.1111111119
95491  -28.510  13.724  -32.070 0.1111111119
95492  -28.971  13.035  -31.531 0.1111111119
93463  -23.639  11.762  -27.747 0.3333333433
93474  -24.177  11.832  -28.953 0.3333333433
93475  -24.786  11.712  -29.190 0.3333333433
93484  -25.607  12.463  -29.420 0.3333333433
94472  -26.040  13.011  -30.250 0.2222222239
96482  -27.106  14.823  -32.322 0.1111111119
95501  -27.978  14.208  -33.112 0.1111111119
98502  -26.798  16.015  -34.808 0.1111111119
94443  -22.808  13.274  -26.915 0.1111111119
94454  -23.998  12.953  -28.066 0.1111111119
94459  -24.589  12.804  -29.333 0.2222222239
93482  -24.794  12.310  -29.389 0.3333333433
93483  -25.142  12.352  -29.520 0.3333333433
94463  -24.959  12.849  -30.275 0.3333333433
95474  -24.832  13.522  -30.905 0.2222222239
95482  -25.016  13.729  -30.940 0.1111111119
95481  -24.990  13.990  -30.806 0.1111111119
96471  -25.144  14.455  -31.152 0.1111111119
97409  -25.668  15.192  -31.802 0.1111111119
95483  -26.984  14.593  -31.445 0.1111111119
96493  -26.777  15.063  -32.526 0.1111111119
97431  -26.512  15.417  -33.139 0.1111111119
96495  -27.681  14.618  -33.124 0.1111111119
94488  -28.279  14.147  -34.623 0.1111111119
94444  -23.831  13.987  -27.292 0.1111111119
95461  -24.352  14.190  -27.947 0.1111111119
96448  -24.870  14.691  -29.554 0.1111111119
95469  -24.765  13.590  -30.039 0.2222222239
96458  -24.645  14.408  -30.601 0.1111111119
97399  -24.358  15.399  -31.042 0.1111111119
97408  -24.842  15.521  -32.026 0.1111111119
97419  -25.583  15.472  -32.788 0.1111111119
96434  -24.851  14.819  -27.636 0.1111111119
96423  -25.026  14.642  -27.241 0.1111111119
96435  -25.279  15.269  -27.954 0.1111111119
96449  -25.168  15.358  -29.279 0.1111111119
97390  -24.912  15.656  -29.694 0.1111111119
98461  -24.668  16.246  -29.940 0.1111111119
98460  -24.442  16.534  -30.625 0.1111111119
97369  -25.818  15.600  -28.341 0.1111111119
97370  -26.408  15.913  -27.914 0.1111111119
97379  -25.584  15.875  -29.061 0.1111111119
77989  -33.400  -2.424  -26.649 0.1111111119
80426  -33.327  -0.934  -27.348 0.1111111119
81601  -29.905  0.061  -29.518 0.1111111119
81602  -30.820  -0.252  -29.631 0.1111111119
81610  -29.756  0.429  -29.949 0.1111111119
85930  -28.642  4.243  -29.711 0.1111111119
90403  -22.689  8.532  -27.306 0.4444444478
92508  -28.718  10.182  -27.215 0.4444444478
90426  -29.450  8.286  -29.754 0.1111111119
92505  -26.003  10.577  -27.821 0.4444444478
94478  -29.257  12.364  -31.160 0.1111111119
92546  -29.431  10.379  -32.704 0.1111111119
96441  -24.801  14.735  -28.443 0.1111111119
97400  -24.574  15.767  -30.333 0.1111111119
98468  -24.222  16.516  -31.948 0.1111111119
98454  -25.286  16.567  -29.578 0.1111111119
97380  -26.166  16.110  -28.534 0.1111111119
80408  -32.920  -0.401  -25.814 0.1111111119
80416  -33.289  -0.864  -26.612 0.1111111119
84796  -29.417  2.887  -28.371 0.2222222239
93485  -27.885  12.203  -28.484 0.4444444478
95472  -28.332  12.829  -29.421 0.2222222239
94437  -23.911  14.570  -26.976 0.1111111119
95440  -24.375  14.268  -26.284 0.1111111119
96424  -25.714  14.774  -27.252 0.1111111119
96442  -25.277  15.247  -28.780 0.1111111119
80409  -33.256  -1.208  -25.675 0.1111111119
75721  -32.143  -4.022  -26.022 0.1111111119
76848  -32.632  -3.548  -26.236 0.1111111119
79191  -33.456  -1.817  -26.285 0.1111111119
81577  -32.419  0.452  -25.241 0.1111111119
80399  -32.894  -0.752  -24.731 0.1111111119
82636  -32.146  0.602  -25.993 0.1111111119
81593  -32.885  0.276  -27.254 0.1111111119
82645  -32.461  1.349  -27.553 0.1111111119
81613  -32.108  0.599  -29.389 0.1111111119
81611  -30.215  0.251  -30.215 0.1111111119
81612  -31.177  0.273  -29.901 0.1111111119
82659  -29.610  1.276  -30.313 0.1111111119
82669  -29.015  1.604  -31.039 0.1111111119
84816  -27.790  2.668  -30.536 0.1111111119
85940  -28.101  3.909  -30.587 0.1111111119
89314  -28.676  7.384  -30.724 0.1111111119
88138  -28.361  5.832  -30.558 0.1111111119
90401  -20.813  8.906  -26.481 0.4444444478
90448  -28.510  7.763  -32.067 0.1111111119
91558  -28.907  9.013  -32.567 0.1111111119
92501  -21.621  10.593  -26.652 0.2222222239
92502  -22.852  10.670  -27.569 0.3333333433
93504  -29.407  11.605  -33.174 0.1111111119
93456  -21.796  12.365  -26.598 0.1111111119
94489  -28.989  12.750  -33.780 0.1111111119
94499  -28.799  12.685  -35.010 0.1111111119
94441  -21.590  13.536  -25.583 0.1111111119
94436  -23.441  14.315  -26.851 0.1111111119
95441  -25.560  14.232  -26.045 0.1111111119
98477  -24.110  16.335  -33.139 0.1111111119
97418  -24.873  15.798  -33.432 0.1111111119
98489  -25.355  16.322  -34.233 0.1111111119
98501  -25.874  16.572  -34.991 0.1111111119
95452  -25.798  14.481  -26.509 0.1111111119
97360  -26.000  15.359  -27.733 0.1111111119
98453  -24.669  16.824  -29.841 0.1111111119
99508  -24.228  17.495  -31.230 0.1111111119
98443  -26.047  16.713  -28.944 0.1111111119
92507  -28.021  10.676  -27.363 0.4444444478
79200  -31.650  -1.917  -27.745 0.1111111119
85931  -29.112  3.851  -28.892 0.2222222239
79210  -32.401  -1.064  -28.666 0.1111111119
81603  -32.712  0.456  -28.386 0.1111111119
83702  -29.463  1.802  -29.707 0.1111111119
83701  -28.838  2.203  -30.312 0.1111111119
87011  -28.396  5.081  -30.095 0.1111111119
89304  -28.982  7.372  -30.121 0.1111111119
93487  -29.226  11.445  -28.895 0.2222222239
93490  -29.607  11.227  -29.733 0.1111111119
91534  -29.479  9.185  -30.462 0.2222222239
90436  -28.840  8.136  -30.829 0.1111111119
96506  -27.632  14.722  -33.655 0.1111111119
90465  -28.644  8.265  -32.315 0.1111111119
90449  -28.800  8.349  -31.746 0.1111111119
92540  -29.546  10.073  -31.412 0.2222222239
95465  -26.874  13.065  -29.244 0.3333333433
92515  -24.526  11.378  -28.866 0.3333333433
95485  -28.546  13.293  -30.909 0.1111111119
95490  -27.566  14.460  -32.237 0.1111111119
94471  -25.395  13.012  -30.720 0.2222222239
96460  -25.500  14.041  -30.821 0.1111111119
96472  -26.079  14.702  -31.216 0.1111111119
96494  -27.285  14.886  -32.926 0.1111111119
97432  -27.118  15.229  -33.647 0.1111111119
97442  -26.606  15.606  -34.079 0.1111111119
98503  -27.357  15.284  -34.526 0.1111111119
97441  -26.251  16.046  -34.415 0.1111111119
94442  -21.565  13.149  -25.989 0.1111111119
94453  -23.418  12.401  -27.302 0.1111111119
95464  -24.560  13.786  -28.921 0.1111111119
94470  -24.953  12.948  -31.064 0.2222222239
95475  -25.158  13.371  -30.939 0.1111111119
96470  -24.702  14.497  -31.115 0.1111111119
97420  -26.245  15.243  -32.309 0.1111111119
97430  -25.732  15.888  -33.884 0.1111111119
97389  -24.591  15.134  -30.282 0.1111111119
95450  -24.441  14.539  -27.174 0.1111111119
95451  -25.169  14.421  -26.778 0.1111111119
77980  -33.494  -2.637  -25.883 0.1111111119
80415  -33.016  -0.283  -26.348 0.1111111119
82650  -29.658  0.838  -29.491 0.1111111119
98469  -23.796  16.936  -32.429 0.1111111119
99495  -25.603  17.597  -29.507 0.1111111119
81576  -32.276  0.575  -25.473 0.1111111119
83712  -28.068  1.869  -30.893 0.1111111119
89313  -28.405  7.164  -31.439 0.1111111119
91569  -29.120  9.690  -33.296 0.1111111119
93514  -29.209  11.659  -34.377 0.1111111119
93462  -22.660  11.751  -26.904 0.1111111119
95449  -22.193  13.924  -26.261 0.1111111119
97429  -25.149  16.156  -33.926 0.1111111119
99509  -23.950  17.382  -32.175 0.1111111119
74508  -18.574  -5.213  -18.544 0.2222222239
76733  -17.868  -3.781  -18.165 0.2222222239
74483  -18.652  -5.853  -18.460 0.3333333433
75601  -18.179  -4.601  -18.296 0.3333333433
90383  -20.966  7.870  -26.272 0.3333333433
89258  -19.876  7.538  -25.168 0.2222222239
92499  -20.515  9.518  -25.768 0.1111111119
92500  -20.772  9.902  -26.084 0.1111111119
91495  -21.216  9.460  -26.579 0.2222222239
88066  -18.211  6.110  -22.517 0.2222222239
86893  -17.089  5.662  -21.592 0.1111111119
73293  -18.620  -6.449  -18.002 0.2222222239
88023  -16.680  6.750  -21.328 0.1111111119
89229  -18.931  6.963  -23.408 0.1111111119
89230  -19.262  6.937  -23.581 0.1111111119
90374  -19.817  8.438  -25.050 0.1111111119
92495  -20.315  9.774  -25.402 0.1111111119
71939  -18.787  -7.030  -18.276 0.3333333433
81475  -16.688  0.214  -19.088 0.2222222239
80292  -17.027  -0.770  -18.843 0.1111111119
91494  -20.580  9.241  -26.149 0.1111111119
74482  -18.386  -5.510  -17.839 0.2222222239
90382  -20.423  8.372  -25.953 0.1111111119
91481  -20.228  9.126  -25.502 0.1111111119
89250  -19.785  7.520  -24.457 0.1111111119
90362  -19.901  8.416  -24.569 0.1111111119
70725  -29.154  -8.998  -22.633 0.1111111119
56705  -19.945  -20.534  -11.767 0.1111111119
56706  -20.880  -20.904  -12.005 0.1111111119
56684  -21.503  -20.679  -11.218 0.1111111119
56704  -19.029  -20.296  -11.453 0.1111111119
57872  -19.246  -19.819  -11.961 0.1111111119
57883  -19.471  -19.259  -12.459 0.1111111119
60322  -18.813  -17.531  -13.113 0.1111111119
60323  -19.295  -17.965  -13.398 0.1111111119
69382  -18.682  -9.405  -15.990 0.1111111119
84646  -15.976  3.305  -19.801 0.2222222239
84659  -15.623  4.208  -20.288 0.2222222239
84639  -15.593  3.718  -19.615 0.2222222239
85772  -15.445  4.400  -19.607 0.2222222239
76746  -18.216  -3.687  -18.858 0.1111111119
56703  -18.362  -20.146  -11.226 0.1111111119
56683  -20.541  -20.906  -11.130 0.1111111119
57871  -18.385  -19.456  -11.547 0.1111111119
57882  -18.840  -19.135  -12.049 0.1111111119
59088  -18.751  -18.404  -12.416 0.1111111119
61511  -18.505  -16.361  -13.374 0.1111111119
63824  -18.579  -14.416  -14.245 0.1111111119
69362  -18.919  -9.420  -15.162 0.1111111119
70637  -18.877  -8.335  -15.842 0.1111111119
73265  -18.656  -6.234  -17.065 0.1111111119
75588  -18.322  -4.630  -17.357 0.1111111119
84640  -15.882  3.201  -19.415 0.2222222239
86863  -15.573  5.956  -19.487 0.2222222239
87979  -14.390  8.171  -18.442 0.1111111119
56682  -19.598  -20.844  -11.037 0.1111111119
86870  -14.468  6.355  -19.475 0.2222222239
88021  -14.901  6.849  -20.352 0.1111111119
70659  -18.837  -8.403  -16.646 0.1111111119
76745  -17.784  -2.986  -18.766 0.1111111119
68227  -18.729  -10.444  -15.403 0.1111111119
61523  -18.789  -16.142  -14.116 0.1111111119
57873  -19.903  -20.009  -12.315 0.1111111119
73264  -18.528  -5.729  -16.840 0.1111111119
59084  -18.287  -18.771  -11.945 0.1111111119
85773  -16.308  4.448  -19.390 0.1111111119
61502  -18.119  -16.619  -12.366 0.1111111119
89172  -16.807  7.412  -18.537 0.1111111119
90301  -16.096  8.110  -18.963 0.1111111119
83538  -16.253  1.676  -18.584 0.1111111119
88045  -17.646  6.199  -21.943 0.1111111119
56763  -23.033  -19.871  -14.214 0.2222222239
56775  -22.385  -19.707  -14.396 0.3333333433
57885  -21.082  -20.153  -13.482 0.3333333433
57923  -22.362  -19.438  -14.458 0.3333333433
61528  -24.102  -16.424  -14.179 0.1111111119
62719  -23.813  -15.198  -17.836 0.4444444478
63869  -22.029  -14.742  -17.149 0.4444444478
65020  -22.609  -13.274  -18.220 0.4444444478
65022  -24.440  -14.009  -18.785 0.4444444478
67157  -21.459  -12.011  -18.268 0.4444444478
69470  -26.689  -10.453  -22.410 0.2222222239
69478  -26.364  -9.906  -22.598 0.4444444478
70736  -28.024  -9.841  -24.166 0.4444444478
70737  -29.420  -9.154  -23.730 0.2222222239
70738  -29.832  -8.876  -23.759 0.2222222239
70759  -29.471  -8.450  -24.677 0.3333333433
71968  -29.494  -8.667  -23.191 0.2222222239
71974  -23.365  -6.795  -22.255 1.0000000000
73360  -28.867  -7.114  -24.900 0.5555555820
73369  -30.377  -6.680  -25.391 0.3333333433
74595  -29.786  -5.348  -25.977 0.3333333433
75678  -23.803  -5.101  -22.810 1.0000000000
75706  -28.867  -5.123  -25.003 0.5555555820
75719  -30.067  -5.175  -26.266 0.3333333433
75720  -31.957  -4.335  -26.258 0.1111111119
76766  -17.933  -2.992  -19.179 0.5555555820
76818  -21.800  -3.011  -22.950 0.8888888955
76845  -29.938  -4.588  -26.331 0.4444444478
76846  -30.302  -4.741  -26.386 0.3333333433
76847  -31.861  -3.634  -26.513 0.2222222239
76849  -33.305  -3.046  -26.265 0.1111111119
76855  -32.211  -3.231  -27.051 0.1111111119
77959  -28.094  -2.738  -23.915 0.7777777910
77968  -23.062  -1.785  -24.401 1.0000000000
77969  -23.476  -1.971  -24.341 1.0000000000
77988  -33.126  -2.814  -26.837 0.1111111119
77998  -33.303  -2.373  -27.094 0.1111111119
79154  -24.543  -1.906  -24.170 1.0000000000
79158  -27.744  -1.790  -23.581 0.8888888955
79169  -22.754  -1.399  -24.327 0.8888888955
79198  -30.142  -1.351  -27.294 0.3333333433
79209  -31.823  -1.431  -28.534 0.2222222239
80395  -25.461  -0.356  -24.116 0.8888888955
80396  -25.996  -0.457  -23.958 0.7777777910
80400  -33.265  -1.452  -25.093 0.1111111119
80432  -31.334  -1.313  -28.839 0.1111111119
80439  -31.343  -0.282  -29.639 0.1111111119
81541  -21.173  0.240  -23.875 0.8888888955
81560  -26.366  0.187  -23.936 0.8888888955
81572  -22.975  1.226  -25.092 1.0000000000
81573  -23.395  1.360  -25.023 1.0000000000
81582  -32.299  0.506  -25.708 0.1111111119
81583  -32.597  0.255  -26.189 0.1111111119
81584  -33.091  -0.191  -26.744 0.1111111119
81594  -33.263  -0.478  -27.253 0.1111111119
81600  -29.724  0.363  -29.710 0.1111111119
82542  -17.802  1.233  -20.629 0.4444444478
82556  -18.138  1.490  -21.430 0.5555555820
82614  -28.957  1.595  -24.168 0.6666666865
82627  -23.688  1.818  -25.087 0.8888888955
82630  -32.096  0.731  -25.669 0.1111111119
82637  -32.003  1.076  -26.343 0.1111111119
82651  -29.731  0.487  -29.109 0.2222222239
82658  -28.743  1.649  -30.893 0.1111111119
83537  -16.016  1.562  -18.599 0.1111111119
83543  -15.869  1.928  -18.818 0.1111111119
83592  -16.819  2.872  -20.778 0.4444444478
83619  -18.762  2.621  -22.464 0.5555555820
83637  -20.688  2.447  -24.357 0.7777777910
83653  -27.171  2.567  -23.476 0.8888888955
83666  -22.164  2.721  -25.795 0.7777777910
84645  -15.522  3.892  -19.754 0.2222222239
84711  -18.407  3.606  -22.463 0.7777777910
84732  -19.356  3.957  -23.586 0.6666666865
84734  -20.362  2.982  -24.184 0.7777777910
84748  -21.278  3.089  -25.308 0.7777777910
84749  -25.017  3.166  -24.687 0.8888888955
84753  -28.136  3.315  -24.217 0.6666666865
84770  -28.897  3.423  -24.550 0.6666666865
84778  -22.018  3.873  -26.510 0.7777777910
85785  -15.301  5.077  -20.303 0.2222222239
85857  -19.540  4.411  -23.796 0.6666666865
85875  -19.883  4.361  -24.277 0.6666666865
85879  -27.402  3.885  -24.171 0.5555555820
85888  -21.121  4.158  -25.843 0.6666666865
85889  -22.776  4.430  -25.997 0.6666666865
85893  -26.524  4.771  -24.449 0.6666666865
85905  -22.283  4.615  -26.355 0.6666666865
86862  -14.475  6.625  -18.936 0.2222222239
86871  -15.079  5.659  -19.724 0.2222222239
86879  -14.672  6.292  -19.954 0.2222222239
86880  -14.972  5.655  -19.947 0.2222222239
86890  -14.846  6.437  -20.190 0.1111111119
86891  -15.355  6.006  -20.338 0.2222222239
86973  -20.063  4.949  -24.987 0.5555555820
86998  -22.851  6.457  -26.831 0.6666666865
87980  -14.523  7.727  -17.645 0.1111111119
87981  -14.878  7.685  -17.613 0.1111111119
87988  -13.858  7.477  -19.201 0.1111111119
87989  -14.093  7.380  -18.301 0.1111111119
87990  -14.960  7.389  -18.301 0.1111111119
87991  -16.313  7.024  -19.246 0.1111111119
87992  -17.504  6.660  -18.924 0.1111111119
88000  -13.565  7.438  -19.042 0.1111111119
88001  -13.707  7.096  -19.000 0.1111111119
88010  -14.291  6.911  -19.665 0.1111111119
88011  -14.488  6.974  -20.080 0.1111111119
88020  -14.583  6.668  -20.082 0.1111111119
88022  -15.690  6.829  -20.855 0.1111111119
88089  -18.936  6.230  -23.627 0.3333333433
88102  -28.114  6.244  -24.779 0.6666666865
89170  -15.300  7.901  -17.910 0.1111111119
89171  -15.868  7.692  -18.755 0.1111111119
89177  -13.525  7.726  -19.000 0.1111111119
89185  -13.894  7.513  -19.330 0.1111111119
89186  -14.498  7.508  -19.964 0.1111111119
89259  -25.996  7.354  -25.453 0.6666666865
89268  -20.326  6.585  -25.544 0.5555555820
90295  -16.216  7.752  -18.713 0.1111111119
90311  -14.185  8.114  -19.399 0.1111111119
90313  -16.826  8.199  -19.843 0.1111111119
90314  -17.451  8.115  -19.518 0.1111111119
90338  -18.768  7.417  -23.096 0.1111111119
90339  -19.000  7.595  -23.194 0.1111111119
90351  -18.791  7.217  -23.248 0.1111111119
90352  -18.922  7.405  -23.340 0.1111111119
90384  -24.063  8.204  -27.164 0.5555555820
90435  -28.637  7.876  -31.483 0.1111111119
93464  -25.954  11.235  -28.204 0.4444444478
93478  -28.040  11.588  -27.992 0.4444444478
94464  -25.500  12.756  -29.983 0.3333333433
94466  -28.169  12.550  -29.013 0.2222222239
94473  -28.887  12.648  -30.428 0.2222222239
95466  -27.177  12.932  -29.008 0.3333333433
95486  -28.903  12.858  -31.142 0.1111111119
95489  -27.118  14.728  -31.978 0.1111111119
95500  -27.666  14.559  -32.839 0.1111111119
96459  -25.054  13.879  -30.825 0.1111111119
96481  -26.670  14.929  -31.923 0.1111111119
97410  -26.193  15.088  -31.770 0.1111111119
98478  -23.796  16.732  -32.737 0.1111111119
138329  -15.119  8.341  -18.846 0.1111111119
138330  -15.051  8.368  -19.352 0.1111111119
