#!ascii label  , from subject 3055 vox2ras=TkReg
546
11289  -44.620  -65.508  7.716 0.0000000000
11346  -39.481  -65.241  3.275 0.0000000000
16768  -44.438  -59.235  4.273 0.0000000000
11369  -43.500  -65.552  2.579 0.0000000000
17769  -48.484  -58.391  1.973 0.0000000000
14814  -43.447  -61.470  10.013 0.0000000000
18716  -38.416  -57.257  6.291 0.0000000000
24615  -39.511  -51.288  6.566 0.0000000000
19835  -43.080  -56.267  2.568 0.0000000000
17744  -46.218  -57.953  3.515 0.0000000000
20872  -45.736  -55.569  1.559 0.0000000000
15785  -41.343  -60.225  8.528 0.0000000000
19733  -41.517  -56.367  9.173 0.0000000000
27223  -38.405  -48.494  5.067 0.0000000000
24654  -36.893  -51.006  5.183 0.0000000000
9775  -41.898  -68.340  5.507 0.0000000000
12158  -42.047  -65.418  2.758 0.0000000000
9842  -40.443  -67.691  1.147 0.0000000000
9861  -38.493  -67.557  -0.781 0.0000000000
13907  -45.760  -62.392  6.443 0.0000000000
11336  -44.249  -65.223  4.765 0.0000000000
14920  -47.033  -61.305  2.343 0.0000000000
15844  -45.137  -61.165  3.031 0.0000000000
14862  -42.466  -61.992  7.052 0.0000000000
17723  -41.348  -58.779  4.654 0.0000000000
20834  -40.256  -55.652  3.480 0.0000000000
21777  -42.478  -54.247  7.791 0.0000000000
21773  -37.804  -54.260  7.536 0.0000000000
22793  -37.731  -54.026  3.756 0.0000000000
24688  -39.980  -51.241  0.712 0.0000000000
9092  -41.230  -68.350  2.877 0.0000000000
15860  -38.990  -60.453  2.820 0.0000000000
12175  -36.086  -64.499  1.336 0.0000000000
12240  -39.447  -64.148  -4.098 0.0000000000
21848  -42.542  -54.914  1.841 0.0000000000
20848  -44.277  -55.819  1.904 0.0000000000
10514  -43.303  -66.932  6.680 0.0000000000
11347  -40.346  -65.383  3.182 0.0000000000
10574  -39.938  -66.732  2.210 0.0000000000
10592  -38.319  -66.638  1.520 0.0000000000
9874  -37.609  -67.342  -1.855 0.0000000000
9851  -36.900  -67.234  0.051 0.0000000000
15819  -44.729  -60.780  5.051 0.0000000000
15820  -45.842  -60.717  5.008 0.0000000000
18748  -47.594  -57.536  3.129 0.0000000000
15832  -47.623  -60.086  3.790 0.0000000000
15846  -47.991  -59.617  2.263 0.0000000000
14919  -46.223  -61.830  1.945 0.0000000000
16805  -46.725  -59.574  2.045 0.0000000000
13887  -43.870  -63.014  8.003 0.0000000000
14844  -42.449  -61.832  8.319 0.0000000000
16745  -39.586  -58.983  7.444 0.0000000000
15815  -40.403  -59.831  6.559 0.0000000000
17722  -39.997  -58.749  5.563 0.0000000000
19801  -40.352  -56.629  4.131 0.0000000000
19800  -39.519  -56.303  4.391 0.0000000000
23677  -40.852  -52.741  7.378 0.0000000000
21775  -40.305  -54.226  8.246 0.0000000000
23675  -38.960  -52.406  7.429 0.0000000000
25492  -37.161  -50.235  2.563 0.0000000000
23746  -37.318  -52.241  3.691 0.0000000000
24672  -37.712  -51.887  2.606 0.0000000000
23759  -38.802  -52.869  2.201 0.0000000000
11351  -44.272  -65.287  3.625 0.0000000000
10562  -43.211  -66.340  3.823 0.0000000000
10577  -42.660  -66.629  2.547 0.0000000000
9116  -39.817  -68.813  -0.147 0.0000000000
15859  -38.010  -60.396  2.863 0.0000000000
13950  -37.858  -62.539  3.120 0.0000000000
13098  -38.249  -63.317  -2.226 0.0000000000
18736  -43.661  -57.765  3.568 0.0000000000
17734  -44.875  -58.583  3.892 0.0000000000
18745  -44.934  -57.351  3.294 0.0000000000
19820  -46.139  -56.882  2.800 0.0000000000
20850  -47.263  -55.960  2.105 0.0000000000
15787  -42.454  -60.566  9.261 0.0000000000
17686  -40.697  -58.587  9.026 0.0000000000
18680  -39.656  -57.586  8.835 0.0000000000
25458  -38.596  -49.826  5.939 0.0000000000
24613  -37.791  -50.872  6.186 0.0000000000
26316  -37.593  -49.083  5.073 0.0000000000
27263  -37.219  -48.427  2.442 0.0000000000
28272  -37.533  -47.600  1.080 0.0000000000
12160  -43.473  -64.787  2.364 0.0000000000
10576  -41.959  -66.788  2.142 0.0000000000
10575  -40.909  -66.975  2.125 0.0000000000
9854  -40.033  -67.869  0.017 0.0000000000
9876  -39.336  -68.187  -1.790 0.0000000000
9907  -39.108  -68.049  -3.338 0.0000000000
10676  -38.720  -67.126  -4.441 0.0000000000
11463  -38.682  -65.977  -4.630 0.0000000000
12949  -46.111  -63.367  7.193 0.0000000000
11304  -44.399  -65.311  6.399 0.0000000000
12973  -45.973  -63.411  4.832 0.0000000000
13009  -45.694  -63.792  2.904 0.0000000000
15831  -47.041  -59.827  4.482 0.0000000000
13959  -47.314  -61.631  3.833 0.0000000000
13025  -46.209  -63.106  1.982 0.0000000000
13023  -44.333  -63.838  2.322 0.0000000000
13008  -43.813  -63.542  2.791 0.0000000000
12990  -42.114  -63.437  3.901 0.0000000000
12948  -45.572  -63.665  8.214 0.0000000000
14864  -44.542  -62.248  6.152 0.0000000000
15818  -43.340  -60.623  5.228 0.0000000000
14861  -41.715  -61.376  7.437 0.0000000000
15817  -41.878  -60.853  5.785 0.0000000000
16766  -42.636  -59.299  4.531 0.0000000000
19803  -42.002  -57.070  3.767 0.0000000000
19815  -41.634  -56.455  3.286 0.0000000000
21860  -41.109  -53.941  1.671 0.0000000000
21759  -41.675  -54.774  8.398 0.0000000000
20757  -40.061  -55.706  8.796 0.0000000000
19754  -37.945  -56.217  7.636 0.0000000000
22751  -37.265  -52.766  6.615 0.0000000000
21817  -37.080  -54.071  5.504 0.0000000000
20814  -38.038  -55.837  4.832 0.0000000000
21836  -38.725  -54.295  3.212 0.0000000000
22825  -39.923  -53.336  1.756 0.0000000000
10526  -43.059  -66.650  5.596 0.0000000000
9817  -42.183  -67.430  4.022 0.0000000000
9843  -41.204  -67.932  1.645 0.0000000000
8375  -40.379  -69.121  1.784 0.0000000000
17767  -45.797  -58.936  2.094 0.0000000000
14903  -42.793  -61.773  3.664 0.0000000000
13937  -41.094  -62.917  3.950 0.0000000000
13952  -39.227  -62.574  3.477 0.0000000000
12157  -37.987  -64.743  3.064 0.0000000000
10611  -36.055  -66.022  -0.646 0.0000000000
12238  -37.947  -64.773  -3.196 0.0000000000
21862  -42.574  -54.345  1.434 0.0000000000
20869  -43.117  -54.993  1.648 0.0000000000
10502  -43.778  -66.693  7.853 0.0000000000
11303  -43.895  -66.018  7.036 0.0000000000
11365  -39.660  -66.008  2.859 0.0000000000
10573  -38.963  -66.447  2.253 0.0000000000
10603  -37.573  -66.855  0.832 0.0000000000
10572  -38.078  -66.066  2.180 0.0000000000
15829  -45.111  -60.016  4.555 0.0000000000
18768  -48.470  -57.538  2.240 0.0000000000
17747  -48.287  -58.427  2.697 0.0000000000
15869  -47.819  -59.612  2.041 0.0000000000
16807  -48.108  -59.107  1.777 0.0000000000
13848  -43.882  -62.088  10.597 0.0000000000
13862  -43.699  -62.587  9.717 0.0000000000
13874  -42.981  -62.221  8.937 0.0000000000
13861  -43.102  -61.836  9.474 0.0000000000
18717  -38.698  -57.713  6.735 0.0000000000
17712  -39.335  -58.657  6.864 0.0000000000
17721  -39.139  -58.299  6.050 0.0000000000
18724  -39.108  -57.608  5.466 0.0000000000
19788  -38.693  -56.595  4.868 0.0000000000
25440  -40.047  -50.847  6.264 0.0000000000
24635  -41.145  -50.488  5.933 0.0000000000
24616  -40.661  -51.123  6.312 0.0000000000
23695  -40.787  -52.032  6.814 0.0000000000
23676  -39.828  -52.625  7.415 0.0000000000
23694  -39.711  -51.898  6.905 0.0000000000
25496  -37.558  -50.385  1.802 0.0000000000
24675  -37.455  -50.867  2.316 0.0000000000
25497  -38.387  -50.534  1.141 0.0000000000
26367  -38.512  -49.583  0.685 0.0000000000
11370  -44.261  -65.281  2.783 0.0000000000
11350  -43.669  -65.733  3.248 0.0000000000
13984  -36.328  -62.370  1.275 0.0000000000
13082  -36.858  -63.485  -0.751 0.0000000000
13084  -38.002  -62.824  -1.754 0.0000000000
18743  -43.348  -57.295  3.368 0.0000000000
18744  -44.089  -57.345  3.282 0.0000000000
19817  -43.609  -56.832  2.965 0.0000000000
20871  -44.945  -55.437  1.618 0.0000000000
19837  -45.033  -56.228  2.225 0.0000000000
19859  -45.856  -56.038  1.945 0.0000000000
19839  -46.848  -56.361  2.426 0.0000000000
20873  -46.668  -55.706  1.712 0.0000000000
17685  -40.010  -58.276  8.872 0.0000000000
19732  -40.384  -56.534  9.035 0.0000000000
26318  -39.401  -49.273  5.534 0.0000000000
26317  -38.438  -49.202  5.483 0.0000000000
9047  -41.156  -68.782  4.593 0.0000000000
11368  -42.722  -65.863  2.382 0.0000000000
11367  -41.801  -65.969  2.587 0.0000000000
10605  -39.176  -67.132  0.812 0.0000000000
9841  -39.854  -67.313  1.071 0.0000000000
9853  -39.376  -67.364  0.365 0.0000000000
9888  -39.346  -68.395  -2.603 0.0000000000
9873  -36.934  -66.949  -1.491 0.0000000000
9886  -38.033  -67.552  -2.791 0.0000000000
10650  -37.832  -67.035  -3.717 0.0000000000
11462  -38.174  -66.662  -4.262 0.0000000000
11438  -37.820  -65.727  -3.917 0.0000000000
13890  -46.186  -62.799  6.730 0.0000000000
12081  -46.114  -63.610  6.820 0.0000000000
12991  -45.755  -63.534  3.748 0.0000000000
12992  -46.326  -62.849  4.135 0.0000000000
17735  -45.821  -58.613  3.808 0.0000000000
16770  -46.410  -59.221  4.120 0.0000000000
17736  -46.648  -58.557  3.761 0.0000000000
14906  -47.591  -60.886  3.152 0.0000000000
13974  -47.166  -61.735  2.963 0.0000000000
13973  -46.513  -62.291  2.410 0.0000000000
13040  -45.628  -63.364  1.819 0.0000000000
14918  -45.477  -62.023  2.360 0.0000000000
14917  -44.794  -62.326  2.739 0.0000000000
13956  -43.482  -62.848  3.409 0.0000000000
14904  -44.020  -61.850  3.399 0.0000000000
13904  -43.293  -62.541  7.546 0.0000000000
13905  -43.850  -62.675  7.149 0.0000000000
14863  -43.826  -62.237  6.345 0.0000000000
14880  -44.445  -61.658  5.739 0.0000000000
14879  -42.973  -61.625  5.887 0.0000000000
15786  -41.867  -60.561  8.724 0.0000000000
14843  -41.870  -61.426  8.052 0.0000000000
15802  -41.418  -60.888  7.917 0.0000000000
16754  -40.997  -59.743  5.392 0.0000000000
15816  -40.813  -60.273  6.223 0.0000000000
16755  -42.208  -59.743  4.938 0.0000000000
17724  -42.137  -59.122  4.538 0.0000000000
17732  -42.360  -58.610  4.188 0.0000000000
18726  -41.254  -58.091  4.374 0.0000000000
19814  -40.846  -56.385  3.556 0.0000000000
20835  -40.964  -55.938  3.136 0.0000000000
20845  -41.506  -55.613  2.575 0.0000000000
21838  -40.256  -55.109  2.885 0.0000000000
22734  -38.677  -53.289  7.889 0.0000000000
21757  -39.730  -55.054  8.532 0.0000000000
21774  -38.925  -54.690  8.298 0.0000000000
20756  -39.126  -55.720  8.411 0.0000000000
20774  -37.880  -55.463  7.443 0.0000000000
24634  -37.302  -50.945  5.707 0.0000000000
23692  -37.739  -51.644  6.574 0.0000000000
23717  -37.007  -51.712  5.847 0.0000000000
22792  -37.153  -53.311  4.168 0.0000000000
22777  -36.804  -52.814  5.386 0.0000000000
20813  -37.504  -55.112  5.564 0.0000000000
21826  -37.497  -54.368  4.375 0.0000000000
21827  -38.440  -54.623  3.723 0.0000000000
22803  -38.218  -53.551  3.197 0.0000000000
23770  -39.439  -52.653  1.663 0.0000000000
22814  -39.240  -53.637  2.404 0.0000000000
23771  -40.331  -52.738  1.403 0.0000000000
11319  -44.323  -65.267  5.569 0.0000000000
11318  -43.657  -65.846  5.651 0.0000000000
9833  -42.364  -67.397  3.013 0.0000000000
9816  -41.586  -67.917  3.586 0.0000000000
9070  -41.186  -68.502  3.666 0.0000000000
9831  -41.264  -67.497  1.913 0.0000000000
8393  -39.705  -69.200  0.639 0.0000000000
17788  -46.771  -58.374  1.531 0.0000000000
17787  -45.812  -58.336  1.682 0.0000000000
15842  -43.096  -60.556  3.205 0.0000000000
13954  -41.326  -62.553  3.788 0.0000000000
14902  -41.713  -61.846  3.579 0.0000000000
13021  -36.899  -63.201  2.560 0.0000000000
13951  -38.365  -62.638  3.296 0.0000000000
12156  -37.265  -64.182  2.828 0.0000000000
12138  -38.046  -64.019  3.315 0.0000000000
11362  -36.822  -64.642  2.348 0.0000000000
10590  -36.563  -65.725  1.438 0.0000000000
11397  -35.837  -65.136  0.908 0.0000000000
12225  -38.455  -64.096  -2.874 0.0000000000
12224  -37.601  -64.354  -2.357 0.0000000000
12239  -38.699  -64.580  -3.719 0.0000000000
20846  -42.573  -55.466  2.253 0.0000000000
20847  -43.494  -55.674  2.053 0.0000000000
20870  -43.998  -55.178  1.472 0.0000000000
21864  -44.666  -54.586  1.081 0.0000000000
27241  -37.890  -47.948  4.466 0.0000000000
28246  -37.743  -47.085  3.712 0.0000000000
10525  -42.786  -67.350  6.052 0.0000000000
11348  -41.273  -65.455  3.014 0.0000000000
11366  -40.677  -66.113  2.669 0.0000000000
10593  -39.339  -66.979  1.310 0.0000000000
10604  -38.679  -67.057  0.814 0.0000000000
9852  -38.103  -67.259  0.078 0.0000000000
9860  -37.436  -67.301  -0.800 0.0000000000
9859  -36.616  -66.829  -0.817 0.0000000000
13925  -45.436  -61.934  5.948 0.0000000000
14881  -45.557  -61.381  5.578 0.0000000000
14882  -46.541  -61.430  5.460 0.0000000000
15821  -46.779  -60.554  4.954 0.0000000000
17745  -47.030  -58.001  3.487 0.0000000000
17737  -47.175  -58.502  3.628 0.0000000000
17746  -47.727  -58.360  3.329 0.0000000000
15845  -47.984  -59.914  2.853 0.0000000000
15868  -47.489  -60.172  2.287 0.0000000000
15867  -46.579  -60.605  2.229 0.0000000000
15866  -45.695  -60.812  2.638 0.0000000000
13886  -43.039  -62.463  8.083 0.0000000000
16737  -40.312  -59.513  8.028 0.0000000000
15811  -40.510  -60.145  7.057 0.0000000000
16746  -39.944  -59.426  6.984 0.0000000000
18725  -40.502  -57.750  4.561 0.0000000000
19789  -39.650  -56.983  4.649 0.0000000000
20824  -39.763  -55.869  4.053 0.0000000000
23696  -41.926  -52.296  6.725 0.0000000000
23678  -41.523  -52.889  7.309 0.0000000000
21776  -41.430  -54.095  8.045 0.0000000000
22736  -41.058  -53.387  7.782 0.0000000000
22735  -39.948  -53.483  7.873 0.0000000000
25486  -36.910  -50.052  3.573 0.0000000000
24664  -36.945  -51.143  4.140 0.0000000000
24671  -37.267  -51.302  2.952 0.0000000000
23747  -37.670  -52.753  3.153 0.0000000000
23758  -38.145  -52.529  2.569 0.0000000000
24677  -39.150  -51.500  1.271 0.0000000000
24687  -39.444  -51.053  0.743 0.0000000000
12127  -44.787  -64.676  4.096 0.0000000000
11335  -43.624  -65.709  4.279 0.0000000000
10561  -42.767  -66.877  3.406 0.0000000000
9117  -40.212  -68.494  0.513 0.0000000000
14914  -37.625  -61.306  2.790 0.0000000000
14915  -38.694  -61.355  3.140 0.0000000000
13968  -37.335  -62.299  2.745 0.0000000000
13020  -36.313  -63.136  1.878 0.0000000000
12176  -36.092  -63.859  1.348 0.0000000000
12198  -35.899  -64.455  0.423 0.0000000000
13097  -37.738  -63.695  -1.887 0.0000000000
13115  -39.014  -63.450  -3.345 0.0000000000
17733  -43.691  -58.492  3.861 0.0000000000
17742  -44.442  -57.913  3.605 0.0000000000
17743  -45.343  -57.962  3.564 0.0000000000
19818  -44.512  -56.851  2.838 0.0000000000
19819  -45.388  -56.852  2.843 0.0000000000
18746  -45.787  -57.358  3.236 0.0000000000
18747  -46.727  -57.280  3.070 0.0000000000
18766  -47.452  -56.922  2.730 0.0000000000
19841  -48.365  -56.868  2.246 0.0000000000
14813  -43.062  -61.331  9.563 0.0000000000
16724  -41.802  -59.584  9.178 0.0000000000
17687  -41.618  -58.636  9.326 0.0000000000
16723  -41.031  -59.528  8.740 0.0000000000
17701  -40.022  -58.868  8.424 0.0000000000
17700  -39.447  -58.583  8.145 0.0000000000
18704  -38.857  -57.802  7.989 0.0000000000
25459  -39.521  -49.932  5.971 0.0000000000
25439  -39.484  -50.628  6.344 0.0000000000
24614  -38.602  -51.120  6.569 0.0000000000
25437  -38.118  -50.285  6.098 0.0000000000
25457  -37.618  -50.135  5.626 0.0000000000
25475  -36.926  -50.056  4.727 0.0000000000
27253  -37.177  -48.314  3.469 0.0000000000
26333  -37.006  -49.039  4.238 0.0000000000
26355  -37.034  -49.272  2.920 0.0000000000
26359  -37.329  -49.410  2.059 0.0000000000
27278  -37.879  -48.285  0.779 0.0000000000
12161  -44.561  -64.465  2.297 0.0000000000
9141  -39.475  -68.732  -1.957 0.0000000000
9926  -38.625  -67.556  -3.780 0.0000000000
10677  -39.338  -66.775  -5.043 0.0000000000
10697  -39.936  -66.234  -5.814 0.0000000000
12080  -45.703  -64.347  7.610 0.0000000000
12093  -45.128  -64.757  6.877 0.0000000000
12094  -45.713  -63.963  6.389 0.0000000000
12109  -44.822  -64.518  5.520 0.0000000000
12960  -46.150  -63.424  5.813 0.0000000000
12128  -45.353  -64.024  4.491 0.0000000000
12146  -45.352  -64.266  3.403 0.0000000000
12162  -45.275  -64.216  2.529 0.0000000000
16769  -45.471  -59.267  4.201 0.0000000000
15830  -46.120  -60.008  4.445 0.0000000000
14891  -47.614  -60.993  4.216 0.0000000000
13958  -46.794  -62.311  3.443 0.0000000000
13010  -46.232  -63.121  2.901 0.0000000000
12177  -44.986  -64.122  1.903 0.0000000000
13022  -43.656  -64.116  2.553 0.0000000000
13972  -45.542  -62.577  1.853 0.0000000000
12143  -42.814  -64.553  2.811 0.0000000000
13006  -42.301  -63.982  3.627 0.0000000000
13005  -41.452  -64.067  3.594 0.0000000000
12140  -39.976  -64.551  3.457 0.0000000000
13889  -45.719  -62.944  7.196 0.0000000000
13888  -44.894  -63.064  7.637 0.0000000000
13906  -44.835  -62.691  6.624 0.0000000000
13924  -45.042  -62.292  6.067 0.0000000000
15828  -44.010  -59.965  4.628 0.0000000000
14827  -42.223  -61.153  8.682 0.0000000000
15812  -41.269  -61.078  6.905 0.0000000000
15813  -41.917  -61.405  6.435 0.0000000000
14878  -42.273  -61.522  6.223 0.0000000000
16756  -43.104  -59.769  4.721 0.0000000000
16767  -43.368  -59.240  4.340 0.0000000000
18735  -42.723  -57.728  3.665 0.0000000000
19816  -42.683  -56.793  3.279 0.0000000000
18733  -40.921  -57.263  4.189 0.0000000000
19834  -42.258  -56.208  2.709 0.0000000000
21847  -41.936  -54.826  2.018 0.0000000000
21758  -40.740  -54.853  8.581 0.0000000000
19731  -39.308  -56.690  8.629 0.0000000000
19755  -38.354  -56.806  7.804 0.0000000000
19772  -38.041  -56.508  6.745 0.0000000000
23693  -38.522  -51.919  6.974 0.0000000000
22752  -38.126  -52.704  7.359 0.0000000000
22733  -37.680  -53.462  7.340 0.0000000000
21794  -37.284  -54.001  6.785 0.0000000000
21795  -37.464  -54.880  6.681 0.0000000000
20795  -37.665  -55.681  6.431 0.0000000000
19787  -37.911  -56.207  5.646 0.0000000000
20823  -38.900  -55.602  4.218 0.0000000000
21837  -39.491  -54.698  3.055 0.0000000000
22804  -38.841  -54.137  2.885 0.0000000000
21845  -39.878  -54.215  2.434 0.0000000000
22815  -40.099  -53.855  2.110 0.0000000000
9776  -42.254  -67.988  5.645 0.0000000000
10544  -43.263  -66.334  4.790 0.0000000000
9795  -42.131  -67.556  4.822 0.0000000000
9794  -41.756  -68.049  4.850 0.0000000000
9832  -41.799  -67.615  2.290 0.0000000000
9105  -41.252  -68.296  2.012 0.0000000000
9104  -40.687  -68.500  1.469 0.0000000000
9091  -40.642  -68.883  2.483 0.0000000000
21885  -44.467  -53.850  0.565 0.0000000000
20895  -47.268  -55.342  0.978 0.0000000000
19861  -48.236  -56.103  1.709 0.0000000000
19862  -48.535  -56.601  1.545 0.0000000000
17790  -48.275  -58.293  1.188 0.0000000000
16822  -47.529  -58.871  1.565 0.0000000000
16804  -45.799  -59.745  2.415 0.0000000000
17766  -44.824  -58.989  2.233 0.0000000000
16803  -44.704  -59.770  2.621 0.0000000000
15843  -44.291  -60.792  3.280 0.0000000000
12988  -41.131  -63.360  3.829 0.0000000000
13004  -40.586  -63.838  3.619 0.0000000000
14899  -39.087  -61.899  3.423 0.0000000000
14900  -39.764  -61.683  3.312 0.0000000000
14901  -40.781  -61.883  3.447 0.0000000000
13953  -40.424  -62.773  3.721 0.0000000000
13003  -39.614  -63.597  3.583 0.0000000000
12139  -38.874  -64.482  3.450 0.0000000000
10591  -37.230  -66.168  1.644 0.0000000000
9850  -36.270  -66.824  -0.153 0.0000000000
10618  -36.395  -66.193  -1.712 0.0000000000
11422  -36.784  -65.271  -2.187 0.0000000000
11423  -37.298  -65.457  -2.900 0.0000000000
11439  -38.544  -65.240  -4.272 0.0000000000
8394  -40.237  -69.014  1.166 0.0000000000
9033  -41.943  -68.489  5.836 0.0000000000
9069  -40.757  -69.006  3.698 0.0000000000
9887  -38.897  -67.928  -2.627 0.0000000000
9906  -38.539  -67.643  -3.465 0.0000000000
9927  -38.827  -67.675  -3.893 0.0000000000
10543  -42.614  -66.989  4.759 0.0000000000
10578  -43.259  -66.311  2.953 0.0000000000
10594  -40.108  -67.211  1.598 0.0000000000
10601  -35.849  -65.482  0.420 0.0000000000
10602  -36.278  -66.195  0.651 0.0000000000
10610  -35.773  -65.570  -0.042 0.0000000000
10629  -36.738  -66.062  -2.498 0.0000000000
10675  -38.404  -67.341  -3.986 0.0000000000
11288  -44.136  -66.122  7.669 0.0000000000
11290  -45.243  -65.004  7.871 0.0000000000
11349  -41.778  -65.434  2.841 0.0000000000
11363  -37.351  -65.289  2.392 0.0000000000
11364  -38.581  -65.567  2.924 0.0000000000
11384  -36.007  -64.759  1.252 0.0000000000
11385  -36.372  -64.939  1.687 0.0000000000
11386  -36.857  -65.566  1.827 0.0000000000
11398  -36.244  -65.523  1.186 0.0000000000
11403  -35.789  -64.932  0.116 0.0000000000
12079  -45.233  -64.895  7.546 0.0000000000
12110  -45.548  -63.788  5.437 0.0000000000
12141  -40.944  -64.733  3.411 0.0000000000
12142  -41.942  -64.920  3.139 0.0000000000
12144  -43.315  -64.362  2.631 0.0000000000
12145  -44.789  -64.757  3.029 0.0000000000
12155  -36.539  -64.011  2.192 0.0000000000
12159  -42.532  -65.290  2.584 0.0000000000
12178  -45.227  -63.981  1.944 0.0000000000
12191  -35.852  -64.411  0.992 0.0000000000
12192  -36.132  -63.812  0.475 0.0000000000
12199  -36.279  -64.110  -0.275 0.0000000000
12211  -37.376  -64.002  -1.680 0.0000000000
12989  -41.755  -63.526  3.845 0.0000000000
13001  -37.722  -63.184  3.141 0.0000000000
13002  -38.634  -63.414  3.422 0.0000000000
13007  -43.194  -63.845  3.171 0.0000000000
13024  -45.710  -63.600  2.271 0.0000000000
13038  -36.103  -63.071  1.308 0.0000000000
13039  -45.043  -63.741  1.847 0.0000000000
13041  -46.014  -63.034  1.679 0.0000000000
13068  -37.081  -62.923  -0.696 0.0000000000
13083  -37.515  -63.212  -1.367 0.0000000000
13938  -41.596  -63.084  4.055 0.0000000000
13939  -41.967  -63.249  4.024 0.0000000000
13955  -42.352  -62.951  3.940 0.0000000000
13957  -44.313  -62.939  2.788 0.0000000000
13967  -36.592  -62.388  2.136 0.0000000000
13969  -38.086  -62.035  3.111 0.0000000000
13970  -38.691  -62.089  3.343 0.0000000000
13971  -45.030  -62.925  1.952 0.0000000000
13985  -45.370  -63.217  1.767 0.0000000000
14828  -42.653  -61.402  9.173 0.0000000000
14905  -44.806  -61.642  3.063 0.0000000000
14935  -45.825  -62.376  1.765 0.0000000000
15801  -40.842  -60.348  7.894 0.0000000000
15839  -40.423  -61.367  3.134 0.0000000000
15865  -44.829  -60.489  2.935 0.0000000000
16736  -39.827  -59.118  7.804 0.0000000000
16753  -40.294  -59.555  6.108 0.0000000000
16771  -47.268  -59.112  3.790 0.0000000000
16780  -44.185  -60.068  2.948 0.0000000000
16781  -48.008  -59.212  3.192 0.0000000000
16782  -48.236  -59.148  2.461 0.0000000000
16806  -47.503  -59.446  1.880 0.0000000000
16821  -47.033  -59.077  1.736 0.0000000000
16823  -47.926  -58.707  1.375 0.0000000000
17713  -39.803  -59.152  6.291 0.0000000000
17731  -41.613  -58.269  4.282 0.0000000000
17768  -46.476  -58.863  1.856 0.0000000000
18723  -38.300  -56.943  5.735 0.0000000000
18734  -41.563  -57.709  4.104 0.0000000000
18749  -48.170  -57.776  2.911 0.0000000000
18767  -48.107  -57.114  2.686 0.0000000000
18789  -48.517  -57.541  1.412 0.0000000000
19773  -38.444  -57.056  6.893 0.0000000000
19802  -41.214  -56.960  3.861 0.0000000000
19836  -43.982  -56.354  2.363 0.0000000000
19838  -45.941  -56.464  2.382 0.0000000000
19840  -47.915  -56.360  2.254 0.0000000000
19858  -45.379  -55.836  1.832 0.0000000000
19860  -46.345  -56.134  2.144 0.0000000000
20758  -41.160  -55.529  8.875 0.0000000000
20775  -38.364  -55.804  8.049 0.0000000000
20812  -37.308  -54.645  5.394 0.0000000000
20821  -37.337  -54.725  5.038 0.0000000000
20822  -37.839  -55.142  4.506 0.0000000000
20833  -39.518  -55.399  3.701 0.0000000000
20844  -40.694  -55.422  2.821 0.0000000000
20849  -46.958  -55.940  2.158 0.0000000000
20874  -47.756  -55.756  1.602 0.0000000000
20875  -48.422  -55.873  1.251 0.0000000000
21756  -39.268  -55.188  8.432 0.0000000000
21772  -37.525  -53.901  7.265 0.0000000000
21818  -37.333  -54.531  6.137 0.0000000000
21828  -39.088  -55.110  3.654 0.0000000000
21846  -40.748  -54.510  2.321 0.0000000000
22802  -37.541  -52.995  3.530 0.0000000000
22813  -38.583  -53.173  2.573 0.0000000000
22826  -40.666  -53.530  1.626 0.0000000000
23736  -36.971  -52.048  4.732 0.0000000000
23757  -37.508  -52.203  2.938 0.0000000000
23769  -38.669  -52.239  1.890 0.0000000000
24676  -37.972  -51.456  2.000 0.0000000000
24678  -40.127  -51.987  1.177 0.0000000000
25438  -38.662  -50.399  6.336 0.0000000000
26346  -36.936  -49.168  3.548 0.0000000000
27270  -37.596  -48.531  1.519 0.0000000000
