#!ascii label  , from subject 3055 vox2ras=TkReg
994
75613  16.437  -4.293  71.430 0.0000000000
61104  4.902  -17.572  55.386 0.0000000000
67568  10.441  -12.182  68.968 0.0000000000
69700  8.702  -9.182  64.924 0.0000000000
72127  6.795  -7.546  59.868 0.0000000000
70786  13.349  -8.776  71.421 0.0000000000
74472  12.183  -5.891  69.894 0.0000000000
73273  17.304  -7.946  68.748 0.0000000000
65412  15.465  -12.353  68.705 0.0000000000
63194  11.359  -15.419  70.108 0.0000000000
74496  4.930  -6.047  67.764 0.0000000000
68633  4.823  -9.889  62.374 0.0000000000
76859  4.725  -3.460  64.571 0.0000000000
64384  6.556  -15.428  66.197 0.0000000000
64409  9.503  -14.598  63.136 0.0000000000
68600  11.626  -10.338  66.308 0.0000000000
73260  7.784  -6.677  69.983 0.0000000000
65546  8.305  -13.330  59.143 0.0000000000
65551  4.619  -13.073  58.304 0.0000000000
68726  5.183  -11.350  56.227 0.0000000000
75741  7.158  -5.325  58.023 0.0000000000
72031  14.400  -7.760  71.510 0.0000000000
75616  13.598  -4.952  71.789 0.0000000000
74470  17.344  -6.812  70.163 0.0000000000
68581  17.008  -10.116  69.003 0.0000000000
69649  16.313  -9.578  70.230 0.0000000000
68577  14.754  -10.694  71.271 0.0000000000
75662  4.368  -4.672  65.779 0.0000000000
65445  9.165  -13.692  67.435 0.0000000000
65454  10.238  -13.069  66.379 0.0000000000
67574  10.665  -11.706  67.750 0.0000000000
76821  10.447  -3.423  69.780 0.0000000000
73258  9.430  -6.155  69.862 0.0000000000
65416  10.585  -13.491  69.982 0.0000000000
63197  8.752  -15.315  69.774 0.0000000000
64367  8.163  -14.394  68.894 0.0000000000
64373  6.401  -15.050  67.704 0.0000000000
67627  10.864  -11.131  62.846 0.0000000000
64431  9.906  -14.352  61.138 0.0000000000
67645  9.674  -10.996  60.914 0.0000000000
70875  5.390  -8.248  61.361 0.0000000000
67650  4.846  -11.102  60.602 0.0000000000
68689  5.062  -10.777  59.299 0.0000000000
67692  4.073  -11.787  57.613 0.0000000000
69782  5.188  -9.443  58.303 0.0000000000
68572  11.416  -11.454  70.198 0.0000000000
69654  12.432  -9.302  69.374 0.0000000000
73255  12.821  -6.652  70.674 0.0000000000
76809  11.594  -3.251  72.258 0.0000000000
70816  17.931  -7.796  66.837 0.0000000000
67588  15.625  -10.446  65.568 0.0000000000
67571  16.051  -10.605  67.379 0.0000000000
64364  16.353  -12.844  67.727 0.0000000000
65423  13.501  -13.712  70.039 0.0000000000
66507  11.552  -12.977  70.631 0.0000000000
70813  6.113  -8.118  67.198 0.0000000000
69720  6.772  -9.631  63.717 0.0000000000
72074  4.952  -7.347  65.249 0.0000000000
73320  4.925  -6.232  64.177 0.0000000000
74537  6.017  -5.497  62.479 0.0000000000
76805  17.690  -3.343  71.467 0.0000000000
73306  20.186  -6.988  63.902 0.0000000000
73292  21.812  -6.102  66.080 0.0000000000
75640  19.335  -4.893  68.095 0.0000000000
75619  18.782  -4.247  69.927 0.0000000000
62152  5.053  -16.911  65.245 0.0000000000
60968  5.920  -17.136  63.469 0.0000000000
65496  8.151  -15.047  64.766 0.0000000000
66566  10.882  -12.562  64.690 0.0000000000
69698  10.536  -9.131  64.978 0.0000000000
70798  12.218  -8.593  67.941 0.0000000000
72057  10.291  -7.854  67.612 0.0000000000
70811  7.868  -8.458  67.272 0.0000000000
73279  6.406  -6.799  68.478 0.0000000000
62196  7.385  -17.238  61.403 0.0000000000
62216  8.668  -16.715  58.663 0.0000000000
62232  7.234  -16.123  56.966 0.0000000000
67648  6.850  -11.126  60.862 0.0000000000
65563  6.266  -13.519  58.475 0.0000000000
62235  4.284  -15.986  57.603 0.0000000000
64504  2.937  -14.637  56.774 0.0000000000
66678  4.176  -12.687  54.995 0.0000000000
79191  4.590  -1.624  62.328 0.0000000000
75702  5.231  -4.489  60.941 0.0000000000
78111  6.516  -2.691  59.750 0.0000000000
74566  5.699  -5.916  58.893 0.0000000000
70918  6.548  -8.341  57.725 0.0000000000
137185  15.569  -5.823  71.072 0.0000000000
75615  14.642  -4.830  71.593 0.0000000000
76807  15.843  -3.555  71.509 0.0000000000
74456  17.074  -5.250  71.203 0.0000000000
73263  16.909  -7.250  70.324 0.0000000000
73254  16.357  -6.525  70.708 0.0000000000
137182  15.413  -7.568  70.821 0.0000000000
59866  4.255  -18.674  54.716 0.0000000000
61105  4.212  -17.237  54.895 0.0000000000
65439  9.187  -13.647  68.228 0.0000000000
66529  9.975  -12.334  67.990 0.0000000000
67567  10.396  -11.989  68.698 0.0000000000
69714  16.774  -9.566  63.734 0.0000000000
66516  10.394  -13.017  69.425 0.0000000000
64360  9.347  -14.113  69.615 0.0000000000
65433  9.182  -13.550  69.079 0.0000000000
65440  8.534  -14.063  68.557 0.0000000000
68627  10.290  -9.783  63.630 0.0000000000
68662  10.530  -10.951  61.995 0.0000000000
68648  9.454  -10.027  62.753 0.0000000000
70873  6.798  -7.965  60.814 0.0000000000
69758  5.114  -9.635  60.238 0.0000000000
70894  6.081  -8.552  59.716 0.0000000000
70904  4.825  -9.276  58.797 0.0000000000
70903  5.391  -8.454  58.820 0.0000000000
69647  12.888  -9.578  70.983 0.0000000000
69651  12.604  -9.474  70.304 0.0000000000
70783  13.046  -8.001  71.285 0.0000000000
75609  12.144  -3.798  72.691 0.0000000000
79113  11.937  -2.012  70.358 0.0000000000
137179  17.044  -7.393  67.531 0.0000000000
69670  16.433  -8.350  67.096 0.0000000000
69659  16.628  -8.438  67.940 0.0000000000
67553  16.321  -11.069  68.572 0.0000000000
66517  16.996  -11.643  68.272 0.0000000000
65420  15.349  -12.608  67.821 0.0000000000
65422  14.480  -13.385  69.994 0.0000000000
69645  14.488  -9.611  71.552 0.0000000000
67548  13.273  -11.656  71.203 0.0000000000
68570  12.983  -10.651  71.092 0.0000000000
67550  11.390  -11.998  70.325 0.0000000000
72049  5.352  -7.350  67.715 0.0000000000
70823  5.858  -8.260  66.170 0.0000000000
72061  4.770  -7.014  67.015 0.0000000000
75670  5.093  -4.144  65.084 0.0000000000
74513  4.953  -5.271  64.674 0.0000000000
74512  5.143  -5.047  64.300 0.0000000000
73318  5.555  -5.915  63.264 0.0000000000
75683  5.467  -4.388  63.736 0.0000000000
74492  19.536  -5.087  67.067 0.0000000000
64385  5.668  -16.097  66.228 0.0000000000
62150  5.999  -16.461  65.156 0.0000000000
64396  7.407  -15.040  65.963 0.0000000000
67591  11.103  -11.509  66.198 0.0000000000
66552  10.381  -12.802  65.296 0.0000000000
67590  11.370  -11.283  65.657 0.0000000000
67599  11.387  -11.085  64.488 0.0000000000
69683  11.380  -9.725  65.934 0.0000000000
72038  12.654  -7.406  69.249 0.0000000000
69655  12.249  -9.277  68.452 0.0000000000
73274  12.166  -6.711  69.021 0.0000000000
73259  8.476  -6.606  70.007 0.0000000000
73276  10.104  -6.790  68.832 0.0000000000
72039  8.689  -7.153  69.105 0.0000000000
70810  8.737  -8.299  67.404 0.0000000000
70795  7.816  -7.492  68.585 0.0000000000
70796  7.249  -7.392  68.537 0.0000000000
73269  7.459  -6.649  69.279 0.0000000000
65462  15.555  -11.497  65.809 0.0000000000
66564  15.423  -11.323  64.301 0.0000000000
62105  11.838  -15.740  69.417 0.0000000000
62120  10.424  -16.506  68.575 0.0000000000
62111  10.830  -16.189  69.166 0.0000000000
63207  7.511  -15.668  69.239 0.0000000000
62114  7.971  -16.510  68.678 0.0000000000
64378  6.293  -14.900  66.905 0.0000000000
64379  5.797  -15.625  66.676 0.0000000000
63251  8.018  -15.597  63.293 0.0000000000
61005  6.726  -17.378  62.076 0.0000000000
63261  8.245  -15.802  62.489 0.0000000000
65544  9.687  -13.758  59.809 0.0000000000
63287  9.250  -15.549  59.875 0.0000000000
64474  8.665  -15.185  58.165 0.0000000000
62231  7.943  -16.700  57.444 0.0000000000
64475  7.981  -14.423  58.014 0.0000000000
69721  5.964  -9.427  63.453 0.0000000000
67614  6.941  -10.448  62.115 0.0000000000
67615  6.234  -10.135  61.801 0.0000000000
66643  5.122  -12.318  58.882 0.0000000000
65531  5.894  -12.230  59.414 0.0000000000
64461  5.085  -13.728  58.378 0.0000000000
63322  4.875  -15.089  58.347 0.0000000000
63304  4.062  -14.672  59.207 0.0000000000
62254  3.165  -15.674  57.083 0.0000000000
64479  3.460  -14.055  58.385 0.0000000000
67690  4.866  -11.136  56.526 0.0000000000
66669  4.170  -12.611  55.976 0.0000000000
67721  4.826  -11.824  55.275 0.0000000000
79205  4.605  -1.731  61.425 0.0000000000
76888  4.846  -3.609  61.474 0.0000000000
78085  4.586  -2.625  60.998 0.0000000000
76919  7.541  -3.798  58.550 0.0000000000
75716  6.424  -4.210  58.893 0.0000000000
75717  6.024  -4.604  59.292 0.0000000000
74564  6.695  -5.483  58.395 0.0000000000
72151  6.000  -7.356  57.945 0.0000000000
73373  7.278  -6.639  57.696 0.0000000000
70785  14.109  -8.837  71.830 0.0000000000
72032  13.528  -7.439  71.430 0.0000000000
74458  14.337  -6.155  71.654 0.0000000000
74469  17.647  -6.293  69.613 0.0000000000
68585  17.159  -8.772  68.891 0.0000000000
73262  17.178  -7.703  69.675 0.0000000000
69648  16.694  -9.910  69.874 0.0000000000
68575  15.835  -10.458  70.242 0.0000000000
67555  15.407  -11.349  70.242 0.0000000000
69650  15.450  -9.616  71.123 0.0000000000
70784  14.982  -8.978  71.887 0.0000000000
75660  5.333  -4.742  67.106 0.0000000000
75661  4.609  -4.637  66.433 0.0000000000
76839  4.849  -3.638  66.333 0.0000000000
78015  4.580  -2.569  65.942 0.0000000000
78030  4.600  -2.542  64.971 0.0000000000
65457  7.600  -14.303  67.031 0.0000000000
65467  7.950  -14.669  66.332 0.0000000000
65455  9.352  -13.592  66.560 0.0000000000
66540  10.395  -12.309  67.026 0.0000000000
68593  11.608  -10.640  66.832 0.0000000000
74465  10.821  -5.253  70.236 0.0000000000
73257  10.494  -5.853  69.957 0.0000000000
75624  10.163  -4.472  70.005 0.0000000000
75625  9.010  -5.247  69.778 0.0000000000
74473  8.015  -5.736  70.191 0.0000000000
75634  7.555  -5.835  69.269 0.0000000000
64342  10.839  -14.230  70.886 0.0000000000
63195  10.437  -15.355  70.171 0.0000000000
64353  9.076  -14.716  69.807 0.0000000000
64354  8.401  -14.840  69.744 0.0000000000
64363  7.177  -15.013  69.092 0.0000000000
64369  6.780  -14.987  68.516 0.0000000000
64368  7.465  -14.606  68.749 0.0000000000
65447  7.445  -14.333  67.529 0.0000000000
65492  10.533  -13.516  63.117 0.0000000000
64423  9.345  -14.781  62.082 0.0000000000
66600  10.507  -12.500  61.541 0.0000000000
66612  10.169  -12.782  60.833 0.0000000000
66614  8.780  -12.542  59.834 0.0000000000
69736  4.674  -9.118  62.420 0.0000000000
67633  5.070  -10.710  61.261 0.0000000000
68665  4.957  -10.227  60.972 0.0000000000
67656  4.759  -11.242  59.991 0.0000000000
67667  5.066  -11.573  58.868 0.0000000000
66644  3.925  -12.249  58.065 0.0000000000
68702  5.103  -11.105  58.387 0.0000000000
69795  5.110  -10.285  57.968 0.0000000000
69794  5.485  -9.992  57.714 0.0000000000
74576  8.243  -5.409  57.425 0.0000000000
73372  8.247  -6.526  57.576 0.0000000000
74589  8.807  -5.914  57.268 0.0000000000
67557  10.851  -11.814  69.943 0.0000000000
67561  11.005  -11.604  69.375 0.0000000000
68578  12.012  -10.288  69.837 0.0000000000
70790  12.798  -8.375  69.825 0.0000000000
74471  12.438  -5.998  70.311 0.0000000000
73253  13.177  -6.700  71.265 0.0000000000
74463  12.643  -5.768  70.989 0.0000000000
74464  11.887  -5.422  70.268 0.0000000000
76820  11.211  -3.229  70.275 0.0000000000
72072  18.113  -7.007  65.689 0.0000000000
70828  17.247  -9.094  64.903 0.0000000000
69681  16.653  -8.723  66.159 0.0000000000
67560  16.841  -10.818  68.528 0.0000000000
66521  17.545  -12.044  67.574 0.0000000000
64370  15.618  -13.008  66.983 0.0000000000
62104  12.727  -15.810  69.588 0.0000000000
63193  12.315  -15.311  69.996 0.0000000000
66504  14.199  -12.230  70.979 0.0000000000
65413  13.118  -13.304  70.809 0.0000000000
64340  11.118  -14.324  71.148 0.0000000000
66500  11.080  -13.445  70.544 0.0000000000
67551  10.759  -12.350  70.027 0.0000000000
69688  7.276  -8.793  65.620 0.0000000000
69719  7.670  -9.489  63.717 0.0000000000
69689  6.528  -8.602  65.443 0.0000000000
69703  6.179  -8.942  64.458 0.0000000000
70839  5.012  -8.429  64.023 0.0000000000
73296  4.510  -5.692  65.739 0.0000000000
73309  4.905  -6.696  64.231 0.0000000000
70852  4.986  -8.256  63.252 0.0000000000
72102  5.099  -7.299  62.558 0.0000000000
73334  5.860  -6.696  62.131 0.0000000000
73333  6.322  -6.200  61.729 0.0000000000
76806  16.726  -3.454  71.375 0.0000000000
72079  18.859  -7.079  63.879 0.0000000000
70825  22.801  -8.302  65.064 0.0000000000
72054  23.036  -6.979  66.425 0.0000000000
72069  22.120  -7.557  65.392 0.0000000000
73298  21.598  -6.597  65.563 0.0000000000
73299  20.476  -6.539  64.848 0.0000000000
73308  18.615  -6.474  65.105 0.0000000000
137178  17.663  -7.065  67.291 0.0000000000
74481  18.204  -6.125  67.771 0.0000000000
75629  18.999  -4.444  68.989 0.0000000000
75630  18.481  -5.264  69.226 0.0000000000
75620  18.178  -5.188  70.467 0.0000000000
75621  17.779  -5.034  71.005 0.0000000000
64411  7.824  -15.390  64.337 0.0000000000
64410  8.667  -15.060  63.759 0.0000000000
65479  8.986  -14.233  64.981 0.0000000000
65478  9.650  -13.628  64.501 0.0000000000
65493  10.002  -13.999  63.706 0.0000000000
66582  10.829  -12.500  63.577 0.0000000000
68626  11.075  -10.590  63.538 0.0000000000
69699  9.581  -9.044  65.015 0.0000000000
68588  11.816  -10.705  68.621 0.0000000000
68587  12.020  -10.158  68.082 0.0000000000
69671  12.214  -9.545  66.896 0.0000000000
73275  11.184  -6.928  69.041 0.0000000000
72056  11.307  -8.003  67.628 0.0000000000
70818  11.787  -9.067  66.655 0.0000000000
70820  10.242  -9.066  66.851 0.0000000000
69675  9.082  -9.243  66.716 0.0000000000
69676  8.181  -9.092  66.671 0.0000000000
70812  7.014  -8.414  67.296 0.0000000000
72048  6.090  -7.386  68.270 0.0000000000
74485  5.305  -6.370  68.084 0.0000000000
75644  7.364  -5.785  68.397 0.0000000000
75653  6.269  -5.437  67.688 0.0000000000
75654  5.558  -5.406  67.568 0.0000000000
59713  9.867  -17.284  67.371 0.0000000000
62113  8.940  -16.734  69.253 0.0000000000
63272  8.903  -15.758  61.028 0.0000000000
62208  8.007  -17.146  60.109 0.0000000000
61090  5.869  -16.992  55.848 0.0000000000
68649  8.223  -10.241  62.456 0.0000000000
67647  7.703  -11.246  60.906 0.0000000000
66615  7.814  -12.191  59.780 0.0000000000
66605  6.034  -11.527  60.498 0.0000000000
65529  6.784  -12.091  59.834 0.0000000000
64459  7.079  -13.516  58.772 0.0000000000
63321  5.807  -14.678  57.619 0.0000000000
62234  5.139  -15.937  57.227 0.0000000000
62252  4.878  -16.218  56.313 0.0000000000
62253  4.078  -15.930  56.515 0.0000000000
65580  3.766  -12.975  56.942 0.0000000000
65607  3.801  -13.461  55.484 0.0000000000
79170  5.047  -1.523  64.263 0.0000000000
79180  5.185  -1.057  63.216 0.0000000000
78060  5.032  -2.399  63.053 0.0000000000
76876  5.633  -3.494  62.767 0.0000000000
75701  5.602  -4.373  61.805 0.0000000000
74549  5.760  -5.381  60.625 0.0000000000
76909  5.743  -4.186  59.865 0.0000000000
75718  5.552  -5.176  59.567 0.0000000000
73354  5.709  -6.402  59.510 0.0000000000
72135  5.804  -7.316  58.554 0.0000000000
70919  5.895  -8.632  58.138 0.0000000000
69792  6.246  -10.548  57.401 0.0000000000
69803  7.388  -10.022  56.905 0.0000000000
75614  15.690  -4.581  71.606 0.0000000000
74457  16.594  -5.225  71.340 0.0000000000
74462  16.477  -5.853  71.002 0.0000000000
59865  4.830  -18.501  55.116 0.0000000000
66523  10.029  -12.765  68.606 0.0000000000
66522  10.118  -12.340  68.463 0.0000000000
70836  17.545  -7.980  63.973 0.0000000000
70850  16.743  -8.573  63.232 0.0000000000
70837  17.179  -8.865  64.292 0.0000000000
67563  10.417  -12.386  69.202 0.0000000000
66519  10.206  -13.034  69.054 0.0000000000
69717  9.415  -9.148  64.023 0.0000000000
68628  9.594  -9.548  63.413 0.0000000000
69733  9.088  -9.417  63.412 0.0000000000
72119  7.021  -7.729  60.330 0.0000000000
69772  6.788  -8.670  60.005 0.0000000000
70895  4.923  -8.895  59.289 0.0000000000
72128  6.127  -7.495  59.187 0.0000000000
70782  13.160  -8.167  71.419 0.0000000000
66511  15.668  -11.637  68.631 0.0000000000
66501  15.712  -11.531  67.503 0.0000000000
65411  15.337  -12.179  68.153 0.0000000000
64346  15.255  -13.200  68.136 0.0000000000
65421  15.305  -13.081  68.992 0.0000000000
65431  14.462  -13.709  69.420 0.0000000000
69646  13.680  -9.650  71.337 0.0000000000
73281  4.983  -6.679  67.925 0.0000000000
73287  4.692  -6.409  67.354 0.0000000000
75679  5.116  -4.661  64.854 0.0000000000
75678  5.221  -4.470  64.383 0.0000000000
76868  5.049  -3.460  63.652 0.0000000000
67582  11.315  -11.034  66.515 0.0000000000
68606  11.417  -10.316  65.321 0.0000000000
73264  12.511  -6.505  69.795 0.0000000000
73268  8.453  -7.040  69.600 0.0000000000
72047  8.320  -7.396  68.552 0.0000000000
72036  8.050  -7.181  69.770 0.0000000000
70792  7.601  -7.217  69.057 0.0000000000
72037  7.705  -7.074  69.460 0.0000000000
62106  11.209  -15.755  69.616 0.0000000000
63203  10.790  -15.737  69.773 0.0000000000
62115  7.341  -16.246  68.815 0.0000000000
64383  7.063  -14.700  66.596 0.0000000000
63250  8.738  -15.209  62.792 0.0000000000
65545  9.140  -13.460  59.447 0.0000000000
64457  9.073  -14.469  58.966 0.0000000000
68632  5.643  -9.825  62.576 0.0000000000
65550  5.059  -12.956  58.491 0.0000000000
65564  5.335  -12.634  58.725 0.0000000000
63303  4.545  -14.589  58.943 0.0000000000
64462  4.260  -13.920  58.938 0.0000000000
64463  4.075  -13.595  58.460 0.0000000000
67707  4.926  -11.591  55.913 0.0000000000
81254  4.838  -0.228  61.353 0.0000000000
80276  4.854  -0.868  60.967 0.0000000000
79221  5.051  -1.653  60.783 0.0000000000
75726  7.961  -4.299  58.257 0.0000000000
75727  7.047  -4.528  58.401 0.0000000000
75728  6.348  -4.980  58.779 0.0000000000
74578  6.973  -6.040  58.053 0.0000000000
76808  14.785  -3.562  71.845 0.0000000000
69653  16.654  -8.377  70.046 0.0000000000
70788  15.652  -8.532  70.785 0.0000000000
137184  14.907  -6.806  70.843 0.0000000000
72034  15.071  -8.484  71.334 0.0000000000
79162  4.626  -1.674  65.465 0.0000000000
65456  8.450  -14.060  66.822 0.0000000000
65444  9.865  -13.081  67.270 0.0000000000
67583  10.885  -11.567  66.778 0.0000000000
67573  11.476  -11.016  67.405 0.0000000000
76814  11.003  -3.822  70.365 0.0000000000
75626  8.374  -5.567  70.011 0.0000000000
75633  8.061  -5.384  69.513 0.0000000000
65417  10.383  -14.053  70.406 0.0000000000
64352  9.915  -14.510  70.242 0.0000000000
64361  8.612  -14.318  69.382 0.0000000000
64362  7.849  -14.829  69.366 0.0000000000
65446  8.207  -14.196  67.741 0.0000000000
67612  10.756  -12.014  62.980 0.0000000000
65505  10.461  -13.422  62.180 0.0000000000
67628  10.730  -11.539  62.384 0.0000000000
68663  10.100  -10.560  61.768 0.0000000000
67644  10.460  -11.271  61.389 0.0000000000
66613  9.570  -12.670  60.444 0.0000000000
66602  9.190  -11.795  60.440 0.0000000000
69745  4.745  -9.223  61.527 0.0000000000
69759  4.777  -10.222  59.683 0.0000000000
68677  4.672  -10.630  59.848 0.0000000000
67657  4.976  -11.230  59.424 0.0000000000
67668  4.647  -11.675  58.471 0.0000000000
68701  5.207  -10.635  58.884 0.0000000000
69783  5.024  -10.212  58.496 0.0000000000
68714  4.980  -10.690  57.245 0.0000000000
75725  8.408  -4.040  58.182 0.0000000000
75739  8.616  -4.354  57.489 0.0000000000
75751  8.718  -5.139  56.888 0.0000000000
68579  11.414  -11.137  69.989 0.0000000000
70787  12.844  -8.401  70.964 0.0000000000
72035  12.913  -7.443  70.270 0.0000000000
74459  13.269  -5.905  71.637 0.0000000000
75617  12.484  -4.746  71.649 0.0000000000
75618  11.741  -3.944  71.941 0.0000000000
75622  12.171  -5.069  70.915 0.0000000000
75623  11.553  -4.481  70.737 0.0000000000
76813  11.561  -3.455  71.148 0.0000000000
68598  16.142  -9.542  66.787 0.0000000000
68580  17.144  -8.821  69.250 0.0000000000
68586  16.767  -9.418  68.624 0.0000000000
65429  16.722  -12.643  67.769 0.0000000000
65428  17.210  -12.242  68.063 0.0000000000
65436  17.093  -12.500  67.535 0.0000000000
63209  15.710  -13.304  67.483 0.0000000000
62116  14.588  -14.885  67.387 0.0000000000
64348  13.492  -14.390  69.536 0.0000000000
63192  13.131  -15.228  69.721 0.0000000000
64349  12.744  -14.508  69.923 0.0000000000
67556  14.741  -11.261  70.989 0.0000000000
66513  14.669  -12.337  70.436 0.0000000000
66506  12.659  -12.585  70.966 0.0000000000
65414  12.224  -13.374  70.606 0.0000000000
65425  12.001  -13.865  70.404 0.0000000000
65415  11.501  -13.781  70.470 0.0000000000
64336  11.253  -14.201  71.298 0.0000000000
66499  11.291  -13.403  70.593 0.0000000000
69678  6.614  -8.537  66.385 0.0000000000
72067  5.307  -7.724  65.732 0.0000000000
70831  5.926  -8.103  65.179 0.0000000000
72073  5.311  -7.778  64.926 0.0000000000
70838  5.575  -8.272  64.491 0.0000000000
72081  4.959  -8.104  64.582 0.0000000000
74504  4.431  -5.327  66.138 0.0000000000
74521  4.980  -5.860  64.191 0.0000000000
73310  4.656  -6.088  64.564 0.0000000000
72095  4.953  -7.370  63.390 0.0000000000
73319  5.225  -6.419  63.623 0.0000000000
74527  5.680  -5.398  62.893 0.0000000000
73326  5.549  -6.641  62.776 0.0000000000
73325  5.977  -6.130  62.650 0.0000000000
73332  6.193  -5.664  62.214 0.0000000000
77963  17.038  -2.241  71.226 0.0000000000
72092  20.098  -7.606  63.411 0.0000000000
72093  19.244  -7.396  63.123 0.0000000000
73316  19.757  -7.279  63.563 0.0000000000
73317  19.488  -7.055  63.758 0.0000000000
74498  22.403  -5.884  66.916 0.0000000000
73285  23.033  -6.439  66.865 0.0000000000
73291  22.419  -6.489  66.226 0.0000000000
73297  22.293  -7.038  65.758 0.0000000000
74508  20.013  -6.000  65.530 0.0000000000
73300  19.422  -6.201  65.234 0.0000000000
73293  19.403  -5.975  65.918 0.0000000000
74480  19.024  -5.371  67.655 0.0000000000
74493  18.810  -5.838  66.794 0.0000000000
75641  18.774  -5.185  68.518 0.0000000000
76819  19.499  -3.945  69.763 0.0000000000
75611  18.110  -4.304  71.178 0.0000000000
75612  17.239  -4.609  71.235 0.0000000000
62162  4.552  -17.439  64.792 0.0000000000
62160  5.368  -16.846  64.518 0.0000000000
65481  7.866  -15.147  64.914 0.0000000000
63243  6.676  -15.902  64.466 0.0000000000
65495  8.441  -14.735  64.507 0.0000000000
65466  8.729  -14.146  65.910 0.0000000000
65465  9.668  -13.371  65.505 0.0000000000
66567  10.076  -12.959  64.767 0.0000000000
65477  10.374  -13.218  64.071 0.0000000000
66581  11.333  -11.986  64.207 0.0000000000
69697  11.157  -9.587  65.270 0.0000000000
68614  11.079  -9.934  64.434 0.0000000000
68615  10.543  -9.480  64.293 0.0000000000
68584  11.599  -10.885  69.278 0.0000000000
68583  11.935  -10.053  68.978 0.0000000000
69660  12.221  -9.420  67.571 0.0000000000
70806  12.217  -8.885  67.125 0.0000000000
73266  10.304  -6.367  69.470 0.0000000000
72045  9.804  -7.112  68.130 0.0000000000
72044  10.832  -7.346  68.256 0.0000000000
70807  11.582  -8.636  67.113 0.0000000000
70808  10.690  -8.583  67.171 0.0000000000
70819  10.936  -9.079  66.624 0.0000000000
69662  9.220  -9.079  67.255 0.0000000000
69663  8.571  -9.052  67.198 0.0000000000
69686  8.923  -9.334  65.885 0.0000000000
70821  7.702  -8.704  66.925 0.0000000000
72042  6.774  -7.182  68.550 0.0000000000
70797  6.637  -7.462  68.310 0.0000000000
73280  5.547  -6.852  68.283 0.0000000000
74484  5.902  -6.363  68.220 0.0000000000
68605  16.313  -10.073  65.065 0.0000000000
69696  17.064  -9.693  64.604 0.0000000000
67589  15.725  -10.656  64.655 0.0000000000
60919  9.917  -16.746  68.149 0.0000000000
63205  9.240  -15.896  69.533 0.0000000000
63204  10.095  -15.822  69.660 0.0000000000
63239  4.761  -16.561  65.736 0.0000000000
62153  4.587  -17.146  65.353 0.0000000000
62184  7.648  -16.615  61.895 0.0000000000
61027  7.067  -17.685  60.775 0.0000000000
64432  9.229  -15.010  61.308 0.0000000000
63271  9.451  -15.006  60.504 0.0000000000
62207  8.581  -16.708  59.702 0.0000000000
61049  8.354  -17.107  59.152 0.0000000000
61050  7.777  -17.465  59.639 0.0000000000
61067  8.158  -17.319  58.551 0.0000000000
62249  7.492  -16.898  57.002 0.0000000000
62250  6.733  -16.633  56.646 0.0000000000
61089  6.528  -17.474  56.098 0.0000000000
69735  7.846  -9.811  62.902 0.0000000000
68630  7.327  -10.096  62.871 0.0000000000
67630  7.338  -10.697  61.429 0.0000000000
66603  8.173  -12.066  60.609 0.0000000000
66604  7.052  -11.850  60.318 0.0000000000
66606  5.275  -11.368  60.689 0.0000000000
66592  5.548  -11.177  60.906 0.0000000000
65548  6.257  -12.798  58.843 0.0000000000
65530  6.340  -12.134  59.656 0.0000000000
65547  7.196  -12.771  59.167 0.0000000000
65562  6.712  -13.342  58.721 0.0000000000
64476  6.819  -13.913  58.160 0.0000000000
64477  5.910  -13.924  58.102 0.0000000000
62219  4.738  -15.746  58.084 0.0000000000
62218  5.323  -15.373  57.611 0.0000000000
61091  4.530  -16.640  55.674 0.0000000000
63354  2.739  -15.116  57.127 0.0000000000
64503  3.610  -14.391  56.097 0.0000000000
66655  3.822  -12.396  57.523 0.0000000000
65617  3.546  -13.466  54.340 0.0000000000
79190  4.742  -1.130  62.681 0.0000000000
79181  4.866  -1.704  63.235 0.0000000000
78059  5.352  -3.014  62.910 0.0000000000
78072  5.226  -3.135  62.529 0.0000000000
74539  5.827  -4.989  61.338 0.0000000000
78098  5.649  -2.514  60.040 0.0000000000
76897  5.839  -3.326  59.937 0.0000000000
75729  5.802  -5.303  59.016 0.0000000000
75719  5.449  -5.625  59.406 0.0000000000
74556  5.439  -5.813  59.531 0.0000000000
73364  5.557  -6.200  59.282 0.0000000000
73363  5.684  -6.385  58.990 0.0000000000
70929  6.329  -9.276  57.639 0.0000000000
72149  7.683  -7.420  57.532 0.0000000000
77965  15.252  -2.716  71.381 0.0000000000
74461  17.250  -5.813  70.711 0.0000000000
70793  16.055  -7.528  70.552 0.0000000000
137176  15.729  -7.354  70.637 0.0000000000
66530  9.598  -13.064  67.924 0.0000000000
67566  11.323  -11.334  68.493 0.0000000000
65426  10.433  -13.256  69.615 0.0000000000
65427  10.080  -13.634  69.601 0.0000000000
65434  8.526  -13.983  69.023 0.0000000000
68647  10.606  -10.627  62.686 0.0000000000
68664  9.029  -10.697  61.784 0.0000000000
70886  6.122  -9.012  60.291 0.0000000000
69773  5.016  -9.131  59.675 0.0000000000
69774  4.873  -9.808  59.303 0.0000000000
68571  11.901  -10.704  70.708 0.0000000000
72033  13.088  -7.570  71.160 0.0000000000
75608  13.054  -4.079  72.374 0.0000000000
79081  11.912  -1.874  73.033 0.0000000000
77968  11.691  -2.554  71.836 0.0000000000
79102  12.093  -2.218  71.325 0.0000000000
68591  16.313  -9.518  67.686 0.0000000000
68573  16.844  -10.584  69.014 0.0000000000
67552  16.829  -11.032  68.420 0.0000000000
66510  16.334  -11.569  67.904 0.0000000000
64344  16.036  -13.001  67.531 0.0000000000
65432  14.072  -13.656  69.800 0.0000000000
68569  14.110  -10.697  71.419 0.0000000000
67547  14.151  -11.810  71.201 0.0000000000
67549  12.215  -11.727  70.930 0.0000000000
72060  5.337  -7.606  66.697 0.0000000000
72068  4.663  -7.239  66.041 0.0000000000
76851  4.685  -4.219  65.508 0.0000000000
74509  4.576  -5.265  65.431 0.0000000000
74520  5.229  -5.313  63.779 0.0000000000
74519  5.437  -5.542  63.349 0.0000000000
74528  5.443  -4.775  63.307 0.0000000000
72071  20.717  -7.211  64.357 0.0000000000
74499  21.715  -5.621  66.596 0.0000000000
73286  19.316  -5.701  66.431 0.0000000000
75649  19.890  -4.718  67.710 0.0000000000
76812  18.635  -4.038  70.752 0.0000000000
63238  5.321  -16.398  65.723 0.0000000000
62151  5.655  -16.576  65.172 0.0000000000
63237  6.271  -16.269  65.479 0.0000000000
64397  7.164  -15.260  65.197 0.0000000000
65480  8.124  -14.827  65.318 0.0000000000
65464  10.352  -12.927  65.763 0.0000000000
66551  10.894  -12.212  65.853 0.0000000000
66550  11.278  -11.815  65.525 0.0000000000
66565  11.468  -11.924  65.081 0.0000000000
70794  12.511  -8.358  68.807 0.0000000000
72043  12.088  -7.526  68.249 0.0000000000
73267  9.191  -6.722  69.440 0.0000000000
73277  9.317  -6.960  68.831 0.0000000000
72058  9.322  -7.641  67.595 0.0000000000
72059  8.587  -7.456  67.787 0.0000000000
70799  8.047  -7.656  67.781 0.0000000000
70800  7.382  -7.777  67.809 0.0000000000
72041  7.352  -7.068  68.954 0.0000000000
73270  7.028  -6.877  68.786 0.0000000000
66549  15.506  -11.166  65.308 0.0000000000
60907  12.060  -16.047  68.814 0.0000000000
60908  11.410  -16.203  68.845 0.0000000000
62121  9.962  -16.566  68.800 0.0000000000
63206  8.372  -15.951  69.505 0.0000000000
64374  5.792  -15.397  67.200 0.0000000000
64380  4.942  -15.793  66.313 0.0000000000
64386  4.907  -15.962  65.935 0.0000000000
63252  7.080  -15.944  63.522 0.0000000000
62176  6.825  -16.609  62.825 0.0000000000
63262  7.551  -16.048  62.679 0.0000000000
63274  7.924  -16.139  62.238 0.0000000000
63273  8.364  -16.075  61.831 0.0000000000
64442  9.723  -14.410  59.935 0.0000000000
64443  9.427  -14.867  59.652 0.0000000000
63301  9.265  -15.892  58.735 0.0000000000
62230  8.393  -16.771  57.983 0.0000000000
63318  8.592  -16.035  57.897 0.0000000000
63338  7.927  -15.942  57.310 0.0000000000
63339  7.089  -15.429  57.298 0.0000000000
68631  6.507  -9.939  62.768 0.0000000000
67631  6.633  -10.600  61.265 0.0000000000
66618  5.328  -11.846  59.798 0.0000000000
65549  5.564  -12.676  58.776 0.0000000000
64460  5.703  -13.478  58.424 0.0000000000
63302  5.203  -14.261  58.263 0.0000000000
63323  3.995  -15.391  58.739 0.0000000000
63341  3.661  -15.734  58.032 0.0000000000
63324  3.476  -14.839  58.566 0.0000000000
64492  2.875  -14.340  57.471 0.0000000000
67691  4.536  -11.438  57.043 0.0000000000
66654  3.919  -12.382  56.896 0.0000000000
67708  4.617  -11.878  56.342 0.0000000000
66668  4.643  -12.109  55.616 0.0000000000
66677  4.565  -12.144  55.188 0.0000000000
80244  4.643  -0.878  62.169 0.0000000000
78073  4.768  -2.696  62.090 0.0000000000
76898  5.135  -3.500  60.426 0.0000000000
76907  6.942  -3.465  58.988 0.0000000000
76908  6.258  -3.746  59.487 0.0000000000
74565  6.178  -5.760  58.677 0.0000000000
73362  5.978  -6.592  58.481 0.0000000000
73361  6.444  -6.221  58.302 0.0000000000
73374  6.512  -6.680  57.804 0.0000000000
72150  6.816  -7.425  57.602 0.0000000000
70781  13.618  -8.197  71.656 0.0000000000
72028  13.664  -7.822  71.585 0.0000000000
73252  13.735  -6.797  71.492 0.0000000000
75607  13.994  -4.061  72.238 0.0000000000
73261  17.328  -8.209  69.236 0.0000000000
137177  16.909  -7.778  70.000 0.0000000000
69652  16.862  -9.655  69.643 0.0000000000
68582  16.921  -10.201  69.324 0.0000000000
68574  16.554  -10.388  69.575 0.0000000000
67554  15.943  -11.204  69.286 0.0000000000
66512  15.571  -12.056  69.282 0.0000000000
68576  15.208  -10.599  70.922 0.0000000000
70789  15.308  -8.928  71.403 0.0000000000
68568  14.853  -10.147  71.410 0.0000000000
74503  4.753  -5.551  67.008 0.0000000000
76840  4.458  -4.092  65.967 0.0000000000
78014  5.053  -2.500  66.398 0.0000000000
76850  4.617  -3.518  65.513 0.0000000000
73256  11.176  -5.671  70.106 0.0000000000
73265  11.531  -6.115  69.666 0.0000000000
74466  9.750  -5.514  69.979 0.0000000000
74467  8.659  -5.878  70.143 0.0000000000
74468  8.000  -6.181  70.317 0.0000000000
74474  7.560  -6.018  69.856 0.0000000000
64351  10.977  -14.905  70.544 0.0000000000
63196  9.546  -15.304  69.991 0.0000000000
63198  8.063  -15.296  69.762 0.0000000000
63208  6.878  -15.481  68.817 0.0000000000
64372  7.196  -14.399  68.037 0.0000000000
64371  7.912  -14.356  68.384 0.0000000000
64377  6.955  -14.547  67.301 0.0000000000
64408  10.287  -14.140  63.011 0.0000000000
64421  10.391  -13.866  62.707 0.0000000000
65506  10.199  -13.783  61.629 0.0000000000
65515  10.225  -13.661  61.152 0.0000000000
65526  10.308  -13.184  61.086 0.0000000000
65527  9.966  -13.549  60.532 0.0000000000
65528  9.408  -13.243  60.044 0.0000000000
66629  8.553  -13.003  59.478 0.0000000000
68651  4.782  -9.933  61.780 0.0000000000
68676  4.734  -10.596  60.361 0.0000000000
66619  5.066  -11.598  59.576 0.0000000000
66633  5.036  -12.155  58.948 0.0000000000
66634  4.505  -12.285  58.424 0.0000000000
65566  4.019  -13.082  58.011 0.0000000000
67679  4.447  -11.597  58.110 0.0000000000
69784  5.148  -10.793  58.206 0.0000000000
68715  4.898  -11.087  57.825 0.0000000000
68713  5.320  -10.763  56.931 0.0000000000
75740  7.660  -4.886  57.733 0.0000000000
74577  7.577  -5.787  57.741 0.0000000000
74588  9.355  -5.631  56.710 0.0000000000
59864  5.449  -18.628  55.558 0.0000000000
67562  10.450  -12.018  69.422 0.0000000000
72029  13.305  -7.861  71.472 0.0000000000
77977  11.667  -2.705  70.724 0.0000000000
70827  17.416  -8.204  65.220 0.0000000000
69682  17.018  -9.398  65.385 0.0000000000
68604  15.938  -9.593  65.842 0.0000000000
66548  15.543  -11.100  66.124 0.0000000000
65453  15.602  -12.165  66.549 0.0000000000
67564  16.451  -10.724  68.019 0.0000000000
66520  17.147  -11.657  67.981 0.0000000000
66527  17.078  -11.460  67.407 0.0000000000
66528  17.188  -12.068  67.006 0.0000000000
65443  16.450  -12.362  66.993 0.0000000000
64376  15.379  -12.705  66.807 0.0000000000
63210  14.862  -14.069  67.476 0.0000000000
60902  12.835  -16.081  69.141 0.0000000000
60903  12.454  -15.899  69.267 0.0000000000
66514  13.942  -13.113  70.586 0.0000000000
66505  13.735  -12.496  71.078 0.0000000000
65424  12.528  -13.826  70.279 0.0000000000
64350  11.722  -14.505  70.444 0.0000000000
64341  11.018  -14.405  70.769 0.0000000000
64339  9.877  -14.065  71.644 0.0000000000
65407  10.791  -13.957  70.595 0.0000000000
66508  10.946  -12.989  70.290 0.0000000000
66515  10.606  -12.887  69.801 0.0000000000
67558  10.483  -12.354  69.637 0.0000000000
69687  8.028  -9.177  65.787 0.0000000000
69718  8.507  -9.169  63.965 0.0000000000
69701  7.875  -9.121  64.786 0.0000000000
69702  7.024  -9.261  64.701 0.0000000000
69704  5.551  -8.858  63.928 0.0000000000
69722  5.181  -9.115  63.148 0.0000000000
73295  4.581  -6.235  66.224 0.0000000000
73302  4.687  -6.707  65.133 0.0000000000
73303  4.463  -5.883  65.241 0.0000000000
72082  4.862  -7.574  64.367 0.0000000000
70863  4.820  -8.214  62.397 0.0000000000
72111  5.371  -7.153  61.966 0.0000000000
72110  5.969  -7.279  61.360 0.0000000000
72120  6.332  -7.226  60.611 0.0000000000
72080  18.148  -7.105  64.533 0.0000000000
72065  22.880  -7.544  65.943 0.0000000000
72070  21.406  -7.529  64.715 0.0000000000
74507  20.727  -5.878  65.652 0.0000000000
73307  19.305  -6.659  64.408 0.0000000000
72066  18.403  -6.509  66.541 0.0000000000
75639  20.519  -4.595  68.162 0.0000000000
74460  17.727  -5.783  70.299 0.0000000000
62159  6.017  -16.491  64.766 0.0000000000
65494  9.174  -14.357  64.101 0.0000000000
67611  10.979  -11.475  63.377 0.0000000000
69716  10.126  -9.123  64.282 0.0000000000
67565  11.900  -10.891  68.067 0.0000000000
67572  11.894  -10.593  67.670 0.0000000000
68592  12.022  -10.246  67.138 0.0000000000
68599  12.047  -9.954  66.649 0.0000000000
72055  11.967  -8.301  67.587 0.0000000000
70817  12.121  -9.243  66.742 0.0000000000
69672  11.849  -9.604  66.477 0.0000000000
69673  11.354  -9.363  66.344 0.0000000000
69684  10.855  -9.130  65.906 0.0000000000
70829  10.520  -8.985  66.258 0.0000000000
70809  9.713  -8.699  67.315 0.0000000000
69674  9.645  -9.152  66.985 0.0000000000
69685  9.960  -8.680  66.107 0.0000000000
69677  7.345  -8.643  66.627 0.0000000000
69665  6.761  -8.499  66.944 0.0000000000
70801  6.581  -7.803  67.926 0.0000000000
70802  5.944  -7.764  67.877 0.0000000000
74482  7.381  -6.226  68.968 0.0000000000
74483  6.720  -6.284  68.356 0.0000000000
75645  6.661  -5.940  68.040 0.0000000000
74494  6.202  -6.002  68.010 0.0000000000
74495  5.571  -5.876  67.880 0.0000000000
74502  5.196  -5.543  67.494 0.0000000000
68613  16.460  -10.336  64.112 0.0000000000
67598  15.559  -10.721  63.573 0.0000000000
62112  9.750  -16.390  69.276 0.0000000000
62122  9.474  -16.785  69.025 0.0000000000
59699  9.187  -17.340  68.180 0.0000000000
62183  8.383  -16.332  61.183 0.0000000000
62194  8.660  -16.273  60.587 0.0000000000
62195  7.950  -16.964  60.759 0.0000000000
61026  7.690  -17.339  60.321 0.0000000000
61051  6.813  -18.207  59.707 0.0000000000
61079  7.783  -17.536  57.728 0.0000000000
61103  5.642  -17.590  55.622 0.0000000000
69734  8.457  -9.579  63.133 0.0000000000
67613  7.590  -10.485  62.223 0.0000000000
67629  8.090  -10.763  61.620 0.0000000000
67646  8.643  -11.159  60.921 0.0000000000
66630  8.063  -12.587  59.333 0.0000000000
67616  5.441  -10.149  61.710 0.0000000000
67632  5.884  -10.681  60.991 0.0000000000
67649  6.330  -10.935  60.936 0.0000000000
66617  5.994  -11.873  59.827 0.0000000000
65516  6.730  -11.909  60.075 0.0000000000
66616  7.257  -12.246  59.705 0.0000000000
64458  7.746  -13.727  58.670 0.0000000000
63320  7.005  -14.767  57.645 0.0000000000
63340  6.463  -15.074  57.360 0.0000000000
62217  5.485  -14.988  57.102 0.0000000000
62233  6.043  -15.501  56.960 0.0000000000
62251  5.819  -16.433  56.350 0.0000000000
62267  5.424  -16.717  55.803 0.0000000000
62268  5.036  -16.831  55.552 0.0000000000
61092  4.180  -16.520  55.765 0.0000000000
62269  3.809  -16.177  55.733 0.0000000000
65581  3.698  -13.240  57.401 0.0000000000
65595  3.264  -13.989  56.871 0.0000000000
65594  3.732  -13.285  56.526 0.0000000000
64514  3.599  -14.412  54.954 0.0000000000
78043  4.650  -2.519  63.931 0.0000000000
75682  5.701  -3.881  63.376 0.0000000000
75690  5.747  -4.379  62.764 0.0000000000
76877  5.152  -3.346  62.216 0.0000000000
76887  5.467  -3.800  62.206 0.0000000000
74538  6.075  -5.233  62.079 0.0000000000
74548  6.280  -5.580  61.237 0.0000000000
73343  6.193  -6.404  60.422 0.0000000000
75710  5.534  -4.710  60.236 0.0000000000
74555  5.418  -5.599  59.964 0.0000000000
73344  5.603  -6.002  60.188 0.0000000000
73353  6.276  -6.935  59.688 0.0000000000
72134  5.803  -7.060  58.245 0.0000000000
72152  5.897  -7.754  58.175 0.0000000000
70930  5.922  -9.576  57.721 0.0000000000
69793  5.794  -10.374  57.453 0.0000000000
68712  6.001  -10.920  57.138 0.0000000000
70928  6.975  -9.125  57.392 0.0000000000
69804  6.702  -10.090  57.537 0.0000000000
68725  5.641  -11.277  56.509 0.0000000000
58428  9.854  -17.389  67.161 0.0000000000
61078  8.147  -17.135  57.905 0.0000000000
62094  11.079  -14.453  72.099 0.0000000000
62095  10.548  -14.488  72.148 0.0000000000
62096  9.980  -14.601  72.211 0.0000000000
62097  9.803  -14.481  72.157 0.0000000000
62098  11.198  -14.773  72.044 0.0000000000
62099  10.894  -14.876  72.101 0.0000000000
62100  10.426  -14.801  72.154 0.0000000000
62101  10.169  -14.745  72.170 0.0000000000
62110  11.552  -16.027  69.056 0.0000000000
62182  8.644  -16.121  60.931 0.0000000000
62236  3.606  -15.808  57.473 0.0000000000
63182  11.121  -14.107  71.819 0.0000000000
63183  11.224  -13.887  72.118 0.0000000000
63184  10.092  -14.136  72.087 0.0000000000
63185  9.807  -14.261  72.024 0.0000000000
63186  11.140  -14.478  71.751 0.0000000000
63187  11.071  -14.804  71.757 0.0000000000
63188  10.808  -15.011  71.794 0.0000000000
63189  10.088  -14.467  71.996 0.0000000000
63260  8.782  -15.421  61.921 0.0000000000
63286  9.493  -14.967  59.975 0.0000000000
63319  7.948  -15.222  57.579 0.0000000000
63337  8.251  -16.378  57.626 0.0000000000
63342  3.035  -15.231  58.012 0.0000000000
64337  10.945  -13.924  71.412 0.0000000000
64338  10.359  -14.133  71.465 0.0000000000
64343  10.014  -14.185  71.530 0.0000000000
64355  16.013  -13.236  67.851 0.0000000000
64358  14.030  -14.133  69.370 0.0000000000
64359  13.877  -13.876  69.617 0.0000000000
64407  10.451  -13.890  62.953 0.0000000000
64422  10.065  -14.183  62.265 0.0000000000
64456  9.552  -14.029  59.452 0.0000000000
64478  3.705  -14.596  59.004 0.0000000000
65406  10.919  -13.995  70.618 0.0000000000
65408  10.205  -13.984  71.041 0.0000000000
65409  9.765  -14.083  71.317 0.0000000000
65410  15.505  -11.957  67.314 0.0000000000
65418  9.909  -14.179  70.950 0.0000000000
65419  16.016  -12.482  67.398 0.0000000000
65435  17.472  -12.209  67.879 0.0000000000
65476  15.152  -11.934  63.909 0.0000000000
65514  10.375  -13.323  61.492 0.0000000000
65517  6.505  -11.852  60.076 0.0000000000
65565  5.109  -12.523  58.715 0.0000000000
66502  15.479  -11.621  67.913 0.0000000000
66503  15.450  -11.951  68.472 0.0000000000
66509  16.702  -11.427  68.176 0.0000000000
66518  16.805  -12.133  68.018 0.0000000000
66590  10.706  -12.585  62.607 0.0000000000
66591  5.789  -11.201  60.841 0.0000000000
66601  10.033  -11.952  60.785 0.0000000000
66631  7.573  -12.387  59.441 0.0000000000
66632  5.316  -12.301  59.037 0.0000000000
66642  5.286  -12.454  58.854 0.0000000000
67545  15.849  -11.277  67.844 0.0000000000
67546  15.827  -11.339  68.386 0.0000000000
67559  10.414  -12.619  69.270 0.0000000000
67617  4.896  -10.203  61.807 0.0000000000
67706  5.624  -11.373  56.279 0.0000000000
67720  5.506  -11.445  56.106 0.0000000000
67722  4.532  -12.193  54.920 0.0000000000
68629  7.657  -10.314  62.517 0.0000000000
68646  11.010  -10.937  63.048 0.0000000000
68650  7.726  -10.126  62.668 0.0000000000
68690  5.245  -11.216  58.781 0.0000000000
69644  14.989  -9.600  71.606 0.0000000000
69661  9.547  -9.071  67.253 0.0000000000
69664  7.005  -8.540  66.986 0.0000000000
69756  7.287  -8.418  60.084 0.0000000000
69757  6.793  -8.612  60.329 0.0000000000
69771  7.166  -8.504  59.931 0.0000000000
69796  5.120  -10.575  58.101 0.0000000000
69805  6.134  -9.986  57.622 0.0000000000
69806  5.824  -9.997  57.640 0.0000000000
70791  7.810  -7.312  69.189 0.0000000000
70822  7.464  -8.585  67.050 0.0000000000
70830  10.408  -9.008  66.474 0.0000000000
70874  6.459  -8.030  61.025 0.0000000000
70884  7.036  -8.150  60.577 0.0000000000
70885  6.442  -8.515  60.764 0.0000000000
72030  13.077  -7.796  71.413 0.0000000000
72040  8.178  -7.358  69.261 0.0000000000
72046  8.925  -7.049  68.259 0.0000000000
72050  4.845  -6.890  67.606 0.0000000000
72109  6.652  -7.748  60.780 0.0000000000
72118  7.481  -8.011  60.040 0.0000000000
73278  7.048  -6.584  68.725 0.0000000000
73324  6.094  -5.744  62.478 0.0000000000
73355  5.469  -6.062  59.461 0.0000000000
73375  6.148  -6.681  58.060 0.0000000000
74526  5.886  -5.555  62.672 0.0000000000
74567  5.489  -5.939  59.244 0.0000000000
75606  12.388  -3.441  73.094 0.0000000000
75671  4.891  -4.714  65.231 0.0000000000
75691  5.631  -4.366  63.364 0.0000000000
75730  5.543  -5.578  59.209 0.0000000000
76798  12.072  -2.901  73.194 0.0000000000
76801  12.135  -3.328  73.131 0.0000000000
76867  5.549  -3.418  63.237 0.0000000000
77956  12.334  -2.381  73.215 0.0000000000
77957  11.789  -2.488  73.060 0.0000000000
79080  12.532  -1.835  73.085 0.0000000000
79082  11.670  -2.158  72.869 0.0000000000
79084  12.192  -1.756  72.582 0.0000000000
79085  11.763  -2.048  72.545 0.0000000000
79091  11.935  -1.971  72.039 0.0000000000
80258  4.637  -0.877  61.568 0.0000000000
137180  15.759  -7.574  70.634 0.0000000000
137181  15.659  -6.914  70.663 0.0000000000
137183  15.144  -8.087  71.130 0.0000000000
137186  7.637  -8.283  59.888 0.0000000000
137187  7.238  -8.316  59.785 0.0000000000
137188  6.911  -8.516  59.859 0.0000000000
