#!ascii label  , from subject 3055 vox2ras=TkReg
1050
64663  29.816  -14.108  44.623 0.0000000000
82628  41.100  0.991  27.440 0.0000000000
71243  33.339  -8.508  36.123 0.0000000000
58559  13.026  -19.203  57.275 0.0000000000
65690  24.241  -12.964  48.434 0.0000000000
74899  34.448  -5.141  33.261 0.0000000000
62305  18.089  -16.635  51.931 0.0000000000
57309  15.886  -20.525  54.768 0.0000000000
62335  21.171  -17.224  50.112 0.0000000000
82654  44.214  1.375  26.448 0.0000000000
69872  26.886  -9.314  47.533 0.0000000000
71079  28.814  -9.381  44.093 0.0000000000
67795  32.518  -11.183  46.425 0.0000000000
86986  41.685  5.861  24.231 0.0000000000
84796  45.412  3.598  22.100 0.0000000000
81575  37.329  0.607  28.896 0.0000000000
76120  42.601  -5.021  28.581 0.0000000000
76108  37.757  -5.208  29.704 0.0000000000
72504  38.438  -8.282  34.125 0.0000000000
61187  29.642  -17.999  49.272 0.0000000000
54793  11.456  -21.925  60.364 0.0000000000
55926  8.244  -21.170  63.351 0.0000000000
59722  7.576  -18.726  66.212 0.0000000000
63510  26.370  -15.378  45.899 0.0000000000
59963  24.776  -18.922  49.223 0.0000000000
73623  28.150  -6.657  39.703 0.0000000000
69981  33.080  -10.266  41.451 0.0000000000
89060  47.627  7.336  19.203 0.0000000000
82643  42.607  1.208  26.773 0.0000000000
80587  43.487  -0.724  27.460 0.0000000000
67796  28.385  -12.122  47.274 0.0000000000
68814  28.670  -10.892  45.246 0.0000000000
66781  31.890  -13.071  45.523 0.0000000000
85879  38.897  4.062  27.476 0.0000000000
86946  41.041  6.363  26.642 0.0000000000
84755  40.061  3.593  25.843 0.0000000000
83723  42.144  3.023  24.271 0.0000000000
55861  5.151  -22.193  67.770 0.0000000000
78439  37.391  -2.857  28.659 0.0000000000
78415  35.970  -2.529  30.325 0.0000000000
72486  33.949  -7.474  34.966 0.0000000000
72529  36.172  -7.421  33.315 0.0000000000
71259  36.262  -8.737  35.331 0.0000000000
71218  36.795  -9.061  37.546 0.0000000000
58598  14.599  -19.783  55.356 0.0000000000
57243  16.200  -21.786  57.526 0.0000000000
56036  13.940  -21.485  57.392 0.0000000000
55977  13.240  -22.679  59.792 0.0000000000
56020  11.947  -21.330  58.577 0.0000000000
58465  9.566  -19.530  62.162 0.0000000000
57118  7.476  -19.985  64.719 0.0000000000
64607  25.670  -13.974  47.633 0.0000000000
61218  25.712  -17.729  46.806 0.0000000000
63498  23.141  -16.211  47.275 0.0000000000
59911  21.064  -19.415  51.811 0.0000000000
61141  22.850  -18.406  51.777 0.0000000000
72334  32.037  -8.910  44.870 0.0000000000
71120  30.805  -9.905  42.497 0.0000000000
78395  34.996  -2.528  32.884 0.0000000000
74870  32.870  -3.663  35.664 0.0000000000
73659  32.204  -6.361  36.048 0.0000000000
58657  18.509  -19.511  51.900 0.0000000000
57284  18.557  -20.784  54.913 0.0000000000
58642  17.043  -19.615  53.301 0.0000000000
61115  15.504  -18.205  54.864 0.0000000000
61086  14.512  -17.255  56.121 0.0000000000
64609  22.287  -14.613  48.111 0.0000000000
65694  20.026  -13.401  49.581 0.0000000000
62337  19.033  -17.122  50.304 0.0000000000
72274  26.626  -6.419  47.529 0.0000000000
73552  26.469  -6.215  45.028 0.0000000000
69894  27.379  -9.563  45.383 0.0000000000
71038  30.630  -9.813  45.306 0.0000000000
88043  44.867  6.653  21.491 0.0000000000
84798  43.639  4.465  22.563 0.0000000000
83721  44.372  2.475  24.363 0.0000000000
82630  38.665  1.524  28.091 0.0000000000
79566  41.348  -1.500  28.016 0.0000000000
79568  39.301  -1.574  28.188 0.0000000000
77262  39.824  -4.401  28.783 0.0000000000
74925  40.065  -6.366  30.683 0.0000000000
74928  36.003  -5.518  31.083 0.0000000000
72562  38.407  -7.313  31.405 0.0000000000
62365  29.849  -16.568  46.861 0.0000000000
63490  31.870  -15.460  46.967 0.0000000000
84709  38.114  3.434  29.760 0.0000000000
59806  11.963  -18.497  59.187 0.0000000000
57190  10.561  -20.157  60.130 0.0000000000
54781  9.780  -21.944  61.326 0.0000000000
53626  9.317  -23.288  63.881 0.0000000000
54720  7.192  -22.577  65.202 0.0000000000
55900  6.405  -21.215  65.511 0.0000000000
58433  6.209  -19.572  66.775 0.0000000000
59710  5.548  -18.236  67.756 0.0000000000
63522  28.442  -15.252  45.672 0.0000000000
61216  27.910  -17.732  47.065 0.0000000000
59975  27.156  -18.889  48.585 0.0000000000
62346  22.622  -16.912  49.062 0.0000000000
71198  30.380  -8.542  37.625 0.0000000000
72376  26.607  -7.827  41.391 0.0000000000
70009  29.604  -9.594  39.980 0.0000000000
70044  33.275  -10.011  38.582 0.0000000000
65705  34.072  -13.523  47.977 0.0000000000
88091  49.125  6.455  17.872 0.0000000000
85948  46.648  5.019  20.350 0.0000000000
85945  48.865  4.376  20.044 0.0000000000
82644  41.468  1.375  26.944 0.0000000000
81583  42.722  -0.031  27.352 0.0000000000
81584  41.746  0.060  27.222 0.0000000000
66794  29.321  -13.102  45.452 0.0000000000
67814  29.655  -12.545  45.300 0.0000000000
65747  30.778  -13.636  44.919 0.0000000000
83685  39.140  2.972  27.320 0.0000000000
84740  39.390  3.670  26.827 0.0000000000
83703  40.206  2.834  26.409 0.0000000000
83702  41.284  2.574  25.896 0.0000000000
57091  5.138  -20.930  67.306 0.0000000000
79546  35.694  -1.275  30.668 0.0000000000
79536  35.814  -0.604  31.984 0.0000000000
71261  34.091  -8.310  35.349 0.0000000000
71275  34.949  -8.355  34.170 0.0000000000
71241  35.431  -8.887  36.213 0.0000000000
71240  36.546  -8.979  36.421 0.0000000000
71220  34.683  -9.188  37.011 0.0000000000
59849  13.602  -18.772  56.343 0.0000000000
57266  14.071  -20.827  56.631 0.0000000000
58579  13.106  -20.146  57.159 0.0000000000
56019  12.699  -21.358  58.037 0.0000000000
58561  12.301  -20.047  57.837 0.0000000000
65689  25.078  -13.434  48.058 0.0000000000
64625  24.422  -14.896  46.631 0.0000000000
65725  23.880  -14.097  47.279 0.0000000000
57315  21.007  -20.351  53.254 0.0000000000
75911  27.439  -4.002  44.717 0.0000000000
72333  32.681  -8.271  44.734 0.0000000000
74872  32.551  -5.903  35.731 0.0000000000
74849  31.730  -5.594  36.701 0.0000000000
59912  17.939  -18.632  51.419 0.0000000000
58658  17.601  -19.705  52.467 0.0000000000
61145  17.225  -17.945  52.378 0.0000000000
61098  16.060  -16.743  54.786 0.0000000000
61084  15.996  -16.438  55.797 0.0000000000
61100  15.002  -17.635  55.461 0.0000000000
66754  21.454  -12.824  49.601 0.0000000000
63408  18.159  -15.531  51.999 0.0000000000
63429  18.446  -14.921  51.167 0.0000000000
62322  17.827  -17.024  50.878 0.0000000000
61162  18.898  -18.242  50.823 0.0000000000
71020  26.415  -7.954  47.242 0.0000000000
69881  26.897  -9.394  46.401 0.0000000000
67804  31.938  -11.193  45.622 0.0000000000
69892  29.753  -10.241  45.043 0.0000000000
69880  31.834  -10.192  45.806 0.0000000000
71019  32.251  -9.851  45.884 0.0000000000
68805  32.927  -10.749  46.715 0.0000000000
86962  41.020  6.002  25.666 0.0000000000
87008  43.695  6.100  22.528 0.0000000000
87010  42.408  5.416  23.350 0.0000000000
83700  43.917  1.768  25.875 0.0000000000
83722  43.190  2.614  24.321 0.0000000000
83710  44.709  2.204  25.252 0.0000000000
81574  37.659  1.060  28.732 0.0000000000
80591  39.388  -0.550  27.995 0.0000000000
81588  37.888  -0.017  28.476 0.0000000000
77264  37.746  -3.905  29.008 0.0000000000
76134  38.361  -4.095  28.811 0.0000000000
76107  38.747  -5.485  29.456 0.0000000000
74945  40.571  -6.000  29.812 0.0000000000
73733  39.319  -6.634  30.219 0.0000000000
76061  34.362  -4.265  33.007 0.0000000000
76087  35.386  -4.334  31.622 0.0000000000
74898  35.176  -5.551  32.626 0.0000000000
72505  37.604  -8.216  33.611 0.0000000000
72528  37.336  -7.765  32.845 0.0000000000
72527  38.401  -7.947  33.167 0.0000000000
72545  39.263  -7.745  32.682 0.0000000000
61199  29.757  -17.261  48.059 0.0000000000
61198  30.391  -16.942  48.462 0.0000000000
82601  37.222  1.878  30.817 0.0000000000
83652  37.751  2.411  29.604 0.0000000000
83660  37.959  2.587  28.632 0.0000000000
57285  17.627  -21.092  55.101 0.0000000000
57263  17.617  -21.285  56.233 0.0000000000
54792  12.415  -22.388  60.306 0.0000000000
54777  13.700  -22.573  61.409 0.0000000000
54778  12.665  -22.586  61.354 0.0000000000
54762  10.778  -22.759  62.113 0.0000000000
59790  11.523  -17.741  60.437 0.0000000000
59807  11.441  -18.891  59.595 0.0000000000
58486  10.869  -18.893  60.535 0.0000000000
57139  8.818  -19.930  62.844 0.0000000000
57151  9.857  -20.416  61.652 0.0000000000
55941  8.776  -21.431  62.570 0.0000000000
54763  9.556  -22.335  62.177 0.0000000000
55925  8.505  -21.947  63.076 0.0000000000
53616  8.452  -23.289  64.740 0.0000000000
54749  8.164  -21.982  63.664 0.0000000000
58437  7.661  -19.099  65.698 0.0000000000
57119  6.756  -20.445  65.076 0.0000000000
58438  7.209  -19.391  66.141 0.0000000000
57110  6.018  -20.544  66.337 0.0000000000
58432  6.819  -19.175  66.546 0.0000000000
64622  28.045  -14.751  46.678 0.0000000000
64637  28.400  -14.548  46.195 0.0000000000
63509  27.644  -15.070  46.148 0.0000000000
62376  28.472  -16.453  45.904 0.0000000000
62377  27.549  -16.258  45.648 0.0000000000
61219  24.763  -17.777  47.184 0.0000000000
61202  26.453  -18.478  47.669 0.0000000000
59976  26.096  -18.896  48.540 0.0000000000
63466  21.097  -15.570  49.224 0.0000000000
63464  22.307  -16.485  48.633 0.0000000000
62334  21.814  -17.113  49.621 0.0000000000
61140  23.391  -18.576  51.657 0.0000000000
77276  41.811  -3.326  28.164 0.0000000000
78433  43.117  -2.577  27.805 0.0000000000
76131  43.227  -4.303  28.381 0.0000000000
73621  29.364  -5.831  38.859 0.0000000000
72432  30.084  -7.406  37.609 0.0000000000
71200  28.975  -8.043  38.340 0.0000000000
71081  26.461  -8.210  44.042 0.0000000000
72366  26.173  -7.332  43.093 0.0000000000
71101  27.727  -9.375  43.282 0.0000000000
71119  31.900  -10.050  42.541 0.0000000000
69984  29.937  -9.912  41.070 0.0000000000
70007  31.678  -10.176  40.450 0.0000000000
70026  31.390  -10.127  39.311 0.0000000000
70005  33.790  -10.272  40.638 0.0000000000
70023  34.564  -9.980  39.859 0.0000000000
64618  33.193  -14.424  47.115 0.0000000000
88078  48.255  6.666  18.352 0.0000000000
85935  44.790  5.291  21.504 0.0000000000
87026  45.748  5.935  20.597 0.0000000000
85933  46.133  4.547  20.812 0.0000000000
84819  48.240  3.815  20.560 0.0000000000
84818  49.133  3.583  20.576 0.0000000000
63392  17.779  -14.993  52.627 0.0000000000
61112  16.775  -16.572  53.285 0.0000000000
82655  43.327  1.445  26.445 0.0000000000
81599  45.612  0.252  27.283 0.0000000000
81601  43.878  0.355  27.141 0.0000000000
67797  27.757  -11.357  46.786 0.0000000000
67807  27.947  -11.042  45.896 0.0000000000
67806  28.944  -11.891  45.620 0.0000000000
67812  31.343  -11.918  45.226 0.0000000000
67811  32.097  -12.000  45.617 0.0000000000
86935  40.970  6.415  27.853 0.0000000000
86936  40.161  5.961  26.997 0.0000000000
85894  40.164  4.766  25.630 0.0000000000
85900  40.992  4.400  24.702 0.0000000000
84773  41.572  3.751  24.139 0.0000000000
84754  40.896  3.110  25.407 0.0000000000
83701  42.703  1.967  26.037 0.0000000000
54701  5.899  -22.886  67.075 0.0000000000
81567  36.750  0.989  29.991 0.0000000000
79570  37.314  -1.709  28.754 0.0000000000
80579  36.329  -1.067  29.566 0.0000000000
78423  36.368  -2.855  29.538 0.0000000000
76126  36.642  -3.954  29.506 0.0000000000
73684  34.403  -6.032  34.109 0.0000000000
73703  35.550  -6.272  32.841 0.0000000000
72506  35.434  -7.848  33.786 0.0000000000
71274  35.949  -8.328  34.300 0.0000000000
71273  37.198  -8.604  34.442 0.0000000000
71239  37.680  -8.855  36.637 0.0000000000
71217  37.971  -9.003  37.720 0.0000000000
59943  29.501  -18.757  50.423 0.0000000000
57287  15.475  -20.812  55.489 0.0000000000
57264  16.485  -21.580  56.355 0.0000000000
57265  15.156  -21.774  56.476 0.0000000000
56035  14.961  -21.922  57.242 0.0000000000
56017  14.447  -21.873  58.270 0.0000000000
56000  12.633  -22.043  59.110 0.0000000000
56001  11.677  -21.514  59.453 0.0000000000
59755  10.986  -17.907  62.191 0.0000000000
59742  9.445  -18.720  63.006 0.0000000000
58447  8.784  -19.470  63.836 0.0000000000
57128  7.929  -20.184  63.875 0.0000000000
58441  8.337  -19.378  64.475 0.0000000000
58436  7.960  -19.038  65.085 0.0000000000
59721  8.437  -18.161  65.842 0.0000000000
64639  25.995  -14.745  46.510 0.0000000000
63524  25.901  -16.019  45.712 0.0000000000
63496  24.801  -15.599  46.520 0.0000000000
63497  24.033  -15.908  46.671 0.0000000000
62356  23.437  -17.697  47.742 0.0000000000
62321  20.861  -17.802  50.481 0.0000000000
61177  21.809  -17.591  50.475 0.0000000000
61143  21.692  -18.543  51.764 0.0000000000
76104  42.265  -5.749  29.401 0.0000000000
73589  27.407  -5.946  40.919 0.0000000000
71078  30.163  -9.163  44.200 0.0000000000
71100  29.171  -9.415  43.314 0.0000000000
72354  31.280  -9.458  44.330 0.0000000000
71097  32.552  -9.430  43.408 0.0000000000
89049  47.588  7.908  19.552 0.0000000000
58419  4.712  -19.858  67.372 0.0000000000
77213  34.443  -2.798  33.432 0.0000000000
76049  33.808  -3.453  33.990 0.0000000000
74883  33.570  -4.795  34.423 0.0000000000
73685  33.702  -6.034  34.656 0.0000000000
72487  33.087  -7.203  35.400 0.0000000000
72465  32.957  -7.861  35.856 0.0000000000
57317  19.647  -20.486  53.065 0.0000000000
58597  19.982  -20.646  54.861 0.0000000000
57318  18.668  -20.450  52.802 0.0000000000
57307  17.469  -20.694  53.987 0.0000000000
58620  16.545  -19.629  53.932 0.0000000000
61129  16.621  -17.608  52.898 0.0000000000
59878  15.804  -18.792  54.103 0.0000000000
58621  15.819  -19.796  54.275 0.0000000000
59861  14.866  -18.751  55.130 0.0000000000
59862  14.207  -18.824  55.716 0.0000000000
61077  13.564  -17.929  56.740 0.0000000000
65710  23.290  -13.798  47.739 0.0000000000
66753  22.205  -12.565  49.230 0.0000000000
64592  20.860  -14.487  48.929 0.0000000000
63467  20.191  -15.118  49.385 0.0000000000
65675  19.266  -13.520  50.205 0.0000000000
63450  19.181  -15.628  50.118 0.0000000000
62336  20.233  -17.402  50.075 0.0000000000
59950  20.067  -18.508  50.709 0.0000000000
58675  19.910  -19.400  51.319 0.0000000000
73531  27.015  -4.894  47.014 0.0000000000
74704  27.570  -5.328  46.020 0.0000000000
72297  26.904  -6.415  45.870 0.0000000000
72317  26.734  -7.778  45.390 0.0000000000
71057  28.419  -9.562  44.470 0.0000000000
68815  27.623  -10.346  45.659 0.0000000000
69906  29.114  -9.977  44.618 0.0000000000
71056  30.227  -9.622  44.826 0.0000000000
71055  31.421  -9.485  45.243 0.0000000000
72294  32.687  -8.836  45.773 0.0000000000
88044  44.459  6.877  22.095 0.0000000000
85924  44.062  5.050  21.988 0.0000000000
84797  44.355  4.066  22.326 0.0000000000
84784  42.428  3.825  23.550 0.0000000000
84783  43.549  3.696  23.037 0.0000000000
82629  39.790  1.407  27.420 0.0000000000
81585  40.716  0.311  27.549 0.0000000000
80590  40.493  -0.564  27.811 0.0000000000
79567  40.316  -1.508  28.053 0.0000000000
77277  40.925  -3.341  28.383 0.0000000000
78438  38.191  -2.681  28.505 0.0000000000
77278  39.966  -3.515  28.368 0.0000000000
77261  40.743  -4.265  28.697 0.0000000000
76105  41.303  -5.824  29.363 0.0000000000
74924  41.221  -6.459  30.964 0.0000000000
77238  35.273  -3.046  31.636 0.0000000000
76086  35.938  -4.563  30.913 0.0000000000
74949  36.606  -5.583  30.476 0.0000000000
73718  36.168  -6.338  31.782 0.0000000000
73717  37.016  -6.792  31.503 0.0000000000
73735  37.881  -6.784  29.910 0.0000000000
73725  39.250  -6.760  30.943 0.0000000000
62374  29.925  -15.792  46.046 0.0000000000
63505  31.333  -15.328  46.178 0.0000000000
63491  30.961  -15.789  46.810 0.0000000000
62344  31.397  -16.294  48.671 0.0000000000
84723  38.392  3.749  28.397 0.0000000000
83668  38.922  2.546  27.688 0.0000000000
61065  13.201  -17.355  57.443 0.0000000000
62205  13.041  -16.802  59.137 0.0000000000
59823  12.555  -18.485  58.017 0.0000000000
58541  11.933  -19.558  58.373 0.0000000000
57208  10.965  -20.190  58.961 0.0000000000
55979  10.990  -21.202  60.166 0.0000000000
58464  10.238  -19.266  61.596 0.0000000000
55961  10.155  -21.339  60.905 0.0000000000
54780  10.514  -22.174  61.038 0.0000000000
54747  10.007  -23.122  63.217 0.0000000000
54709  6.994  -23.329  65.944 0.0000000000
55912  7.236  -21.616  64.670 0.0000000000
54721  6.484  -21.924  65.436 0.0000000000
54710  6.273  -22.639  65.793 0.0000000000
55875  5.483  -21.825  66.883 0.0000000000
57099  5.809  -20.413  66.613 0.0000000000
58426  5.707  -19.681  67.054 0.0000000000
58425  6.362  -18.777  66.946 0.0000000000
58417  5.746  -18.988  67.349 0.0000000000
58418  5.126  -19.626  67.364 0.0000000000
65749  29.208  -13.901  45.105 0.0000000000
65738  28.692  -14.255  45.765 0.0000000000
63521  29.239  -15.328  45.405 0.0000000000
62375  29.374  -16.201  45.955 0.0000000000
61226  28.940  -16.753  46.527 0.0000000000
61200  28.730  -18.082  48.213 0.0000000000
61229  26.314  -17.357  46.174 0.0000000000
61201  27.574  -18.399  47.803 0.0000000000
59974  28.230  -18.805  48.658 0.0000000000
64608  22.802  -15.051  47.497 0.0000000000
62357  22.811  -17.256  48.078 0.0000000000
61189  23.842  -18.580  49.108 0.0000000000
61158  22.906  -18.088  51.026 0.0000000000
61157  23.499  -18.447  50.901 0.0000000000
59948  24.395  -18.966  50.062 0.0000000000
79565  42.335  -1.600  27.710 0.0000000000
73650  31.316  -6.227  36.893 0.0000000000
72449  31.397  -7.428  36.611 0.0000000000
71222  32.286  -9.117  36.925 0.0000000000
74730  26.471  -5.117  44.612 0.0000000000
73590  26.725  -6.481  41.652 0.0000000000
73608  27.112  -6.995  40.754 0.0000000000
71122  28.268  -9.748  42.029 0.0000000000
71136  28.134  -9.164  40.757 0.0000000000
71147  28.874  -9.095  39.297 0.0000000000
70047  30.380  -9.417  38.230 0.0000000000
71196  31.786  -9.670  37.708 0.0000000000
70059  32.934  -9.622  37.695 0.0000000000
71195  34.932  -9.411  37.871 0.0000000000
64634  31.984  -14.658  45.914 0.0000000000
65721  32.915  -13.513  46.522 0.0000000000
66770  33.051  -12.615  46.711 0.0000000000
66761  34.323  -12.640  48.140 0.0000000000
68804  33.480  -11.054  47.286 0.0000000000
88090  49.596  6.392  17.433 0.0000000000
88050  46.432  6.788  20.341 0.0000000000
87041  46.839  6.025  19.683 0.0000000000
85932  46.922  4.317  20.724 0.0000000000
85947  47.332  4.816  19.993 0.0000000000
87039  48.133  5.375  18.957 0.0000000000
87038  48.760  5.260  18.899 0.0000000000
85984  49.813  5.042  18.705 0.0000000000
65762  29.729  -13.845  44.637 0.0000000000
65748  29.854  -13.632  44.734 0.0000000000
64649  30.395  -14.522  44.934 0.0000000000
82646  39.848  1.941  27.247 0.0000000000
83684  39.665  2.566  27.010 0.0000000000
82645  40.438  1.702  27.117 0.0000000000
83683  40.853  2.179  26.729 0.0000000000
71242  34.369  -8.742  36.131 0.0000000000
58578  13.264  -19.682  56.783 0.0000000000
57247  12.568  -20.390  57.669 0.0000000000
58560  12.700  -19.638  57.576 0.0000000000
65709  24.322  -13.691  47.597 0.0000000000
57303  20.771  -20.576  53.645 0.0000000000
58618  21.371  -20.337  53.955 0.0000000000
74715  27.427  -4.097  45.872 0.0000000000
61144  17.577  -17.732  51.637 0.0000000000
59913  17.547  -18.737  52.041 0.0000000000
63430  18.206  -16.026  51.025 0.0000000000
61163  18.055  -18.001  50.774 0.0000000000
68812  31.217  -10.662  45.778 0.0000000000
68806  32.218  -10.646  46.072 0.0000000000
69879  32.527  -10.159  46.248 0.0000000000
86973  41.576  6.273  25.086 0.0000000000
86985  42.235  6.461  24.493 0.0000000000
86998  42.291  6.015  23.671 0.0000000000
86999  41.927  5.366  23.722 0.0000000000
83711  43.547  2.332  25.219 0.0000000000
83699  45.070  1.712  26.005 0.0000000000
54699  7.108  -23.803  66.602 0.0000000000
82620  37.466  1.268  29.063 0.0000000000
76125  37.262  -4.387  29.335 0.0000000000
76124  38.314  -4.671  29.252 0.0000000000
74947  38.327  -6.152  29.690 0.0000000000
74914  35.126  -5.025  32.309 0.0000000000
61186  30.402  -17.291  49.066 0.0000000000
82613  37.375  1.627  29.681 0.0000000000
83640  37.505  2.098  30.251 0.0000000000
82619  37.745  1.653  28.915 0.0000000000
57308  16.629  -20.585  54.473 0.0000000000
57286  16.603  -21.183  55.301 0.0000000000
54779  11.619  -22.437  61.212 0.0000000000
54761  11.955  -22.722  62.253 0.0000000000
55942  8.552  -20.936  62.942 0.0000000000
57152  8.999  -20.396  62.361 0.0000000000
59717  7.294  -18.689  66.433 0.0000000000
63495  26.680  -14.567  46.955 0.0000000000
63494  27.757  -14.474  47.468 0.0000000000
59977  25.194  -18.871  48.521 0.0000000000
59962  25.735  -19.183  49.369 0.0000000000
63448  21.379  -16.492  49.541 0.0000000000
63447  21.675  -16.652  49.358 0.0000000000
76132  42.404  -3.976  28.471 0.0000000000
77275  42.767  -3.400  28.133 0.0000000000
73606  28.255  -5.784  39.761 0.0000000000
74823  28.898  -5.514  39.443 0.0000000000
73622  28.696  -6.381  39.169 0.0000000000
73639  29.236  -6.588  38.674 0.0000000000
72409  28.863  -7.056  38.800 0.0000000000
71080  27.210  -8.942  44.306 0.0000000000
71102  26.579  -8.558  43.367 0.0000000000
69957  32.648  -10.067  42.101 0.0000000000
69982  32.041  -10.205  41.536 0.0000000000
70006  32.747  -10.226  40.527 0.0000000000
89059  48.175  7.754  18.716 0.0000000000
89072  48.528  7.226  18.241 0.0000000000
85923  44.925  4.512  21.671 0.0000000000
85934  45.455  5.064  21.052 0.0000000000
84810  45.631  4.266  21.363 0.0000000000
62292  17.518  -14.982  53.393 0.0000000000
82642  43.765  0.794  26.877 0.0000000000
82626  43.096  0.564  27.220 0.0000000000
80586  44.184  -0.587  27.508 0.0000000000
66792  31.166  -12.816  45.034 0.0000000000
67813  30.228  -12.185  45.064 0.0000000000
66791  31.798  -12.498  45.467 0.0000000000
85870  39.052  4.688  28.379 0.0000000000
85877  39.600  5.637  27.899 0.0000000000
85878  39.162  4.448  27.409 0.0000000000
84739  39.473  3.991  26.343 0.0000000000
85901  40.649  4.890  25.109 0.0000000000
84764  40.456  4.228  25.154 0.0000000000
84763  40.987  3.588  24.975 0.0000000000
83682  41.884  1.782  26.475 0.0000000000
83681  42.484  1.613  26.455 0.0000000000
82656  42.775  1.544  26.449 0.0000000000
54690  5.586  -23.114  67.767 0.0000000000
80571  36.393  0.316  30.497 0.0000000000
80578  36.671  -0.419  29.349 0.0000000000
80572  35.990  -0.669  30.021 0.0000000000
79554  36.145  -1.741  29.714 0.0000000000
77266  36.531  -3.458  29.474 0.0000000000
77248  36.242  -3.547  29.914 0.0000000000
72508  34.098  -6.704  34.629 0.0000000000
73683  35.306  -6.794  33.757 0.0000000000
72507  34.729  -7.333  34.350 0.0000000000
71260  35.055  -8.560  35.113 0.0000000000
71258  37.401  -8.819  35.573 0.0000000000
71219  35.687  -9.103  37.280 0.0000000000
71193  37.142  -9.264  38.678 0.0000000000
81558  37.105  1.214  31.171 0.0000000000
57288  14.588  -20.621  55.882 0.0000000000
56046  14.665  -21.727  56.848 0.0000000000
56018  13.460  -21.770  58.247 0.0000000000
56021  11.530  -21.133  58.909 0.0000000000
59734  9.394  -18.325  63.966 0.0000000000
58446  9.189  -19.181  63.427 0.0000000000
59735  8.872  -18.949  64.308 0.0000000000
64606  26.258  -14.155  47.632 0.0000000000
64623  25.967  -14.415  47.086 0.0000000000
64640  25.759  -15.121  46.279 0.0000000000
64624  25.304  -14.700  46.721 0.0000000000
62367  23.842  -17.241  47.089 0.0000000000
62368  23.272  -17.113  47.511 0.0000000000
59929  21.387  -18.624  51.578 0.0000000000
61160  21.395  -18.032  51.044 0.0000000000
74791  27.631  -4.824  41.084 0.0000000000
74768  26.963  -5.301  42.075 0.0000000000
72335  31.222  -9.411  44.813 0.0000000000
72332  33.636  -8.263  44.684 0.0000000000
72352  33.035  -8.512  43.878 0.0000000000
58420  4.427  -20.048  67.364 0.0000000000
74884  33.300  -5.697  34.981 0.0000000000
73673  32.576  -6.306  35.650 0.0000000000
73672  32.974  -6.237  35.320 0.0000000000
72488  32.601  -6.709  35.635 0.0000000000
72466  32.298  -7.361  36.052 0.0000000000
58641  19.265  -20.155  52.386 0.0000000000
57305  19.369  -20.722  53.787 0.0000000000
59896  16.998  -18.682  52.753 0.0000000000
57319  17.756  -20.497  53.056 0.0000000000
61113  16.203  -17.164  53.801 0.0000000000
61114  15.930  -17.740  54.416 0.0000000000
59879  15.334  -19.071  54.497 0.0000000000
61101  14.502  -18.039  55.695 0.0000000000
61087  14.077  -17.985  56.233 0.0000000000
61076  14.103  -17.285  56.869 0.0000000000
65691  22.922  -12.670  48.864 0.0000000000
66752  22.532  -12.539  49.187 0.0000000000
65693  20.830  -13.566  49.376 0.0000000000
64593  20.195  -14.164  49.411 0.0000000000
63451  18.428  -16.608  50.542 0.0000000000
61179  19.510  -18.020  50.483 0.0000000000
58677  18.801  -19.158  51.567 0.0000000000
58676  19.172  -19.198  51.513 0.0000000000
58656  19.549  -19.845  51.789 0.0000000000
58640  20.026  -20.234  52.450 0.0000000000
73514  26.801  -5.106  47.886 0.0000000000
73532  27.153  -5.598  46.267 0.0000000000
73515  26.681  -5.657  46.997 0.0000000000
71039  26.614  -8.428  45.927 0.0000000000
71058  27.271  -8.933  45.023 0.0000000000
72336  26.920  -8.304  44.876 0.0000000000
69891  30.861  -10.170  45.550 0.0000000000
69905  29.727  -9.934  44.818 0.0000000000
71037  31.713  -9.596  45.468 0.0000000000
71018  32.734  -9.462  46.107 0.0000000000
71036  32.437  -9.228  45.632 0.0000000000
86945  42.236  6.705  27.214 0.0000000000
89033  44.701  7.458  22.483 0.0000000000
88038  44.225  6.923  23.073 0.0000000000
85925  43.258  5.164  22.581 0.0000000000
84772  42.114  3.441  23.933 0.0000000000
83733  42.918  3.138  23.698 0.0000000000
83732  43.983  2.945  23.587 0.0000000000
84782  44.640  3.327  22.853 0.0000000000
81586  39.521  0.440  27.742 0.0000000000
78436  40.144  -2.497  28.195 0.0000000000
77263  39.267  -4.471  28.831 0.0000000000
77279  38.927  -3.800  28.426 0.0000000000
76122  40.505  -5.111  29.247 0.0000000000
78408  35.281  -2.331  31.841 0.0000000000
78394  35.150  -2.419  32.416 0.0000000000
74929  35.486  -5.176  31.743 0.0000000000
73702  36.672  -6.957  32.393 0.0000000000
72547  37.576  -7.323  31.901 0.0000000000
72563  37.672  -7.162  31.141 0.0000000000
73727  37.230  -6.777  30.583 0.0000000000
73726  38.212  -7.116  30.566 0.0000000000
62364  30.218  -16.091  46.514 0.0000000000
62345  30.874  -16.782  48.930 0.0000000000
84722  38.845  4.541  29.509 0.0000000000
57283  19.392  -20.663  54.730 0.0000000000
57261  19.440  -20.537  55.683 0.0000000000
55976  14.148  -22.418  60.272 0.0000000000
61025  12.149  -17.174  59.974 0.0000000000
62193  12.639  -16.970  59.460 0.0000000000
61048  12.502  -17.531  59.158 0.0000000000
61047  12.788  -17.398  58.439 0.0000000000
59805  12.447  -17.966  58.698 0.0000000000
59824  12.285  -18.946  58.459 0.0000000000
58524  11.743  -19.135  58.878 0.0000000000
58526  10.790  -19.566  59.719 0.0000000000
57209  10.725  -19.933  59.412 0.0000000000
57189  10.881  -20.483  59.575 0.0000000000
55940  9.452  -21.376  61.765 0.0000000000
53625  9.827  -23.470  64.133 0.0000000000
54733  8.035  -22.535  64.407 0.0000000000
54719  7.971  -23.099  65.087 0.0000000000
53604  7.609  -23.403  65.504 0.0000000000
55911  7.399  -21.322  64.220 0.0000000000
55898  7.027  -20.769  64.652 0.0000000000
57120  6.566  -20.851  65.362 0.0000000000
55899  6.961  -21.446  65.003 0.0000000000
55886  5.835  -21.613  65.906 0.0000000000
55874  5.802  -22.520  66.425 0.0000000000
59708  7.235  -17.728  67.102 0.0000000000
59709  6.102  -18.140  67.292 0.0000000000
59701  5.463  -18.754  67.659 0.0000000000
59702  5.121  -18.851  68.022 0.0000000000
66782  28.812  -12.965  46.535 0.0000000000
63508  28.157  -14.981  46.052 0.0000000000
64651  28.822  -14.555  45.407 0.0000000000
62389  28.911  -15.746  45.549 0.0000000000
61227  28.184  -17.071  46.315 0.0000000000
61215  28.828  -17.314  47.213 0.0000000000
62379  25.664  -16.773  46.005 0.0000000000
62393  25.872  -16.518  45.818 0.0000000000
59960  27.854  -19.162  49.521 0.0000000000
65711  22.569  -13.600  48.317 0.0000000000
63482  22.396  -16.044  48.173 0.0000000000
61190  22.982  -18.034  49.093 0.0000000000
61205  23.367  -18.111  48.349 0.0000000000
61159  22.285  -17.880  51.235 0.0000000000
61176  22.329  -17.677  50.346 0.0000000000
59908  23.978  -18.974  51.617 0.0000000000
59928  24.117  -18.949  50.836 0.0000000000
80589  41.588  -0.648  27.497 0.0000000000
73636  31.374  -5.290  37.521 0.0000000000
73637  30.638  -5.724  37.736 0.0000000000
72450  30.716  -7.083  36.997 0.0000000000
71224  30.641  -7.841  36.985 0.0000000000
72448  32.022  -8.096  36.661 0.0000000000
71223  31.254  -8.484  36.909 0.0000000000
74717  26.683  -5.541  45.325 0.0000000000
73562  26.275  -6.344  43.903 0.0000000000
72365  26.295  -7.522  42.609 0.0000000000
73572  26.277  -6.335  42.790 0.0000000000
72393  27.071  -7.944  40.625 0.0000000000
71099  30.401  -9.472  43.460 0.0000000000
71121  29.680  -9.764  42.536 0.0000000000
69985  28.952  -9.790  40.959 0.0000000000
70010  28.704  -9.304  40.142 0.0000000000
71148  28.215  -8.484  39.803 0.0000000000
70028  29.651  -9.376  38.860 0.0000000000
70027  30.430  -9.833  39.135 0.0000000000
70025  32.457  -10.190  39.471 0.0000000000
70046  31.146  -9.947  38.283 0.0000000000
70045  32.170  -9.964  38.363 0.0000000000
70058  34.024  -9.757  37.725 0.0000000000
70043  34.454  -9.663  38.810 0.0000000000
71166  35.692  -9.461  39.367 0.0000000000
64619  32.569  -14.904  46.747 0.0000000000
64617  33.724  -14.197  47.741 0.0000000000
65720  33.513  -13.477  47.182 0.0000000000
67793  33.893  -11.702  47.623 0.0000000000
89070  49.342  6.958  17.613 0.0000000000
87067  49.574  5.828  17.881 0.0000000000
89036  45.187  7.463  21.757 0.0000000000
85949  46.057  5.235  20.533 0.0000000000
87025  46.463  5.815  20.155 0.0000000000
88064  46.752  6.343  19.988 0.0000000000
87024  46.952  5.480  19.909 0.0000000000
84820  47.588  4.145  20.478 0.0000000000
85946  48.054  4.387  19.913 0.0000000000
85968  47.856  4.938  19.429 0.0000000000
85967  48.507  4.813  19.385 0.0000000000
82627  42.115  0.690  27.137 0.0000000000
80588  42.538  -0.789  27.380 0.0000000000
66793  30.143  -12.955  44.970 0.0000000000
65736  31.603  -13.685  45.381 0.0000000000
84732  38.890  3.545  27.469 0.0000000000
84731  39.062  3.961  27.247 0.0000000000
84741  39.273  3.199  27.161 0.0000000000
83704  39.704  3.053  26.635 0.0000000000
80564  35.906  -0.220  30.960 0.0000000000
78407  35.485  -2.138  31.290 0.0000000000
72485  34.511  -8.100  34.704 0.0000000000
58599  13.828  -19.788  55.884 0.0000000000
57245  13.676  -20.875  57.125 0.0000000000
56037  13.284  -21.416  57.736 0.0000000000
57246  13.097  -20.773  57.446 0.0000000000
57225  12.610  -20.821  57.731 0.0000000000
57226  12.135  -20.624  57.984 0.0000000000
59726  9.172  -18.181  64.452 0.0000000000
65708  24.938  -13.992  47.254 0.0000000000
65723  24.748  -14.455  46.913 0.0000000000
65724  24.315  -14.274  47.041 0.0000000000
64626  23.576  -14.793  46.895 0.0000000000
58654  21.131  -19.704  52.259 0.0000000000
59910  21.625  -19.083  52.255 0.0000000000
58638  21.370  -19.793  53.002 0.0000000000
74744  26.913  -4.060  43.944 0.0000000000
72314  32.624  -8.472  45.396 0.0000000000
72313  33.362  -8.163  45.453 0.0000000000
74871  32.889  -5.166  35.584 0.0000000000
74860  32.266  -5.472  36.319 0.0000000000
74861  31.830  -5.990  36.431 0.0000000000
57331  18.181  -20.042  52.340 0.0000000000
61097  16.545  -16.244  54.285 0.0000000000
61099  15.590  -17.191  55.197 0.0000000000
62338  18.350  -17.287  50.586 0.0000000000
61180  18.748  -17.726  50.573 0.0000000000
68813  30.000  -10.817  45.582 0.0000000000
69870  33.213  -10.068  46.678 0.0000000000
86971  42.654  7.115  25.819 0.0000000000
87009  42.897  5.765  23.107 0.0000000000
85926  42.684  5.124  22.968 0.0000000000
83712  42.349  2.473  25.088 0.0000000000
81587  38.278  0.535  28.288 0.0000000000
80592  38.446  -0.641  28.271 0.0000000000
79569  38.319  -1.641  28.378 0.0000000000
77281  37.526  -3.420  28.825 0.0000000000
77280  38.039  -3.440  28.742 0.0000000000
76133  38.852  -4.477  28.887 0.0000000000
76123  39.440  -5.080  29.391 0.0000000000
74959  40.129  -5.563  29.293 0.0000000000
74960  39.903  -5.783  29.428 0.0000000000
74946  39.459  -6.236  29.629 0.0000000000
77227  34.714  -3.091  32.731 0.0000000000
77226  34.902  -3.423  32.090 0.0000000000
76073  34.602  -4.175  32.468 0.0000000000
74913  35.548  -5.689  32.041 0.0000000000
71283  36.683  -8.242  33.609 0.0000000000
72546  38.390  -7.606  32.286 0.0000000000
61214  29.444  -16.892  47.122 0.0000000000
62355  29.895  -16.783  47.458 0.0000000000
82600  37.749  2.382  31.533 0.0000000000
83639  37.839  2.650  30.532 0.0000000000
54791  13.236  -22.684  60.597 0.0000000000
54746  11.232  -22.914  63.217 0.0000000000
59791  11.275  -18.522  60.086 0.0000000000
58507  10.725  -19.420  60.210 0.0000000000
54764  8.899  -22.147  62.759 0.0000000000
54748  8.854  -22.682  63.355 0.0000000000
54732  8.734  -23.183  64.168 0.0000000000
54734  7.356  -21.939  64.697 0.0000000000
57107  7.593  -19.488  65.260 0.0000000000
57108  7.099  -19.702  65.424 0.0000000000
57109  6.422  -20.350  66.019 0.0000000000
57098  6.312  -19.856  66.526 0.0000000000
60924  5.316  -17.891  68.127 0.0000000000
64638  28.093  -14.913  46.284 0.0000000000
63523  28.058  -15.763  45.699 0.0000000000
62390  28.576  -15.993  45.620 0.0000000000
61228  27.199  -17.259  46.168 0.0000000000
61203  25.360  -18.493  47.709 0.0000000000
59961  26.746  -19.325  49.423 0.0000000000
64591  21.608  -15.015  48.619 0.0000000000
63483  22.043  -15.487  48.434 0.0000000000
63465  21.854  -16.338  48.894 0.0000000000
62347  22.216  -16.934  49.262 0.0000000000
62333  22.354  -17.381  49.603 0.0000000000
61126  22.967  -18.604  52.493 0.0000000000
61125  23.245  -18.642  52.107 0.0000000000
59892  23.667  -19.128  52.483 0.0000000000
78434  42.065  -2.489  27.887 0.0000000000
74822  29.471  -4.944  39.288 0.0000000000
73620  30.084  -5.309  38.523 0.0000000000
73638  29.850  -6.364  38.128 0.0000000000
72433  29.359  -7.315  38.352 0.0000000000
71199  29.632  -8.160  38.103 0.0000000000
72337  26.552  -7.526  44.636 0.0000000000
72355  26.261  -7.468  43.547 0.0000000000
71123  26.903  -8.842  42.285 0.0000000000
71135  31.269  -9.866  42.133 0.0000000000
69958  30.652  -9.752  41.991 0.0000000000
71134  31.494  -9.979  41.966 0.0000000000
69983  30.967  -9.803  41.538 0.0000000000
70008  30.635  -10.027  40.250 0.0000000000
70024  33.541  -10.078  39.639 0.0000000000
63474  32.769  -15.479  48.584 0.0000000000
63489  32.699  -15.272  47.595 0.0000000000
64604  33.323  -14.863  48.142 0.0000000000
64603  33.911  -14.364  48.559 0.0000000000
88092  48.714  6.829  18.065 0.0000000000
88077  48.731  6.228  18.153 0.0000000000
87016  45.134  5.952  21.232 0.0000000000
61128  17.333  -17.058  52.488 0.0000000000
62293  17.533  -15.922  52.806 0.0000000000
62281  17.090  -15.696  53.817 0.0000000000
64543  19.012  -13.946  51.583 0.0000000000
63407  18.369  -14.546  52.166 0.0000000000
82641  44.995  0.941  26.696 0.0000000000
81600  44.502  0.214  27.313 0.0000000000
81582  43.707  0.024  27.347 0.0000000000
81581  44.242  -0.190  27.433 0.0000000000
68800  26.870  -10.611  47.727 0.0000000000
68807  27.172  -10.437  46.600 0.0000000000
67805  30.562  -11.316  45.541 0.0000000000
67803  32.662  -11.834  46.135 0.0000000000
85884  39.570  4.739  26.614 0.0000000000
86947  40.399  5.595  26.140 0.0000000000
86963  40.607  5.358  25.376 0.0000000000
86975  40.721  5.227  25.070 0.0000000000
86974  41.061  5.366  24.785 0.0000000000
85908  41.429  4.662  24.190 0.0000000000
83724  41.512  3.275  24.573 0.0000000000
83713  41.441  2.880  24.965 0.0000000000
54689  6.128  -23.765  67.376 0.0000000000
79553  36.628  -1.453  29.282 0.0000000000
78422  36.756  -2.342  29.117 0.0000000000
77265  36.927  -3.444  29.024 0.0000000000
74882  34.114  -5.366  33.946 0.0000000000
73704  34.965  -6.060  33.541 0.0000000000
71284  36.071  -7.948  33.782 0.0000000000
71272  38.102  -8.640  34.926 0.0000000000
71257  38.582  -8.708  35.727 0.0000000000
59958  29.589  -18.497  49.863 0.0000000000
61173  29.983  -18.264  50.353 0.0000000000
61156  29.862  -18.482  50.921 0.0000000000
57244  15.483  -21.948  57.132 0.0000000000
55999  13.811  -22.234  59.131 0.0000000000
54807  12.041  -21.846  59.869 0.0000000000
54808  11.690  -21.703  59.928 0.0000000000
59756  9.891  -18.668  62.371 0.0000000000
59757  9.426  -19.029  62.526 0.0000000000
58452  9.140  -19.470  62.782 0.0000000000
58453  8.864  -19.655  63.227 0.0000000000
57140  8.516  -20.292  63.109 0.0000000000
59727  8.789  -18.391  64.732 0.0000000000
63511  25.467  -15.793  46.110 0.0000000000
62366  24.834  -16.736  46.535 0.0000000000
61204  24.199  -18.470  47.959 0.0000000000
61142  22.209  -18.537  52.168 0.0000000000
59909  22.018  -18.808  52.620 0.0000000000
61127  22.639  -18.633  52.856 0.0000000000
74810  27.751  -5.402  40.272 0.0000000000
73607  27.644  -6.326  40.175 0.0000000000
71098  31.538  -9.744  43.527 0.0000000000
72353  32.261  -9.178  44.280 0.0000000000
71118  32.905  -9.656  42.673 0.0000000000
83743  45.746  3.005  22.654 0.0000000000
57083  4.679  -20.892  67.709 0.0000000000
78377  35.189  -1.923  33.289 0.0000000000
78378  34.849  -2.600  33.077 0.0000000000
76074  34.387  -3.667  32.965 0.0000000000
76062  34.120  -3.960  33.349 0.0000000000
74900  33.931  -4.360  33.743 0.0000000000
73671  33.524  -6.657  34.947 0.0000000000
71262  33.485  -7.905  35.508 0.0000000000
57304  20.207  -20.826  53.814 0.0000000000
57282  19.899  -20.799  54.421 0.0000000000
57306  18.549  -20.783  53.869 0.0000000000
57332  18.001  -20.298  52.559 0.0000000000
59877  16.351  -18.442  53.558 0.0000000000
58622  15.223  -19.841  54.782 0.0000000000
59838  13.054  -18.540  57.145 0.0000000000
65692  21.823  -13.594  48.794 0.0000000000
63449  20.557  -16.215  49.751 0.0000000000
65695  19.564  -13.524  49.841 0.0000000000
64558  18.928  -14.197  50.592 0.0000000000
64575  19.290  -14.200  49.935 0.0000000000
63468  19.695  -14.601  49.690 0.0000000000
61161  20.658  -18.144  50.611 0.0000000000
59930  20.691  -18.831  51.261 0.0000000000
59931  19.559  -18.713  51.060 0.0000000000
58655  20.514  -19.810  51.799 0.0000000000
58639  20.769  -20.126  52.625 0.0000000000
57316  20.386  -20.423  53.142 0.0000000000
74703  27.452  -4.502  46.361 0.0000000000
73543  27.234  -5.641  45.971 0.0000000000
72318  26.687  -6.780  45.511 0.0000000000
72296  26.607  -6.750  46.281 0.0000000000
69893  28.345  -10.259  44.907 0.0000000000
69907  28.075  -9.680  44.762 0.0000000000
72316  31.247  -9.441  45.103 0.0000000000
72315  32.014  -9.176  45.208 0.0000000000
72295  32.302  -9.162  45.434 0.0000000000
89037  44.686  7.325  22.054 0.0000000000
87017  44.406  5.993  21.700 0.0000000000
84785  41.822  4.352  23.733 0.0000000000
85916  42.264  4.772  23.400 0.0000000000
85915  42.965  4.479  22.983 0.0000000000
84781  45.275  3.139  22.756 0.0000000000
78435  41.122  -2.414  28.212 0.0000000000
77260  41.668  -4.112  28.615 0.0000000000
80593  37.593  -0.626  28.584 0.0000000000
78437  39.153  -2.618  28.336 0.0000000000
76121  41.491  -5.161  28.773 0.0000000000
74944  41.791  -5.952  30.337 0.0000000000
77237  35.757  -3.584  30.783 0.0000000000
76109  36.515  -4.762  30.111 0.0000000000
74948  37.293  -5.890  30.164 0.0000000000
73728  36.437  -6.504  30.991 0.0000000000
74927  36.678  -6.094  30.619 0.0000000000
73734  38.789  -6.794  30.013 0.0000000000
73724  40.508  -7.112  31.668 0.0000000000
72561  39.313  -7.424  31.840 0.0000000000
63520  29.890  -15.137  45.270 0.0000000000
63506  30.460  -15.426  45.857 0.0000000000
63476  31.321  -15.932  47.547 0.0000000000
62354  30.631  -16.518  47.713 0.0000000000
62353  31.261  -16.079  48.051 0.0000000000
63475  31.963  -15.882  48.077 0.0000000000
85871  38.788  4.162  27.824 0.0000000000
83667  39.556  2.120  27.404 0.0000000000
57262  18.636  -20.872  56.014 0.0000000000
59822  12.760  -17.982  57.489 0.0000000000
61066  12.728  -17.745  57.788 0.0000000000
59839  12.903  -18.974  57.525 0.0000000000
58540  12.377  -19.147  58.097 0.0000000000
57227  11.495  -20.553  58.565 0.0000000000
58525  11.241  -19.369  59.112 0.0000000000
58542  11.351  -19.900  58.677 0.0000000000
56002  11.221  -20.872  59.241 0.0000000000
55978  11.461  -21.606  59.972 0.0000000000
58463  10.645  -18.700  61.218 0.0000000000
58487  10.542  -19.455  60.790 0.0000000000
57172  10.343  -20.280  60.965 0.0000000000
55980  10.507  -20.779  60.530 0.0000000000
55960  10.614  -21.670  60.639 0.0000000000
54794  10.877  -21.785  60.532 0.0000000000
54731  10.629  -23.277  64.137 0.0000000000
53590  7.735  -23.832  66.177 0.0000000000
54700  6.376  -23.332  66.612 0.0000000000
55887  5.839  -20.913  66.344 0.0000000000
59716  7.755  -18.097  66.676 0.0000000000
58424  6.964  -18.334  66.638 0.0000000000
65763  29.551  -13.758  44.781 0.0000000000
64664  29.513  -14.012  44.707 0.0000000000
65750  28.847  -14.114  45.535 0.0000000000
64650  29.513  -14.526  44.943 0.0000000000
63507  29.778  -15.593  45.691 0.0000000000
61225  29.404  -16.620  46.608 0.0000000000
62378  26.322  -16.523  45.723 0.0000000000
61217  26.849  -17.840  46.943 0.0000000000
59973  28.775  -18.571  48.791 0.0000000000
59959  28.997  -18.831  49.445 0.0000000000
61175  22.830  -17.942  50.008 0.0000000000
61174  23.658  -18.417  50.038 0.0000000000
59947  25.335  -19.465  50.316 0.0000000000
80604  41.786  -0.356  27.294 0.0000000000
80603  42.037  -0.497  27.298 0.0000000000
79564  43.359  -1.607  27.612 0.0000000000
76119  43.643  -4.849  29.035 0.0000000000
74848  31.830  -4.866  37.017 0.0000000000
73649  31.535  -5.485  37.011 0.0000000000
73660  31.787  -6.339  36.423 0.0000000000
73651  30.445  -6.529  37.383 0.0000000000
72467  31.787  -6.754  36.375 0.0000000000
71244  32.570  -8.226  36.293 0.0000000000
74716  26.990  -4.814  45.641 0.0000000000
74729  26.912  -4.434  44.777 0.0000000000
74745  26.667  -5.099  43.260 0.0000000000
74792  27.158  -5.609  41.402 0.0000000000
72392  27.724  -7.454  40.097 0.0000000000
69960  29.349  -10.131  41.725 0.0000000000
71137  27.378  -8.708  41.237 0.0000000000
71149  27.662  -8.363  40.473 0.0000000000
72410  28.348  -7.413  39.242 0.0000000000
71168  28.605  -8.274  38.898 0.0000000000
70048  29.846  -8.866  38.276 0.0000000000
71197  31.111  -9.382  37.458 0.0000000000
70060  32.291  -9.631  37.660 0.0000000000
71221  33.607  -9.223  36.905 0.0000000000
71194  35.766  -9.334  38.556 0.0000000000
64648  31.251  -14.307  45.236 0.0000000000
65735  32.329  -13.661  45.882 0.0000000000
64633  32.705  -14.261  46.369 0.0000000000
66780  32.481  -12.730  45.909 0.0000000000
67794  33.224  -11.642  46.873 0.0000000000
66769  33.731  -12.592  47.369 0.0000000000
68798  33.490  -10.549  47.169 0.0000000000
88051  45.510  6.869  21.026 0.0000000000
89039  46.956  7.644  20.280 0.0000000000
88049  46.899  7.080  20.155 0.0000000000
88063  47.190  6.831  19.759 0.0000000000
88079  47.640  6.746  18.874 0.0000000000
84809  46.330  3.849  21.366 0.0000000000
87040  47.404  5.738  19.308 0.0000000000
87055  47.890  6.025  18.646 0.0000000000
87054  48.485  5.807  18.491 0.0000000000
87053  49.223  5.573  18.420 0.0000000000
85966  49.305  4.817  19.231 0.0000000000
56034  15.574  -21.837  57.527 0.0000000000
56045  14.910  -21.932  56.776 0.0000000000
57153  8.668  -20.777  62.716 0.0000000000
57267  13.422  -20.463  56.984 0.0000000000
58431  7.161  -18.511  66.538 0.0000000000
58506  11.099  -19.124  59.895 0.0000000000
58619  20.770  -20.657  54.070 0.0000000000
59723  7.262  -19.027  66.399 0.0000000000
59927  24.690  -19.383  50.787 0.0000000000
59932  18.697  -18.770  51.297 0.0000000000
59949  20.394  -18.411  50.751 0.0000000000
60949  9.401  -17.870  64.681 0.0000000000
60950  9.099  -18.112  64.874 0.0000000000
61178  20.179  -18.148  50.440 0.0000000000
61188  29.080  -18.415  48.908 0.0000000000
62206  12.785  -17.173  59.063 0.0000000000
62320  20.959  -17.591  50.408 0.0000000000
62391  28.162  -16.152  45.685 0.0000000000
62392  25.935  -16.311  45.734 0.0000000000
63525  25.713  -16.281  45.847 0.0000000000
64594  19.717  -13.938  49.668 0.0000000000
64635  31.139  -14.921  45.543 0.0000000000
65673  20.686  -13.072  49.946 0.0000000000
65737  28.823  -13.823  46.081 0.0000000000
66739  22.473  -12.373  49.430 0.0000000000
69959  30.205  -9.931  41.915 0.0000000000
70042  35.173  -9.499  39.357 0.0000000000
71167  29.216  -8.694  38.586 0.0000000000
72356  26.195  -7.161  43.269 0.0000000000
72434  28.770  -7.621  38.670 0.0000000000
73533  27.132  -6.144  46.012 0.0000000000
73544  26.983  -6.006  45.679 0.0000000000
73563  26.210  -6.871  43.306 0.0000000000
73573  26.175  -7.044  43.006 0.0000000000
73686  33.389  -6.170  34.972 0.0000000000
74926  39.588  -6.522  30.387 0.0000000000
75885  27.546  -3.888  45.359 0.0000000000
76106  39.229  -5.655  29.338 0.0000000000
76130  43.954  -4.485  28.543 0.0000000000
80602  44.621  -0.487  27.478 0.0000000000
81602  42.252  -0.288  27.268 0.0000000000
81603  41.996  -0.240  27.235 0.0000000000
82612  37.639  1.973  29.566 0.0000000000
82625  43.605  0.434  27.150 0.0000000000
83653  37.634  2.157  29.945 0.0000000000
83734  42.401  3.324  23.860 0.0000000000
84756  39.810  3.267  26.419 0.0000000000
85885  39.296  4.256  26.960 0.0000000000
85917  41.771  4.923  23.801 0.0000000000
86972  42.232  6.698  25.479 0.0000000000
86987  41.602  5.230  24.102 0.0000000000
87000  41.766  5.172  23.871 0.0000000000
87052  49.889  5.414  18.242 0.0000000000
