#!ascii label  , from subject 3055 vox2ras=TkReg
1174
118361  45.178  39.888  15.394 0.0000000000
120704  46.488  44.278  15.801 0.0000000000
112977  48.712  33.200  21.196 0.0000000000
116148  39.518  37.540  15.375 0.0000000000
113828  40.004  34.587  15.813 0.0000000000
122268  45.464  45.666  10.169 0.0000000000
121459  40.073  44.522  17.327 0.0000000000
127430  40.597  53.383  17.554 0.0000000000
110392  50.003  30.921  24.896 0.0000000000
108837  47.790  28.151  19.120 0.0000000000
119231  49.372  41.174  11.797 0.0000000000
114627  47.124  36.082  15.619 0.0000000000
116131  50.333  37.314  16.550 0.0000000000
115326  47.660  35.841  21.376 0.0000000000
128154  38.436  53.979  12.848 0.0000000000
126041  44.718  51.286  13.590 0.0000000000
111262  43.268  31.080  19.190 0.0000000000
116836  42.132  38.486  15.937 0.0000000000
114650  40.056  36.406  13.875 0.0000000000
115421  42.927  36.886  14.805 0.0000000000
119996  45.367  42.228  12.242 0.0000000000
119195  43.059  42.185  14.852 0.0000000000
125260  35.728  49.546  16.866 0.0000000000
110372  51.469  29.938  27.198 0.0000000000
107908  51.402  27.784  23.459 0.0000000000
106973  51.796  26.132  24.403 0.0000000000
127551  41.247  52.408  7.520 0.0000000000
120702  48.760  43.967  14.865 0.0000000000
117579  49.936  39.619  14.143 0.0000000000
119153  48.784  42.106  16.858 0.0000000000
116800  43.487  38.766  19.508 0.0000000000
115370  46.535  37.092  18.787 0.0000000000
115329  44.959  36.037  21.195 0.0000000000
112947  47.846  33.679  23.813 0.0000000000
124543  41.612  48.534  15.412 0.0000000000
127462  43.015  52.730  16.041 0.0000000000
123789  44.413  47.758  15.059 0.0000000000
122237  45.947  45.849  13.909 0.0000000000
113794  48.089  34.810  17.979 0.0000000000
113787  44.371  34.237  18.365 0.0000000000
112130  45.985  32.326  20.402 0.0000000000
113039  38.523  33.753  13.788 0.0000000000
111291  39.924  31.987  14.154 0.0000000000
125351  45.645  49.898  10.412 0.0000000000
123087  45.519  46.366  8.461 0.0000000000
121456  42.504  44.351  16.311 0.0000000000
119925  47.090  42.005  18.330 0.0000000000
127452  35.492  52.928  17.273 0.0000000000
129304  37.982  56.458  18.051 0.0000000000
125275  38.978  49.338  15.469 0.0000000000
112088  48.742  32.445  23.025 0.0000000000
110422  46.756  30.573  22.348 0.0000000000
108822  48.438  28.258  22.626 0.0000000000
107934  51.038  27.250  19.404 0.0000000000
119191  47.208  40.697  14.002 0.0000000000
116157  45.808  37.447  14.189 0.0000000000
116876  48.994  38.362  12.959 0.0000000000
115399  49.573  36.266  15.152 0.0000000000
113781  50.315  34.848  18.212 0.0000000000
117526  48.322  39.550  18.111 0.0000000000
115368  48.438  36.524  18.699 0.0000000000
114545  50.026  35.094  21.621 0.0000000000
113727  49.375  33.927  24.031 0.0000000000
111197  49.489  32.278  26.501 0.0000000000
128176  41.447  54.688  10.078 0.0000000000
126090  38.784  49.873  10.176 0.0000000000
126045  40.485  50.238  14.094 0.0000000000
125334  43.209  49.680  11.833 0.0000000000
123827  44.990  48.809  12.267 0.0000000000
120745  46.767  43.513  11.800 0.0000000000
114611  43.568  35.551  16.443 0.0000000000
113013  41.181  33.039  17.939 0.0000000000
110468  42.512  30.932  15.149 0.0000000000
109647  44.764  29.531  19.525 0.0000000000
117545  43.262  39.061  15.832 0.0000000000
116855  42.356  37.840  15.337 0.0000000000
116854  43.306  37.828  15.091 0.0000000000
119967  45.533  41.834  13.998 0.0000000000
119968  44.732  42.232  14.067 0.0000000000
119172  43.883  41.068  15.431 0.0000000000
118363  42.869  40.509  15.860 0.0000000000
108757  51.118  28.381  28.034 0.0000000000
107883  52.204  27.228  25.597 0.0000000000
106946  51.328  26.980  26.368 0.0000000000
111329  41.542  31.262  11.039 0.0000000000
121463  47.657  44.743  15.748 0.0000000000
119950  48.736  43.153  15.310 0.0000000000
120686  48.050  43.398  17.021 0.0000000000
116085  42.976  37.340  20.115 0.0000000000
115358  44.358  37.051  19.702 0.0000000000
122210  44.371  45.799  15.480 0.0000000000
123790  43.296  47.743  15.356 0.0000000000
123023  45.027  46.683  15.350 0.0000000000
123021  47.058  46.136  15.282 0.0000000000
112997  48.484  33.977  19.517 0.0000000000
113777  47.112  34.106  19.023 0.0000000000
112129  47.128  32.729  20.624 0.0000000000
115409  38.023  36.711  15.460 0.0000000000
115425  38.704  36.952  14.365 0.0000000000
114644  39.663  35.457  14.680 0.0000000000
113837  39.012  35.211  14.056 0.0000000000
113830  38.961  34.339  14.895 0.0000000000
112163  39.251  32.540  14.396 0.0000000000
113023  39.215  33.327  15.814 0.0000000000
123842  46.324  47.710  10.453 0.0000000000
124605  46.851  48.583  9.540 0.0000000000
122282  45.647  45.413  9.297 0.0000000000
117549  40.006  39.363  16.587 0.0000000000
116840  38.302  38.418  16.567 0.0000000000
121457  41.529  44.421  16.554 0.0000000000
119936  43.222  42.647  17.337 0.0000000000
119928  41.519  42.798  18.201 0.0000000000
123011  38.162  46.497  16.595 0.0000000000
125258  37.425  49.482  15.835 0.0000000000
123010  39.381  46.190  16.286 0.0000000000
123027  40.425  46.555  15.756 0.0000000000
111208  49.207  31.528  24.144 0.0000000000
109623  48.260  29.914  23.622 0.0000000000
109621  49.556  29.457  24.355 0.0000000000
107913  52.549  26.959  21.802 0.0000000000
107920  51.765  27.164  21.139 0.0000000000
107925  52.577  26.983  19.802 0.0000000000
119219  48.725  40.598  12.244 0.0000000000
117580  48.737  39.332  13.443 0.0000000000
118390  49.119  40.026  12.744 0.0000000000
117566  50.217  39.011  14.949 0.0000000000
116153  50.493  37.336  14.185 0.0000000000
115397  50.485  36.395  15.849 0.0000000000
113812  50.235  34.990  16.840 0.0000000000
115388  50.409  36.398  16.803 0.0000000000
119120  47.968  41.535  20.299 0.0000000000
119130  49.005  41.456  19.146 0.0000000000
118323  47.584  40.185  19.295 0.0000000000
115342  46.682  36.248  20.460 0.0000000000
115369  47.313  36.796  18.803 0.0000000000
115340  48.512  35.782  20.507 0.0000000000
114574  49.755  35.599  20.062 0.0000000000
114546  49.318  35.608  21.871 0.0000000000
114526  49.606  34.341  22.870 0.0000000000
114528  49.042  34.975  23.214 0.0000000000
111209  47.331  31.931  24.747 0.0000000000
112080  48.240  32.947  24.656 0.0000000000
128164  39.512  54.020  11.626 0.0000000000
127520  39.757  52.709  10.410 0.0000000000
126804  38.366  51.607  11.266 0.0000000000
129286  39.589  55.854  18.729 0.0000000000
129316  38.753  56.582  16.887 0.0000000000
128724  40.358  55.173  17.460 0.0000000000
126774  43.830  52.115  14.791 0.0000000000
126776  41.777  51.953  15.118 0.0000000000
126028  42.793  51.490  14.194 0.0000000000
125314  41.628  49.368  12.761 0.0000000000
126057  44.215  50.940  12.692 0.0000000000
126067  44.933  51.035  11.966 0.0000000000
124566  44.881  49.725  12.958 0.0000000000
121487  48.318  43.832  12.816 0.0000000000
121477  46.708  44.969  13.187 0.0000000000
120743  48.225  43.238  12.229 0.0000000000
119233  47.719  41.614  11.862 0.0000000000
115418  45.991  36.657  14.156 0.0000000000
115404  44.451  36.539  14.813 0.0000000000
114629  45.018  36.145  15.528 0.0000000000
113002  43.549  32.520  19.297 0.0000000000
113789  42.762  33.598  18.391 0.0000000000
112141  42.156  32.081  18.542 0.0000000000
111270  41.381  31.228  17.248 0.0000000000
110445  42.658  30.434  17.241 0.0000000000
108828  46.975  28.410  20.928 0.0000000000
109640  45.314  29.695  21.185 0.0000000000
108834  46.266  28.644  19.630 0.0000000000
116857  40.547  38.090  15.737 0.0000000000
116163  39.354  37.272  14.183 0.0000000000
116147  40.806  37.519  15.306 0.0000000000
115423  40.838  36.812  14.653 0.0000000000
114632  41.694  36.048  15.457 0.0000000000
120758  45.556  43.473  10.975 0.0000000000
117548  41.042  39.314  16.427 0.0000000000
110382  51.166  30.560  26.079 0.0000000000
108791  50.487  28.802  24.426 0.0000000000
109604  51.630  29.039  25.540 0.0000000000
107897  52.436  27.160  24.095 0.0000000000
119983  49.220  42.923  12.997 0.0000000000
118389  49.674  40.527  13.243 0.0000000000
119189  48.974  42.421  14.686 0.0000000000
119168  49.061  41.354  15.863 0.0000000000
117544  49.696  39.605  16.825 0.0000000000
117522  44.951  39.350  19.204 0.0000000000
116805  46.057  38.965  18.393 0.0000000000
116093  45.181  37.501  19.237 0.0000000000
115343  45.630  36.309  20.408 0.0000000000
114549  46.349  35.623  21.829 0.0000000000
113740  47.818  34.967  23.000 0.0000000000
113742  46.220  34.733  22.469 0.0000000000
112090  46.080  32.806  23.288 0.0000000000
112083  45.590  32.234  23.553 0.0000000000
128756  38.669  55.493  13.723 0.0000000000
126005  41.190  51.135  16.346 0.0000000000
127428  41.794  53.496  17.275 0.0000000000
126017  42.825  50.579  16.100 0.0000000000
126016  43.857  51.024  15.953 0.0000000000
125269  44.270  50.022  14.929 0.0000000000
124556  44.424  49.370  13.881 0.0000000000
123036  45.781  46.621  14.699 0.0000000000
122234  48.285  45.195  14.437 0.0000000000
114589  47.396  35.250  17.176 0.0000000000
114591  45.275  35.303  17.105 0.0000000000
113785  46.644  34.329  18.551 0.0000000000
113000  45.214  33.382  19.313 0.0000000000
112132  44.212  31.479  19.968 0.0000000000
107962  49.449  27.657  18.070 0.0000000000
108847  47.835  28.284  18.036 0.0000000000
113852  37.360  33.957  12.589 0.0000000000
114652  38.608  35.661  13.740 0.0000000000
113846  38.353  34.740  13.613 0.0000000000
113052  38.071  33.426  12.368 0.0000000000
112177  39.056  33.161  11.866 0.0000000000
111309  40.331  31.779  12.453 0.0000000000
111308  41.254  31.465  12.623 0.0000000000
124619  45.449  49.775  9.031 0.0000000000
124631  46.130  48.371  8.135 0.0000000000
120706  44.818  44.054  15.837 0.0000000000
119942  46.287  42.745  16.673 0.0000000000
119934  45.380  42.236  17.349 0.0000000000
119133  45.682  41.403  19.130 0.0000000000
119122  45.945  41.375  20.199 0.0000000000
118307  46.218  40.780  21.471 0.0000000000
118317  44.466  40.103  20.470 0.0000000000
128726  36.692  55.074  17.364 0.0000000000
129271  37.044  55.402  19.453 0.0000000000
128091  38.893  54.145  17.880 0.0000000000
126753  39.474  51.747  16.471 0.0000000000
124544  40.415  48.346  15.493 0.0000000000
123025  42.674  46.653  15.592 0.0000000000
112103  48.412  32.533  22.198 0.0000000000
112104  47.544  32.244  21.818 0.0000000000
111221  47.989  31.414  23.084 0.0000000000
108820  47.549  29.053  22.578 0.0000000000
107930  48.247  27.900  20.726 0.0000000000
107909  50.317  28.127  23.535 0.0000000000
107922  49.764  27.534  21.825 0.0000000000
107946  49.193  27.392  19.010 0.0000000000
118360  46.269  40.077  14.995 0.0000000000
116852  45.210  38.371  15.077 0.0000000000
116850  47.044  38.653  14.885 0.0000000000
116170  47.287  37.192  13.633 0.0000000000
115432  47.707  36.867  13.640 0.0000000000
117596  50.016  38.477  12.517 0.0000000000
115430  49.654  36.804  13.709 0.0000000000
115400  48.630  36.509  15.099 0.0000000000
114606  48.881  35.455  16.460 0.0000000000
113793  49.111  34.626  17.787 0.0000000000
113775  49.434  34.366  19.630 0.0000000000
119931  48.321  42.525  17.744 0.0000000000
118325  49.411  40.410  18.000 0.0000000000
116815  49.111  38.763  17.506 0.0000000000
116817  47.143  38.854  17.980 0.0000000000
116118  48.230  37.860  17.807 0.0000000000
116117  49.479  37.532  17.473 0.0000000000
115366  50.239  35.746  18.365 0.0000000000
114573  50.232  35.198  20.154 0.0000000000
113769  49.583  34.103  20.498 0.0000000000
113739  49.626  34.024  22.549 0.0000000000
112087  49.292  32.709  23.566 0.0000000000
112078  50.157  32.546  24.838 0.0000000000
112946  48.570  34.203  24.001 0.0000000000
112932  49.173  33.156  25.239 0.0000000000
111196  50.728  31.620  26.003 0.0000000000
112050  50.346  31.802  27.339 0.0000000000
127534  41.360  53.212  8.897 0.0000000000
126844  39.757  50.850  8.793 0.0000000000
125368  39.990  49.060  9.475 0.0000000000
127464  40.992  52.986  15.845 0.0000000000
126791  37.799  51.546  13.204 0.0000000000
125316  39.009  49.349  12.549 0.0000000000
124596  41.261  48.569  11.279 0.0000000000
124609  42.680  48.706  10.244 0.0000000000
125352  44.808  49.631  10.838 0.0000000000
124593  46.174  49.520  11.130 0.0000000000
123059  45.509  47.366  10.995 0.0000000000
123051  44.804  46.726  12.943 0.0000000000
122246  44.623  46.605  12.204 0.0000000000
121503  45.945  43.902  11.316 0.0000000000
120011  46.492  42.445  11.538 0.0000000000
119208  46.260  41.639  13.289 0.0000000000
115420  43.953  36.888  14.469 0.0000000000
115405  43.485  36.603  15.054 0.0000000000
114613  41.582  35.170  16.266 0.0000000000
114592  44.346  35.309  17.072 0.0000000000
113815  42.384  34.868  16.916 0.0000000000
113817  40.296  34.192  16.690 0.0000000000
112145  40.215  32.278  16.651 0.0000000000
111289  41.645  31.270  14.987 0.0000000000
111253  46.249  31.376  21.469 0.0000000000
111255  44.659  30.845  20.918 0.0000000000
110440  43.990  30.007  18.694 0.0000000000
108849  46.086  28.831  17.637 0.0000000000
109655  43.990  29.793  17.354 0.0000000000
106027  50.565  25.674  24.482 0.0000000000
106050  51.016  25.424  22.341 0.0000000000
118362  43.839  39.789  15.761 0.0000000000
117572  43.745  38.596  15.620 0.0000000000
117571  44.687  38.924  15.483 0.0000000000
119171  44.970  40.762  15.319 0.0000000000
119193  44.880  41.577  14.774 0.0000000000
107866  51.211  27.342  26.833 0.0000000000
121464  46.876  44.994  15.735 0.0000000000
121453  47.911  44.320  16.085 0.0000000000
120694  47.302  43.696  16.230 0.0000000000
123024  43.864  46.759  15.418 0.0000000000
122209  45.507  45.750  15.449 0.0000000000
122208  46.524  45.685  15.508 0.0000000000
112992  48.286  33.420  20.389 0.0000000000
112993  47.307  33.199  20.189 0.0000000000
112128  47.690  33.072  20.617 0.0000000000
116149  38.484  37.305  15.615 0.0000000000
115408  38.856  37.044  15.126 0.0000000000
115424  39.119  37.130  14.820 0.0000000000
114634  39.615  34.894  15.359 0.0000000000
114645  39.005  34.996  14.830 0.0000000000
113829  39.344  34.254  15.740 0.0000000000
113030  38.950  33.527  14.814 0.0000000000
113818  39.560  33.803  16.308 0.0000000000
123069  45.873  47.085  10.302 0.0000000000
123077  46.378  46.968  9.561 0.0000000000
116839  39.393  38.320  16.294 0.0000000000
116133  39.241  37.830  15.944 0.0000000000
116134  38.796  37.775  16.031 0.0000000000
121458  40.566  44.502  16.937 0.0000000000
119938  41.564  43.187  17.549 0.0000000000
120691  40.855  43.647  17.675 0.0000000000
122196  38.736  45.649  16.974 0.0000000000
122195  39.643  45.025  16.964 0.0000000000
123009  40.243  45.706  16.230 0.0000000000
110393  49.369  30.882  24.435 0.0000000000
109607  49.556  30.195  24.634 0.0000000000
107919  52.575  26.955  20.724 0.0000000000
119232  48.804  41.056  11.642 0.0000000000
118399  49.165  40.607  11.812 0.0000000000
118398  49.459  40.614  11.989 0.0000000000
116834  50.333  38.498  16.007 0.0000000000
116142  50.506  37.375  15.306 0.0000000000
118306  47.457  40.645  20.871 0.0000000000
118305  48.255  40.823  20.856 0.0000000000
118316  47.559  40.347  19.938 0.0000000000
115341  47.737  36.066  20.616 0.0000000000
114566  48.217  35.746  21.072 0.0000000000
114565  48.992  35.552  20.932 0.0000000000
114547  48.247  35.705  21.831 0.0000000000
114535  48.586  35.355  22.722 0.0000000000
111200  47.007  31.384  24.977 0.0000000000
128153  39.175  54.579  12.382 0.0000000000
128774  40.291  55.258  11.609 0.0000000000
127505  39.346  52.988  11.077 0.0000000000
127497  38.150  52.980  12.249 0.0000000000
128710  40.384  55.003  18.246 0.0000000000
129303  39.986  56.015  18.225 0.0000000000
128089  40.997  54.022  17.819 0.0000000000
126773  44.281  51.538  14.250 0.0000000000
126790  43.498  51.759  14.253 0.0000000000
126789  43.960  51.729  13.985 0.0000000000
125296  42.818  50.418  13.308 0.0000000000
126042  44.304  51.424  13.444 0.0000000000
126056  44.951  51.474  12.950 0.0000000000
125295  44.764  50.502  13.678 0.0000000000
119995  48.997  42.681  12.126 0.0000000000
120008  49.076  41.795  11.720 0.0000000000
120009  48.330  42.189  11.746 0.0000000000
115402  46.510  36.425  14.817 0.0000000000
115403  45.447  36.451  14.731 0.0000000000
114628  46.048  36.242  15.598 0.0000000000
112137  42.904  32.060  19.170 0.0000000000
112138  42.553  31.663  18.738 0.0000000000
111266  42.426  31.078  18.253 0.0000000000
110442  42.914  30.405  17.975 0.0000000000
108833  47.002  28.277  19.835 0.0000000000
108829  46.416  28.618  20.397 0.0000000000
116837  41.269  38.553  16.169 0.0000000000
116856  41.470  38.003  15.620 0.0000000000
116160  42.385  37.290  15.011 0.0000000000
116161  41.288  37.087  15.115 0.0000000000
115422  41.807  36.782  15.121 0.0000000000
114642  41.144  36.503  14.961 0.0000000000
120012  45.488  42.649  11.392 0.0000000000
120023  45.061  43.066  10.813 0.0000000000
119194  43.870  41.926  14.868 0.0000000000
119969  43.747  42.515  14.099 0.0000000000
117547  41.998  39.169  16.366 0.0000000000
118338  41.872  40.102  16.351 0.0000000000
110381  51.442  30.027  26.456 0.0000000000
109595  51.440  29.716  25.915 0.0000000000
109594  51.641  29.230  26.326 0.0000000000
106962  52.320  26.839  25.270 0.0000000000
107882  52.353  27.379  24.941 0.0000000000
106972  52.322  26.640  24.677 0.0000000000
106977  52.267  26.371  23.513 0.0000000000
127543  41.482  53.132  8.078 0.0000000000
128206  41.310  53.848  6.982 0.0000000000
120713  48.958  43.849  13.792 0.0000000000
119966  49.042  42.969  14.094 0.0000000000
119940  48.539  43.046  16.515 0.0000000000
119169  48.803  42.271  15.618 0.0000000000
118358  49.443  40.520  16.245 0.0000000000
119152  49.068  41.226  17.090 0.0000000000
116799  44.332  39.120  19.282 0.0000000000
116807  44.763  39.054  19.007 0.0000000000
116094  44.211  38.053  19.307 0.0000000000
115344  44.600  36.458  20.413 0.0000000000
115328  45.960  36.022  21.243 0.0000000000
114537  46.712  35.275  22.334 0.0000000000
114538  45.986  35.186  22.185 0.0000000000
112960  45.830  34.079  22.552 0.0000000000
112949  45.588  33.304  22.781 0.0000000000
112091  45.229  32.680  23.181 0.0000000000
126018  41.718  50.416  15.941 0.0000000000
126004  42.288  51.285  16.401 0.0000000000
125272  42.215  49.622  15.579 0.0000000000
124541  43.780  48.887  15.382 0.0000000000
125270  43.940  49.969  15.266 0.0000000000
124540  44.346  49.194  14.866 0.0000000000
123806  44.359  48.046  14.234 0.0000000000
123805  45.033  47.407  14.797 0.0000000000
122205  48.279  45.223  15.242 0.0000000000
123034  47.451  46.186  15.039 0.0000000000
121472  48.617  44.677  14.529 0.0000000000
113795  47.019  34.612  17.794 0.0000000000
112999  46.381  33.253  19.737 0.0000000000
113779  45.905  33.767  19.318 0.0000000000
112134  45.671  32.845  19.768 0.0000000000
112135  44.969  32.559  19.786 0.0000000000
112131  44.703  31.887  20.239 0.0000000000
113853  36.933  33.914  12.573 0.0000000000
113847  37.490  34.311  13.032 0.0000000000
116174  39.770  37.138  13.836 0.0000000000
116175  39.229  37.049  13.641 0.0000000000
115437  39.616  36.703  13.683 0.0000000000
113838  38.750  34.536  14.230 0.0000000000
113046  38.048  33.814  12.898 0.0000000000
112172  38.466  33.479  13.035 0.0000000000
112171  38.922  33.004  13.096 0.0000000000
111300  39.657  32.116  13.305 0.0000000000
111299  40.505  31.681  13.511 0.0000000000
124607  44.990  49.222  9.794 0.0000000000
124606  45.571  49.710  9.535 0.0000000000
123086  46.269  46.518  8.605 0.0000000000
124618  46.582  48.385  8.772 0.0000000000
123858  45.870  47.338  8.435 0.0000000000
121455  43.338  44.411  16.051 0.0000000000
120696  44.954  43.594  16.203 0.0000000000
119944  44.174  43.044  16.622 0.0000000000
119144  44.482  41.844  18.013 0.0000000000
119103  45.950  41.087  22.393 0.0000000000
118308  45.081  40.342  21.153 0.0000000000
128110  36.472  54.335  16.755 0.0000000000
128093  36.207  54.381  17.593 0.0000000000
129289  36.723  55.507  19.224 0.0000000000
128678  37.156  55.191  19.489 0.0000000000
128074  38.511  54.634  18.513 0.0000000000
125276  38.029  49.380  15.637 0.0000000000
126021  38.529  50.008  15.613 0.0000000000
126754  38.307  51.541  16.325 0.0000000000
126020  39.527  50.161  15.638 0.0000000000
126006  40.065  50.997  16.160 0.0000000000
125274  40.003  49.345  15.556 0.0000000000
122212  41.889  45.407  15.918 0.0000000000
123026  41.535  46.590  15.674 0.0000000000
121468  42.806  44.941  15.946 0.0000000000
121467  43.729  44.998  15.652 0.0000000000
111238  48.285  31.996  22.883 0.0000000000
108811  48.574  29.270  23.597 0.0000000000
109634  47.758  29.823  22.984 0.0000000000
108819  48.104  29.010  23.025 0.0000000000
108823  47.874  28.456  22.247 0.0000000000
108826  48.354  28.019  21.894 0.0000000000
107898  50.821  28.191  24.065 0.0000000000
108808  50.267  28.538  23.944 0.0000000000
107927  50.907  27.237  20.400 0.0000000000
107921  50.782  27.378  21.485 0.0000000000
107928  49.907  27.512  20.720 0.0000000000
107935  50.102  27.285  19.555 0.0000000000
107945  50.104  27.351  18.684 0.0000000000
107944  51.015  27.345  18.544 0.0000000000
118379  46.691  40.487  14.497 0.0000000000
118359  46.718  39.804  14.868 0.0000000000
118378  47.209  39.943  14.483 0.0000000000
116864  48.497  38.335  13.667 0.0000000000
116154  48.328  37.834  13.539 0.0000000000
116169  48.592  37.597  13.298 0.0000000000
117587  49.869  39.159  12.949 0.0000000000
117586  50.271  38.440  12.885 0.0000000000
115429  50.186  36.831  14.010 0.0000000000
116167  50.157  37.309  13.328 0.0000000000
115414  49.940  36.472  14.457 0.0000000000
115415  49.118  36.662  14.355 0.0000000000
114625  49.247  35.798  15.793 0.0000000000
113791  50.338  34.954  17.278 0.0000000000
113792  49.902  34.728  17.364 0.0000000000
113782  49.728  34.526  18.501 0.0000000000
119933  46.508  42.165  17.580 0.0000000000
119932  47.608  42.606  17.624 0.0000000000
119924  47.810  42.255  18.831 0.0000000000
117517  48.964  40.268  18.812 0.0000000000
119129  49.324  40.833  18.756 0.0000000000
117525  49.139  39.845  18.153 0.0000000000
116105  46.058  37.771  18.564 0.0000000000
116818  46.675  38.862  18.161 0.0000000000
116804  46.753  38.357  18.212 0.0000000000
116103  47.973  37.163  18.319 0.0000000000
115377  48.692  37.095  17.975 0.0000000000
115376  49.442  36.621  17.939 0.0000000000
115367  49.644  36.041  18.826 0.0000000000
114564  49.897  35.494  20.980 0.0000000000
114563  50.286  35.143  20.901 0.0000000000
113768  50.129  34.650  20.527 0.0000000000
113752  49.751  34.272  21.445 0.0000000000
113731  49.527  34.026  23.465 0.0000000000
113726  49.479  33.761  23.886 0.0000000000
112079  49.761  32.636  24.329 0.0000000000
112939  49.523  33.341  24.171 0.0000000000
113734  47.552  34.372  23.234 0.0000000000
112072  48.650  32.729  25.206 0.0000000000
112071  49.486  32.686  25.795 0.0000000000
112070  50.190  32.586  25.707 0.0000000000
112061  49.901  32.682  26.801 0.0000000000
112060  50.384  32.216  26.806 0.0000000000
128772  41.669  55.743  10.557 0.0000000000
129986  41.571  56.459  9.896 0.0000000000
129394  41.828  55.820  9.469 0.0000000000
128186  41.556  54.242  9.533 0.0000000000
126813  39.130  51.451  10.149 0.0000000000
127536  39.887  52.089  9.596 0.0000000000
126089  38.986  50.529  9.767 0.0000000000
126104  39.521  50.261  8.779 0.0000000000
125369  39.286  49.531  9.701 0.0000000000
127447  42.159  53.050  16.892 0.0000000000
128106  41.752  53.904  16.991 0.0000000000
127463  41.972  52.883  16.284 0.0000000000
126030  41.121  51.114  14.520 0.0000000000
126777  40.569  51.798  14.966 0.0000000000
126031  39.929  50.991  14.580 0.0000000000
126046  39.329  50.296  13.965 0.0000000000
125317  38.344  50.156  12.595 0.0000000000
125299  39.776  49.589  13.391 0.0000000000
124578  42.130  49.060  12.060 0.0000000000
124579  40.970  48.756  12.049 0.0000000000
124610  41.525  48.531  10.351 0.0000000000
124595  42.421  48.887  11.162 0.0000000000
125353  43.594  49.312  11.006 0.0000000000
124577  45.604  49.959  12.160 0.0000000000
125332  45.608  50.396  11.599 0.0000000000
123836  45.634  49.097  11.549 0.0000000000
123060  45.276  47.764  11.644 0.0000000000
123044  45.170  46.526  13.738 0.0000000000
123045  44.605  47.360  13.502 0.0000000000
121489  46.381  44.405  12.245 0.0000000000
122245  45.409  45.820  12.693 0.0000000000
121490  45.414  45.242  11.819 0.0000000000
120757  46.326  43.305  11.358 0.0000000000
120756  47.000  42.948  11.673 0.0000000000
119220  47.983  41.155  12.363 0.0000000000
119221  46.992  41.494  12.441 0.0000000000
119207  47.171  41.208  13.321 0.0000000000
119192  46.144  41.121  14.487 0.0000000000
116867  45.500  37.912  14.611 0.0000000000
116868  44.909  37.895  14.673 0.0000000000
116173  44.968  37.184  13.901 0.0000000000
114630  44.021  36.188  15.642 0.0000000000
114631  42.983  36.124  15.663 0.0000000000
114612  42.532  35.502  16.242 0.0000000000
113797  44.828  34.753  17.750 0.0000000000
113009  42.170  33.120  18.413 0.0000000000
113799  42.282  34.139  17.868 0.0000000000
113012  41.700  33.585  18.002 0.0000000000
113800  41.231  33.904  17.565 0.0000000000
113801  40.731  33.586  17.431 0.0000000000
113014  40.339  33.104  17.286 0.0000000000
112144  40.744  32.148  17.461 0.0000000000
110457  41.965  30.971  16.269 0.0000000000
111279  41.329  31.277  16.190 0.0000000000
111288  42.377  31.111  14.593 0.0000000000
111297  42.582  31.236  13.801 0.0000000000
110479  42.730  31.097  14.386 0.0000000000
111240  46.720  31.264  22.064 0.0000000000
111252  46.980  31.769  21.822 0.0000000000
110431  46.318  30.752  21.884 0.0000000000
109644  45.045  29.593  20.437 0.0000000000
110433  44.913  30.267  21.125 0.0000000000
110435  44.459  30.160  20.403 0.0000000000
110437  44.119  30.175  19.516 0.0000000000
108865  47.797  28.393  16.858 0.0000000000
108848  46.909  28.450  17.768 0.0000000000
108866  46.831  28.666  16.702 0.0000000000
117546  42.706  39.047  16.027 0.0000000000
117573  42.897  38.506  15.592 0.0000000000
116870  42.748  37.612  15.038 0.0000000000
116869  42.956  37.500  14.876 0.0000000000
119984  45.464  42.108  13.169 0.0000000000
119173  42.804  41.445  15.424 0.0000000000
118337  42.753  39.681  16.137 0.0000000000
109577  51.350  29.221  27.688 0.0000000000
108763  51.702  28.439  26.607 0.0000000000
107850  51.425  27.950  27.134 0.0000000000
107865  51.824  27.465  26.319 0.0000000000
106963  51.659  26.412  25.586 0.0000000000
121462  48.350  44.797  15.359 0.0000000000
120693  48.332  43.963  15.996 0.0000000000
116095  43.085  37.995  19.689 0.0000000000
115345  43.541  36.760  20.405 0.0000000000
114551  44.349  35.528  21.642 0.0000000000
123791  42.159  47.616  15.441 0.0000000000
124542  42.750  48.717  15.426 0.0000000000
123788  45.411  47.116  15.092 0.0000000000
123022  46.104  46.383  15.170 0.0000000000
122207  47.332  45.540  15.493 0.0000000000
113004  48.260  34.109  19.065 0.0000000000
113784  47.693  34.275  18.756 0.0000000000
112998  47.509  33.748  19.488 0.0000000000
112994  46.729  32.863  20.223 0.0000000000
114643  40.536  36.146  14.441 0.0000000000
114651  39.439  35.955  13.838 0.0000000000
113031  38.729  34.062  14.445 0.0000000000
113038  38.746  33.125  14.052 0.0000000000
112162  39.830  32.115  14.730 0.0000000000
124592  46.616  48.958  10.393 0.0000000000
125349  46.469  49.394  9.664 0.0000000000
123841  46.705  47.807  10.186 0.0000000000
123085  46.647  46.691  8.955 0.0000000000
122296  45.916  45.590  8.675 0.0000000000
117550  38.879  39.421  16.942 0.0000000000
116150  38.104  37.144  15.757 0.0000000000
120699  42.198  43.821  16.679 0.0000000000
119945  43.403  43.296  16.648 0.0000000000
120689  41.900  43.421  17.111 0.0000000000
119927  42.383  42.397  18.049 0.0000000000
123776  36.821  47.808  16.128 0.0000000000
125259  36.736  49.534  16.188 0.0000000000
123775  37.940  47.738  15.989 0.0000000000
123795  38.853  47.939  15.750 0.0000000000
123794  39.569  47.721  15.655 0.0000000000
123028  39.664  46.961  15.741 0.0000000000
122194  40.865  45.076  16.351 0.0000000000
111219  49.368  32.149  24.073 0.0000000000
111220  48.710  31.773  23.551 0.0000000000
110405  48.738  30.814  23.928 0.0000000000
109622  48.837  29.874  24.304 0.0000000000
108810  49.143  28.959  23.745 0.0000000000
107907  52.304  27.175  23.160 0.0000000000
107914  51.661  27.353  22.280 0.0000000000
107926  51.869  27.243  20.101 0.0000000000
119206  48.183  40.692  13.183 0.0000000000
119190  47.779  40.379  13.868 0.0000000000
118391  48.709  40.320  13.032 0.0000000000
118376  48.804  39.734  13.212 0.0000000000
117588  49.261  38.978  13.131 0.0000000000
117578  50.325  38.760  13.735 0.0000000000
116849  50.482  38.162  14.581 0.0000000000
115413  50.394  36.689  14.790 0.0000000000
115398  50.193  36.183  15.301 0.0000000000
114624  50.061  35.606  15.775 0.0000000000
114623  50.395  35.822  15.834 0.0000000000
114604  50.359  35.550  16.677 0.0000000000
114585  50.343  35.397  17.869 0.0000000000
119131  47.647  41.773  19.690 0.0000000000
119918  48.158  42.022  19.601 0.0000000000
119119  48.501  41.227  20.231 0.0000000000
118321  48.781  40.672  19.497 0.0000000000
117518  48.555  40.144  18.797 0.0000000000
115356  46.385  36.578  19.504 0.0000000000
115355  47.521  36.367  19.624 0.0000000000
115354  48.618  36.039  19.724 0.0000000000
115353  49.409  35.820  19.631 0.0000000000
114575  49.053  35.690  20.164 0.0000000000
114533  49.627  34.603  22.349 0.0000000000
114534  49.387  35.128  22.526 0.0000000000
113732  49.110  34.431  23.802 0.0000000000
112089  46.927  32.948  23.589 0.0000000000
112941  48.130  33.230  24.348 0.0000000000
112073  47.955  32.356  24.753 0.0000000000
129374  40.835  56.177  11.633 0.0000000000
128773  41.112  55.358  11.043 0.0000000000
128177  40.617  54.081  10.413 0.0000000000
128178  39.783  53.451  10.859 0.0000000000
127521  38.906  52.192  10.798 0.0000000000
126080  38.517  50.611  10.663 0.0000000000
129891  39.032  56.924  18.529 0.0000000000
129903  38.512  56.804  17.624 0.0000000000
129901  39.498  56.605  18.201 0.0000000000
127474  43.566  52.382  15.588 0.0000000000
126763  42.551  52.461  15.489 0.0000000000
126775  42.903  51.963  14.565 0.0000000000
126029  42.265  51.350  14.357 0.0000000000
126044  41.747  50.497  14.012 0.0000000000
125298  41.033  49.697  13.430 0.0000000000
125297  42.264  50.108  13.400 0.0000000000
125313  43.014  50.122  12.829 0.0000000000
125312  43.739  50.287  12.275 0.0000000000
125333  44.385  50.281  11.752 0.0000000000
126066  45.161  51.182  12.364 0.0000000000
125311  45.414  50.905  12.807 0.0000000000
122236  46.839  45.433  13.916 0.0000000000
122244  46.289  45.312  13.187 0.0000000000
121476  47.272  44.733  13.345 0.0000000000
121488  47.662  44.008  12.718 0.0000000000
120744  47.283  43.447  12.094 0.0000000000
120010  47.348  42.281  11.722 0.0000000000
120755  47.679  42.811  11.811 0.0000000000
115434  45.649  36.921  13.870 0.0000000000
115419  44.947  36.718  14.045 0.0000000000
114610  44.637  35.678  16.315 0.0000000000
113007  44.191  33.616  18.894 0.0000000000
113788  43.371  33.977  18.376 0.0000000000
113008  43.220  33.063  18.842 0.0000000000
112140  42.617  32.581  18.736 0.0000000000
113010  41.710  32.590  18.290 0.0000000000
112142  41.432  32.062  18.015 0.0000000000
111267  41.822  31.422  18.011 0.0000000000
110446  42.062  30.687  16.947 0.0000000000
110456  42.728  30.684  16.183 0.0000000000
109638  46.606  29.112  21.696 0.0000000000
110423  46.128  30.209  22.014 0.0000000000
109642  46.266  28.872  21.057 0.0000000000
109643  45.757  29.090  20.569 0.0000000000
109646  45.537  29.101  19.564 0.0000000000
116858  39.944  38.136  15.912 0.0000000000
116162  40.313  37.301  14.460 0.0000000000
116146  41.754  37.496  15.309 0.0000000000
114633  40.553  35.169  15.608 0.0000000000
121504  45.405  44.623  10.973 0.0000000000
120767  44.997  43.680  10.495 0.0000000000
120024  44.602  43.233  10.669 0.0000000000
119985  44.594  42.504  13.117 0.0000000000
118364  42.109  40.870  15.955 0.0000000000
119154  41.397  40.765  16.210 0.0000000000
116838  40.366  38.596  16.250 0.0000000000
123761  35.983  47.861  16.997 0.0000000000
122996  37.166  46.259  17.394 0.0000000000
122995  38.053  45.787  17.322 0.0000000000
110391  50.569  30.751  25.438 0.0000000000
109606  50.137  29.821  24.844 0.0000000000
109605  50.961  29.519  25.352 0.0000000000
108790  51.605  28.349  24.607 0.0000000000
108775  52.027  28.167  25.605 0.0000000000
108774  52.124  27.912  24.875 0.0000000000
108807  52.120  27.789  23.875 0.0000000000
106981  52.921  26.320  22.189 0.0000000000
119994  49.390  42.007  12.300 0.0000000000
119218  49.555  41.302  12.553 0.0000000000
119982  49.417  42.161  13.189 0.0000000000
119204  49.471  41.532  13.440 0.0000000000
119188  49.260  41.542  14.508 0.0000000000
118375  49.527  40.556  14.890 0.0000000000
117567  49.888  39.784  15.477 0.0000000000
117543  50.223  39.279  15.844 0.0000000000
117512  46.195  39.974  20.019 0.0000000000
117511  46.968  40.362  20.235 0.0000000000
117521  45.672  39.546  19.181 0.0000000000
116106  45.195  38.304  18.812 0.0000000000
116092  45.888  37.113  19.144 0.0000000000
115357  45.307  36.740  19.669 0.0000000000
115327  46.933  36.061  21.324 0.0000000000
114548  47.242  35.691  21.908 0.0000000000
114536  47.598  35.352  22.482 0.0000000000
113741  46.993  34.720  22.783 0.0000000000
112959  46.431  34.328  22.694 0.0000000000
112948  46.682  33.751  23.043 0.0000000000
112082  46.338  32.254  23.861 0.0000000000
111210  46.536  31.569  24.437 0.0000000000
126752  40.643  51.923  16.599 0.0000000000
127429  41.458  53.459  17.399 0.0000000000
126751  41.747  52.092  16.604 0.0000000000
126750  42.776  52.062  16.584 0.0000000000
125271  43.257  49.819  15.632 0.0000000000
126003  43.212  51.391  16.394 0.0000000000
126749  43.521  51.907  16.298 0.0000000000
126762  43.939  51.976  15.714 0.0000000000
126761  44.236  51.457  15.069 0.0000000000
126027  44.605  51.018  14.396 0.0000000000
123037  44.881  47.139  14.296 0.0000000000
123035  46.824  46.375  14.944 0.0000000000
122224  47.321  45.989  14.617 0.0000000000
122225  46.609  46.113  14.503 0.0000000000
121475  48.302  44.464  13.556 0.0000000000
120727  48.808  43.568  12.845 0.0000000000
114608  46.706  35.763  16.400 0.0000000000
114590  46.319  35.295  17.149 0.0000000000
113796  45.938  34.728  17.828 0.0000000000
113786  45.531  34.172  18.674 0.0000000000
113778  46.523  33.986  19.212 0.0000000000
113006  44.834  33.840  18.798 0.0000000000
113001  44.168  32.911  19.381 0.0000000000
112136  43.934  31.956  19.647 0.0000000000
108846  48.588  27.917  18.466 0.0000000000
108864  48.880  27.896  17.177 0.0000000000
113054  37.041  33.215  12.662 0.0000000000
116164  38.954  37.076  13.744 0.0000000000
115438  38.852  36.583  13.701 0.0000000000
115439  38.274  35.886  13.820 0.0000000000
113845  38.830  35.422  13.817 0.0000000000
114653  37.937  35.191  13.550 0.0000000000
113047  37.599  33.925  12.681 0.0000000000
113053  37.570  33.529  12.443 0.0000000000
112184  38.260  33.055  11.738 0.0000000000
111310  39.622  32.472  12.202 0.0000000000
111319  40.989  31.524  11.646 0.0000000000
125364  46.484  49.208  8.845 0.0000000000
125376  46.050  49.550  8.111 0.0000000000
121520  44.963  44.447  9.781 0.0000000000
121532  45.290  44.770  8.891 0.0000000000
120705  45.511  44.159  15.783 0.0000000000
120695  45.964  43.554  16.212 0.0000000000
119943  45.181  42.897  16.681 0.0000000000
119935  44.344  42.407  17.260 0.0000000000
119143  45.494  41.698  18.201 0.0000000000
119142  46.335  41.734  18.481 0.0000000000
119132  46.848  41.624  19.272 0.0000000000
119121  47.048  41.386  20.321 0.0000000000
117503  46.687  40.439  20.730 0.0000000000
117504  45.899  40.225  20.729 0.0000000000
117513  44.930  39.880  19.950 0.0000000000
117514  43.683  39.659  19.870 0.0000000000
129318  37.395  55.908  17.159 0.0000000000
128713  35.975  54.823  18.633 0.0000000000
129305  36.824  55.672  18.355 0.0000000000
129288  37.775  56.084  19.052 0.0000000000
129287  38.782  55.988  19.187 0.0000000000
128711  39.545  54.668  18.401 0.0000000000
127431  39.400  53.329  17.530 0.0000000000
126009  36.314  50.639  16.700 0.0000000000
127432  37.719  53.256  17.690 0.0000000000
127450  38.796  52.510  16.886 0.0000000000
127449  40.063  52.558  17.156 0.0000000000
126019  40.605  50.265  15.833 0.0000000000
123792  41.054  47.489  15.476 0.0000000000
121466  44.751  44.752  15.643 0.0000000000
112120  47.937  32.820  21.218 0.0000000000
111239  47.524  31.592  22.416 0.0000000000
110406  48.135  30.759  23.373 0.0000000000
110421  47.514  30.656  22.819 0.0000000000
109635  47.041  29.612  22.470 0.0000000000
108824  47.225  28.667  21.935 0.0000000000
108827  47.892  28.149  21.277 0.0000000000
108832  47.864  27.931  20.200 0.0000000000
108792  50.014  29.219  24.373 0.0000000000
108809  49.901  28.790  23.932 0.0000000000
107916  49.651  27.772  22.810 0.0000000000
107915  50.609  27.604  22.574 0.0000000000
107923  48.920  27.713  22.254 0.0000000000
107929  48.796  27.722  21.123 0.0000000000
107936  49.060  27.681  20.021 0.0000000000
108836  48.463  27.800  19.446 0.0000000000
117570  45.748  39.149  15.475 0.0000000000
116851  46.143  38.482  15.127 0.0000000000
116866  46.462  37.983  14.562 0.0000000000
117581  47.869  39.113  14.435 0.0000000000
116865  47.521  38.123  14.388 0.0000000000
116156  46.858  37.504  14.089 0.0000000000
115433  46.612  36.884  13.827 0.0000000000
115417  47.054  36.586  14.158 0.0000000000
115401  47.584  36.379  14.890 0.0000000000
116875  49.593  38.612  12.601 0.0000000000
116882  49.659  38.235  12.513 0.0000000000
116863  50.503  37.981  13.487 0.0000000000
116180  49.918  37.611  12.772 0.0000000000
116168  49.450  37.337  13.192 0.0000000000
115431  48.765  36.912  13.629 0.0000000000
115416  48.115  36.553  14.152 0.0000000000
114607  47.793  35.607  16.410 0.0000000000
114588  48.479  35.233  17.210 0.0000000000
114605  49.864  35.041  16.579 0.0000000000
114587  49.405  34.948  17.046 0.0000000000
113783  48.747  34.329  18.825 0.0000000000
113776  48.920  34.211  19.424 0.0000000000
112991  49.061  33.872  20.085 0.0000000000
120687  47.639  43.186  16.979 0.0000000000
119923  48.489  42.034  18.942 0.0000000000
119141  48.946  41.844  18.054 0.0000000000
118335  49.360  40.553  17.279 0.0000000000
116132  49.945  38.194  16.946 0.0000000000
117520  46.848  39.943  19.033 0.0000000000
117527  47.459  39.431  18.259 0.0000000000
116816  47.919  38.802  17.804 0.0000000000
116104  47.187  37.592  18.346 0.0000000000
116116  50.121  36.809  17.330 0.0000000000
115375  50.263  36.089  17.703 0.0000000000
114581  49.830  35.741  19.397 0.0000000000
114580  50.240  35.422  19.038 0.0000000000
113774  50.213  34.738  19.335 0.0000000000
112976  49.273  33.527  20.871 0.0000000000
112957  49.124  33.387  21.970 0.0000000000
112102  49.029  32.933  22.772 0.0000000000
112945  49.466  33.426  23.085 0.0000000000
111207  49.823  31.830  24.573 0.0000000000
111206  50.475  31.798  25.158 0.0000000000
113733  48.383  34.634  23.446 0.0000000000
112940  48.855  33.646  24.567 0.0000000000
112931  49.598  33.163  25.113 0.0000000000
111188  50.955  31.323  26.889 0.0000000000
111187  51.200  30.717  27.296 0.0000000000
110361  51.212  29.872  27.995 0.0000000000
127544  40.928  52.367  8.162 0.0000000000
127519  40.418  52.895  9.844 0.0000000000
127535  40.576  52.408  9.084 0.0000000000
126843  40.165  51.211  8.411 0.0000000000
126103  39.997  50.243  8.166 0.0000000000
125381  40.461  49.290  8.397 0.0000000000
124637  41.123  48.675  8.957 0.0000000000
128145  38.259  54.447  14.154 0.0000000000
128155  37.853  53.287  13.197 0.0000000000
128722  41.449  54.128  17.347 0.0000000000
128107  41.022  54.309  16.921 0.0000000000
127477  41.038  52.351  15.357 0.0000000000
126780  37.753  52.367  13.914 0.0000000000
127498  37.761  52.765  12.858 0.0000000000
126798  37.821  51.921  12.235 0.0000000000
126068  38.087  50.776  11.816 0.0000000000
125356  38.679  49.435  10.746 0.0000000000
125315  40.240  49.116  12.452 0.0000000000
125335  40.013  48.897  11.819 0.0000000000
125355  39.425  48.964  10.564 0.0000000000
124611  40.312  48.663  10.417 0.0000000000
124624  40.793  48.647  9.477 0.0000000000
124623  41.756  48.569  9.488 0.0000000000
125331  46.171  49.802  10.638 0.0000000000
123835  46.191  48.197  10.847 0.0000000000
123817  44.577  48.475  13.210 0.0000000000
123052  44.683  47.537  12.494 0.0000000000
122255  44.721  47.046  11.849 0.0000000000
122254  45.147  46.359  11.347 0.0000000000
119235  46.002  42.020  11.739 0.0000000000
119234  46.747  41.828  11.855 0.0000000000
119222  46.096  41.748  12.331 0.0000000000
116853  44.380  37.923  15.029 0.0000000000
116144  44.037  37.496  14.766 0.0000000000
116159  43.442  37.261  14.679 0.0000000000
114614  40.918  34.836  16.446 0.0000000000
114609  45.646  35.749  16.339 0.0000000000
113798  43.512  34.760  17.449 0.0000000000
113814  42.992  35.176  16.758 0.0000000000
113022  39.735  33.183  16.535 0.0000000000
112153  39.711  32.357  15.547 0.0000000000
111290  40.473  31.666  14.679 0.0000000000
111271  40.720  31.563  16.760 0.0000000000
111280  40.594  31.615  15.850 0.0000000000
111298  41.462  31.380  13.727 0.0000000000
112121  46.860  32.216  21.228 0.0000000000
111257  45.790  31.631  20.966 0.0000000000
110432  45.643  30.411  21.626 0.0000000000
111254  45.293  31.067  21.281 0.0000000000
111258  45.110  31.491  20.712 0.0000000000
111259  44.284  31.037  20.333 0.0000000000
111261  43.809  31.015  19.737 0.0000000000
110438  43.733  30.499  19.098 0.0000000000
108838  46.969  28.379  18.827 0.0000000000
108839  46.169  28.728  18.657 0.0000000000
109649  45.385  29.134  18.569 0.0000000000
108867  45.995  28.954  16.635 0.0000000000
109653  45.323  29.210  17.536 0.0000000000
109650  44.552  29.517  18.486 0.0000000000
109651  44.049  29.665  18.061 0.0000000000
110441  43.485  30.212  18.313 0.0000000000
110444  43.402  30.112  17.310 0.0000000000
110455  43.589  30.320  16.235 0.0000000000
106017  51.081  25.768  25.194 0.0000000000
106016  51.351  25.817  24.782 0.0000000000
106038  50.784  25.540  23.327 0.0000000000
106026  51.374  25.683  24.017 0.0000000000
106978  51.760  25.967  23.771 0.0000000000
106992  50.779  27.285  18.990 0.0000000000
106993  50.546  27.265  19.172 0.0000000000
107006  50.542  27.302  18.878 0.0000000000
107007  50.304  27.213  19.055 0.0000000000
107899  50.472  28.400  23.981 0.0000000000
107910  49.496  28.325  23.412 0.0000000000
107911  49.051  28.457  23.363 0.0000000000
107917  48.959  28.033  23.042 0.0000000000
107937  48.473  27.800  20.393 0.0000000000
108756  51.437  28.624  27.293 0.0000000000
108789  52.232  27.703  24.364 0.0000000000
108806  52.308  27.483  23.877 0.0000000000
108818  48.679  28.630  23.247 0.0000000000
108831  48.449  27.771  19.994 0.0000000000
109586  51.511  29.104  27.008 0.0000000000
109636  46.404  29.779  22.134 0.0000000000
109639  45.928  29.544  21.551 0.0000000000
110373  51.344  30.567  26.791 0.0000000000
110469  41.871  31.136  15.686 0.0000000000
111263  42.789  31.349  18.837 0.0000000000
111265  42.951  30.807  18.555 0.0000000000
111269  42.024  30.891  17.582 0.0000000000
112081  47.442  32.584  24.258 0.0000000000
112122  46.236  31.897  21.009 0.0000000000
112154  39.189  32.889  15.192 0.0000000000
112178  38.471  33.362  12.448 0.0000000000
112930  50.049  33.029  24.869 0.0000000000
112938  50.013  32.951  24.541 0.0000000000
112958  48.601  32.968  21.630 0.0000000000
112996  48.980  34.122  19.684 0.0000000000
113005  48.027  33.947  19.164 0.0000000000
113751  50.158  34.764  21.181 0.0000000000
113813  50.125  34.827  16.983 0.0000000000
113816  41.407  34.590  17.029 0.0000000000
114527  49.424  34.630  23.070 0.0000000000
114544  50.296  34.952  21.080 0.0000000000
114550  45.343  35.471  21.862 0.0000000000
114586  49.787  34.808  16.948 0.0000000000
114626  48.205  35.956  15.695 0.0000000000
114635  39.207  34.646  15.243 0.0000000000
115359  43.603  37.391  19.789 0.0000000000
115406  42.580  36.563  15.214 0.0000000000
115407  39.152  37.185  15.101 0.0000000000
115435  45.108  37.003  13.800 0.0000000000
115436  40.286  36.841  13.938 0.0000000000
116107  44.711  38.699  19.013 0.0000000000
116119  47.435  38.273  17.976 0.0000000000
116143  44.350  37.553  14.641 0.0000000000
116145  42.175  37.512  15.233 0.0000000000
116155  47.904  37.663  13.821 0.0000000000
116158  44.674  37.344  14.238 0.0000000000
116171  46.223  37.119  13.870 0.0000000000
116172  45.346  37.144  13.883 0.0000000000
116176  38.981  36.904  13.590 0.0000000000
116181  49.501  37.806  12.741 0.0000000000
116182  49.231  38.073  12.702 0.0000000000
116806  45.157  39.031  18.772 0.0000000000
116835  49.855  38.782  16.867 0.0000000000
116874  50.256  37.905  12.815 0.0000000000
116881  50.044  37.986  12.562 0.0000000000
116883  49.395  38.334  12.581 0.0000000000
117519  47.806  39.992  18.770 0.0000000000
117528  46.814  39.259  18.287 0.0000000000
117568  47.254  39.129  14.881 0.0000000000
117569  46.751  39.338  15.118 0.0000000000
117582  47.259  39.397  14.750 0.0000000000
117595  50.156  38.209  12.610 0.0000000000
118304  48.424  40.824  21.021 0.0000000000
118314  48.455  40.877  20.567 0.0000000000
118315  48.165  40.593  20.327 0.0000000000
118318  44.163  40.054  20.159 0.0000000000
118320  49.166  40.423  18.672 0.0000000000
118322  48.102  40.333  19.474 0.0000000000
118336  43.121  39.410  15.917 0.0000000000
118377  48.381  39.961  13.587 0.0000000000
118404  49.160  40.685  11.698 0.0000000000
118405  49.119  40.678  11.621 0.0000000000
119110  48.471  40.918  20.769 0.0000000000
119111  48.128  41.113  20.980 0.0000000000
119137  41.927  42.291  18.639 0.0000000000
119140  49.425  41.115  18.116 0.0000000000
119145  43.710  42.122  17.883 0.0000000000
119170  45.659  40.525  15.124 0.0000000000
119205  48.755  40.415  12.689 0.0000000000
119917  48.514  41.778  19.749 0.0000000000
119926  43.047  42.094  18.098 0.0000000000
119937  42.168  42.875  17.473 0.0000000000
119941  47.174  42.725  16.863 0.0000000000
119965  49.277  42.141  13.971 0.0000000000
120013  44.502  42.898  11.222 0.0000000000
120681  41.122  43.336  17.835 0.0000000000
120688  42.642  43.289  16.935 0.0000000000
120690  41.235  43.715  17.250 0.0000000000
120697  44.043  43.899  16.110 0.0000000000
120698  43.009  43.817  16.432 0.0000000000
120700  41.694  43.811  16.874 0.0000000000
120703  47.108  44.439  15.836 0.0000000000
121444  40.939  44.146  17.059 0.0000000000
121445  40.509  44.076  17.567 0.0000000000
121452  48.085  44.469  15.811 0.0000000000
121454  43.956  44.482  15.791 0.0000000000
121465  45.974  44.972  15.683 0.0000000000
121469  42.165  44.746  16.136 0.0000000000
122182  38.600  45.050  17.873 0.0000000000
122193  41.416  44.941  16.244 0.0000000000
122206  48.024  45.421  15.323 0.0000000000
122211  43.220  45.755  15.607 0.0000000000
122213  41.004  45.885  16.052 0.0000000000
122222  48.402  45.312  15.018 0.0000000000
122223  47.977  45.800  14.857 0.0000000000
122235  47.725  45.321  14.157 0.0000000000
122281  46.423  45.998  9.127 0.0000000000
122295  46.430  46.123  8.806 0.0000000000
122997  36.159  46.949  17.243 0.0000000000
123012  37.099  47.063  16.603 0.0000000000
123013  36.406  47.430  16.588 0.0000000000
123020  47.631  45.923  15.242 0.0000000000
123068  46.343  47.296  9.996 0.0000000000
123078  45.895  46.216  9.618 0.0000000000
123774  38.946  47.193  16.069 0.0000000000
123777  36.265  47.855  16.416 0.0000000000
123793  40.215  47.396  15.567 0.0000000000
123834  46.623  48.326  10.514 0.0000000000
123848  46.816  47.611  9.270 0.0000000000
123857  46.465  47.452  8.704 0.0000000000
124514  35.867  48.378  16.905 0.0000000000
124526  37.887  48.416  15.741 0.0000000000
124527  37.333  48.684  15.853 0.0000000000
124528  36.226  48.525  16.409 0.0000000000
124529  35.801  48.724  16.870 0.0000000000
124545  39.377  48.538  15.545 0.0000000000
124546  38.422  48.575  15.628 0.0000000000
124547  37.905  48.754  15.674 0.0000000000
124580  40.346  48.837  11.922 0.0000000000
124594  45.932  49.880  11.648 0.0000000000
124597  40.196  48.662  11.387 0.0000000000
124598  39.659  48.702  11.095 0.0000000000
124612  39.862  48.653  10.866 0.0000000000
124620  44.991  49.617  9.032 0.0000000000
125273  41.093  49.425  15.617 0.0000000000
125285  44.443  50.163  14.486 0.0000000000
125300  38.853  49.878  13.276 0.0000000000
125330  46.347  49.525  10.183 0.0000000000
125336  39.363  48.987  11.540 0.0000000000
125337  38.385  49.710  11.642 0.0000000000
125350  46.048  49.750  9.930 0.0000000000
125354  39.740  49.045  10.035 0.0000000000
125365  45.928  49.800  8.970 0.0000000000
125366  45.217  49.673  8.513 0.0000000000
125370  39.032  49.449  10.296 0.0000000000
125375  46.336  49.066  8.059 0.0000000000
125382  39.680  49.478  8.996 0.0000000000
126002  43.569  51.467  16.256 0.0000000000
126007  38.930  50.854  15.881 0.0000000000
126015  44.322  50.642  15.074 0.0000000000
126022  38.070  49.904  15.681 0.0000000000
126043  43.137  51.083  13.672 0.0000000000
126047  38.305  50.679  13.574 0.0000000000
126058  43.512  50.715  13.092 0.0000000000
126059  37.895  50.942  12.674 0.0000000000
126079  38.817  50.872  10.164 0.0000000000
126764  42.014  52.457  15.659 0.0000000000
126788  44.365  51.558  13.800 0.0000000000
126792  37.718  52.194  13.451 0.0000000000
126799  37.718  52.087  12.913 0.0000000000
126814  38.681  51.463  10.686 0.0000000000
126827  40.041  51.736  9.054 0.0000000000
126828  39.641  51.147  9.225 0.0000000000
127445  43.420  52.230  16.271 0.0000000000
127446  43.108  52.389  16.354 0.0000000000
127448  41.222  52.745  17.191 0.0000000000
127461  43.520  52.345  16.086 0.0000000000
127475  43.228  52.422  15.275 0.0000000000
127476  41.580  52.543  15.643 0.0000000000
127480  37.909  52.833  14.253 0.0000000000
127489  37.744  52.817  13.544 0.0000000000
127506  38.652  52.724  11.593 0.0000000000
128088  41.548  53.808  17.373 0.0000000000
128090  40.049  54.141  17.910 0.0000000000
128111  35.993  53.571  16.774 0.0000000000
128121  41.297  53.543  16.563 0.0000000000
128122  40.556  53.694  16.376 0.0000000000
128146  37.909  53.528  13.739 0.0000000000
128163  40.407  54.687  11.170 0.0000000000
128165  38.665  53.426  12.046 0.0000000000
128187  40.999  53.327  9.589 0.0000000000
128694  39.822  55.472  18.607 0.0000000000
128695  39.236  55.345  18.696 0.0000000000
128696  37.717  55.237  19.167 0.0000000000
128697  36.921  54.594  19.280 0.0000000000
128708  41.409  54.014  17.535 0.0000000000
128709  41.216  54.248  17.667 0.0000000000
128712  36.390  55.027  17.993 0.0000000000
128723  41.094  54.432  17.462 0.0000000000
128763  39.682  55.180  12.240 0.0000000000
128785  41.849  55.296  9.928 0.0000000000
128786  41.416  55.075  10.404 0.0000000000
129272  36.327  55.131  19.666 0.0000000000
129306  36.383  55.330  18.942 0.0000000000
129315  39.640  56.227  17.584 0.0000000000
129365  39.046  56.046  13.237 0.0000000000
129385  41.806  56.192  10.288 0.0000000000
129876  39.204  56.294  19.064 0.0000000000
129877  38.806  56.567  19.060 0.0000000000
129878  38.460  56.678  18.642 0.0000000000
129890  39.389  56.445  18.698 0.0000000000
129892  38.618  56.881  18.173 0.0000000000
129902  39.065  56.808  17.849 0.0000000000
