#!ascii label  , from subject 3055 vox2ras=TkReg
1023
65606  18.641  -11.791  55.221 0.0000000000
64425  29.733  -13.013  60.490 0.0000000000
79520  36.027  0.091  33.526 0.0000000000
74703  27.452  -4.502  46.361 0.0000000000
70954  30.442  -8.153  55.214 0.0000000000
89984  46.606  8.972  23.330 0.0000000000
77158  36.817  -1.382  36.608 0.0000000000
74847  32.309  -3.839  37.437 0.0000000000
62248  16.205  -15.692  56.098 0.0000000000
64488  24.406  -12.394  58.135 0.0000000000
62279  26.662  -13.595  54.876 0.0000000000
66707  21.525  -11.497  51.380 0.0000000000
86927  41.456  6.125  28.827 0.0000000000
66609  22.725  -10.912  60.259 0.0000000000
68686  18.227  -9.044  59.239 0.0000000000
83649  41.498  3.279  32.133 0.0000000000
63269  15.280  -13.034  60.768 0.0000000000
59774  11.510  -17.577  61.507 0.0000000000
75932  31.759  -1.873  43.230 0.0000000000
74670  28.806  -4.708  51.182 0.0000000000
67778  28.339  -11.358  50.971 0.0000000000
63423  28.592  -13.311  52.394 0.0000000000
77138  36.370  -0.979  38.335 0.0000000000
76011  34.404  -1.656  37.170 0.0000000000
75992  33.686  -1.259  39.626 0.0000000000
78324  39.696  -0.994  37.445 0.0000000000
63391  17.682  -14.134  52.816 0.0000000000
61097  16.545  -16.244  54.285 0.0000000000
64501  17.222  -13.242  55.579 0.0000000000
65590  22.537  -10.733  56.947 0.0000000000
65612  23.540  -11.886  55.329 0.0000000000
65627  20.089  -11.517  53.209 0.0000000000
64543  19.012  -13.946  51.583 0.0000000000
80571  36.393  0.316  30.497 0.0000000000
79516  39.678  -0.343  33.707 0.0000000000
81556  38.983  1.642  32.598 0.0000000000
82600  37.749  2.382  31.533 0.0000000000
70861  17.143  -8.342  62.332 0.0000000000
67654  16.070  -10.849  60.236 0.0000000000
67610  15.405  -10.725  62.513 0.0000000000
63227  14.045  -15.513  66.118 0.0000000000
60963  14.466  -15.553  63.865 0.0000000000
60957  11.332  -17.543  64.133 0.0000000000
59734  9.394  -18.325  63.966 0.0000000000
60932  9.941  -17.389  66.487 0.0000000000
75813  30.498  -3.339  52.714 0.0000000000
72200  29.402  -7.043  53.835 0.0000000000
70979  28.498  -8.123  51.755 0.0000000000
68774  29.415  -9.833  52.943 0.0000000000
63428  25.474  -13.046  51.566 0.0000000000
62289  28.076  -13.630  54.062 0.0000000000
63445  26.927  -13.981  50.784 0.0000000000
63479  28.005  -13.736  48.768 0.0000000000
75909  29.191  -2.664  44.733 0.0000000000
74766  29.284  -3.338  41.839 0.0000000000
74768  26.963  -5.301  42.075 0.0000000000
89992  48.862  9.242  20.479 0.0000000000
90000  46.910  8.391  20.830 0.0000000000
77210  36.801  -1.019  34.979 0.0000000000
77177  34.504  -2.098  35.055 0.0000000000
77188  39.640  -1.170  35.136 0.0000000000
63296  27.338  -13.569  59.384 0.0000000000
63332  27.886  -13.496  57.595 0.0000000000
63350  25.853  -12.960  56.894 0.0000000000
64531  24.370  -12.092  53.481 0.0000000000
65671  22.860  -12.033  50.059 0.0000000000
86924  44.067  6.218  29.999 0.0000000000
89006  44.191  7.465  28.034 0.0000000000
88012  43.363  7.349  25.771 0.0000000000
88038  44.225  6.923  23.073 0.0000000000
66640  21.470  -10.551  58.373 0.0000000000
67688  18.364  -10.680  57.420 0.0000000000
67653  20.341  -9.566  59.881 0.0000000000
65557  23.606  -12.121  59.279 0.0000000000
84720  41.230  4.992  30.864 0.0000000000
65560  16.919  -13.166  57.592 0.0000000000
63300  15.931  -13.695  58.500 0.0000000000
61045  14.561  -16.364  58.936 0.0000000000
63247  15.503  -13.316  63.169 0.0000000000
62179  14.404  -15.547  61.543 0.0000000000
60921  7.929  -16.949  67.749 0.0000000000
74760  34.575  -2.452  42.172 0.0000000000
77046  29.439  -2.591  47.504 0.0000000000
76994  30.248  -2.306  50.768 0.0000000000
74678  28.155  -4.408  49.445 0.0000000000
72237  27.734  -7.016  49.725 0.0000000000
68792  27.651  -10.551  49.840 0.0000000000
66771  29.037  -12.886  48.010 0.0000000000
63346  29.377  -13.309  56.252 0.0000000000
65611  30.274  -12.013  55.127 0.0000000000
66705  30.168  -10.826  53.984 0.0000000000
65669  28.747  -12.794  51.322 0.0000000000
64620  29.041  -14.301  48.272 0.0000000000
74806  32.054  -3.682  40.156 0.0000000000
73620  30.084  -5.309  38.523 0.0000000000
77126  35.771  0.353  39.634 0.0000000000
75991  34.145  -0.657  39.084 0.0000000000
75967  35.172  -0.608  40.328 0.0000000000
77129  37.889  -0.070  38.834 0.0000000000
64513  17.820  -13.331  54.512 0.0000000000
63364  17.220  -14.240  54.507 0.0000000000
65605  20.271  -10.844  55.381 0.0000000000
65614  21.212  -10.763  54.318 0.0000000000
65615  19.756  -10.867  54.047 0.0000000000
65616  18.900  -12.209  53.843 0.0000000000
79536  35.814  -0.604  31.984 0.0000000000
79518  38.102  0.261  34.048 0.0000000000
80561  39.075  1.039  33.166 0.0000000000
80562  37.942  1.009  32.774 0.0000000000
80563  36.819  0.519  31.784 0.0000000000
62140  13.206  -16.079  66.426 0.0000000000
62157  13.194  -16.265  65.033 0.0000000000
60956  12.661  -16.774  64.758 0.0000000000
59733  10.450  -17.742  63.779 0.0000000000
60948  10.438  -17.526  65.045 0.0000000000
60950  9.099  -18.112  64.874 0.0000000000
73437  29.704  -6.018  54.295 0.0000000000
72199  29.905  -7.161  54.475 0.0000000000
70972  29.457  -8.007  53.197 0.0000000000
69839  29.967  -8.945  54.128 0.0000000000
64436  30.347  -12.429  59.888 0.0000000000
64574  25.266  -12.780  50.113 0.0000000000
63427  26.231  -13.525  51.523 0.0000000000
64573  25.872  -13.250  49.674 0.0000000000
63463  26.324  -13.765  49.133 0.0000000000
75883  29.085  -2.932  46.067 0.0000000000
75935  28.706  -3.188  43.796 0.0000000000
89979  46.364  9.102  24.268 0.0000000000
90981  47.777  10.170  23.869 0.0000000000
90991  47.584  9.486  22.667 0.0000000000
89987  48.031  9.232  21.604 0.0000000000
89995  46.744  8.538  21.589 0.0000000000
77191  37.144  -1.379  35.427 0.0000000000
77211  35.809  -1.220  34.619 0.0000000000
77176  35.035  -1.661  35.521 0.0000000000
76012  33.567  -2.426  37.501 0.0000000000
76025  33.513  -2.493  36.351 0.0000000000
74859  32.471  -4.340  36.482 0.0000000000
77156  38.515  -1.224  36.980 0.0000000000
76034  37.924  -1.442  35.698 0.0000000000
77209  37.810  -1.308  34.699 0.0000000000
61083  16.381  -15.919  55.250 0.0000000000
61085  15.176  -16.705  56.009 0.0000000000
63315  25.587  -13.078  58.813 0.0000000000
63334  26.404  -13.126  57.627 0.0000000000
64487  25.189  -12.729  57.532 0.0000000000
65625  22.454  -11.014  53.561 0.0000000000
65624  23.426  -11.725  54.093 0.0000000000
65636  23.585  -11.399  52.817 0.0000000000
65652  23.902  -11.606  51.265 0.0000000000
66722  21.669  -11.788  50.551 0.0000000000
66742  20.604  -12.427  50.781 0.0000000000
71004  26.756  -8.153  48.388 0.0000000000
86925  43.302  5.812  29.845 0.0000000000
87974  44.522  6.606  29.467 0.0000000000
86934  42.327  6.557  28.349 0.0000000000
86960  42.406  6.949  26.373 0.0000000000
86984  42.729  6.875  24.946 0.0000000000
88023  44.041  7.654  24.592 0.0000000000
66627  21.893  -10.834  59.448 0.0000000000
67663  20.752  -10.119  58.795 0.0000000000
66610  21.822  -10.441  60.186 0.0000000000
65541  23.349  -11.457  59.709 0.0000000000
65559  22.238  -11.198  58.693 0.0000000000
84718  43.112  4.460  31.214 0.0000000000
84706  41.390  4.207  31.595 0.0000000000
84697  38.320  3.429  30.692 0.0000000000
67677  18.003  -10.158  58.109 0.0000000000
66653  17.370  -11.817  57.317 0.0000000000
67678  16.866  -11.121  58.212 0.0000000000
65525  15.503  -11.895  60.035 0.0000000000
65543  16.186  -12.429  59.246 0.0000000000
63285  15.647  -13.368  59.572 0.0000000000
61044  15.375  -15.950  59.153 0.0000000000
61022  15.085  -15.498  59.948 0.0000000000
64395  15.364  -12.689  64.657 0.0000000000
63259  13.194  -16.475  62.592 0.0000000000
61002  13.856  -15.770  62.138 0.0000000000
61003  12.496  -16.831  61.567 0.0000000000
62192  12.884  -16.532  60.013 0.0000000000
78265  31.195  -1.445  46.451 0.0000000000
75814  29.932  -3.658  52.238 0.0000000000
76983  30.083  -2.909  51.598 0.0000000000
75829  29.426  -3.523  51.291 0.0000000000
75840  28.766  -3.475  49.718 0.0000000000
74671  28.472  -4.651  50.318 0.0000000000
73482  28.187  -5.761  49.894 0.0000000000
73465  28.419  -5.832  50.874 0.0000000000
68783  28.310  -10.216  51.663 0.0000000000
69862  27.740  -9.342  50.502 0.0000000000
67779  27.935  -11.337  50.175 0.0000000000
67786  27.953  -12.120  48.979 0.0000000000
66763  28.672  -13.422  49.001 0.0000000000
62244  27.517  -13.374  56.293 0.0000000000
63330  28.793  -13.502  57.335 0.0000000000
62262  27.828  -13.467  55.637 0.0000000000
63403  28.255  -13.488  53.142 0.0000000000
63386  28.716  -13.138  54.229 0.0000000000
64529  29.239  -12.606  54.193 0.0000000000
65623  29.926  -11.806  54.354 0.0000000000
64539  28.787  -12.277  53.135 0.0000000000
65649  28.805  -11.814  52.884 0.0000000000
64553  28.996  -12.937  52.145 0.0000000000
63494  27.757  -14.474  47.468 0.0000000000
63492  29.084  -14.911  49.095 0.0000000000
75931  33.113  -2.296  42.859 0.0000000000
74786  33.454  -3.284  41.072 0.0000000000
74764  31.798  -3.001  41.608 0.0000000000
74809  28.681  -4.708  40.134 0.0000000000
74808  29.662  -4.322  40.005 0.0000000000
91003  49.537  9.402  19.541 0.0000000000
77147  36.594  -1.355  37.472 0.0000000000
77149  35.402  -1.507  36.919 0.0000000000
76000  34.902  -1.555  38.425 0.0000000000
76001  33.852  -1.771  38.543 0.0000000000
74834  33.381  -2.805  38.834 0.0000000000
78315  39.387  -0.765  38.366 0.0000000000
77145  38.244  -1.201  37.972 0.0000000000
62292  17.518  -14.982  53.393 0.0000000000
62265  16.758  -14.659  54.867 0.0000000000
62247  16.377  -14.790  55.613 0.0000000000
65589  23.461  -11.592  57.421 0.0000000000
65602  23.822  -11.947  56.528 0.0000000000
65603  23.105  -11.125  56.120 0.0000000000
65626  21.184  -11.167  53.268 0.0000000000
65638  20.964  -11.422  52.261 0.0000000000
65654  20.020  -12.548  51.228 0.0000000000
65640  19.109  -12.768  51.688 0.0000000000
64532  18.585  -13.510  52.404 0.0000000000
85877  39.600  5.637  27.899 0.0000000000
66588  21.953  -10.743  61.701 0.0000000000
80559  40.950  0.837  33.375 0.0000000000
81554  40.911  1.402  32.996 0.0000000000
82598  39.997  2.218  32.526 0.0000000000
82611  39.838  3.091  31.921 0.0000000000
82599  38.955  2.771  32.264 0.0000000000
81540  37.363  1.815  31.519 0.0000000000
70883  17.975  -8.391  60.805 0.0000000000
68687  16.558  -9.833  59.557 0.0000000000
69744  16.657  -9.372  61.492 0.0000000000
68660  16.303  -10.876  61.723 0.0000000000
65504  15.102  -11.642  61.516 0.0000000000
62154  15.019  -14.932  64.823 0.0000000000
62155  14.403  -15.557  64.970 0.0000000000
137133  13.373  -16.654  63.569 0.0000000000
60985  11.417  -17.283  62.484 0.0000000000
59740  10.865  -17.605  63.363 0.0000000000
74638  29.895  -4.907  53.657 0.0000000000
73449  29.078  -5.912  52.583 0.0000000000
72219  28.443  -7.013  51.362 0.0000000000
70978  28.940  -8.060  52.496 0.0000000000
69855  29.035  -9.103  51.794 0.0000000000
67770  28.803  -10.914  51.802 0.0000000000
63389  26.461  -13.039  53.729 0.0000000000
62277  27.673  -13.571  54.755 0.0000000000
63404  26.888  -13.407  53.177 0.0000000000
63426  26.973  -14.022  52.187 0.0000000000
63444  27.583  -13.979  51.057 0.0000000000
63460  28.425  -14.206  50.307 0.0000000000
63461  27.833  -13.893  49.992 0.0000000000
63480  26.896  -13.877  48.208 0.0000000000
77111  30.768  -1.734  43.936 0.0000000000
75954  31.183  -2.570  42.391 0.0000000000
75934  29.555  -2.692  43.493 0.0000000000
74767  27.664  -3.723  42.449 0.0000000000
90989  48.842  9.937  21.783 0.0000000000
89993  48.300  9.152  20.919 0.0000000000
79505  36.030  -0.077  34.429 0.0000000000
79521  35.596  -1.252  32.817 0.0000000000
78376  35.836  -1.189  34.086 0.0000000000
76024  34.428  -2.086  36.003 0.0000000000
76037  33.795  -2.796  35.109 0.0000000000
79456  40.612  -0.917  36.544 0.0000000000
79488  40.817  -1.097  35.481 0.0000000000
78372  40.713  -0.755  34.560 0.0000000000
77225  39.213  -0.852  34.167 0.0000000000
79503  38.149  -0.305  34.260 0.0000000000
63280  28.369  -13.735  59.828 0.0000000000
63294  28.587  -13.769  59.030 0.0000000000
63312  27.595  -13.508  58.412 0.0000000000
63333  27.303  -13.156  57.270 0.0000000000
63363  25.804  -13.387  55.564 0.0000000000
64512  24.325  -12.529  55.812 0.0000000000
64511  24.973  -13.028  55.092 0.0000000000
63376  25.706  -13.236  54.359 0.0000000000
64541  24.954  -12.717  52.044 0.0000000000
65651  24.424  -12.051  50.744 0.0000000000
65691  22.922  -12.670  48.864 0.0000000000
89011  45.044  7.690  27.556 0.0000000000
87993  42.680  6.872  27.476 0.0000000000
89012  44.121  7.445  27.051 0.0000000000
89016  45.080  7.930  26.617 0.0000000000
89975  45.254  8.501  25.389 0.0000000000
89023  45.173  8.286  24.269 0.0000000000
89032  45.375  8.222  22.742 0.0000000000
89036  45.187  7.463  21.757 0.0000000000
66664  19.870  -10.788  56.251 0.0000000000
66665  18.535  -11.502  56.272 0.0000000000
68710  19.687  -10.027  57.286 0.0000000000
67664  19.552  -9.444  58.862 0.0000000000
68685  19.466  -9.253  59.618 0.0000000000
68658  21.308  -9.605  61.235 0.0000000000
70881  19.158  -8.660  60.865 0.0000000000
70859  19.592  -8.254  62.177 0.0000000000
63253  28.470  -13.388  60.909 0.0000000000
63282  27.138  -13.468  60.317 0.0000000000
63298  25.771  -13.160  59.599 0.0000000000
64469  25.140  -12.745  58.653 0.0000000000
64453  24.181  -12.458  59.549 0.0000000000
64489  24.028  -12.495  58.706 0.0000000000
65575  22.762  -11.405  58.041 0.0000000000
65576  21.934  -10.702  57.681 0.0000000000
85859  43.936  5.303  30.770 0.0000000000
85866  43.219  5.160  30.671 0.0000000000
85868  41.141  5.421  29.612 0.0000000000
84707  40.247  4.269  31.283 0.0000000000
84721  39.986  4.873  30.274 0.0000000000
85869  39.767  5.307  29.116 0.0000000000
65593  17.612  -12.121  56.585 0.0000000000
65578  17.150  -12.917  57.014 0.0000000000
63316  16.372  -14.137  57.127 0.0000000000
66628  16.624  -12.051  58.775 0.0000000000
64473  16.325  -13.382  58.208 0.0000000000
62215  16.018  -14.623  57.595 0.0000000000
61075  14.966  -16.798  57.039 0.0000000000
61064  14.203  -16.619  57.738 0.0000000000
65491  14.851  -11.803  62.671 0.0000000000
63258  14.928  -12.886  61.943 0.0000000000
62171  14.719  -14.251  62.680 0.0000000000
62189  15.027  -15.204  60.776 0.0000000000
62203  14.348  -16.234  59.814 0.0000000000
58430  8.992  -17.501  67.582 0.0000000000
75949  35.985  -1.848  40.853 0.0000000000
77096  31.945  -1.201  44.631 0.0000000000
77080  31.278  -1.419  45.688 0.0000000000
77064  29.770  -2.462  46.585 0.0000000000
75865  28.774  -2.986  47.078 0.0000000000
77007  29.803  -2.453  49.295 0.0000000000
77026  29.174  -2.792  48.430 0.0000000000
74693  28.246  -4.044  47.924 0.0000000000
73499  27.282  -5.311  48.753 0.0000000000
72254  27.247  -6.849  48.909 0.0000000000
71003  27.336  -8.190  49.257 0.0000000000
70989  28.238  -8.181  50.902 0.0000000000
69863  27.379  -9.413  49.585 0.0000000000
68799  27.219  -10.676  48.842 0.0000000000
67787  27.593  -11.446  47.915 0.0000000000
66782  28.812  -12.965  46.535 0.0000000000
69823  30.484  -8.939  55.490 0.0000000000
63292  29.643  -13.180  58.656 0.0000000000
63308  29.821  -13.091  57.899 0.0000000000
65572  30.307  -11.884  57.579 0.0000000000
63361  28.450  -13.401  55.353 0.0000000000
64510  29.539  -12.845  55.793 0.0000000000
65600  30.523  -11.399  56.505 0.0000000000
66682  30.598  -10.996  55.329 0.0000000000
67739  30.643  -10.418  55.075 0.0000000000
68765  30.231  -9.718  54.256 0.0000000000
67759  29.483  -10.519  53.218 0.0000000000
66737  29.030  -11.323  52.071 0.0000000000
66738  28.762  -11.823  51.456 0.0000000000
63477  29.114  -14.632  49.924 0.0000000000
64587  30.158  -13.668  50.369 0.0000000000
65706  29.341  -13.364  49.487 0.0000000000
65722  29.193  -13.700  47.454 0.0000000000
74803  34.008  -1.964  40.729 0.0000000000
74818  33.438  -2.742  39.775 0.0000000000
74819  32.745  -3.447  39.480 0.0000000000
74788  31.285  -3.411  40.825 0.0000000000
74820  31.703  -4.243  39.151 0.0000000000
74836  31.770  -4.459  38.005 0.0000000000
89040  46.155  7.679  21.124 0.0000000000
77130  37.041  0.517  38.866 0.0000000000
66675  19.486  -11.206  55.687 0.0000000000
79535  37.001  0.341  32.879 0.0000000000
79519  36.977  0.648  33.999 0.0000000000
79534  38.150  0.684  33.507 0.0000000000
60946  12.210  -16.729  65.785 0.0000000000
62149  12.849  -16.368  65.565 0.0000000000
60947  11.568  -17.262  65.415 0.0000000000
72191  30.401  -7.307  54.977 0.0000000000
73428  30.384  -6.323  54.757 0.0000000000
70964  29.745  -8.054  53.967 0.0000000000
70963  30.205  -8.110  54.553 0.0000000000
64424  30.359  -12.487  60.544 0.0000000000
64437  29.792  -13.058  59.836 0.0000000000
64590  25.189  -12.931  49.093 0.0000000000
65689  25.078  -13.434  48.058 0.0000000000
75884  28.106  -3.507  45.715 0.0000000000
90987  46.702  9.442  23.900 0.0000000000
90986  47.236  9.563  23.401 0.0000000000
89983  47.125  9.113  22.787 0.0000000000
89988  47.449  9.043  22.089 0.0000000000
89989  46.618  8.663  22.473 0.0000000000
77174  36.790  -1.576  36.063 0.0000000000
77175  36.061  -1.620  35.827 0.0000000000
74846  33.226  -3.194  37.886 0.0000000000
74858  32.860  -3.219  36.869 0.0000000000
74848  31.830  -4.866  37.017 0.0000000000
77157  37.501  -1.201  36.840 0.0000000000
76021  38.171  -1.274  36.215 0.0000000000
76022  37.494  -1.354  36.221 0.0000000000
76048  37.536  -1.456  35.591 0.0000000000
61084  15.996  -16.438  55.797 0.0000000000
62229  16.132  -15.137  56.616 0.0000000000
64500  24.603  -12.281  56.984 0.0000000000
65637  22.353  -11.087  52.170 0.0000000000
65653  22.403  -11.623  50.950 0.0000000000
66741  21.037  -12.331  50.221 0.0000000000
66723  21.020  -11.890  50.920 0.0000000000
69872  26.886  -9.314  47.533 0.0000000000
86926  42.319  6.004  29.370 0.0000000000
86933  43.275  6.342  28.955 0.0000000000
86985  42.235  6.461  24.493 0.0000000000
66626  22.825  -11.014  59.702 0.0000000000
83636  42.226  2.902  32.418 0.0000000000
83648  42.605  3.454  32.113 0.0000000000
84705  42.389  4.056  31.719 0.0000000000
67665  18.330  -9.482  58.575 0.0000000000
68699  17.523  -9.703  58.712 0.0000000000
64441  15.478  -12.446  59.769 0.0000000000
62188  15.421  -14.305  60.468 0.0000000000
61043  15.495  -15.092  59.527 0.0000000000
63232  15.365  -13.434  65.129 0.0000000000
60983  12.413  -16.759  61.992 0.0000000000
62174  12.834  -16.578  62.142 0.0000000000
61024  12.553  -16.872  60.767 0.0000000000
74656  29.149  -4.700  52.047 0.0000000000
75830  28.888  -3.825  50.604 0.0000000000
68791  27.612  -10.414  50.958 0.0000000000
67785  28.295  -12.090  50.074 0.0000000000
62264  26.860  -13.592  55.408 0.0000000000
62243  27.989  -13.531  56.400 0.0000000000
62263  27.337  -13.562  55.433 0.0000000000
63402  28.647  -13.221  53.393 0.0000000000
63422  28.891  -13.048  53.006 0.0000000000
64528  29.377  -12.263  53.869 0.0000000000
64540  28.916  -12.673  53.385 0.0000000000
64554  28.666  -13.228  51.621 0.0000000000
75952  32.979  -2.779  42.208 0.0000000000
75953  32.306  -2.541  42.270 0.0000000000
75999  35.775  -1.348  38.079 0.0000000000
74833  33.670  -2.072  39.386 0.0000000000
78304  40.469  -0.410  38.637 0.0000000000
77137  37.235  -0.777  38.575 0.0000000000
77146  37.422  -1.265  37.739 0.0000000000
63351  16.702  -14.039  55.024 0.0000000000
62246  16.539  -14.496  55.144 0.0000000000
63352  16.494  -13.915  55.665 0.0000000000
65604  21.867  -10.713  55.680 0.0000000000
66684  20.099  -10.988  53.591 0.0000000000
66694  20.517  -11.173  53.418 0.0000000000
65639  19.924  -11.925  51.949 0.0000000000
64522  18.191  -13.279  53.318 0.0000000000
79532  40.153  0.018  33.550 0.0000000000
80560  40.056  0.807  33.150 0.0000000000
81555  40.008  1.470  32.822 0.0000000000
82597  40.882  1.971  32.675 0.0000000000
81557  37.656  1.774  32.190 0.0000000000
81558  37.105  1.214  31.171 0.0000000000
70871  17.468  -8.677  61.506 0.0000000000
69743  17.180  -9.125  61.270 0.0000000000
70872  16.899  -8.760  61.900 0.0000000000
68645  16.278  -9.957  62.227 0.0000000000
68644  16.200  -10.669  62.207 0.0000000000
67626  16.092  -11.242  61.881 0.0000000000
66589  15.286  -11.375  62.073 0.0000000000
62146  14.418  -15.322  65.748 0.0000000000
62145  14.806  -14.721  65.725 0.0000000000
60955  13.591  -16.389  64.431 0.0000000000
60965  13.375  -16.815  63.988 0.0000000000
60966  12.624  -16.803  63.406 0.0000000000
60967  11.421  -17.151  62.993 0.0000000000
60958  10.071  -17.713  64.278 0.0000000000
60942  9.548  -17.566  65.669 0.0000000000
59720  9.287  -17.577  66.404 0.0000000000
73438  29.265  -5.941  53.485 0.0000000000
74639  29.583  -4.885  52.826 0.0000000000
72210  28.843  -7.016  53.131 0.0000000000
69840  29.543  -8.960  53.477 0.0000000000
69848  29.238  -9.014  52.706 0.0000000000
68782  29.275  -9.973  52.048 0.0000000000
63406  25.803  -12.807  52.321 0.0000000000
63405  26.537  -13.111  52.676 0.0000000000
63446  26.373  -13.585  50.267 0.0000000000
63425  27.627  -14.082  51.930 0.0000000000
63462  27.014  -13.810  49.542 0.0000000000
63481  26.176  -13.865  48.255 0.0000000000
77098  30.146  -1.916  44.594 0.0000000000
77112  29.935  -2.071  43.939 0.0000000000
75936  27.905  -3.626  43.798 0.0000000000
75957  28.338  -3.436  43.225 0.0000000000
89994  47.555  8.783  21.252 0.0000000000
89999  47.635  8.536  20.343 0.0000000000
89039  46.956  7.644  20.280 0.0000000000
78375  36.455  -0.636  34.739 0.0000000000
79506  35.766  -0.894  33.633 0.0000000000
77193  35.037  -1.656  34.789 0.0000000000
77212  34.989  -1.752  34.050 0.0000000000
77194  34.396  -2.414  34.399 0.0000000000
76049  33.808  -3.453  33.990 0.0000000000
77160  35.201  -1.601  36.307 0.0000000000
74870  32.870  -3.663  35.664 0.0000000000
74883  33.570  -4.795  34.423 0.0000000000
78323  40.535  -0.620  37.389 0.0000000000
79450  39.971  -0.958  37.084 0.0000000000
77171  39.851  -1.134  35.353 0.0000000000
78339  40.125  -1.171  35.703 0.0000000000
77187  40.079  -0.919  35.055 0.0000000000
78356  40.635  -0.943  35.030 0.0000000000
77206  40.114  -0.836  34.827 0.0000000000
78391  40.570  -0.566  34.115 0.0000000000
77207  39.562  -1.032  34.732 0.0000000000
78373  38.557  -0.777  34.265 0.0000000000
78374  37.479  -0.691  34.574 0.0000000000
79504  37.045  0.236  34.722 0.0000000000
63295  27.985  -13.720  59.215 0.0000000000
63313  26.872  -13.389  58.504 0.0000000000
63349  26.623  -13.266  56.309 0.0000000000
64521  24.307  -12.329  54.621 0.0000000000
64520  25.111  -12.628  53.977 0.0000000000
64530  25.116  -12.520  52.942 0.0000000000
64542  24.440  -12.106  52.394 0.0000000000
65670  24.289  -12.291  49.903 0.0000000000
65655  19.270  -13.220  50.872 0.0000000000
64558  18.928  -14.197  50.592 0.0000000000
86918  44.513  5.950  30.599 0.0000000000
87984  44.218  6.798  28.767 0.0000000000
87983  44.940  6.974  29.081 0.0000000000
89005  45.134  7.402  28.510 0.0000000000
86935  40.970  6.415  27.853 0.0000000000
86958  42.994  7.191  26.350 0.0000000000
86943  43.033  7.135  26.826 0.0000000000
88002  43.614  7.377  26.319 0.0000000000
89017  44.384  7.688  26.100 0.0000000000
89020  44.859  8.162  25.913 0.0000000000
88013  43.900  7.578  25.514 0.0000000000
88032  44.040  7.409  23.798 0.0000000000
89024  44.702  7.996  24.278 0.0000000000
89025  44.475  7.696  23.803 0.0000000000
89027  45.228  8.234  23.768 0.0000000000
89028  44.627  7.701  23.420 0.0000000000
66651  21.015  -10.515  57.197 0.0000000000
67701  20.193  -10.280  56.673 0.0000000000
67674  20.723  -10.295  57.558 0.0000000000
67652  21.043  -9.960  59.610 0.0000000000
67625  21.469  -10.216  61.459 0.0000000000
68643  20.750  -9.079  61.424 0.0000000000
69752  19.421  -8.870  60.660 0.0000000000
69742  20.059  -8.860  61.375 0.0000000000
70869  19.261  -8.577  61.197 0.0000000000
63265  28.109  -13.507  60.559 0.0000000000
63299  25.403  -12.892  59.185 0.0000000000
65540  23.936  -12.018  59.896 0.0000000000
64454  23.859  -12.343  59.420 0.0000000000
64471  23.819  -12.561  59.075 0.0000000000
65574  23.664  -12.022  58.386 0.0000000000
65558  23.064  -11.634  58.964 0.0000000000
78394  35.150  -2.419  32.416 0.0000000000
84719  42.308  4.825  31.199 0.0000000000
85867  42.268  5.527  30.393 0.0000000000
83650  40.494  3.513  31.792 0.0000000000
83651  39.506  3.475  31.593 0.0000000000
84709  38.114  3.434  29.760 0.0000000000
84708  38.951  3.954  30.750 0.0000000000
84722  38.845  4.541  29.509 0.0000000000
67703  18.477  -11.054  56.847 0.0000000000
66666  17.838  -11.639  56.750 0.0000000000
65579  17.215  -12.413  57.485 0.0000000000
66652  17.401  -12.119  56.983 0.0000000000
64491  16.605  -13.557  56.706 0.0000000000
64472  16.581  -13.431  57.512 0.0000000000
68674  16.156  -10.271  60.092 0.0000000000
67666  16.377  -11.065  59.138 0.0000000000
66611  15.750  -11.774  59.629 0.0000000000
64455  15.934  -12.879  58.842 0.0000000000
63317  16.198  -13.851  57.791 0.0000000000
61074  15.729  -15.924  56.990 0.0000000000
61062  15.549  -15.331  58.373 0.0000000000
61063  15.114  -16.180  58.052 0.0000000000
61046  13.532  -16.676  58.472 0.0000000000
64406  15.413  -12.567  63.477 0.0000000000
64420  14.948  -12.286  62.272 0.0000000000
62170  15.180  -13.663  62.753 0.0000000000
60962  14.791  -15.009  64.140 0.0000000000
60980  14.534  -14.841  63.398 0.0000000000
61001  14.147  -15.324  62.360 0.0000000000
62178  14.643  -14.682  61.748 0.0000000000
62190  14.566  -15.935  60.551 0.0000000000
62191  13.770  -16.336  60.411 0.0000000000
58429  9.330  -17.457  67.320 0.0000000000
59706  9.020  -17.405  68.036 0.0000000000
60911  8.690  -17.090  68.459 0.0000000000
59707  8.634  -17.390  67.657 0.0000000000
75905  34.407  -1.867  43.848 0.0000000000
77079  32.289  -1.186  45.499 0.0000000000
77097  30.941  -1.544  44.769 0.0000000000
77045  30.436  -2.079  47.012 0.0000000000
77063  30.515  -1.801  46.280 0.0000000000
77008  28.914  -2.939  49.072 0.0000000000
75849  28.503  -3.530  48.834 0.0000000000
75857  28.557  -3.409  47.960 0.0000000000
74685  27.782  -4.132  48.532 0.0000000000
74686  27.334  -4.575  48.270 0.0000000000
73483  27.808  -6.033  49.283 0.0000000000
65737  28.823  -13.823  46.081 0.0000000000
63311  28.168  -13.574  58.368 0.0000000000
63293  29.159  -13.592  58.828 0.0000000000
63310  28.683  -13.458  58.226 0.0000000000
63347  29.016  -13.580  56.602 0.0000000000
64486  30.010  -13.149  57.195 0.0000000000
64485  30.149  -12.600  57.495 0.0000000000
64498  29.876  -13.052  56.696 0.0000000000
62290  27.519  -13.515  53.810 0.0000000000
62276  28.139  -13.464  55.070 0.0000000000
64519  29.474  -12.692  54.952 0.0000000000
63371  29.249  -12.975  55.164 0.0000000000
64509  29.880  -12.387  55.467 0.0000000000
65601  30.199  -11.923  55.993 0.0000000000
66674  30.801  -10.926  56.150 0.0000000000
65610  30.455  -11.459  55.658 0.0000000000
66692  30.326  -11.134  54.383 0.0000000000
67748  30.377  -10.405  54.388 0.0000000000
68757  30.559  -9.706  54.921 0.0000000000
67749  29.997  -10.425  53.811 0.0000000000
65650  28.910  -12.430  52.186 0.0000000000
66721  29.170  -11.218  52.703 0.0000000000
65668  28.908  -11.914  52.082 0.0000000000
63459  28.845  -14.076  50.575 0.0000000000
63478  28.565  -14.638  49.435 0.0000000000
64605  29.388  -14.245  49.494 0.0000000000
65687  29.743  -13.176  50.147 0.0000000000
65707  29.439  -13.634  48.980 0.0000000000
75950  35.361  -2.096  41.653 0.0000000000
75968  35.100  -2.094  40.649 0.0000000000
74784  34.850  -2.909  40.963 0.0000000000
74804  33.859  -2.913  40.446 0.0000000000
74805  33.024  -3.227  40.339 0.0000000000
74765  30.577  -3.062  41.619 0.0000000000
74789  29.962  -3.822  40.854 0.0000000000
74821  30.383  -4.420  39.092 0.0000000000
73619  30.987  -4.879  38.316 0.0000000000
91012  49.639  9.341  18.767 0.0000000000
91011  50.442  9.861  18.395 0.0000000000
89041  45.612  7.337  21.301 0.0000000000
88051  45.510  6.869  21.026 0.0000000000
77131  35.943  0.081  38.746 0.0000000000
75990  35.195  -0.511  38.648 0.0000000000
75980  34.884  -0.062  39.443 0.0000000000
75981  34.173  -0.951  40.240 0.0000000000
63377  17.649  -14.168  53.843 0.0000000000
65591  21.263  -10.573  56.527 0.0000000000
65628  19.007  -12.422  52.674 0.0000000000
80564  35.906  -0.220  30.960 0.0000000000
79533  39.119  0.392  33.508 0.0000000000
70849  17.543  -7.770  62.993 0.0000000000
70862  16.616  -8.828  62.350 0.0000000000
70850  16.743  -8.573  63.232 0.0000000000
60959  9.579  -17.882  64.264 0.0000000000
60941  10.618  -17.281  66.073 0.0000000000
64555  25.693  -13.173  50.743 0.0000000000
64589  25.785  -13.535  48.632 0.0000000000
75910  28.189  -3.492  44.682 0.0000000000
89973  46.585  9.430  24.815 0.0000000000
90978  46.704  9.820  25.523 0.0000000000
89978  46.627  9.454  24.499 0.0000000000
90990  48.192  9.789  22.177 0.0000000000
77192  35.968  -1.326  35.224 0.0000000000
78329  39.539  -1.216  36.709 0.0000000000
77172  39.169  -1.401  35.858 0.0000000000
77189  38.988  -1.457  35.115 0.0000000000
77208  38.850  -1.233  34.566 0.0000000000
77190  38.128  -1.619  35.123 0.0000000000
61086  14.512  -17.255  56.121 0.0000000000
63314  26.082  -13.342  58.679 0.0000000000
63335  25.647  -13.155  58.033 0.0000000000
64499  25.156  -12.820  56.312 0.0000000000
65672  22.186  -11.818  50.304 0.0000000000
66740  21.950  -12.077  49.822 0.0000000000
72255  26.768  -7.100  48.142 0.0000000000
86932  43.917  6.260  29.357 0.0000000000
87985  43.300  7.045  28.200 0.0000000000
86961  41.745  6.561  26.083 0.0000000000
86983  43.036  7.197  25.398 0.0000000000
86996  43.140  7.125  24.695 0.0000000000
88031  43.524  7.304  24.357 0.0000000000
86997  43.163  6.687  23.805 0.0000000000
67675  20.854  -10.022  58.238 0.0000000000
65542  22.744  -11.222  59.338 0.0000000000
83638  38.481  3.265  31.290 0.0000000000
67704  17.812  -11.373  57.130 0.0000000000
67689  17.461  -11.159  57.595 0.0000000000
66641  17.034  -11.964  57.903 0.0000000000
62202  15.818  -14.409  59.036 0.0000000000
61023  14.833  -16.004  59.676 0.0000000000
63241  15.551  -13.324  64.175 0.0000000000
62165  13.779  -16.268  63.154 0.0000000000
60982  13.881  -15.936  62.836 0.0000000000
62173  13.526  -16.250  62.489 0.0000000000
62180  13.732  -16.147  61.487 0.0000000000
78274  31.448  -1.383  46.086 0.0000000000
78264  31.935  -1.179  46.714 0.0000000000
78250  31.100  -1.453  47.345 0.0000000000
77025  30.142  -2.090  47.982 0.0000000000
75796  30.248  -4.190  52.906 0.0000000000
75839  29.294  -2.974  50.375 0.0000000000
73498  27.667  -5.055  49.324 0.0000000000
72236  28.219  -7.026  50.472 0.0000000000
69856  28.230  -9.255  51.282 0.0000000000
62227  27.778  -13.634  56.917 0.0000000000
63331  28.311  -13.517  57.597 0.0000000000
62226  28.090  -13.911  57.031 0.0000000000
62242  28.350  -13.664  56.588 0.0000000000
62260  28.643  -13.584  56.322 0.0000000000
62302  27.728  -13.686  53.000 0.0000000000
63387  28.439  -13.393  53.909 0.0000000000
63385  29.058  -12.889  54.554 0.0000000000
64518  29.735  -12.318  54.639 0.0000000000
65635  29.369  -11.799  53.647 0.0000000000
66706  29.552  -11.144  53.608 0.0000000000
64552  28.841  -12.387  52.554 0.0000000000
63493  28.579  -14.449  48.434 0.0000000000
64621  28.455  -14.503  47.330 0.0000000000
64622  28.045  -14.751  46.678 0.0000000000
74742  34.335  -2.525  42.544 0.0000000000
74761  34.203  -2.606  41.858 0.0000000000
74762  33.571  -2.862  41.890 0.0000000000
74763  32.823  -3.108  41.693 0.0000000000
74787  32.456  -3.312  40.952 0.0000000000
75971  28.845  -4.233  40.488 0.0000000000
75970  29.195  -4.128  40.447 0.0000000000
75983  29.143  -4.371  40.220 0.0000000000
90998  49.403  9.500  20.291 0.0000000000
77159  36.077  -1.629  36.477 0.0000000000
77148  36.073  -1.527  37.114 0.0000000000
76010  35.456  -1.625  37.610 0.0000000000
76002  33.570  -2.489  38.187 0.0000000000
78314  40.348  -0.608  37.990 0.0000000000
77144  38.959  -1.231  38.140 0.0000000000
77136  38.341  -0.656  38.578 0.0000000000
77135  38.909  -1.002  38.383 0.0000000000
77155  38.940  -1.325  37.559 0.0000000000
62281  17.090  -15.696  53.817 0.0000000000
62280  17.332  -14.932  54.308 0.0000000000
62266  16.728  -15.387  54.696 0.0000000000
65588  24.001  -12.005  57.511 0.0000000000
65613  22.624  -11.127  54.840 0.0000000000
66724  20.607  -12.176  51.251 0.0000000000
66709  20.353  -12.113  51.542 0.0000000000
85876  40.527  5.911  28.724 0.0000000000
66598  22.048  -10.518  60.915 0.0000000000
66597  22.692  -11.162  61.172 0.0000000000
80558  41.756  0.818  33.354 0.0000000000
81553  41.629  1.254  33.094 0.0000000000
81539  41.231  1.755  32.802 0.0000000000
83637  41.573  2.500  32.534 0.0000000000
82609  40.862  2.552  32.391 0.0000000000
82610  40.291  2.870  32.158 0.0000000000
82586  37.303  1.806  31.260 0.0000000000
69768  17.383  -9.158  59.930 0.0000000000
69769  16.837  -9.508  60.191 0.0000000000
68688  16.506  -9.768  60.185 0.0000000000
67655  16.262  -10.694  60.746 0.0000000000
68661  16.311  -10.389  61.500 0.0000000000
67642  16.318  -10.995  61.179 0.0000000000
66599  15.927  -11.609  60.988 0.0000000000
65513  15.458  -11.616  60.734 0.0000000000
64430  15.032  -12.103  60.915 0.0000000000
63233  15.205  -14.183  65.455 0.0000000000
60954  14.249  -15.953  64.388 0.0000000000
60964  14.001  -16.350  63.607 0.0000000000
63270  13.427  -16.504  63.204 0.0000000000
62166  12.540  -16.668  62.629 0.0000000000
60984  11.964  -16.985  62.217 0.0000000000
59755  10.986  -17.907  62.191 0.0000000000
73464  28.844  -5.885  51.706 0.0000000000
72218  28.679  -7.011  52.239 0.0000000000
62278  27.093  -13.509  54.539 0.0000000000
63388  26.854  -13.144  54.056 0.0000000000
62291  27.176  -13.380  53.558 0.0000000000
62304  27.038  -13.820  52.951 0.0000000000
62318  27.377  -13.991  52.544 0.0000000000
62317  27.719  -13.941  52.357 0.0000000000
63424  28.085  -13.792  52.185 0.0000000000
63442  28.421  -13.544  51.369 0.0000000000
63443  28.055  -13.781  51.128 0.0000000000
75933  30.558  -2.301  43.241 0.0000000000
75955  30.023  -2.821  42.542 0.0000000000
75956  29.034  -3.369  42.920 0.0000000000
74790  28.656  -3.943  40.950 0.0000000000
90994  49.151  9.703  21.136 0.0000000000
90995  48.471  9.600  21.495 0.0000000000
90007  47.986  8.509  19.693 0.0000000000
76036  34.428  -2.139  35.441 0.0000000000
79469  40.141  -1.165  36.316 0.0000000000
79468  40.772  -1.159  36.018 0.0000000000
78371  41.358  -0.493  34.358 0.0000000000
78406  40.380  -0.361  33.804 0.0000000000
79517  39.034  -0.339  33.832 0.0000000000
80547  36.471  0.778  34.510 0.0000000000
63264  28.700  -13.629  60.279 0.0000000000
63279  28.988  -13.768  59.593 0.0000000000
63348  27.150  -13.244  56.453 0.0000000000
62245  27.096  -13.433  55.975 0.0000000000
63362  26.436  -13.551  55.343 0.0000000000
63375  26.332  -13.478  54.617 0.0000000000
63390  25.913  -12.709  53.348 0.0000000000
64557  24.593  -12.248  51.723 0.0000000000
64556  24.865  -12.512  51.061 0.0000000000
65690  24.241  -12.964  48.434 0.0000000000
65674  19.942  -12.885  50.211 0.0000000000
89010  45.991  7.789  27.865 0.0000000000
87986  42.713  6.886  27.762 0.0000000000
86944  42.841  7.006  26.904 0.0000000000
87992  43.020  7.075  27.438 0.0000000000
89007  43.601  7.354  27.633 0.0000000000
89015  45.665  8.011  27.156 0.0000000000
89965  46.093  8.220  27.260 0.0000000000
89969  45.969  8.591  26.499 0.0000000000
89970  45.248  8.368  26.133 0.0000000000
89021  44.515  8.061  25.238 0.0000000000
89976  44.833  8.335  24.870 0.0000000000
89980  45.621  8.562  24.457 0.0000000000
89985  45.919  8.561  23.579 0.0000000000
89990  46.125  8.558  22.925 0.0000000000
89031  46.040  8.413  22.535 0.0000000000
66676  19.147  -11.373  55.863 0.0000000000
67702  19.304  -10.700  56.617 0.0000000000
67687  19.099  -10.326  57.056 0.0000000000
68698  19.994  -10.034  57.824 0.0000000000
67676  19.511  -9.897  57.914 0.0000000000
67640  21.315  -9.766  60.562 0.0000000000
68642  21.118  -9.620  61.822 0.0000000000
67641  20.592  -9.500  60.394 0.0000000000
68672  19.913  -9.361  60.252 0.0000000000
68673  19.095  -9.045  59.950 0.0000000000
69753  18.288  -8.687  60.189 0.0000000000
70882  18.763  -8.549  60.815 0.0000000000
70870  18.514  -8.288  61.393 0.0000000000
70860  18.139  -7.943  62.150 0.0000000000
72100  18.825  -7.580  62.459 0.0000000000
72101  18.326  -7.367  62.767 0.0000000000
64426  29.053  -13.439  60.615 0.0000000000
63281  27.772  -13.594  60.079 0.0000000000
63297  26.583  -13.431  59.535 0.0000000000
64470  24.368  -12.667  58.997 0.0000000000
66650  23.578  -11.812  57.886 0.0000000000
79537  35.390  -1.715  32.066 0.0000000000
85865  43.688  4.853  31.048 0.0000000000
86919  43.800  5.677  30.375 0.0000000000
84696  38.547  3.584  30.949 0.0000000000
65592  17.593  -12.546  56.199 0.0000000000
66667  17.579  -11.760  57.013 0.0000000000
65577  17.204  -12.922  56.489 0.0000000000
64490  16.979  -13.144  56.321 0.0000000000
64502  16.613  -13.578  56.082 0.0000000000
63336  16.373  -14.097  56.302 0.0000000000
62228  16.258  -14.577  56.735 0.0000000000
68700  16.910  -10.332  58.615 0.0000000000
65561  16.935  -12.925  58.208 0.0000000000
62214  16.235  -14.487  57.159 0.0000000000
61076  14.103  -17.285  56.869 0.0000000000
62177  14.925  -13.700  61.729 0.0000000000
63242  15.399  -14.016  64.550 0.0000000000
63248  15.497  -13.752  63.914 0.0000000000
62163  15.378  -13.755  63.222 0.0000000000
61000  14.342  -14.847  62.687 0.0000000000
62204  13.699  -16.439  59.458 0.0000000000
59714  9.795  -17.430  66.893 0.0000000000
59715  8.866  -17.614  66.947 0.0000000000
59716  7.755  -18.097  66.676 0.0000000000
77121  36.311  -0.886  40.315 0.0000000000
75906  33.573  -1.553  43.830 0.0000000000
75907  32.597  -1.484  43.798 0.0000000000
75908  31.975  -1.429  43.897 0.0000000000
77110  31.488  -1.491  44.071 0.0000000000
77081  30.067  -1.984  45.563 0.0000000000
75866  28.170  -3.555  46.739 0.0000000000
78229  31.148  -1.711  48.418 0.0000000000
75858  28.240  -3.624  47.517 0.0000000000
74694  27.628  -4.225  47.568 0.0000000000
73514  26.801  -5.106  47.886 0.0000000000
72273  27.031  -6.163  48.283 0.0000000000
69871  26.808  -9.448  48.655 0.0000000000
70990  27.765  -8.200  50.115 0.0000000000
68800  26.870  -10.611  47.727 0.0000000000
67796  28.385  -12.122  47.274 0.0000000000
63278  29.497  -13.372  59.388 0.0000000000
64450  29.919  -12.793  59.248 0.0000000000
64449  30.399  -12.272  59.100 0.0000000000
63309  29.244  -13.274  58.038 0.0000000000
64468  30.012  -12.652  58.479 0.0000000000
64467  30.323  -12.119  58.376 0.0000000000
65586  30.597  -11.427  57.353 0.0000000000
63360  28.831  -13.446  55.706 0.0000000000
63372  28.910  -13.151  55.001 0.0000000000
63359  29.201  -13.187  55.573 0.0000000000
64497  30.033  -12.488  56.372 0.0000000000
65587  30.283  -11.943  56.882 0.0000000000
66661  31.049  -10.865  57.046 0.0000000000
67699  31.166  -10.443  57.008 0.0000000000
65622  30.455  -11.548  54.917 0.0000000000
67727  30.858  -10.392  55.843 0.0000000000
68745  30.774  -9.687  55.717 0.0000000000
69830  30.366  -8.945  54.745 0.0000000000
68766  29.770  -9.756  53.654 0.0000000000
67769  29.269  -10.650  52.421 0.0000000000
66751  28.617  -12.510  50.626 0.0000000000
64572  28.784  -13.321  50.746 0.0000000000
64571  29.348  -13.468  50.324 0.0000000000
64588  29.830  -14.156  50.434 0.0000000000
64636  28.932  -14.278  47.027 0.0000000000
75982  33.820  -1.393  40.241 0.0000000000
74785  34.315  -3.266  41.061 0.0000000000
74817  33.757  -1.996  40.068 0.0000000000
74835  32.530  -3.667  38.479 0.0000000000
74807  30.798  -3.807  39.922 0.0000000000
89035  46.015  8.180  22.024 0.0000000000
88050  46.432  6.788  20.341 0.0000000000
58421  9.521  -17.356  67.529 0.0000000000
58422  9.221  -17.423  67.741 0.0000000000
58423  8.950  -17.431  67.835 0.0000000000
59698  9.424  -17.163  68.075 0.0000000000
59732  10.912  -17.586  63.803 0.0000000000
59754  11.482  -17.479  61.993 0.0000000000
60952  14.844  -15.121  64.492 0.0000000000
60953  14.658  -15.379  64.460 0.0000000000
60981  14.139  -15.421  63.155 0.0000000000
61021  15.319  -15.026  60.179 0.0000000000
62137  14.561  -14.957  66.284 0.0000000000
62158  12.893  -16.441  65.078 0.0000000000
62172  13.713  -16.212  62.922 0.0000000000
62175  12.422  -16.698  62.364 0.0000000000
62181  13.073  -16.568  61.077 0.0000000000
62224  28.603  -13.660  57.081 0.0000000000
62225  28.379  -13.762  57.069 0.0000000000
62241  28.640  -13.664  56.833 0.0000000000
62261  28.321  -13.454  55.877 0.0000000000
62303  27.274  -13.734  53.048 0.0000000000
62319  27.127  -13.981  52.690 0.0000000000
63234  14.085  -15.533  65.807 0.0000000000
63235  13.811  -15.642  65.912 0.0000000000
63249  13.006  -16.597  62.825 0.0000000000
63263  29.309  -13.458  60.056 0.0000000000
63328  29.963  -13.128  57.462 0.0000000000
63329  29.575  -13.360  57.189 0.0000000000
63373  28.495  -13.349  54.760 0.0000000000
63374  26.713  -13.443  54.520 0.0000000000
63401  28.866  -12.896  53.786 0.0000000000
64484  30.213  -11.994  57.933 0.0000000000
65573  23.958  -12.130  57.988 0.0000000000
65688  30.051  -13.809  49.900 0.0000000000
66649  23.782  -11.951  57.847 0.0000000000
66662  23.763  -11.871  57.576 0.0000000000
66663  23.612  -11.790  57.687 0.0000000000
66683  20.476  -10.940  53.683 0.0000000000
66693  29.810  -11.485  53.984 0.0000000000
66695  20.282  -11.112  53.485 0.0000000000
66708  20.733  -11.780  51.559 0.0000000000
66762  28.644  -13.002  49.737 0.0000000000
67643  16.316  -10.588  61.008 0.0000000000
67685  20.514  -10.391  57.143 0.0000000000
67686  20.826  -10.389  57.378 0.0000000000
67700  20.332  -10.344  56.820 0.0000000000
68675  16.272  -10.142  60.580 0.0000000000
68696  20.566  -10.231  57.646 0.0000000000
68697  20.373  -10.119  57.756 0.0000000000
68708  20.384  -10.232  57.463 0.0000000000
68709  19.999  -10.044  57.406 0.0000000000
68720  20.053  -10.248  56.947 0.0000000000
68721  20.039  -10.109  56.913 0.0000000000
68722  19.665  -10.226  56.819 0.0000000000
69754  17.345  -9.147  60.766 0.0000000000
69755  16.694  -9.621  60.580 0.0000000000
69770  16.677  -9.659  60.309 0.0000000000
74741  34.574  -2.475  42.576 0.0000000000
74743  33.868  -2.592  42.480 0.0000000000
74783  34.810  -2.363  40.693 0.0000000000
74802  34.508  -1.949  40.721 0.0000000000
75951  34.925  -2.249  41.977 0.0000000000
75969  35.252  -2.622  41.193 0.0000000000
75984  28.948  -4.346  40.319 0.0000000000
76009  36.005  -1.535  37.595 0.0000000000
76023  37.132  -1.466  36.180 0.0000000000
76033  38.449  -1.427  35.811 0.0000000000
76035  37.351  -1.466  35.856 0.0000000000
76047  37.706  -1.496  35.411 0.0000000000
77170  39.916  -1.011  35.194 0.0000000000
77173  38.533  -1.510  35.492 0.0000000000
77223  40.128  -0.752  34.503 0.0000000000
77224  39.683  -0.814  34.321 0.0000000000
78273  31.805  -1.319  46.093 0.0000000000
78325  39.795  -1.071  37.007 0.0000000000
78328  39.186  -1.265  37.163 0.0000000000
78338  40.155  -1.020  35.266 0.0000000000
78357  40.423  -1.060  35.348 0.0000000000
78392  39.761  -0.568  33.860 0.0000000000
78393  39.155  -0.679  33.987 0.0000000000
79449  40.303  -0.787  37.013 0.0000000000
79457  40.059  -1.043  36.795 0.0000000000
79502  38.608  -0.496  34.118 0.0000000000
80535  36.312  0.506  34.687 0.0000000000
80536  36.067  0.550  34.319 0.0000000000
80548  36.273  0.721  34.102 0.0000000000
81541  37.238  1.584  31.211 0.0000000000
82584  41.519  2.038  32.726 0.0000000000
82585  37.370  2.023  31.356 0.0000000000
82601  37.222  1.878  30.817 0.0000000000
86959  42.985  7.136  26.591 0.0000000000
86970  43.026  7.218  26.046 0.0000000000
87991  43.301  7.214  26.917 0.0000000000
88001  43.194  7.268  26.234 0.0000000000
88022  43.450  7.435  25.046 0.0000000000
88024  44.304  7.659  24.030 0.0000000000
88033  44.270  7.561  23.783 0.0000000000
89013  43.502  7.299  27.263 0.0000000000
89029  44.414  7.579  23.590 0.0000000000
89981  45.100  8.378  24.636 0.0000000000
90982  46.971  9.751  24.399 0.0000000000
90983  46.649  9.460  24.256 0.0000000000
137134  13.171  -16.663  63.428 0.0000000000
137135  13.534  -16.347  62.904 0.0000000000
137136  13.347  -16.441  62.826 0.0000000000
