#!ascii label  , from subject 3055 vox2ras=TkReg
1441
53601  10.246  -23.482  66.017 0.0000000000
73698  43.340  -7.082  33.422 0.0000000000
58612  28.521  -20.569  54.121 0.0000000000
63358  36.742  -15.577  55.462 0.0000000000
58596  20.579  -20.473  54.708 0.0000000000
57127  18.387  -21.002  64.245 0.0000000000
84752  48.393  3.104  25.860 0.0000000000
79481  49.638  -1.638  34.407 0.0000000000
73513  34.451  -8.248  46.914 0.0000000000
85999  50.837  4.956  17.806 0.0000000000
59814  26.845  -19.618  59.143 0.0000000000
55895  14.681  -21.925  65.358 0.0000000000
81573  50.910  -0.008  29.389 0.0000000000
77271  47.276  -3.051  27.964 0.0000000000
72429  43.493  -7.852  38.712 0.0000000000
73635  48.017  -7.111  38.411 0.0000000000
71163  39.049  -9.575  39.967 0.0000000000
63439  33.818  -15.592  50.431 0.0000000000
59855  33.398  -19.228  55.129 0.0000000000
61017  23.254  -18.195  59.638 0.0000000000
55934  21.010  -21.514  62.171 0.0000000000
58505  19.810  -20.126  60.332 0.0000000000
55997  15.877  -21.783  59.550 0.0000000000
58616  24.246  -19.633  54.436 0.0000000000
86953  53.653  5.370  26.613 0.0000000000
83632  53.892  3.302  32.132 0.0000000000
76046  47.046  -4.935  34.204 0.0000000000
73540  38.893  -7.548  45.670 0.0000000000
67758  36.258  -11.682  50.855 0.0000000000
84806  49.416  3.046  21.476 0.0000000000
88037  54.596  5.568  22.584 0.0000000000
88047  56.285  5.937  20.159 0.0000000000
59768  25.690  -19.987  60.678 0.0000000000
54716  13.023  -22.417  65.564 0.0000000000
55859  14.668  -21.658  68.587 0.0000000000
55846  12.788  -22.112  69.601 0.0000000000
79577  45.652  -1.058  27.489 0.0000000000
73602  43.422  -7.111  41.163 0.0000000000
73600  45.623  -7.096  40.718 0.0000000000
53540  6.117  -23.898  69.472 0.0000000000
71238  38.779  -8.784  36.845 0.0000000000
59905  29.374  -19.683  52.442 0.0000000000
61138  31.554  -18.296  52.196 0.0000000000
58588  31.043  -20.389  54.669 0.0000000000
59836  21.717  -19.423  57.034 0.0000000000
61042  21.401  -19.269  59.452 0.0000000000
57239  20.753  -20.270  57.385 0.0000000000
59876  22.382  -19.558  54.526 0.0000000000
59833  24.077  -19.252  57.788 0.0000000000
57135  19.969  -20.258  63.669 0.0000000000
85891  51.132  4.298  25.597 0.0000000000
84729  53.650  3.958  29.279 0.0000000000
83674  52.173  2.007  27.659 0.0000000000
79511  50.408  -1.209  32.441 0.0000000000
81533  51.978  0.581  32.750 0.0000000000
74943  42.898  -5.887  30.466 0.0000000000
74920  45.632  -5.829  31.228 0.0000000000
74897  45.554  -6.115  33.326 0.0000000000
72351  34.018  -8.638  43.982 0.0000000000
71093  36.366  -8.956  43.453 0.0000000000
72310  36.369  -8.058  45.656 0.0000000000
63383  35.390  -15.769  53.052 0.0000000000
65666  34.781  -13.651  50.144 0.0000000000
65632  37.146  -13.510  52.568 0.0000000000
83730  46.426  2.387  23.655 0.0000000000
84794  47.699  2.886  22.130 0.0000000000
84780  48.853  3.534  24.166 0.0000000000
86995  50.688  4.766  24.222 0.0000000000
87062  55.369  5.818  17.249 0.0000000000
85979  54.733  4.628  18.410 0.0000000000
88042  55.910  5.688  20.877 0.0000000000
85962  53.684  3.615  19.870 0.0000000000
57258  27.548  -20.787  56.854 0.0000000000
57256  30.089  -21.715  56.844 0.0000000000
58534  28.983  -20.587  59.373 0.0000000000
55893  16.990  -21.536  65.632 0.0000000000
57096  18.810  -20.607  67.613 0.0000000000
55856  17.481  -21.231  68.500 0.0000000000
83698  46.123  2.103  26.091 0.0000000000
81609  49.923  0.695  26.426 0.0000000000
81597  47.536  0.087  27.015 0.0000000000
79552  49.745  -2.006  28.883 0.0000000000
78386  49.529  -2.734  31.745 0.0000000000
72479  43.546  -7.711  35.852 0.0000000000
73658  45.766  -7.220  35.950 0.0000000000
72427  45.646  -7.869  38.443 0.0000000000
71002  33.472  -9.409  46.851 0.0000000000
66659  37.428  -12.798  56.276 0.0000000000
53589  8.647  -24.110  66.462 0.0000000000
54677  10.535  -22.712  69.647 0.0000000000
53537  8.772  -23.795  70.052 0.0000000000
73700  41.416  -8.283  33.294 0.0000000000
72464  41.090  -8.458  36.325 0.0000000000
71189  41.129  -8.589  38.820 0.0000000000
73605  41.025  -7.759  41.326 0.0000000000
62331  31.789  -16.912  49.881 0.0000000000
62288  33.330  -17.319  52.896 0.0000000000
61096  35.392  -17.824  55.430 0.0000000000
57231  32.658  -20.959  56.969 0.0000000000
59813  34.456  -18.635  57.964 0.0000000000
59769  23.213  -19.774  60.163 0.0000000000
54806  21.695  -21.600  59.866 0.0000000000
58461  21.285  -20.036  60.842 0.0000000000
59739  19.821  -19.274  61.858 0.0000000000
57169  18.835  -20.673  61.878 0.0000000000
57241  18.635  -21.046  57.203 0.0000000000
57206  18.144  -21.364  59.812 0.0000000000
55936  17.477  -21.480  62.705 0.0000000000
54758  15.140  -22.380  62.862 0.0000000000
54760  13.079  -22.552  62.421 0.0000000000
54746  11.232  -22.914  63.217 0.0000000000
58672  26.692  -20.172  51.343 0.0000000000
59907  24.602  -19.398  51.467 0.0000000000
58614  26.385  -20.585  54.545 0.0000000000
58553  25.414  -20.088  57.448 0.0000000000
61037  24.826  -18.103  59.665 0.0000000000
84680  55.626  3.025  31.580 0.0000000000
82608  52.174  1.364  30.735 0.0000000000
77258  44.903  -4.318  28.480 0.0000000000
76084  48.145  -4.642  31.430 0.0000000000
78352  48.201  -2.953  33.867 0.0000000000
74857  47.167  -5.931  36.214 0.0000000000
76018  48.448  -4.127  36.013 0.0000000000
70021  36.476  -9.569  40.456 0.0000000000
72363  38.678  -8.287  42.394 0.0000000000
74728  41.132  -5.865  44.286 0.0000000000
67784  34.408  -11.682  48.317 0.0000000000
69860  35.146  -9.429  49.064 0.0000000000
68755  38.416  -10.662  53.587 0.0000000000
70970  37.738  -9.444  50.793 0.0000000000
73481  36.328  -7.321  48.997 0.0000000000
73493  38.648  -7.120  48.915 0.0000000000
74691  40.760  -5.728  47.038 0.0000000000
84831  51.045  3.535  19.756 0.0000000000
83737  52.493  3.438  22.487 0.0000000000
88018  53.060  5.870  24.401 0.0000000000
57181  25.972  -20.937  60.095 0.0000000000
54717  12.079  -22.903  65.423 0.0000000000
54695  12.681  -22.004  67.353 0.0000000000
54696  11.893  -22.735  67.504 0.0000000000
74780  43.320  -6.019  42.172 0.0000000000
73583  44.696  -6.349  42.092 0.0000000000
54679  5.118  -23.144  68.535 0.0000000000
58649  28.665  -20.048  52.843 0.0000000000
59889  30.275  -19.594  52.977 0.0000000000
58611  29.437  -20.444  54.127 0.0000000000
58575  21.380  -19.838  56.012 0.0000000000
59837  21.459  -19.684  57.355 0.0000000000
58558  20.181  -20.223  56.100 0.0000000000
59895  21.729  -19.336  53.052 0.0000000000
58594  21.933  -19.603  54.839 0.0000000000
59847  22.368  -19.480  56.308 0.0000000000
57125  19.373  -20.478  64.553 0.0000000000
57115  19.455  -20.465  65.638 0.0000000000
84751  49.307  3.449  25.866 0.0000000000
84749  51.507  3.365  26.103 0.0000000000
83693  50.931  2.293  26.175 0.0000000000
79497  50.314  -0.984  33.513 0.0000000000
80532  51.010  -0.504  33.637 0.0000000000
74912  43.013  -6.424  32.232 0.0000000000
74910  44.394  -6.329  31.928 0.0000000000
73697  44.315  -6.891  33.260 0.0000000000
72293  33.351  -8.312  46.140 0.0000000000
72312  34.244  -8.139  45.479 0.0000000000
72311  35.266  -7.982  45.738 0.0000000000
72291  35.412  -7.876  46.389 0.0000000000
63382  36.058  -15.590  53.727 0.0000000000
64526  35.914  -14.607  53.083 0.0000000000
64516  36.833  -14.522  54.041 0.0000000000
84762  47.418  2.803  25.491 0.0000000000
83718  47.989  3.067  24.401 0.0000000000
84760  48.790  3.840  25.459 0.0000000000
85899  49.294  4.273  25.024 0.0000000000
85996  53.776  4.706  17.537 0.0000000000
85997  52.641  4.421  17.522 0.0000000000
85961  54.555  4.079  19.570 0.0000000000
85981  52.135  4.078  18.277 0.0000000000
58551  27.443  -20.219  57.949 0.0000000000
57217  28.525  -20.594  58.391 0.0000000000
58518  28.049  -19.819  59.332 0.0000000000
55894  15.819  -21.763  65.475 0.0000000000
55881  17.353  -21.420  66.744 0.0000000000
55882  16.202  -21.679  66.641 0.0000000000
55828  14.332  -21.730  70.743 0.0000000000
55827  15.467  -21.698  70.373 0.0000000000
83680  45.747  1.470  26.408 0.0000000000
82639  46.974  0.999  26.974 0.0000000000
82640  46.077  0.874  26.744 0.0000000000
78429  46.950  -2.164  27.764 0.0000000000
79575  48.075  -1.767  27.508 0.0000000000
78421  48.782  -3.014  28.286 0.0000000000
78414  49.538  -2.886  29.549 0.0000000000
77245  48.984  -3.475  30.041 0.0000000000
72445  43.783  -7.883  37.723 0.0000000000
72444  44.887  -7.874  37.594 0.0000000000
72428  44.553  -7.938  38.595 0.0000000000
83709  45.812  2.314  25.382 0.0000000000
53562  9.068  -24.152  68.638 0.0000000000
53551  7.523  -24.037  69.081 0.0000000000
72503  39.522  -8.429  34.286 0.0000000000
72501  41.413  -8.302  34.723 0.0000000000
72483  39.618  -8.632  35.170 0.0000000000
71191  39.472  -8.942  38.833 0.0000000000
71215  40.054  -8.769  37.943 0.0000000000
71162  40.081  -9.270  39.635 0.0000000000
72388  41.381  -7.893  40.567 0.0000000000
72390  40.116  -8.697  40.959 0.0000000000
61186  30.402  -17.291  49.066 0.0000000000
59887  32.099  -18.607  53.409 0.0000000000
61123  32.691  -18.006  53.110 0.0000000000
61110  33.541  -18.092  53.882 0.0000000000
61109  34.463  -17.742  54.111 0.0000000000
59854  34.329  -18.635  55.067 0.0000000000
57215  30.455  -21.504  58.515 0.0000000000
57232  31.718  -21.507  57.386 0.0000000000
57195  32.292  -20.905  59.134 0.0000000000
58512  34.006  -19.278  59.122 0.0000000000
61073  35.184  -17.591  57.718 0.0000000000
60976  23.496  -18.857  60.164 0.0000000000
59771  22.042  -19.986  60.257 0.0000000000
60977  22.413  -18.897  60.152 0.0000000000
58504  20.467  -19.579  59.942 0.0000000000
59772  20.649  -19.138  60.476 0.0000000000
58484  20.088  -19.587  60.648 0.0000000000
58462  19.634  -19.753  62.385 0.0000000000
58485  19.559  -19.987  61.415 0.0000000000
57262  18.636  -20.872  56.014 0.0000000000
56016  15.605  -21.821  58.353 0.0000000000
57223  17.172  -21.450  58.748 0.0000000000
55996  16.831  -21.527  59.746 0.0000000000
57188  17.546  -21.362  61.234 0.0000000000
55957  16.488  -21.797  61.511 0.0000000000
55937  16.564  -21.744  62.458 0.0000000000
55958  15.692  -22.267  61.318 0.0000000000
54745  12.397  -22.675  63.378 0.0000000000
59945  27.359  -19.717  50.538 0.0000000000
59947  25.335  -19.465  50.316 0.0000000000
59874  23.928  -19.474  53.694 0.0000000000
59873  24.520  -19.507  53.071 0.0000000000
58636  25.140  -19.902  52.826 0.0000000000
58615  24.970  -19.891  54.081 0.0000000000
58590  26.398  -20.467  55.867 0.0000000000
58591  25.284  -20.232  55.458 0.0000000000
61058  23.469  -18.240  58.819 0.0000000000
59817  24.210  -18.795  58.649 0.0000000000
61016  24.125  -17.892  59.958 0.0000000000
60975  24.490  -18.912  60.475 0.0000000000
55954  21.179  -21.333  61.052 0.0000000000
55833  9.656  -22.403  70.711 0.0000000000
55818  11.312  -22.045  71.087 0.0000000000
86941  54.631  5.504  27.895 0.0000000000
84715  53.881  4.040  30.213 0.0000000000
85856  54.744  4.416  31.021 0.0000000000
84681  54.125  3.470  32.232 0.0000000000
82566  54.363  2.032  32.988 0.0000000000
81580  50.802  -0.104  28.267 0.0000000000
81579  51.376  0.526  28.403 0.0000000000
81572  51.508  0.664  29.489 0.0000000000
81522  52.545  0.819  33.788 0.0000000000
74908  46.509  -5.369  32.049 0.0000000000
74919  46.414  -5.510  30.901 0.0000000000
76072  47.428  -4.690  32.131 0.0000000000
77222  48.352  -3.973  32.390 0.0000000000
76045  47.622  -4.104  33.850 0.0000000000
72442  46.991  -7.408  37.315 0.0000000000
73657  46.379  -6.786  35.938 0.0000000000
74845  47.519  -6.066  36.866 0.0000000000
70004  34.783  -10.067  40.846 0.0000000000
72328  37.615  -8.377  44.578 0.0000000000
72364  37.759  -8.500  42.660 0.0000000000
72326  39.260  -7.639  43.755 0.0000000000
73561  39.844  -7.020  43.219 0.0000000000
73551  39.856  -6.968  44.288 0.0000000000
63474  32.769  -15.479  48.584 0.0000000000
64585  33.978  -14.538  49.209 0.0000000000
66719  35.917  -12.681  50.930 0.0000000000
65685  34.871  -12.943  49.540 0.0000000000
67776  35.183  -11.579  49.515 0.0000000000
68796  34.340  -10.513  48.565 0.0000000000
69853  35.393  -9.886  49.632 0.0000000000
67714  37.881  -11.960  55.570 0.0000000000
72208  38.242  -8.537  50.795 0.0000000000
72217  36.768  -8.443  49.732 0.0000000000
73463  37.579  -6.966  50.172 0.0000000000
73494  37.551  -7.029  48.699 0.0000000000
73478  38.980  -6.804  49.912 0.0000000000
84793  48.678  2.792  22.258 0.0000000000
84817  50.200  3.407  20.506 0.0000000000
84816  51.314  3.266  20.822 0.0000000000
84804  51.666  2.915  22.011 0.0000000000
87999  51.770  5.301  25.174 0.0000000000
88019  52.189  5.302  24.425 0.0000000000
87997  53.354  5.961  25.771 0.0000000000
87996  54.332  6.178  26.340 0.0000000000
88076  55.744  6.479  18.131 0.0000000000
87014  55.283  5.191  21.326 0.0000000000
88035  55.795  6.273  22.676 0.0000000000
88027  54.924  6.273  23.451 0.0000000000
61013  26.655  -19.307  60.215 0.0000000000
59766  27.763  -19.524  60.981 0.0000000000
58478  26.572  -20.374  61.060 0.0000000000
55896  13.724  -22.119  65.253 0.0000000000
55872  14.285  -21.749  67.395 0.0000000000
55873  13.428  -21.818  67.064 0.0000000000
55860  13.453  -21.925  68.297 0.0000000000
55829  13.294  -21.765  70.644 0.0000000000
79579  44.589  -0.866  27.473 0.0000000000
78431  45.305  -2.492  27.770 0.0000000000
72403  43.272  -7.700  39.611 0.0000000000
73617  44.804  -7.408  40.269 0.0000000000
73601  44.438  -6.810  41.225 0.0000000000
74777  46.259  -5.982  42.437 0.0000000000
53552  6.564  -24.064  68.902 0.0000000000
53553  5.750  -23.747  68.655 0.0000000000
54667  5.440  -23.682  69.581 0.0000000000
71257  38.582  -8.708  35.727 0.0000000000
71193  37.142  -9.264  38.678 0.0000000000
61173  29.983  -18.264  50.353 0.0000000000
59904  30.353  -18.881  52.182 0.0000000000
59888  31.329  -19.021  53.244 0.0000000000
58608  31.867  -19.564  54.521 0.0000000000
61059  22.875  -18.445  58.681 0.0000000000
61019  21.933  -19.003  59.622 0.0000000000
61061  22.031  -19.286  58.612 0.0000000000
58522  21.043  -19.758  58.874 0.0000000000
57204  20.232  -20.369  58.806 0.0000000000
55975  15.266  -22.092  60.381 0.0000000000
55999  13.811  -22.234  59.131 0.0000000000
61127  22.639  -18.633  52.856 0.0000000000
59857  23.723  -19.574  54.574 0.0000000000
58592  24.148  -19.689  55.331 0.0000000000
59846  23.101  -19.405  56.435 0.0000000000
59835  22.488  -19.291  57.248 0.0000000000
57134  20.632  -20.708  63.208 0.0000000000
85890  52.108  4.348  26.024 0.0000000000
85888  53.699  4.415  27.237 0.0000000000
84747  53.029  3.528  27.316 0.0000000000
84738  53.025  3.332  28.274 0.0000000000
83658  52.792  2.550  29.886 0.0000000000
80570  50.739  -0.751  30.368 0.0000000000
81550  51.448  0.182  31.728 0.0000000000
80543  51.017  -0.442  32.666 0.0000000000
80515  52.098  -0.797  34.257 0.0000000000
76102  44.221  -5.216  29.787 0.0000000000
74942  43.929  -5.788  30.448 0.0000000000
74909  45.351  -5.993  32.332 0.0000000000
74896  46.284  -5.570  33.356 0.0000000000
74832  49.240  -5.604  38.251 0.0000000000
71096  33.631  -9.473  43.384 0.0000000000
69954  35.123  -9.702  42.918 0.0000000000
71076  35.269  -8.780  44.205 0.0000000000
72329  36.714  -8.458  44.816 0.0000000000
72309  37.404  -8.239  45.533 0.0000000000
63419  34.716  -15.450  51.577 0.0000000000
64568  34.408  -14.332  50.109 0.0000000000
64538  35.523  -14.880  51.809 0.0000000000
65647  36.055  -13.580  51.397 0.0000000000
66703  36.808  -12.695  51.817 0.0000000000
83742  46.217  2.694  22.937 0.0000000000
84795  46.560  3.152  22.190 0.0000000000
83741  47.086  2.640  22.931 0.0000000000
83740  48.082  2.551  22.973 0.0000000000
83727  49.159  3.076  23.360 0.0000000000
84778  50.982  3.835  23.564 0.0000000000
85914  49.897  4.430  24.093 0.0000000000
86957  50.386  4.751  25.217 0.0000000000
87076  53.726  4.830  16.437 0.0000000000
87051  54.893  4.892  17.845 0.0000000000
87037  55.586  5.576  19.202 0.0000000000
85960  55.315  4.802  19.414 0.0000000000
85941  55.168  4.520  20.472 0.0000000000
85942  54.278  3.872  20.854 0.0000000000
57279  28.487  -21.289  55.598 0.0000000000
56055  29.184  -21.460  55.744 0.0000000000
56030  28.590  -21.304  56.875 0.0000000000
57216  29.208  -20.934  58.669 0.0000000000
58516  29.581  -20.711  59.885 0.0000000000
55905  17.799  -21.434  64.649 0.0000000000
57105  18.916  -20.597  66.571 0.0000000000
55880  18.373  -21.097  66.879 0.0000000000
55855  18.056  -21.130  68.199 0.0000000000
55858  15.774  -21.468  68.731 0.0000000000
55842  17.286  -21.298  69.191 0.0000000000
83696  47.897  2.467  26.328 0.0000000000
83675  49.325  1.648  26.300 0.0000000000
82637  48.621  1.015  26.439 0.0000000000
81595  49.380  0.281  26.664 0.0000000000
80582  50.325  -0.717  28.061 0.0000000000
80599  47.262  -0.872  27.570 0.0000000000
79574  48.621  -1.461  27.503 0.0000000000
80577  50.117  -1.299  28.725 0.0000000000
79544  50.378  -1.557  30.226 0.0000000000
79512  49.723  -1.941  32.221 0.0000000000
79498  49.586  -1.506  33.259 0.0000000000
73680  43.186  -7.819  34.406 0.0000000000
73679  44.243  -7.209  34.230 0.0000000000
72478  44.592  -7.561  35.950 0.0000000000
72443  45.948  -7.809  37.438 0.0000000000
72425  47.423  -7.551  38.127 0.0000000000
72384  46.152  -7.602  40.091 0.0000000000
72383  47.121  -7.646  39.986 0.0000000000
73614  48.583  -6.908  39.329 0.0000000000
72253  33.767  -8.915  47.055 0.0000000000
65599  37.123  -13.604  55.739 0.0000000000
84782  44.640  3.327  22.853 0.0000000000
83720  45.572  2.317  24.437 0.0000000000
83708  46.728  2.510  25.528 0.0000000000
88101  50.519  5.975  16.315 0.0000000000
87079  50.422  5.567  16.798 0.0000000000
53588  9.603  -23.899  66.781 0.0000000000
53574  10.369  -23.487  67.586 0.0000000000
52470  9.664  -23.859  68.361 0.0000000000
53549  9.227  -23.711  69.483 0.0000000000
55834  8.851  -22.678  70.830 0.0000000000
53539  7.034  -24.338  69.926 0.0000000000
73723  41.730  -6.627  31.930 0.0000000000
73716  40.732  -7.821  32.582 0.0000000000
73699  42.367  -7.540  33.383 0.0000000000
72500  42.372  -8.136  35.015 0.0000000000
72480  42.593  -7.973  35.922 0.0000000000
72447  42.016  -8.469  37.602 0.0000000000
71237  39.784  -8.764  37.045 0.0000000000
71235  41.523  -8.649  37.542 0.0000000000
71187  42.244  -8.180  38.973 0.0000000000
72404  42.497  -7.825  39.746 0.0000000000
73603  42.559  -7.247  41.130 0.0000000000
74781  42.398  -6.383  42.231 0.0000000000
63441  32.658  -16.315  49.587 0.0000000000
61154  31.582  -17.531  50.942 0.0000000000
61153  32.185  -17.194  51.106 0.0000000000
62314  33.575  -16.369  51.060 0.0000000000
63384  34.701  -16.207  52.704 0.0000000000
62285  35.804  -16.474  53.657 0.0000000000
62258  36.127  -16.590  55.875 0.0000000000
56053  30.537  -21.345  55.357 0.0000000000
57276  32.038  -20.472  55.549 0.0000000000
58569  32.901  -20.116  55.731 0.0000000000
58513  33.396  -20.244  58.902 0.0000000000
58533  33.371  -20.362  57.598 0.0000000000
59845  34.266  -19.410  56.035 0.0000000000
59844  35.023  -18.727  56.312 0.0000000000
62240  35.505  -17.280  57.102 0.0000000000
63345  36.230  -15.782  56.624 0.0000000000
58519  23.325  -20.506  59.517 0.0000000000
57203  22.311  -20.870  59.565 0.0000000000
57168  21.342  -20.610  60.657 0.0000000000
57147  20.932  -20.693  61.674 0.0000000000
60978  21.446  -18.960  60.310 0.0000000000
59752  20.689  -19.189  61.133 0.0000000000
58443  21.061  -20.009  62.715 0.0000000000
58451  19.942  -19.590  63.029 0.0000000000
57136  19.383  -20.299  63.466 0.0000000000
57137  18.645  -20.681  63.538 0.0000000000
57261  19.440  -20.537  55.683 0.0000000000
57221  19.513  -20.606  58.151 0.0000000000
57242  17.456  -21.389  57.434 0.0000000000
57222  18.423  -21.121  58.471 0.0000000000
57186  18.915  -20.821  60.812 0.0000000000
55935  18.003  -21.338  62.307 0.0000000000
57138  18.062  -21.151  63.683 0.0000000000
55921  16.578  -21.814  63.457 0.0000000000
55922  15.797  -22.055  63.142 0.0000000000
54727  14.908  -22.364  64.006 0.0000000000
55959  14.717  -22.425  61.303 0.0000000000
54759  14.251  -22.490  62.478 0.0000000000
55923  13.860  -22.326  64.046 0.0000000000
54729  12.912  -22.489  64.472 0.0000000000
54730  11.705  -22.929  64.296 0.0000000000
54718  10.929  -23.077  65.211 0.0000000000
53614  10.023  -23.529  64.952 0.0000000000
53602  9.355  -23.842  65.692 0.0000000000
59944  28.652  -19.266  50.473 0.0000000000
59926  27.511  -20.013  51.301 0.0000000000
58650  27.998  -20.389  52.490 0.0000000000
57345  25.439  -20.036  51.519 0.0000000000
58634  27.187  -20.538  53.385 0.0000000000
58613  27.567  -20.613  54.216 0.0000000000
57281  26.809  -20.773  55.292 0.0000000000
58570  27.129  -20.196  57.173 0.0000000000
58552  26.454  -19.878  57.820 0.0000000000
58554  24.580  -19.844  57.326 0.0000000000
59816  25.179  -19.031  58.653 0.0000000000
59800  26.360  -19.006  59.490 0.0000000000
60974  25.397  -19.198  60.557 0.0000000000
58458  24.824  -19.753  60.456 0.0000000000
54676  11.330  -22.680  69.434 0.0000000000
55830  12.408  -21.988  70.679 0.0000000000
85874  54.843  5.182  29.590 0.0000000000
82634  51.675  1.167  27.372 0.0000000000
83659  52.406  2.108  29.395 0.0000000000
82607  52.678  1.940  30.840 0.0000000000
81549  51.909  0.865  31.527 0.0000000000
82578  52.816  1.732  32.851 0.0000000000
83620  53.643  2.182  33.069 0.0000000000
78432  44.221  -2.549  27.819 0.0000000000
77257  45.911  -4.176  28.639 0.0000000000
76101  45.150  -5.296  29.727 0.0000000000
76116  46.441  -4.727  29.407 0.0000000000
77247  47.634  -4.533  29.741 0.0000000000
77235  48.805  -3.891  31.333 0.0000000000
78367  48.621  -2.861  33.040 0.0000000000
78350  49.062  -2.076  34.354 0.0000000000
73678  45.303  -6.613  33.994 0.0000000000
74880  46.461  -5.779  34.459 0.0000000000
76032  47.061  -5.179  35.217 0.0000000000
76007  48.378  -5.074  36.716 0.0000000000
76019  47.557  -5.021  36.112 0.0000000000
76031  47.520  -4.033  35.146 0.0000000000
77169  47.934  -3.227  35.159 0.0000000000
78336  49.098  -2.418  34.994 0.0000000000
71165  36.364  -9.451  39.508 0.0000000000
71164  37.556  -9.283  40.013 0.0000000000
71132  36.724  -9.299  42.307 0.0000000000
71130  38.045  -8.821  41.401 0.0000000000
72391  39.318  -8.998  40.894 0.0000000000
73588  39.967  -7.826  41.816 0.0000000000
73570  40.798  -6.909  42.703 0.0000000000
74739  41.849  -5.758  43.643 0.0000000000
65686  34.367  -13.695  49.167 0.0000000000
68797  33.846  -10.793  47.985 0.0000000000
71001  34.080  -9.411  47.387 0.0000000000
72251  34.903  -8.364  47.960 0.0000000000
66673  37.549  -12.921  55.202 0.0000000000
66691  37.606  -12.592  52.987 0.0000000000
67747  37.485  -11.716  52.087 0.0000000000
69838  37.677  -9.917  51.947 0.0000000000
69846  37.050  -10.023  50.987 0.0000000000
70977  35.985  -9.001  49.859 0.0000000000
72234  35.807  -7.979  49.195 0.0000000000
73497  35.226  -7.687  47.963 0.0000000000
73510  36.177  -7.290  47.738 0.0000000000
72269  37.902  -7.897  47.072 0.0000000000
73525  38.885  -7.362  46.510 0.0000000000
74676  39.781  -6.388  49.651 0.0000000000
74692  40.097  -6.291  47.570 0.0000000000
74702  40.196  -6.244  46.546 0.0000000000
74713  40.719  -6.076  45.348 0.0000000000
87066  50.145  5.510  17.542 0.0000000000
85982  51.221  4.425  18.327 0.0000000000
84830  52.111  3.350  19.882 0.0000000000
84814  53.398  3.412  21.270 0.0000000000
85931  53.740  4.288  22.417 0.0000000000
84777  51.853  3.965  23.327 0.0000000000
85922  52.625  4.573  23.164 0.0000000000
88028  54.005  5.664  23.378 0.0000000000
88017  54.006  6.252  24.346 0.0000000000
57201  23.837  -20.719  59.029 0.0000000000
57183  24.538  -20.598  59.635 0.0000000000
54708  11.244  -23.070  66.487 0.0000000000
74779  44.291  -5.968  42.586 0.0000000000
58633  28.201  -20.442  53.382 0.0000000000
58632  29.101  -20.088  53.383 0.0000000000
58576  20.795  -20.170  55.691 0.0000000000
58595  21.448  -19.855  55.094 0.0000000000
59860  21.678  -19.691  55.699 0.0000000000
57126  18.811  -20.619  64.392 0.0000000000
84750  50.415  3.371  25.811 0.0000000000
83694  49.675  2.234  26.226 0.0000000000
79480  50.730  -1.249  34.461 0.0000000000
73714  42.512  -6.707  32.514 0.0000000000
73713  43.512  -6.733  32.636 0.0000000000
73530  34.067  -8.214  46.526 0.0000000000
72313  33.362  -8.163  45.453 0.0000000000
72292  34.000  -7.999  46.091 0.0000000000
73542  34.630  -7.964  46.079 0.0000000000
73529  34.634  -8.037  46.620 0.0000000000
63370  36.734  -15.436  54.313 0.0000000000
63369  37.204  -15.056  54.780 0.0000000000
84761  48.060  3.367  25.390 0.0000000000
85998  51.516  4.675  17.451 0.0000000000
58537  26.884  -19.813  58.510 0.0000000000
58536  27.585  -20.007  58.906 0.0000000000
59799  27.548  -19.396  59.666 0.0000000000
55883  15.017  -21.721  66.463 0.0000000000
83699  45.070  1.712  26.005 0.0000000000
82641  44.995  0.941  26.696 0.0000000000
77286  47.607  -2.934  27.698 0.0000000000
77255  48.483  -3.491  28.570 0.0000000000
77254  49.139  -3.242  29.142 0.0000000000
53577  7.749  -24.258  67.185 0.0000000000
72526  39.358  -8.137  33.460 0.0000000000
72484  38.856  -8.604  34.828 0.0000000000
71192  38.353  -8.985  38.854 0.0000000000
72407  40.475  -8.831  40.247 0.0000000000
72408  39.937  -9.441  40.487 0.0000000000
59871  32.461  -18.981  54.212 0.0000000000
61111  33.083  -18.500  53.849 0.0000000000
59870  33.499  -18.697  54.372 0.0000000000
59869  33.957  -18.303  54.346 0.0000000000
58515  30.714  -20.952  59.948 0.0000000000
57214  31.586  -21.514  58.435 0.0000000000
58514  31.327  -20.860  59.928 0.0000000000
60996  23.349  -18.385  60.010 0.0000000000
60997  22.442  -18.629  59.912 0.0000000000
58523  20.235  -20.106  59.501 0.0000000000
56015  16.387  -21.627  58.967 0.0000000000
55974  16.263  -21.869  60.535 0.0000000000
59892  23.667  -19.128  52.483 0.0000000000
61039  23.016  -18.074  59.160 0.0000000000
61038  23.955  -17.967  59.298 0.0000000000
55819  10.295  -22.168  71.119 0.0000000000
86942  54.204  5.101  27.346 0.0000000000
84702  53.591  3.425  31.021 0.0000000000
84701  54.135  4.007  31.055 0.0000000000
83618  54.334  2.886  32.496 0.0000000000
83619  53.961  2.987  32.651 0.0000000000
76060  47.133  -4.820  33.079 0.0000000000
76059  47.786  -4.208  32.827 0.0000000000
72441  47.644  -7.269  37.782 0.0000000000
73648  47.088  -6.655  36.746 0.0000000000
73647  47.889  -6.637  37.441 0.0000000000
69980  34.019  -10.249  41.624 0.0000000000
72308  38.316  -8.009  45.173 0.0000000000
72327  38.408  -7.957  44.184 0.0000000000
72307  39.215  -7.630  44.800 0.0000000000
63457  32.995  -15.705  49.289 0.0000000000
64586  33.436  -15.004  49.085 0.0000000000
64570  33.460  -15.365  49.569 0.0000000000
67767  35.896  -11.847  50.435 0.0000000000
66735  35.668  -12.195  50.331 0.0000000000
67768  35.552  -11.667  49.986 0.0000000000
68781  35.197  -10.857  49.701 0.0000000000
68780  35.910  -10.957  50.213 0.0000000000
72207  38.713  -8.403  51.539 0.0000000000
73448  38.061  -7.481  50.480 0.0000000000
73479  37.954  -6.937  49.667 0.0000000000
73462  38.409  -6.876  50.554 0.0000000000
84805  50.488  3.041  21.739 0.0000000000
86954  52.728  5.223  25.950 0.0000000000
87998  52.492  5.710  25.385 0.0000000000
88061  56.131  6.654  19.044 0.0000000000
88060  56.660  6.016  19.504 0.0000000000
87004  54.772  5.473  22.076 0.0000000000
88036  55.227  5.842  22.237 0.0000000000
88026  55.545  6.419  23.615 0.0000000000
60973  26.246  -19.546  60.680 0.0000000000
59746  26.529  -19.899  61.049 0.0000000000
59767  26.038  -20.076  60.822 0.0000000000
54705  13.484  -22.082  66.277 0.0000000000
54706  13.181  -22.049  66.460 0.0000000000
54685  12.451  -22.431  68.427 0.0000000000
55845  13.987  -21.926  69.655 0.0000000000
79563  44.462  -1.411  27.587 0.0000000000
79562  45.514  -1.621  27.652 0.0000000000
73618  43.863  -7.399  40.375 0.0000000000
54690  5.586  -23.114  67.767 0.0000000000
59924  29.606  -18.938  51.394 0.0000000000
58630  30.605  -19.650  53.709 0.0000000000
58609  31.187  -19.679  54.258 0.0000000000
59872  31.703  -19.296  54.079 0.0000000000
58587  31.597  -20.089  54.952 0.0000000000
59819  22.718  -19.026  58.104 0.0000000000
61060  22.385  -19.005  58.629 0.0000000000
59820  21.949  -19.164  58.029 0.0000000000
58539  21.264  -19.949  57.796 0.0000000000
57220  20.541  -20.332  58.002 0.0000000000
59894  22.241  -19.098  53.268 0.0000000000
59875  23.072  -19.562  54.044 0.0000000000
59858  23.062  -19.535  55.337 0.0000000000
57123  20.561  -21.203  64.569 0.0000000000
84748  52.398  3.430  26.586 0.0000000000
83691  52.518  2.737  27.155 0.0000000000
83673  52.605  2.717  27.952 0.0000000000
84730  53.150  3.260  29.137 0.0000000000
83665  52.717  2.641  28.855 0.0000000000
80555  51.037  -0.701  31.508 0.0000000000
80516  51.402  -0.796  34.174 0.0000000000
74922  43.653  -6.182  31.260 0.0000000000
73696  44.982  -6.511  32.949 0.0000000000
73711  44.808  -6.439  32.392 0.0000000000
71095  34.740  -9.231  43.674 0.0000000000
72350  34.563  -8.759  44.117 0.0000000000
72330  35.738  -8.412  44.882 0.0000000000
72289  37.070  -7.965  46.574 0.0000000000
63399  35.034  -15.626  52.289 0.0000000000
64527  35.441  -15.200  52.596 0.0000000000
65621  36.745  -14.090  52.883 0.0000000000
64537  35.951  -14.397  52.185 0.0000000000
65633  36.435  -13.865  52.088 0.0000000000
66704  36.345  -13.226  51.513 0.0000000000
83729  47.535  2.510  23.745 0.0000000000
83717  48.526  3.402  24.279 0.0000000000
83728  48.558  3.072  23.737 0.0000000000
83739  48.844  2.687  23.042 0.0000000000
84779  49.623  3.757  23.848 0.0000000000
84768  49.422  4.048  24.414 0.0000000000
85892  50.152  4.334  25.525 0.0000000000
85898  49.859  4.571  25.148 0.0000000000
86956  50.982  4.881  25.308 0.0000000000
85995  54.495  4.808  17.752 0.0000000000
87050  55.314  5.499  18.206 0.0000000000
85978  55.320  5.114  18.779 0.0000000000
85929  54.802  4.566  21.330 0.0000000000
85943  53.621  3.515  20.556 0.0000000000
57257  28.151  -21.212  56.530 0.0000000000
58535  28.437  -20.272  58.966 0.0000000000
57198  29.418  -20.916  59.366 0.0000000000
55892  18.203  -21.196  65.762 0.0000000000
55870  16.672  -21.539  67.862 0.0000000000
55869  17.763  -21.288  67.687 0.0000000000
57081  18.061  -20.967  68.953 0.0000000000
55841  17.767  -21.227  69.238 0.0000000000
55871  15.415  -21.584  67.622 0.0000000000
83697  47.086  2.402  26.171 0.0000000000
83677  48.196  1.819  26.563 0.0000000000
83678  47.392  1.827  26.736 0.0000000000
81596  48.398  0.089  26.730 0.0000000000
80596  49.824  -0.506  27.383 0.0000000000
80597  49.032  -0.795  27.307 0.0000000000
80601  45.261  -0.457  27.447 0.0000000000
81599  45.612  0.252  27.283 0.0000000000
80600  46.211  -0.673  27.481 0.0000000000
78427  48.947  -2.352  27.970 0.0000000000
79559  48.713  -2.047  27.693 0.0000000000
79558  49.192  -1.843  27.929 0.0000000000
80583  49.732  -1.224  28.025 0.0000000000
79545  50.049  -2.310  29.979 0.0000000000
78401  49.462  -3.060  30.766 0.0000000000
79528  49.926  -2.162  31.046 0.0000000000
79513  49.207  -2.562  32.493 0.0000000000
73670  43.456  -7.811  35.142 0.0000000000
73669  44.073  -7.667  35.102 0.0000000000
72460  45.198  -7.756  36.693 0.0000000000
72426  46.690  -7.805  38.246 0.0000000000
73616  45.339  -7.500  40.189 0.0000000000
72401  45.342  -7.822  39.585 0.0000000000
73598  47.749  -7.236  40.732 0.0000000000
73597  48.694  -7.047  40.521 0.0000000000
72382  47.999  -7.446  39.836 0.0000000000
73596  49.465  -6.470  40.177 0.0000000000
71018  32.734  -9.462  46.107 0.0000000000
72272  33.292  -8.827  46.503 0.0000000000
83732  43.983  2.945  23.587 0.0000000000
83731  45.268  2.679  23.372 0.0000000000
53576  9.008  -24.412  67.634 0.0000000000
53550  8.446  -23.971  69.278 0.0000000000
54663  9.302  -23.134  70.308 0.0000000000
54664  8.482  -23.363  70.583 0.0000000000
73701  40.696  -8.352  32.963 0.0000000000
72560  39.989  -7.635  32.318 0.0000000000
73715  41.544  -7.290  32.571 0.0000000000
73681  42.239  -8.426  34.053 0.0000000000
73682  41.610  -8.636  33.994 0.0000000000
72482  40.605  -8.446  35.578 0.0000000000
72481  41.660  -8.229  35.736 0.0000000000
72463  41.932  -8.300  36.856 0.0000000000
71256  39.636  -8.732  36.115 0.0000000000
71190  40.357  -8.718  38.776 0.0000000000
71214  40.963  -8.866  38.065 0.0000000000
71213  41.793  -8.566  38.221 0.0000000000
71188  41.820  -8.371  39.029 0.0000000000
72431  42.196  -8.076  39.297 0.0000000000
72405  41.728  -8.015  39.763 0.0000000000
73604  41.753  -7.424  41.180 0.0000000000
73585  42.122  -6.900  41.720 0.0000000000
74782  41.791  -6.720  42.233 0.0000000000
62344  31.397  -16.294  48.671 0.0000000000
63458  32.120  -15.934  49.123 0.0000000000
61155  30.468  -18.295  51.342 0.0000000000
61172  30.807  -17.644  50.082 0.0000000000
62301  33.125  -17.138  52.210 0.0000000000
61137  32.333  -17.491  51.750 0.0000000000
62315  32.858  -16.795  50.915 0.0000000000
62300  33.693  -16.548  51.656 0.0000000000
62287  33.904  -16.739  52.793 0.0000000000
62286  34.899  -16.816  53.362 0.0000000000
62275  35.437  -17.068  54.381 0.0000000000
62274  36.203  -16.334  54.631 0.0000000000
62259  35.788  -16.998  55.207 0.0000000000
56043  29.577  -21.573  56.204 0.0000000000
56054  29.881  -21.495  55.391 0.0000000000
56042  30.431  -21.586  55.934 0.0000000000
57254  31.817  -20.885  56.368 0.0000000000
57253  32.560  -20.580  56.089 0.0000000000
58549  33.252  -20.400  56.506 0.0000000000
58532  33.979  -19.379  58.075 0.0000000000
58548  33.925  -19.860  56.916 0.0000000000
59830  34.529  -19.154  57.184 0.0000000000
59829  34.926  -18.381  57.416 0.0000000000
62239  35.771  -16.606  57.050 0.0000000000
58520  22.976  -20.384  59.661 0.0000000000
58502  22.584  -20.207  59.913 0.0000000000
58460  21.905  -19.881  60.320 0.0000000000
58483  21.774  -20.073  60.393 0.0000000000
60998  21.800  -18.790  59.980 0.0000000000
60999  21.321  -18.932  60.017 0.0000000000
59738  20.577  -19.435  62.124 0.0000000000
59737  20.770  -19.784  62.208 0.0000000000
59730  20.492  -19.492  62.635 0.0000000000
58444  20.529  -19.553  62.967 0.0000000000
58445  20.223  -19.353  62.873 0.0000000000
57148  19.061  -20.367  62.597 0.0000000000
57264  16.485  -21.580  56.355 0.0000000000
57207  17.429  -21.451  59.593 0.0000000000
57187  17.970  -21.286  60.904 0.0000000000
55956  17.244  -21.431  61.743 0.0000000000
57171  17.788  -21.351  61.529 0.0000000000
55955  17.785  -21.401  62.008 0.0000000000
57150  17.826  -21.314  63.210 0.0000000000
55920  17.394  -21.467  63.704 0.0000000000
55938  15.833  -22.107  62.228 0.0000000000
55907  15.482  -22.150  64.243 0.0000000000
54742  15.178  -22.337  63.631 0.0000000000
55976  14.148  -22.418  60.272 0.0000000000
54744  13.491  -22.431  63.681 0.0000000000
55909  13.520  -22.310  64.392 0.0000000000
54728  13.322  -22.373  64.188 0.0000000000
54731  10.629  -23.277  64.137 0.0000000000
53625  9.827  -23.470  64.133 0.0000000000
53615  9.161  -23.575  64.686 0.0000000000
58687  26.604  -19.827  50.720 0.0000000000
58671  27.528  -20.247  51.789 0.0000000000
58651  26.890  -20.512  52.384 0.0000000000
58674  25.234  -19.740  51.245 0.0000000000
58653  25.096  -20.033  51.868 0.0000000000
58635  26.019  -20.450  53.244 0.0000000000
57302  27.182  -20.893  54.935 0.0000000000
58572  25.417  -20.415  56.589 0.0000000000
58571  26.307  -20.404  56.955 0.0000000000
58574  23.777  -19.490  56.418 0.0000000000
58573  24.517  -20.033  56.485 0.0000000000
58555  24.039  -19.556  57.079 0.0000000000
59802  24.716  -18.530  59.158 0.0000000000
59801  25.445  -18.764  59.279 0.0000000000
61036  25.476  -18.569  59.797 0.0000000000
61014  25.932  -18.839  60.076 0.0000000000
60994  25.220  -18.624  60.452 0.0000000000
59749  23.852  -19.413  60.294 0.0000000000
58459  24.367  -19.612  60.463 0.0000000000
58481  24.095  -19.839  60.385 0.0000000000
58501  23.692  -20.243  59.953 0.0000000000
55994  21.936  -21.258  59.662 0.0000000000
55879  18.721  -20.749  67.365 0.0000000000
57104  19.558  -20.451  66.721 0.0000000000
57095  19.514  -20.707  67.683 0.0000000000
54698  10.428  -23.310  68.339 0.0000000000
54687  10.806  -23.055  68.783 0.0000000000
57067  11.915  -22.029  71.317 0.0000000000
55831  11.641  -22.145  70.670 0.0000000000
57070  12.373  -21.639  71.203 0.0000000000
57069  13.105  -21.661  71.339 0.0000000000
57065  12.994  -21.757  72.030 0.0000000000
85883  53.967  4.595  28.308 0.0000000000
85875  54.269  4.606  29.422 0.0000000000
85846  54.907  4.102  31.404 0.0000000000
82653  49.675  1.312  26.299 0.0000000000
82652  50.489  1.194  26.331 0.0000000000
82635  51.160  0.732  26.833 0.0000000000
82618  51.950  1.486  29.627 0.0000000000
82624  51.762  1.344  28.516 0.0000000000
82617  52.465  1.822  30.058 0.0000000000
82568  53.425  1.427  33.728 0.0000000000
83608  53.800  1.825  33.414 0.0000000000
83607  54.037  2.200  33.195 0.0000000000
77274  43.953  -3.718  28.134 0.0000000000
78433  43.117  -2.577  27.805 0.0000000000
77273  45.094  -3.540  27.948 0.0000000000
74941  44.882  -5.671  30.453 0.0000000000
74940  45.740  -5.558  30.394 0.0000000000
76085  47.138  -4.977  31.220 0.0000000000
76099  46.720  -5.016  30.279 0.0000000000
76098  47.669  -4.720  30.463 0.0000000000
76115  47.169  -4.705  29.739 0.0000000000
76097  48.415  -4.549  30.862 0.0000000000
76083  48.536  -4.460  31.217 0.0000000000
77205  48.212  -3.415  33.300 0.0000000000
77204  48.474  -3.226  32.986 0.0000000000
78368  48.357  -2.898  33.594 0.0000000000
79499  49.047  -2.129  33.165 0.0000000000
78351  48.522  -2.498  34.126 0.0000000000
73668  45.263  -7.203  35.228 0.0000000000
74869  46.803  -6.004  35.380 0.0000000000
76020  47.103  -5.489  35.778 0.0000000000
76017  48.972  -4.041  36.339 0.0000000000
76030  48.071  -3.560  35.463 0.0000000000
70022  35.561  -9.786  40.040 0.0000000000
70020  37.072  -9.429  40.833 0.0000000000
71115  35.913  -9.471  43.002 0.0000000000
69953  35.710  -9.730  42.736 0.0000000000
71114  36.591  -9.147  42.847 0.0000000000
72375  38.122  -8.602  41.947 0.0000000000
72374  38.795  -8.549  41.532 0.0000000000
72373  39.610  -8.264  41.388 0.0000000000
72362  39.429  -8.065  42.088 0.0000000000
73560  40.619  -6.513  43.690 0.0000000000
74759  41.087  -6.471  43.201 0.0000000000
74758  41.641  -6.384  42.872 0.0000000000
74740  41.203  -6.085  43.498 0.0000000000
65667  34.272  -14.075  49.884 0.0000000000
66749  35.216  -12.272  49.313 0.0000000000
66750  34.868  -12.542  48.784 0.0000000000
69861  34.745  -9.893  48.846 0.0000000000
69868  34.176  -9.960  48.059 0.0000000000
71000  34.591  -9.249  48.008 0.0000000000
70988  35.038  -9.038  48.602 0.0000000000
67725  38.194  -11.443  54.484 0.0000000000
66680  38.098  -12.208  53.851 0.0000000000
67737  38.130  -11.464  53.520 0.0000000000
67738  37.857  -11.578  52.871 0.0000000000
68756  38.200  -11.012  52.990 0.0000000000
70962  38.165  -9.395  51.715 0.0000000000
69829  38.128  -9.669  52.213 0.0000000000
69847  36.186  -9.917  50.455 0.0000000000
70971  37.041  -9.453  50.033 0.0000000000
72233  36.544  -7.555  49.552 0.0000000000
72250  35.360  -7.881  48.435 0.0000000000
73496  35.761  -7.334  48.367 0.0000000000
73511  35.500  -7.492  47.596 0.0000000000
73495  36.594  -7.136  48.527 0.0000000000
73509  37.167  -7.689  47.743 0.0000000000
73508  38.461  -7.334  47.642 0.0000000000
72268  38.386  -7.690  46.882 0.0000000000
74677  39.399  -6.514  50.215 0.0000000000
74666  40.535  -5.826  50.081 0.0000000000
74684  39.980  -6.279  48.603 0.0000000000
73524  39.540  -6.889  47.016 0.0000000000
74714  40.311  -6.142  45.908 0.0000000000
74701  40.764  -5.802  46.170 0.0000000000
88090  49.596  6.392  17.433 0.0000000000
84809  46.330  3.849  21.366 0.0000000000
84808  47.391  3.580  21.239 0.0000000000
85965  50.102  4.554  19.207 0.0000000000
85964  50.798  4.184  19.055 0.0000000000
85963  51.635  3.874  19.044 0.0000000000
84803  52.618  3.253  22.114 0.0000000000
84815  52.362  3.203  21.051 0.0000000000
84802  53.518  3.808  22.281 0.0000000000
84788  53.156  3.988  22.676 0.0000000000
85913  50.405  4.642  24.038 0.0000000000
86994  51.103  4.739  24.115 0.0000000000
86993  52.249  4.937  23.848 0.0000000000
88029  52.818  5.460  23.914 0.0000000000
86992  53.191  5.292  23.353 0.0000000000
87995  55.170  6.372  26.541 0.0000000000
87075  54.743  5.280  16.340 0.0000000000
87074  55.527  5.960  16.286 0.0000000000
57182  25.279  -20.789  59.814 0.0000000000
54707  12.346  -22.502  66.471 0.0000000000
74801  43.616  -6.477  41.575 0.0000000000
74800  44.035  -6.269  41.874 0.0000000000
59906  28.685  -20.090  52.322 0.0000000000
59890  29.679  -19.862  53.078 0.0000000000
58631  29.925  -19.980  53.589 0.0000000000
58610  30.360  -20.216  54.296 0.0000000000
58556  21.517  -19.735  56.533 0.0000000000
58557  21.129  -20.162  56.768 0.0000000000
58617  21.914  -19.724  54.222 0.0000000000
59859  22.077  -19.550  55.436 0.0000000000
59848  21.790  -19.617  56.195 0.0000000000
57124  19.991  -20.648  64.583 0.0000000000
57114  20.157  -20.684  65.722 0.0000000000
83692  52.029  2.218  26.560 0.0000000000
74923  42.514  -6.340  31.535 0.0000000000
74911  43.555  -6.394  32.036 0.0000000000
73712  44.303  -6.659  32.490 0.0000000000
72332  33.636  -8.263  44.684 0.0000000000
72331  34.693  -8.406  44.638 0.0000000000
72290  35.968  -7.894  46.536 0.0000000000
64517  36.375  -15.024  53.753 0.0000000000
64525  36.734  -14.315  53.339 0.0000000000
65620  37.037  -13.633  53.537 0.0000000000
83719  46.874  2.515  24.671 0.0000000000
84770  47.612  3.200  24.971 0.0000000000
84769  48.794  3.827  24.690 0.0000000000
85907  49.322  4.204  24.748 0.0000000000
85893  49.453  4.147  25.442 0.0000000000
85980  53.424  3.907  18.615 0.0000000000
84846  52.454  3.644  19.012 0.0000000000
57236  27.581  -20.564  57.409 0.0000000000
57235  28.361  -20.917  57.593 0.0000000000
58550  28.084  -20.364  58.345 0.0000000000
58517  28.468  -20.002  59.831 0.0000000000
55844  15.090  -21.577  69.672 0.0000000000
83679  46.518  1.717  26.650 0.0000000000
79561  46.323  -1.519  27.727 0.0000000000
80584  47.100  -1.372  27.743 0.0000000000
78444  47.473  -2.554  27.675 0.0000000000
78428  48.575  -2.689  27.854 0.0000000000
78420  49.138  -2.744  28.493 0.0000000000
77234  49.123  -3.503  30.731 0.0000000000
72462  43.088  -7.926  36.829 0.0000000000
72461  44.179  -7.838  36.754 0.0000000000
73599  46.742  -7.254  40.813 0.0000000000
53563  8.096  -24.210  68.336 0.0000000000
72544  40.086  -8.065  32.901 0.0000000000
72525  40.393  -8.425  33.596 0.0000000000
72524  41.064  -8.430  34.036 0.0000000000
72502  40.439  -8.428  34.565 0.0000000000
71216  39.054  -8.810  37.866 0.0000000000
71161  40.689  -8.594  39.449 0.0000000000
71160  41.243  -8.320  39.396 0.0000000000
72406  40.955  -8.174  39.974 0.0000000000
72389  40.702  -8.184  40.726 0.0000000000
62332  30.934  -17.110  49.523 0.0000000000
61124  31.932  -18.491  52.992 0.0000000000
61122  33.687  -17.526  53.353 0.0000000000
57233  30.755  -21.691  57.532 0.0000000000
56010  31.022  -21.811  58.092 0.0000000000
57213  32.573  -20.992  58.092 0.0000000000
59781  33.963  -18.525  59.725 0.0000000000
59812  34.625  -17.961  58.190 0.0000000000
59786  22.850  -20.033  60.059 0.0000000000
59770  22.392  -19.805  60.232 0.0000000000
59750  22.464  -19.447  60.210 0.0000000000
59789  21.028  -19.257  59.635 0.0000000000
61020  21.370  -19.104  59.733 0.0000000000
59773  20.038  -19.518  60.874 0.0000000000
59753  20.026  -19.394  61.407 0.0000000000
57263  17.617  -21.285  56.233 0.0000000000
57224  16.372  -21.691  58.406 0.0000000000
57243  16.200  -21.786  57.526 0.0000000000
55995  17.488  -21.466  60.063 0.0000000000
55972  17.722  -21.405  60.389 0.0000000000
55973  17.185  -21.439  60.768 0.0000000000
55939  15.172  -22.459  62.039 0.0000000000
54761  11.955  -22.722  62.253 0.0000000000
59946  26.294  -19.669  50.159 0.0000000000
58688  26.065  -19.763  50.825 0.0000000000
59891  24.578  -19.358  52.261 0.0000000000
59818  23.413  -18.845  58.302 0.0000000000
61015  25.054  -18.066  60.177 0.0000000000
60995  24.282  -18.280  60.346 0.0000000000
54662  9.950  -22.632  70.164 0.0000000000
55832  10.614  -22.239  70.519 0.0000000000
85864  54.527  4.623  30.323 0.0000000000
84690  54.727  3.390  31.729 0.0000000000
83631  54.644  2.981  32.133 0.0000000000
82565  54.361  2.011  32.566 0.0000000000
81594  50.473  0.121  27.069 0.0000000000
81593  51.168  0.414  27.542 0.0000000000
81565  51.678  0.768  30.594 0.0000000000
81523  52.122  0.297  33.546 0.0000000000
77259  44.337  -4.393  28.490 0.0000000000
76071  48.003  -4.346  32.142 0.0000000000
77186  47.914  -3.190  34.385 0.0000000000
72458  46.659  -7.135  36.615 0.0000000000
77154  48.897  -3.559  36.115 0.0000000000
70003  35.740  -9.837  41.109 0.0000000000
71074  36.987  -8.793  44.015 0.0000000000
71092  37.089  -8.802  43.191 0.0000000000
72349  37.708  -8.377  43.636 0.0000000000
72348  38.516  -8.070  43.238 0.0000000000
72347  39.277  -7.716  42.836 0.0000000000
73550  40.414  -6.423  44.742 0.0000000000
66720  35.322  -13.154  50.531 0.0000000000
66736  35.242  -12.503  50.099 0.0000000000
67777  34.848  -11.610  48.922 0.0000000000
68790  34.294  -11.059  48.693 0.0000000000
68789  34.645  -10.817  49.203 0.0000000000
69854  34.951  -10.351  49.378 0.0000000000
67696  37.980  -11.194  56.099 0.0000000000
67713  38.146  -11.093  55.290 0.0000000000
68743  38.486  -10.583  54.636 0.0000000000
72209  37.622  -8.800  50.022 0.0000000000
72216  37.270  -7.645  50.123 0.0000000000
73480  36.935  -6.858  49.504 0.0000000000
84807  48.418  3.203  21.331 0.0000000000
83747  52.148  3.202  22.388 0.0000000000
88011  51.034  4.921  24.962 0.0000000000
86980  51.607  4.949  24.350 0.0000000000
88010  51.693  5.295  24.951 0.0000000000
88009  52.367  5.722  24.949 0.0000000000
88008  53.097  6.324  25.038 0.0000000000
88007  54.123  6.326  25.235 0.0000000000
88075  56.188  6.841  17.995 0.0000000000
86990  56.322  6.222  23.195 0.0000000000
59785  26.817  -19.265  59.934 0.0000000000
59784  27.561  -19.200  60.326 0.0000000000
60992  26.905  -19.518  60.536 0.0000000000
59745  27.248  -19.825  61.187 0.0000000000
57167  26.220  -20.858  60.610 0.0000000000
55884  13.850  -21.973  66.327 0.0000000000
78430  46.276  -2.368  27.833 0.0000000000
77272  46.194  -3.343  28.093 0.0000000000
72402  44.210  -7.767  39.539 0.0000000000
73582  45.464  -6.455  41.795 0.0000000000
73581  46.418  -6.626  41.589 0.0000000000
53564  6.975  -24.141  68.029 0.0000000000
54689  6.128  -23.765  67.376 0.0000000000
53565  6.093  -23.952  68.120 0.0000000000
53541  5.547  -23.640  69.103 0.0000000000
54655  5.499  -23.842  70.157 0.0000000000
71217  37.971  -9.003  37.720 0.0000000000
59923  30.118  -18.627  51.668 0.0000000000
61139  30.864  -18.586  51.985 0.0000000000
59903  31.045  -18.738  52.378 0.0000000000
59856  32.829  -19.429  54.941 0.0000000000
61018  22.486  -18.580  59.556 0.0000000000
61040  22.447  -18.692  59.118 0.0000000000
61041  21.937  -19.304  59.189 0.0000000000
59821  21.577  -19.437  57.714 0.0000000000
59803  21.648  -19.427  58.690 0.0000000000
59804  21.435  -19.414  59.198 0.0000000000
55998  14.897  -22.163  59.307 0.0000000000
59893  23.107  -18.867  53.224 0.0000000000
58593  23.539  -19.453  55.889 0.0000000000
59834  23.336  -19.387  57.397 0.0000000000
85889  52.991  4.391  26.560 0.0000000000
84746  53.391  3.971  27.930 0.0000000000
84737  53.429  3.823  28.569 0.0000000000
84716  53.328  3.331  30.071 0.0000000000
83645  53.099  2.689  30.926 0.0000000000
81566  51.204  0.029  30.512 0.0000000000
81534  51.399  0.123  32.564 0.0000000000
80542  51.314  0.039  33.086 0.0000000000
80531  51.716  -0.144  33.640 0.0000000000
76103  43.266  -5.352  29.692 0.0000000000
74921  44.634  -6.005  31.269 0.0000000000
73634  48.813  -6.286  38.230 0.0000000000
69956  33.339  -9.993  42.201 0.0000000000
69955  34.126  -10.001  42.629 0.0000000000
69936  34.471  -9.668  43.239 0.0000000000
71116  35.342  -9.381  43.329 0.0000000000
71094  35.601  -9.034  43.612 0.0000000000
71075  36.110  -8.732  44.167 0.0000000000
63420  34.098  -15.820  51.053 0.0000000000
64551  34.065  -15.216  50.550 0.0000000000
64550  34.623  -14.777  50.732 0.0000000000
65648  35.575  -13.918  50.889 0.0000000000
65634  35.906  -14.141  51.678 0.0000000000
66718  36.447  -12.176  51.241 0.0000000000
84792  49.588  2.899  22.698 0.0000000000
84791  50.730  3.030  22.942 0.0000000000
85905  50.270  4.739  24.346 0.0000000000
86969  50.282  4.774  24.886 0.0000000000
86968  50.756  4.842  25.031 0.0000000000
86955  51.850  5.022  25.482 0.0000000000
87063  54.585  5.028  17.271 0.0000000000
86007  53.572  4.811  16.948 0.0000000000
88062  55.740  6.235  18.886 0.0000000000
88048  55.926  6.042  19.733 0.0000000000
87023  55.659  5.309  20.183 0.0000000000
87015  54.673  5.009  21.856 0.0000000000
57301  27.974  -20.991  54.879 0.0000000000
57300  28.904  -20.957  54.740 0.0000000000
56044  28.833  -21.415  56.330 0.0000000000
56029  29.155  -21.433  56.960 0.0000000000
57234  29.679  -21.240  57.679 0.0000000000
57197  30.060  -21.186  59.382 0.0000000000
59798  28.185  -19.186  60.104 0.0000000000
58498  28.402  -19.588  60.269 0.0000000000
59764  28.976  -20.227  60.942 0.0000000000
58497  29.104  -20.355  60.522 0.0000000000
58597  19.982  -20.646  54.861 0.0000000000
55904  18.540  -21.144  64.998 0.0000000000
57116  18.794  -20.754  65.493 0.0000000000
57117  18.572  -20.930  65.802 0.0000000000
55867  18.657  -20.723  67.577 0.0000000000
55868  18.510  -20.863  67.750 0.0000000000
57097  18.624  -20.708  67.974 0.0000000000
57088  18.684  -20.896  68.337 0.0000000000
55857  16.670  -21.320  68.821 0.0000000000
55843  16.142  -21.484  69.516 0.0000000000
83695  48.692  2.503  26.237 0.0000000000
83676  48.913  1.771  26.368 0.0000000000
81610  49.527  0.850  26.380 0.0000000000
82638  47.831  0.975  26.687 0.0000000000
81598  46.611  0.147  27.235 0.0000000000
80598  48.137  -0.821  27.153 0.0000000000
80576  50.484  -0.855  29.218 0.0000000000
79527  50.498  -1.472  31.316 0.0000000000
72477  45.381  -7.445  36.067 0.0000000000
72459  46.088  -7.471  36.530 0.0000000000
72400  46.424  -7.831  39.237 0.0000000000
72399  47.504  -7.622  39.027 0.0000000000
73615  47.995  -7.201  39.035 0.0000000000
73613  49.377  -6.118  39.155 0.0000000000
72294  32.687  -8.836  45.773 0.0000000000
72271  33.944  -8.481  46.849 0.0000000000
64496  36.614  -15.008  56.377 0.0000000000
64495  36.859  -14.312  56.161 0.0000000000
65584  36.900  -13.652  56.910 0.0000000000
84781  45.275  3.139  22.756 0.0000000000
84771  47.175  2.713  25.153 0.0000000000
84753  47.764  2.831  25.848 0.0000000000
87065  50.771  5.148  17.198 0.0000000000
53587  10.400  -23.548  67.087 0.0000000000
53575  9.943  -23.641  67.923 0.0000000000
54688  10.209  -23.273  68.849 0.0000000000
52471  9.459  -24.108  68.217 0.0000000000
53561  9.666  -23.721  68.776 0.0000000000
54678  9.810  -23.151  69.551 0.0000000000
53538  8.050  -24.181  70.065 0.0000000000
55835  8.282  -23.077  70.932 0.0000000000
55810  8.757  -22.781  71.309 0.0000000000
72499  43.026  -7.876  35.263 0.0000000000
72446  42.606  -8.064  37.925 0.0000000000
71255  40.398  -8.661  36.417 0.0000000000
71236  40.837  -8.761  37.135 0.0000000000
72430  42.648  -7.955  38.967 0.0000000000
72386  42.974  -7.548  40.433 0.0000000000
72387  42.151  -7.681  40.468 0.0000000000
73584  42.901  -6.601  41.623 0.0000000000
74757  42.601  -5.955  43.023 0.0000000000
63440  33.395  -16.025  49.978 0.0000000000
61171  31.397  -17.354  50.332 0.0000000000
62316  32.063  -17.053  50.768 0.0000000000
62330  32.769  -16.643  50.051 0.0000000000
63421  33.574  -16.159  50.670 0.0000000000
63400  34.338  -16.062  52.034 0.0000000000
61121  34.239  -17.225  53.382 0.0000000000
57299  29.844  -21.059  54.652 0.0000000000
56063  30.351  -21.279  54.984 0.0000000000
57255  31.054  -21.496  56.560 0.0000000000
57277  31.189  -21.016  55.403 0.0000000000
58586  32.379  -19.784  55.133 0.0000000000
58585  33.026  -19.698  55.334 0.0000000000
58568  33.562  -19.903  55.860 0.0000000000
61082  35.383  -17.893  56.746 0.0000000000
61081  35.745  -17.285  56.342 0.0000000000
58503  22.080  -20.144  60.105 0.0000000000
57185  21.916  -20.534  59.943 0.0000000000
55971  21.510  -21.178  60.225 0.0000000000
60979  21.141  -18.906  60.409 0.0000000000
59751  21.183  -19.521  61.035 0.0000000000
58449  20.806  -20.055  62.121 0.0000000000
58450  20.545  -19.920  63.071 0.0000000000
58577  20.056  -20.457  55.333 0.0000000000
57240  19.779  -20.307  56.931 0.0000000000
57205  19.384  -20.700  59.429 0.0000000000
57170  18.275  -21.181  61.748 0.0000000000
57149  18.303  -21.041  62.724 0.0000000000
55906  16.684  -21.750  64.531 0.0000000000
54777  13.700  -22.573  61.409 0.0000000000
54743  14.440  -22.394  63.599 0.0000000000
55908  14.347  -22.208  64.425 0.0000000000
55897  13.299  -22.317  64.827 0.0000000000
53603  8.406  -23.696  65.445 0.0000000000
53590  7.735  -23.832  66.177 0.0000000000
59925  28.404  -19.871  51.547 0.0000000000
58689  25.626  -19.701  50.945 0.0000000000
58673  25.769  -20.056  51.364 0.0000000000
58652  25.787  -20.529  52.089 0.0000000000
57280  27.368  -21.029  55.816 0.0000000000
58589  26.988  -20.466  56.506 0.0000000000
57238  24.629  -20.204  56.987 0.0000000000
57237  24.904  -20.233  57.162 0.0000000000
59832  24.875  -19.344  57.966 0.0000000000
59831  25.648  -19.457  58.091 0.0000000000
59815  26.160  -19.260  58.670 0.0000000000
60993  26.055  -19.151  60.438 0.0000000000
59747  25.612  -19.740  60.617 0.0000000000
59748  24.752  -19.427  60.505 0.0000000000
58480  24.795  -20.042  60.307 0.0000000000
54697  10.867  -23.321  67.788 0.0000000000
54686  11.619  -22.940  68.558 0.0000000000
54675  12.087  -22.674  69.273 0.0000000000
55848  11.148  -22.252  70.047 0.0000000000
55847  11.887  -22.341  70.012 0.0000000000
57075  13.815  -21.768  71.201 0.0000000000
85882  54.679  5.034  28.753 0.0000000000
82651  51.381  1.418  26.475 0.0000000000
83666  52.195  2.083  28.654 0.0000000000
81532  52.439  1.098  33.058 0.0000000000
82594  52.428  1.369  31.857 0.0000000000
82593  52.859  2.121  31.718 0.0000000000
83633  53.504  2.727  32.027 0.0000000000
76118  44.533  -4.742  29.074 0.0000000000
76117  45.503  -4.773  29.182 0.0000000000
74939  46.249  -5.389  30.336 0.0000000000
76100  45.999  -5.219  29.836 0.0000000000
77256  47.196  -4.113  28.947 0.0000000000
77246  48.176  -4.107  30.008 0.0000000000
78402  49.259  -3.239  31.530 0.0000000000
78387  49.038  -3.141  32.154 0.0000000000
79482  49.085  -1.879  33.863 0.0000000000
73667  46.143  -6.552  34.812 0.0000000000
73677  45.918  -6.188  34.303 0.0000000000
73646  48.507  -6.115  37.484 0.0000000000
74844  48.068  -5.725  37.081 0.0000000000
76008  47.876  -5.323  36.651 0.0000000000
77185  48.177  -2.814  34.900 0.0000000000
77168  48.494  -3.088  35.507 0.0000000000
78337  48.512  -2.629  34.947 0.0000000000
79465  49.690  -2.134  35.035 0.0000000000
79464  50.278  -1.978  35.130 0.0000000000
69979  34.964  -9.916  41.877 0.0000000000
69978  36.033  -9.747  42.198 0.0000000000
70002  36.548  -9.578  41.288 0.0000000000
71113  37.097  -8.933  42.558 0.0000000000
69976  37.094  -9.238  41.670 0.0000000000
70001  37.095  -9.327  41.404 0.0000000000
71146  37.609  -9.186  41.046 0.0000000000
71145  38.391  -9.008  40.788 0.0000000000
72372  40.284  -7.963  41.318 0.0000000000
73587  40.536  -7.477  41.912 0.0000000000
73571  39.931  -7.419  42.410 0.0000000000
73586  41.308  -7.063  41.877 0.0000000000
73569  41.402  -6.801  42.432 0.0000000000
64569  33.865  -14.780  49.950 0.0000000000
69869  33.740  -10.032  47.343 0.0000000000
72252  34.376  -8.810  47.351 0.0000000000
72270  34.549  -8.367  47.264 0.0000000000
64507  37.015  -14.386  55.188 0.0000000000
65609  37.033  -13.613  54.647 0.0000000000
67726  37.945  -12.345  54.692 0.0000000000
66681  37.563  -12.959  54.165 0.0000000000
67757  36.813  -11.641  51.407 0.0000000000
70952  38.750  -9.485  52.997 0.0000000000
69828  38.367  -9.948  52.753 0.0000000000
68763  38.273  -10.494  52.784 0.0000000000
68764  37.952  -10.822  52.308 0.0000000000
68772  37.400  -10.841  51.491 0.0000000000
68773  36.642  -10.840  50.849 0.0000000000
70987  35.436  -8.938  49.168 0.0000000000
72235  35.294  -8.402  48.670 0.0000000000
73512  34.912  -7.948  47.342 0.0000000000
73528  35.332  -7.853  46.889 0.0000000000
73527  35.868  -7.664  47.217 0.0000000000
73526  36.437  -7.793  47.207 0.0000000000
72288  38.186  -7.962  46.235 0.0000000000
73461  38.778  -6.775  50.436 0.0000000000
73492  39.388  -6.733  49.148 0.0000000000
74675  40.608  -5.771  49.066 0.0000000000
73507  39.398  -6.846  48.159 0.0000000000
73539  39.780  -6.696  45.596 0.0000000000
73538  40.262  -6.348  45.221 0.0000000000
75879  41.313  -5.513  45.740 0.0000000000
85983  50.426  4.891  18.427 0.0000000000
84845  52.961  3.461  19.496 0.0000000000
84829  53.035  3.355  20.327 0.0000000000
84813  53.949  3.795  21.707 0.0000000000
85930  54.245  4.275  22.038 0.0000000000
87005  54.208  5.160  22.570 0.0000000000
84790  51.769  3.379  22.867 0.0000000000
84776  52.118  3.964  23.196 0.0000000000
85912  51.424  4.466  23.745 0.0000000000
85911  52.145  4.334  23.365 0.0000000000
84789  52.567  3.828  22.854 0.0000000000
85921  53.253  4.420  22.759 0.0000000000
87006  53.521  5.036  22.890 0.0000000000
88016  54.904  6.567  24.398 0.0000000000
88006  55.134  6.470  25.435 0.0000000000
52464  9.585  -23.849  68.596 0.0000000000
52465  9.453  -24.011  68.510 0.0000000000
54715  13.482  -22.233  66.000 0.0000000000
54726  15.195  -22.331  63.972 0.0000000000
55816  12.744  -21.707  70.951 0.0000000000
55817  12.465  -21.793  71.010 0.0000000000
55885  13.461  -21.923  66.625 0.0000000000
55891  18.547  -21.019  65.445 0.0000000000
55910  13.263  -22.362  64.587 0.0000000000
55924  13.614  -22.359  64.056 0.0000000000
56009  31.373  -21.742  57.875 0.0000000000
56027  31.261  -21.724  57.572 0.0000000000
56028  31.091  -21.800  57.769 0.0000000000
56062  30.714  -21.167  55.098 0.0000000000
57066  12.499  -21.681  71.709 0.0000000000
57071  11.917  -22.142  70.958 0.0000000000
57076  13.699  -21.691  71.001 0.0000000000
57077  12.238  -21.868  70.793 0.0000000000
57078  12.157  -22.104  70.865 0.0000000000
57082  17.854  -21.028  68.761 0.0000000000
57089  18.350  -20.958  68.300 0.0000000000
57090  17.979  -21.062  68.559 0.0000000000
57106  18.602  -20.883  66.101 0.0000000000
57184  22.505  -20.519  59.674 0.0000000000
57196  31.277  -21.116  59.418 0.0000000000
57259  25.143  -20.388  57.056 0.0000000000
57260  24.883  -20.346  56.865 0.0000000000
57275  32.520  -20.293  55.568 0.0000000000
57278  29.236  -21.335  55.182 0.0000000000
57298  30.637  -20.908  54.748 0.0000000000
57329  25.533  -20.242  51.691 0.0000000000
57330  25.335  -20.147  51.717 0.0000000000
57346  25.229  -19.950  51.616 0.0000000000
58457  25.356  -19.942  60.519 0.0000000000
58476  28.806  -20.267  61.154 0.0000000000
58482  22.106  -19.753  60.369 0.0000000000
58521  21.424  -19.543  58.606 0.0000000000
58538  21.505  -19.490  58.286 0.0000000000
58637  21.736  -19.633  53.523 0.0000000000
59729  20.974  -19.857  63.024 0.0000000000
59731  19.784  -19.231  62.461 0.0000000000
59782  28.732  -20.090  60.835 0.0000000000
59783  28.377  -19.516  60.598 0.0000000000
59787  22.317  -20.075  60.119 0.0000000000
59788  21.933  -20.212  60.266 0.0000000000
60972  26.958  -19.647  60.930 0.0000000000
61095  35.796  -17.194  55.710 0.0000000000
63357  37.159  -15.005  55.285 0.0000000000
64508  36.902  -14.852  55.727 0.0000000000
66690  37.900  -11.940  53.303 0.0000000000
69837  38.084  -10.228  52.432 0.0000000000
69935  34.780  -9.545  43.298 0.0000000000
69977  36.812  -9.368  41.779 0.0000000000
70953  38.339  -9.535  52.405 0.0000000000
71077  34.810  -8.796  44.160 0.0000000000
71117  33.447  -9.799  42.734 0.0000000000
71131  37.376  -9.031  41.855 0.0000000000
71133  36.351  -9.480  42.610 0.0000000000
71212  42.257  -8.259  38.612 0.0000000000
72385  45.614  -7.544  40.153 0.0000000000
72398  48.009  -7.298  39.317 0.0000000000
73477  39.387  -6.653  49.585 0.0000000000
73541  35.054  -7.902  46.356 0.0000000000
73722  42.240  -6.496  32.019 0.0000000000
74667  39.796  -6.231  50.513 0.0000000000
74668  39.090  -6.643  50.688 0.0000000000
74856  47.627  -5.587  36.599 0.0000000000
74881  45.831  -5.961  33.934 0.0000000000
77221  48.618  -3.437  32.572 0.0000000000
77236  48.400  -4.298  31.876 0.0000000000
77270  47.986  -3.073  27.647 0.0000000000
77285  47.762  -2.760  27.613 0.0000000000
78443  47.876  -2.476  27.569 0.0000000000
79551  50.202  -1.626  29.415 0.0000000000
79560  46.908  -1.632  27.775 0.0000000000
79576  47.378  -1.848  27.633 0.0000000000
79578  45.005  -1.006  27.334 0.0000000000
80530  52.299  -0.070  33.918 0.0000000000
80585  46.761  -1.185  27.726 0.0000000000
82577  54.407  2.508  32.439 0.0000000000
82579  52.442  1.180  32.646 0.0000000000
82591  55.187  2.892  32.106 0.0000000000
82592  54.597  2.733  32.127 0.0000000000
82636  49.212  1.154  26.347 0.0000000000
83606  54.116  2.485  32.966 0.0000000000
83616  55.359  2.961  31.532 0.0000000000
83617  55.032  2.963  31.366 0.0000000000
83630  54.867  3.109  31.752 0.0000000000
83738  52.262  3.427  22.582 0.0000000000
83746  52.369  3.312  22.346 0.0000000000
84679  55.868  3.013  31.659 0.0000000000
84682  53.736  3.333  32.563 0.0000000000
84689  55.472  3.252  31.341 0.0000000000
84691  54.231  3.604  31.722 0.0000000000
84692  53.857  3.484  31.667 0.0000000000
84801  53.961  3.921  22.028 0.0000000000
85906  49.823  4.499  24.530 0.0000000000
85920  53.822  4.659  22.554 0.0000000000
86979  52.127  5.043  24.186 0.0000000000
86981  50.696  4.803  24.551 0.0000000000
86982  50.252  4.762  24.651 0.0000000000
86991  53.727  5.321  23.050 0.0000000000
87007  53.014  5.032  23.148 0.0000000000
87064  53.876  4.920  17.069 0.0000000000
88000  51.254  5.048  25.076 0.0000000000
88020  51.373  5.023  24.711 0.0000000000
88021  51.026  4.852  24.768 0.0000000000
88030  52.416  5.263  24.081 0.0000000000
