#!ascii label  , from subject 3055 vox2ras=TkReg
852
104270  40.058  23.817  25.271 0.0000000000
100137  45.157  19.332  15.216 0.0000000000
108028  51.688  27.522  11.786 0.0000000000
96267  42.425  14.823  6.472 0.0000000000
100120  39.588  18.346  19.595 0.0000000000
106070  53.190  25.666  20.311 0.0000000000
100202  45.572  19.022  7.372 0.0000000000
105214  44.163  24.741  15.448 0.0000000000
106077  47.327  25.286  20.659 0.0000000000
103462  42.644  22.894  20.228 0.0000000000
97221  41.767  15.310  14.119 0.0000000000
110485  47.618  30.303  12.979 0.0000000000
104381  46.089  23.935  11.631 0.0000000000
105223  47.814  24.379  14.319 0.0000000000
103584  44.769  22.509  7.825 0.0000000000
108914  44.017  28.934  13.490 0.0000000000
105134  43.275  24.992  23.529 0.0000000000
104283  41.552  23.911  22.926 0.0000000000
97178  41.228  16.247  17.800 0.0000000000
107991  50.639  27.672  15.702 0.0000000000
108881  47.658  28.748  15.647 0.0000000000
109717  49.599  29.136  12.617 0.0000000000
107055  47.657  26.625  13.283 0.0000000000
107078  49.148  26.337  10.349 0.0000000000
104323  45.663  22.986  17.228 0.0000000000
105190  47.618  24.831  17.060 0.0000000000
103517  45.997  22.169  14.886 0.0000000000
100223  44.855  18.614  4.155 0.0000000000
137453  44.404  20.730  7.772 0.0000000000
100204  43.622  20.048  6.161 0.0000000000
137461  43.051  21.264  7.923 0.0000000000
98308  41.705  16.938  8.141 0.0000000000
96221  41.387  14.678  9.994 0.0000000000
103435  37.551  22.850  24.178 0.0000000000
103457  39.140  22.481  21.447 0.0000000000
107029  53.094  26.318  16.576 0.0000000000
99264  43.481  17.424  11.528 0.0000000000
100169  45.147  18.817  11.601 0.0000000000
99293  43.961  16.994  7.771 0.0000000000
98335  45.295  16.662  4.333 0.0000000000
106018  49.017  25.722  24.961 0.0000000000
106043  45.864  25.600  23.821 0.0000000000
104293  45.133  23.892  20.132 0.0000000000
101833  43.982  20.902  16.915 0.0000000000
101822  40.923  20.482  19.252 0.0000000000
100128  42.898  18.545  17.579 0.0000000000
99237  43.009  17.516  14.480 0.0000000000
97253  42.386  15.511  11.228 0.0000000000
103428  36.100  23.051  26.035 0.0000000000
109679  44.865  30.053  15.550 0.0000000000
110500  44.816  30.582  12.562 0.0000000000
108016  46.043  27.642  14.048 0.0000000000
105235  45.706  24.211  13.714 0.0000000000
103555  41.952  22.544  11.147 0.0000000000
106074  50.464  25.389  20.536 0.0000000000
106130  51.132  25.509  16.654 0.0000000000
106165  50.501  25.519  13.451 0.0000000000
102707  46.160  20.702  11.506 0.0000000000
103550  48.159  23.228  11.170 0.0000000000
104409  49.092  24.525  9.265 0.0000000000
105278  46.294  23.626  9.339 0.0000000000
103578  42.151  22.358  9.393 0.0000000000
109692  42.577  29.056  13.833 0.0000000000
109708  43.788  29.603  12.746 0.0000000000
105136  41.858  24.282  23.873 0.0000000000
104278  40.326  23.724  23.774 0.0000000000
108891  51.617  27.982  14.270 0.0000000000
108893  49.887  28.207  14.653 0.0000000000
108928  51.197  28.235  11.793 0.0000000000
108023  49.836  27.985  11.958 0.0000000000
107070  50.368  26.947  10.646 0.0000000000
101842  45.004  20.965  16.049 0.0000000000
104336  45.707  23.139  16.026 0.0000000000
101855  45.375  20.852  15.291 0.0000000000
99308  43.537  17.413  5.138 0.0000000000
100211  44.028  19.016  5.401 0.0000000000
98315  42.683  17.103  6.537 0.0000000000
98316  42.169  17.077  7.467 0.0000000000
97278  42.348  15.978  6.902 0.0000000000
96257  41.908  14.822  7.971 0.0000000000
95243  42.015  13.711  7.883 0.0000000000
102628  37.349  21.294  22.221 0.0000000000
107943  52.078  27.334  18.112 0.0000000000
107019  53.295  26.144  18.062 0.0000000000
98301  43.088  16.675  10.013 0.0000000000
99273  43.478  17.570  10.429 0.0000000000
98314  43.734  16.332  7.945 0.0000000000
97291  44.646  15.608  4.964 0.0000000000
96292  45.005  13.933  3.483 0.0000000000
97299  44.654  15.785  3.746 0.0000000000
104287  43.112  24.092  21.663 0.0000000000
105140  44.404  24.900  22.331 0.0000000000
103461  43.815  22.947  20.066 0.0000000000
103475  44.240  21.918  18.523 0.0000000000
102646  43.502  21.366  18.431 0.0000000000
100996  39.355  19.734  19.872 0.0000000000
102642  40.387  21.075  19.783 0.0000000000
101000  40.634  19.329  19.044 0.0000000000
97201  41.440  16.066  15.765 0.0000000000
99206  42.255  17.384  17.219 0.0000000000
98215  42.316  17.338  16.202 0.0000000000
99204  43.220  18.270  16.404 0.0000000000
98241  42.541  16.992  14.898 0.0000000000
98268  42.584  16.680  13.165 0.0000000000
97230  41.884  15.685  13.141 0.0000000000
94155  43.881  12.944  11.479 0.0000000000
109689  47.410  29.763  14.146 0.0000000000
108883  45.940  29.156  15.791 0.0000000000
109690  46.403  29.963  14.365 0.0000000000
110476  45.366  30.427  14.011 0.0000000000
110498  46.617  30.329  12.781 0.0000000000
109706  45.609  29.290  12.821 0.0000000000
108924  46.904  29.474  12.806 0.0000000000
106178  47.284  25.157  12.191 0.0000000000
105234  46.419  24.725  13.365 0.0000000000
104369  46.081  23.891  12.792 0.0000000000
103541  43.454  22.579  12.483 0.0000000000
103553  43.762  22.714  11.285 0.0000000000
106053  48.022  25.485  22.572 0.0000000000
106051  50.058  25.418  22.465 0.0000000000
106076  48.571  25.309  20.663 0.0000000000
105201  47.766  25.019  16.026 0.0000000000
106118  49.240  25.342  17.082 0.0000000000
106145  48.700  25.178  15.108 0.0000000000
106143  50.926  25.687  15.589 0.0000000000
105221  49.119  24.887  13.363 0.0000000000
100188  45.133  18.710  9.680 0.0000000000
101888  45.672  19.710  11.498 0.0000000000
137458  45.019  19.549  9.918 0.0000000000
103577  44.683  21.919  8.537 0.0000000000
102724  45.902  21.861  10.302 0.0000000000
103565  46.143  22.475  9.384 0.0000000000
104398  48.484  23.485  9.799 0.0000000000
104411  47.653  23.578  9.162 0.0000000000
105276  48.112  24.430  9.013 0.0000000000
104413  45.441  23.194  8.475 0.0000000000
137450  42.059  19.096  8.943 0.0000000000
102731  42.348  22.023  8.916 0.0000000000
102726  41.304  20.475  9.803 0.0000000000
101898  40.546  20.071  10.262 0.0000000000
106036  52.399  25.816  22.598 0.0000000000
108007  43.055  27.729  15.142 0.0000000000
107992  43.885  26.976  15.239 0.0000000000
106034  43.851  25.218  25.255 0.0000000000
105129  43.161  25.012  24.530 0.0000000000
105142  42.727  24.450  22.853 0.0000000000
104296  42.009  23.465  20.965 0.0000000000
98196  40.975  16.835  18.600 0.0000000000
108880  48.731  28.296  15.855 0.0000000000
109687  49.127  28.808  13.933 0.0000000000
109718  48.762  29.333  12.761 0.0000000000
108910  47.959  28.591  12.790 0.0000000000
108024  48.962  27.912  12.458 0.0000000000
107064  48.739  26.634  12.068 0.0000000000
105254  47.683  24.650  10.807 0.0000000000
105163  46.799  24.454  19.439 0.0000000000
105162  47.824  24.792  18.954 0.0000000000
105191  46.846  24.325  17.444 0.0000000000
104345  46.544  23.492  15.286 0.0000000000
103515  46.731  23.009  14.080 0.0000000000
101085  45.563  19.217  5.167 0.0000000000
101074  45.142  19.829  7.607 0.0000000000
101080  44.669  20.071  5.565 0.0000000000
137454  43.994  20.582  5.942 0.0000000000
103585  43.803  21.268  7.522 0.0000000000
137462  43.254  21.033  7.662 0.0000000000
137464  43.016  19.867  7.237 0.0000000000
99287  42.252  18.653  8.494 0.0000000000
98302  41.338  16.889  8.865 0.0000000000
95232  41.555  13.918  9.425 0.0000000000
104279  39.061  23.250  24.027 0.0000000000
103442  39.599  23.079  23.408 0.0000000000
103451  38.172  22.045  22.377 0.0000000000
101812  38.350  20.577  20.924 0.0000000000
100997  38.706  19.243  20.228 0.0000000000
107961  50.313  27.538  17.808 0.0000000000
107975  52.251  27.507  16.135 0.0000000000
107999  52.472  27.206  14.055 0.0000000000
99246  44.177  17.984  12.778 0.0000000000
100156  45.414  18.871  13.664 0.0000000000
99263  43.976  18.003  10.955 0.0000000000
100181  44.378  18.433  10.246 0.0000000000
100197  44.812  18.349  7.969 0.0000000000
97283  44.286  15.569  6.170 0.0000000000
98327  44.779  16.642  5.478 0.0000000000
99298  45.478  18.198  5.795 0.0000000000
99312  45.313  17.735  4.158 0.0000000000
98328  44.356  16.830  3.998 0.0000000000
96276  42.857  14.554  5.295 0.0000000000
95267  42.641  13.574  6.206 0.0000000000
106030  47.594  25.697  24.438 0.0000000000
106054  47.029  25.547  22.667 0.0000000000
106044  44.868  25.484  24.040 0.0000000000
105139  45.319  25.153  22.062 0.0000000000
105145  46.399  25.004  20.953 0.0000000000
104300  45.393  23.378  19.561 0.0000000000
103482  44.910  22.094  17.760 0.0000000000
101011  44.334  19.825  15.901 0.0000000000
103456  40.399  23.032  21.703 0.0000000000
103463  41.299  22.648  20.607 0.0000000000
103471  42.109  22.272  19.681 0.0000000000
100124  41.630  18.338  18.406 0.0000000000
101005  41.854  19.189  18.237 0.0000000000
101826  42.845  20.524  18.106 0.0000000000
101835  43.172  20.014  17.548 0.0000000000
100131  43.794  18.850  16.138 0.0000000000
100151  43.963  18.141  14.682 0.0000000000
99256  43.173  17.305  13.065 0.0000000000
98292  42.722  16.600  11.193 0.0000000000
96234  42.718  14.845  10.323 0.0000000000
95206  42.772  13.845  11.972 0.0000000000
96219  42.951  14.178  10.745 0.0000000000
104266  37.413  23.384  25.541 0.0000000000
104274  36.692  23.189  24.906 0.0000000000
103437  34.888  22.221  24.480 0.0000000000
109653  45.323  29.210  17.536 0.0000000000
110455  43.589  30.320  16.235 0.0000000000
109707  44.709  29.511  12.793 0.0000000000
108897  45.183  27.951  14.086 0.0000000000
107048  45.158  26.470  14.890 0.0000000000
108015  46.738  27.404  13.779 0.0000000000
107047  46.126  26.547  14.348 0.0000000000
105226  44.725  24.383  14.941 0.0000000000
106061  52.087  25.309  21.196 0.0000000000
106085  49.259  25.338  19.492 0.0000000000
106103  50.452  25.401  18.522 0.0000000000
106101  52.428  25.156  18.919 0.0000000000
106129  52.113  25.430  16.921 0.0000000000
107046  51.983  25.894  14.072 0.0000000000
106183  51.385  25.802  11.836 0.0000000000
101035  45.620  19.600  12.893 0.0000000000
102698  46.288  21.183  13.015 0.0000000000
103528  46.955  22.160  13.230 0.0000000000
101897  44.842  20.489  10.695 0.0000000000
102714  46.588  21.807  11.703 0.0000000000
104380  47.999  23.258  12.242 0.0000000000
104378  49.211  23.962  11.375 0.0000000000
105241  50.354  24.816  11.331 0.0000000000
106191  50.954  25.548  10.241 0.0000000000
106192  49.676  26.057  9.586 0.0000000000
105264  47.763  24.551  9.705 0.0000000000
104391  46.074  24.012  10.507 0.0000000000
104423  43.550  22.916  8.023 0.0000000000
104415  43.274  23.433  8.951 0.0000000000
104402  44.083  23.356  10.100 0.0000000000
103568  41.873  22.826  10.213 0.0000000000
96222  40.944  14.529  10.705 0.0000000000
109709  42.730  29.551  12.824 0.0000000000
109724  43.432  30.271  12.184 0.0000000000
105127  40.539  24.279  25.870 0.0000000000
105132  40.842  24.248  24.889 0.0000000000
108012  52.175  27.686  13.473 0.0000000000
108906  51.587  28.136  13.723 0.0000000000
108919  51.604  28.226  12.640 0.0000000000
108029  50.898  27.801  11.287 0.0000000000
108033  51.353  27.153  10.994 0.0000000000
101856  44.829  20.324  15.620 0.0000000000
101019  45.316  19.929  14.938 0.0000000000
97285  42.566  15.855  5.838 0.0000000000
98322  43.208  16.810  5.500 0.0000000000
96256  42.210  15.099  7.299 0.0000000000
95256  42.227  13.938  7.315 0.0000000000
106984  53.113  26.531  21.180 0.0000000000
106987  53.092  26.621  20.232 0.0000000000
106990  52.982  26.751  19.321 0.0000000000
106099  53.267  25.765  19.296 0.0000000000
97272  43.232  15.459  8.815 0.0000000000
98307  43.402  16.488  9.018 0.0000000000
97277  43.441  15.309  7.858 0.0000000000
96283  45.144  14.612  3.881 0.0000000000
96284  44.276  14.646  3.638 0.0000000000
104347  43.941  23.968  15.367 0.0000000000
104295  43.251  23.787  20.864 0.0000000000
103476  43.724  21.819  18.715 0.0000000000
103470  43.382  22.147  19.206 0.0000000000
101823  40.082  20.142  19.632 0.0000000000
100119  40.263  18.356  19.223 0.0000000000
97211  41.576  15.734  14.809 0.0000000000
98216  41.873  16.877  16.371 0.0000000000
98231  41.968  16.541  15.326 0.0000000000
98230  42.363  17.206  15.701 0.0000000000
98242  42.050  16.463  14.433 0.0000000000
97231  42.071  16.314  13.427 0.0000000000
97222  41.671  16.085  13.874 0.0000000000
109704  47.455  30.204  13.348 0.0000000000
110474  46.912  30.179  13.700 0.0000000000
110475  46.287  30.414  13.775 0.0000000000
110497  47.276  30.226  12.847 0.0000000000
109720  47.125  29.948  12.671 0.0000000000
105245  46.773  24.592  12.281 0.0000000000
104382  45.336  23.429  12.128 0.0000000000
104393  44.545  23.058  11.482 0.0000000000
106065  48.257  25.345  21.622 0.0000000000
105212  47.833  24.782  15.104 0.0000000000
106133  48.363  25.237  15.787 0.0000000000
105211  48.333  24.819  14.562 0.0000000000
106157  48.803  24.935  14.446 0.0000000000
105222  48.613  24.649  13.919 0.0000000000
100196  45.297  18.791  8.641 0.0000000000
101058  45.323  19.076  10.103 0.0000000000
101065  45.337  19.145  9.263 0.0000000000
102730  45.466  22.084  9.240 0.0000000000
103576  45.643  22.767  8.491 0.0000000000
103575  46.755  22.950  9.167 0.0000000000
104412  46.484  23.309  9.051 0.0000000000
104421  45.156  22.894  7.861 0.0000000000
100198  41.729  18.635  9.110 0.0000000000
100191  41.240  18.782  9.531 0.0000000000
108899  43.089  28.426  14.487 0.0000000000
108006  43.684  27.621  14.874 0.0000000000
105124  43.223  24.895  25.698 0.0000000000
105125  42.219  24.551  25.687 0.0000000000
105143  42.148  24.363  23.203 0.0000000000
104282  42.191  24.197  22.734 0.0000000000
104288  42.447  23.846  22.020 0.0000000000
104297  41.540  23.187  21.069 0.0000000000
108863  49.614  27.638  16.829 0.0000000000
108864  48.880  27.896  17.177 0.0000000000
108879  49.654  27.815  16.130 0.0000000000
108908  49.797  28.859  13.544 0.0000000000
109702  49.143  29.281  13.200 0.0000000000
108921  49.383  28.741  12.345 0.0000000000
107071  49.661  26.758  10.872 0.0000000000
107063  49.500  27.106  11.758 0.0000000000
106176  48.569  26.128  11.377 0.0000000000
106177  47.987  25.580  11.818 0.0000000000
106186  48.128  25.205  10.871 0.0000000000
104309  46.237  23.653  18.932 0.0000000000
105179  46.916  24.216  18.496 0.0000000000
104322  46.171  23.708  17.890 0.0000000000
103507  45.746  22.448  15.342 0.0000000000
104346  45.916  23.062  15.384 0.0000000000
103506  46.081  22.891  15.052 0.0000000000
103516  46.423  22.396  14.432 0.0000000000
101091  45.289  19.073  4.554 0.0000000000
101079  45.123  19.722  6.174 0.0000000000
101086  44.888  19.774  5.026 0.0000000000
100212  43.703  19.085  6.047 0.0000000000
101081  43.806  20.072  5.271 0.0000000000
137471  44.099  20.866  6.474 0.0000000000
137465  43.303  20.324  6.995 0.0000000000
137456  43.185  19.682  6.904 0.0000000000
99294  42.715  18.855  7.639 0.0000000000
99295  42.164  17.690  8.049 0.0000000000
99288  41.830  18.106  8.717 0.0000000000
97273  41.627  15.910  8.409 0.0000000000
95244  41.747  13.815  8.474 0.0000000000
96246  41.684  15.039  8.668 0.0000000000
104272  38.204  23.160  24.541 0.0000000000
103443  38.435  22.754  23.644 0.0000000000
102627  37.973  21.452  21.764 0.0000000000
101818  38.185  19.827  20.746 0.0000000000
107942  52.587  27.126  17.545 0.0000000000
107959  52.153  27.584  17.095 0.0000000000
107974  52.902  27.071  15.786 0.0000000000
107989  52.330  27.575  15.211 0.0000000000
99254  44.108  17.930  11.873 0.0000000000
99280  43.784  17.599  9.262 0.0000000000
100182  43.903  18.101  9.770 0.0000000000
99279  44.181  17.868  8.982 0.0000000000
100189  44.428  18.221  9.149 0.0000000000
99292  44.479  17.464  7.477 0.0000000000
97284  43.785  15.385  7.047 0.0000000000
97298  45.052  15.717  4.016 0.0000000000
99299  45.238  17.730  6.098 0.0000000000
99306  45.344  17.516  4.935 0.0000000000
99311  45.477  18.120  4.749 0.0000000000
98336  45.032  16.783  3.817 0.0000000000
96275  43.533  14.927  4.390 0.0000000000
97292  43.887  15.812  3.987 0.0000000000
97293  43.203  15.785  4.864 0.0000000000
106021  46.567  25.664  25.634 0.0000000000
106020  47.477  25.775  25.377 0.0000000000
106031  46.674  25.704  24.626 0.0000000000
106042  46.837  25.559  23.645 0.0000000000
106045  43.895  25.471  24.267 0.0000000000
106033  44.693  25.498  25.082 0.0000000000
106057  44.123  25.261  23.270 0.0000000000
105147  44.654  24.697  21.383 0.0000000000
105146  45.545  24.807  21.158 0.0000000000
105155  45.672  24.398  20.265 0.0000000000
105164  46.136  24.117  19.822 0.0000000000
102653  44.224  21.390  17.688 0.0000000000
103483  44.538  21.729  18.041 0.0000000000
102663  44.274  21.199  16.923 0.0000000000
101843  44.459  20.694  16.418 0.0000000000
103450  39.347  22.701  22.600 0.0000000000
103449  40.209  22.978  22.973 0.0000000000
103464  39.947  22.370  20.704 0.0000000000
102635  40.633  21.856  20.230 0.0000000000
102634  41.099  22.072  20.174 0.0000000000
103472  41.573  22.231  19.961 0.0000000000
102641  41.350  21.696  19.669 0.0000000000
98195  41.444  16.869  18.171 0.0000000000
99202  41.297  17.564  18.546 0.0000000000
99200  42.549  17.911  17.654 0.0000000000
100123  42.296  18.467  18.018 0.0000000000
101827  42.158  20.072  18.366 0.0000000000
101004  42.632  19.421  17.891 0.0000000000
101009  43.217  19.200  17.475 0.0000000000
99224  42.876  17.642  15.287 0.0000000000
99210  43.332  18.166  15.684 0.0000000000
99223  43.448  18.007  14.904 0.0000000000
100139  44.035  18.347  15.272 0.0000000000
99236  43.732  17.855  14.151 0.0000000000
99248  43.115  17.353  13.695 0.0000000000
98282  42.257  16.283  12.209 0.0000000000
98293  42.188  15.988  11.621 0.0000000000
97252  42.656  15.963  10.526 0.0000000000
97264  42.604  15.332  10.556 0.0000000000
95192  43.137  13.403  12.519 0.0000000000
95218  43.457  13.466  10.552 0.0000000000
95217  43.909  13.045  10.135 0.0000000000
104257  37.437  23.305  26.765 0.0000000000
104267  36.705  23.258  25.333 0.0000000000
103436  36.303  22.879  24.666 0.0000000000
103429  35.148  22.777  25.762 0.0000000000
109678  45.581  29.783  15.359 0.0000000000
109664  45.322  29.356  16.501 0.0000000000
109654  44.634  29.514  17.389 0.0000000000
109665  44.668  29.795  16.399 0.0000000000
109666  44.013  30.061  16.676 0.0000000000
110454  44.332  30.122  15.999 0.0000000000
110488  45.133  30.672  13.088 0.0000000000
109723  44.395  30.241  12.360 0.0000000000
109722  45.316  30.088  12.459 0.0000000000
108912  45.957  28.339  13.534 0.0000000000
108913  44.948  28.669  13.404 0.0000000000
108896  45.692  27.829  14.043 0.0000000000
108005  44.646  27.245  14.834 0.0000000000
108004  45.590  27.303  14.420 0.0000000000
108013  48.390  28.050  12.943 0.0000000000
108014  47.756  27.794  13.270 0.0000000000
106158  46.437  25.542  13.973 0.0000000000
105224  45.958  24.878  14.105 0.0000000000
106159  45.515  25.537  14.625 0.0000000000
104358  45.050  23.802  14.209 0.0000000000
104359  44.283  23.465  14.644 0.0000000000
104371  44.380  23.255  13.748 0.0000000000
106974  49.889  25.906  24.926 0.0000000000
106063  50.287  25.373  21.529 0.0000000000
106038  50.784  25.540  23.327 0.0000000000
106050  51.016  25.424  22.341 0.0000000000
106049  51.926  25.396  22.129 0.0000000000
106062  51.231  25.330  21.378 0.0000000000
105178  47.715  24.606  18.048 0.0000000000
105161  48.524  24.970  18.481 0.0000000000
106117  50.265  25.455  17.430 0.0000000000
106116  51.330  25.363  17.708 0.0000000000
106102  51.565  25.164  18.713 0.0000000000
106115  52.270  25.218  17.949 0.0000000000
106155  50.669  25.630  14.524 0.0000000000
106154  51.866  25.584  14.720 0.0000000000
106164  51.414  25.764  13.862 0.0000000000
107053  51.933  26.159  13.485 0.0000000000
106173  51.394  25.705  12.890 0.0000000000
100162  45.302  18.836  12.583 0.0000000000
101030  45.788  19.696  14.010 0.0000000000
101880  46.169  20.042  11.937 0.0000000000
102706  46.181  21.098  12.190 0.0000000000
102705  46.606  21.667  12.663 0.0000000000
101910  44.593  20.327  7.976 0.0000000000
137457  44.078  19.961  9.711 0.0000000000
137467  43.885  20.353  9.602 0.0000000000
103564  46.876  22.420  10.020 0.0000000000
102723  46.661  21.828  10.834 0.0000000000
103552  47.226  22.215  11.051 0.0000000000
103539  47.107  22.237  12.153 0.0000000000
103551  47.774  22.856  11.477 0.0000000000
104379  48.605  23.580  11.868 0.0000000000
104397  49.223  24.178  9.563 0.0000000000
104388  49.287  23.906  10.362 0.0000000000
105262  49.865  24.469  10.039 0.0000000000
106184  50.967  25.252  11.164 0.0000000000
105261  50.319  25.030  9.836 0.0000000000
107082  50.222  25.993  9.495 0.0000000000
105274  49.583  24.903  9.541 0.0000000000
105266  46.128  23.904  9.747 0.0000000000
105265  46.724  24.250  9.963 0.0000000000
104401  45.497  23.600  9.664 0.0000000000
103586  43.030  22.191  8.127 0.0000000000
104424  42.827  22.837  8.719 0.0000000000
104416  42.529  23.105  9.475 0.0000000000
104403  42.939  23.254  9.852 0.0000000000
103566  43.227  22.922  10.560 0.0000000000
102727  40.712  21.326  10.678 0.0000000000
97254  41.177  15.415  9.715 0.0000000000
108915  43.257  29.151  13.475 0.0000000000
105131  41.688  24.342  24.813 0.0000000000
105137  41.193  24.215  24.160 0.0000000000
104277  41.240  24.080  23.654 0.0000000000
108002  50.970  27.832  14.927 0.0000000000
108892  51.095  28.188  14.290 0.0000000000
108907  50.687  28.584  13.387 0.0000000000
108920  50.494  28.521  12.164 0.0000000000
108022  50.354  28.037  11.610 0.0000000000
107062  50.146  27.409  11.399 0.0000000000
103495  45.259  22.345  16.478 0.0000000000
102676  45.241  21.660  15.778 0.0000000000
102688  45.830  21.660  14.896 0.0000000000
99307  44.003  17.912  4.749 0.0000000000
100218  44.550  18.734  4.574 0.0000000000
99300  43.847  18.371  5.314 0.0000000000
99301  43.672  18.115  5.992 0.0000000000
100205  43.402  19.155  6.570 0.0000000000
97279  41.905  15.964  7.669 0.0000000000
95257  41.934  14.059  7.906 0.0000000000
103444  37.090  22.234  23.354 0.0000000000
103452  37.417  21.776  22.717 0.0000000000
102622  36.994  21.538  22.842 0.0000000000
107933  52.025  27.090  19.096 0.0000000000
106991  52.623  27.008  18.942 0.0000000000
107004  52.802  26.786  18.360 0.0000000000
107028  53.308  25.985  17.401 0.0000000000
106032  45.699  25.617  24.848 0.0000000000
105141  43.551  24.679  22.640 0.0000000000
105148  43.712  24.437  21.650 0.0000000000
105157  44.141  24.297  20.802 0.0000000000
104294  44.475  23.551  20.101 0.0000000000
104301  44.822  23.220  19.736 0.0000000000
103469  44.534  22.806  19.519 0.0000000000
102654  43.684  21.028  17.815 0.0000000000
103465  38.980  21.985  20.694 0.0000000000
102636  39.667  21.256  20.368 0.0000000000
102643  39.902  20.754  19.924 0.0000000000
97191  41.190  15.849  16.826 0.0000000000
98202  41.658  16.797  17.416 0.0000000000
99212  42.412  17.445  16.601 0.0000000000
99205  42.917  17.879  17.012 0.0000000000
99211  42.748  17.732  16.129 0.0000000000
98254  42.584  16.921  14.059 0.0000000000
98269  42.295  16.499  13.421 0.0000000000
97241  41.962  15.421  12.078 0.0000000000
94166  44.573  12.602  10.462 0.0000000000
109676  47.183  29.101  14.977 0.0000000000
108882  46.641  28.878  15.743 0.0000000000
109677  46.502  29.397  15.017 0.0000000000
110465  45.258  30.264  14.925 0.0000000000
109691  45.797  30.221  14.477 0.0000000000
110487  46.084  30.640  13.161 0.0000000000
110499  45.747  30.429  12.688 0.0000000000
109721  46.278  29.894  12.520 0.0000000000
109705  46.371  29.157  12.923 0.0000000000
106167  47.815  25.979  12.740 0.0000000000
106168  47.243  25.502  13.018 0.0000000000
104370  45.255  23.485  13.257 0.0000000000
104383  44.434  23.068  12.624 0.0000000000
103540  44.134  22.653  11.963 0.0000000000
103554  42.863  22.565  11.324 0.0000000000
106040  48.771  25.604  23.444 0.0000000000
106039  49.800  25.619  23.426 0.0000000000
106052  49.046  25.443  22.519 0.0000000000
106064  49.308  25.279  21.608 0.0000000000
106075  49.580  25.385  20.779 0.0000000000
105177  48.471  24.995  17.613 0.0000000000
105189  48.379  25.177  16.707 0.0000000000
106132  48.977  25.358  16.094 0.0000000000
106131  50.062  25.502  16.376 0.0000000000
106144  49.816  25.413  15.319 0.0000000000
106156  49.497  25.181  14.159 0.0000000000
106166  49.677  25.261  13.024 0.0000000000
100180  45.035  18.789  10.637 0.0000000000
101041  45.571  19.370  11.915 0.0000000000
101048  45.173  19.465  10.987 0.0000000000
101889  45.633  20.067  11.117 0.0000000000
137452  44.291  21.042  7.477 0.0000000000
102725  44.855  21.276  9.883 0.0000000000
103562  48.150  23.186  10.708 0.0000000000
103574  47.452  22.958  9.485 0.0000000000
104399  47.874  23.203  9.570 0.0000000000
104410  48.637  24.161  9.096 0.0000000000
137449  42.517  20.423  8.459 0.0000000000
102736  42.569  21.698  8.471 0.0000000000
102732  42.111  21.471  9.131 0.0000000000
103579  41.710  21.585  9.665 0.0000000000
101066  40.607  19.555  10.010 0.0000000000
106047  53.059  25.703  21.384 0.0000000000
108885  42.177  28.074  15.243 0.0000000000
107041  43.396  26.417  15.654 0.0000000000
107040  44.441  26.368  15.288 0.0000000000
105130  42.486  24.526  24.712 0.0000000000
105135  42.586  24.604  23.772 0.0000000000
105149  43.118  24.245  22.182 0.0000000000
99196  40.666  17.533  18.992 0.0000000000
98188  40.516  16.655  19.179 0.0000000000
97168  41.138  16.457  18.263 0.0000000000
97179  40.937  15.678  17.559 0.0000000000
96163  41.258  15.136  15.698 0.0000000000
96172  41.491  15.047  14.938 0.0000000000
97210  41.615  15.157  14.582 0.0000000000
96182  42.105  14.669  13.813 0.0000000000
108865  47.797  28.393  16.858 0.0000000000
108894  48.589  28.727  14.751 0.0000000000
109688  48.408  29.348  13.952 0.0000000000
109703  48.172  29.913  13.224 0.0000000000
109719  47.881  29.844  12.737 0.0000000000
108922  48.444  28.987  12.457 0.0000000000
108909  48.492  28.470  12.663 0.0000000000
107054  48.317  27.233  12.829 0.0000000000
107065  48.136  26.390  12.587 0.0000000000
105244  47.338  24.797  11.672 0.0000000000
105255  46.881  24.215  11.175 0.0000000000
106087  46.899  25.335  19.830 0.0000000000
106086  47.694  25.398  19.733 0.0000000000
104335  46.246  23.721  16.706 0.0000000000
105202  46.920  24.410  16.333 0.0000000000
105213  47.252  24.357  15.530 0.0000000000
104344  47.355  24.057  14.906 0.0000000000
104356  47.250  23.499  14.177 0.0000000000
101071  45.387  19.290  8.342 0.0000000000
101914  44.616  20.590  7.005 0.0000000000
101087  44.355  19.720  4.930 0.0000000000
101915  44.388  20.470  5.970 0.0000000000
137468  44.328  20.783  6.533 0.0000000000
137460  44.216  20.999  6.886 0.0000000000
137470  43.004  20.451  7.555 0.0000000000
137451  42.701  19.941  7.844 0.0000000000
96235  41.530  14.794  9.248 0.0000000000
95219  41.367  13.616  10.109 0.0000000000
104271  39.177  23.643  24.840 0.0000000000
103441  40.067  23.249  23.385 0.0000000000
103458  38.468  21.821  21.215 0.0000000000
103466  38.683  21.745  20.838 0.0000000000
101817  38.913  20.354  20.394 0.0000000000
101002  39.234  18.978  19.740 0.0000000000
107977  50.360  27.483  16.785 0.0000000000
107960  51.248  27.492  17.457 0.0000000000
107976  51.415  27.596  16.445 0.0000000000
107990  51.587  27.733  15.529 0.0000000000
108000  52.129  27.678  14.322 0.0000000000
108011  52.464  27.042  13.451 0.0000000000
100150  44.596  18.389  14.386 0.0000000000
100149  45.378  19.056  14.730 0.0000000000
100157  44.750  18.416  13.208 0.0000000000
100163  44.686  18.411  12.219 0.0000000000
100170  44.535  18.450  11.261 0.0000000000
99272  43.867  18.117  10.345 0.0000000000
98321  43.748  15.881  7.413 0.0000000000
98320  44.230  16.492  6.867 0.0000000000
100203  45.219  18.289  6.828 0.0000000000
100209  45.607  18.616  5.981 0.0000000000
100221  45.399  18.511  4.516 0.0000000000
99313  44.785  17.915  3.995 0.0000000000
98329  43.657  16.758  4.618 0.0000000000
106029  48.487  25.672  24.311 0.0000000000
106041  47.791  25.543  23.514 0.0000000000
106066  47.220  25.381  21.708 0.0000000000
106056  45.097  25.318  23.042 0.0000000000
106055  46.056  25.520  22.818 0.0000000000
106067  46.259  25.291  21.866 0.0000000000
105154  46.338  25.038  20.021 0.0000000000
104299  46.180  23.822  19.493 0.0000000000
104310  45.579  23.037  18.408 0.0000000000
103474  45.033  22.572  18.927 0.0000000000
102662  44.697  21.535  16.806 0.0000000000
101020  44.864  19.660  15.433 0.0000000000
104284  40.826  23.318  22.530 0.0000000000
104290  40.859  23.229  21.974 0.0000000000
103455  41.019  23.012  21.339 0.0000000000
104289  41.333  23.310  21.684 0.0000000000
100125  40.941  18.345  18.781 0.0000000000
101006  41.228  19.010  18.525 0.0000000000
99201  41.997  17.550  18.056 0.0000000000
101828  41.376  19.822  18.623 0.0000000000
101821  41.834  20.701  18.943 0.0000000000
101820  42.471  20.762  18.587 0.0000000000
102640  42.609  21.450  19.003 0.0000000000
102647  42.856  21.051  18.503 0.0000000000
101825  43.361  20.715  17.833 0.0000000000
101834  43.640  20.581  17.300 0.0000000000
100127  43.343  18.669  16.982 0.0000000000
101008  43.591  19.560  16.929 0.0000000000
101844  43.908  20.210  16.575 0.0000000000
100130  44.199  19.267  15.963 0.0000000000
100138  44.715  18.964  15.520 0.0000000000
99247  43.648  17.696  13.289 0.0000000000
99255  43.523  17.497  12.494 0.0000000000
98267  43.057  17.129  12.726 0.0000000000
98281  42.931  16.961  12.213 0.0000000000
97263  42.872  15.616  9.809 0.0000000000
96191  42.137  14.618  12.833 0.0000000000
96206  42.387  14.539  11.849 0.0000000000
95205  43.239  13.538  11.569 0.0000000000
96205  42.735  14.107  11.396 0.0000000000
96220  42.611  14.738  11.000 0.0000000000
96233  43.120  14.512  9.749 0.0000000000
104264  39.183  23.807  25.983 0.0000000000
104273  37.131  23.216  24.813 0.0000000000
103446  35.150  21.928  23.824 0.0000000000
110467  43.493  30.597  15.082 0.0000000000
110466  44.470  30.309  15.093 0.0000000000
110478  43.362  31.049  13.957 0.0000000000
108898  44.280  28.210  14.249 0.0000000000
107049  44.775  26.722  15.070 0.0000000000
106148  44.748  25.426  15.181 0.0000000000
108923  47.591  29.331  12.688 0.0000000000
108911  47.075  28.648  13.198 0.0000000000
107056  46.909  26.303  13.788 0.0000000000
106160  45.112  24.979  14.830 0.0000000000
104384  43.903  23.032  13.244 0.0000000000
106037  51.665  25.741  23.110 0.0000000000
106060  52.718  25.472  21.000 0.0000000000
106104  49.364  25.273  18.124 0.0000000000
106084  50.866  25.315  19.556 0.0000000000
106073  51.479  25.261  20.431 0.0000000000
106083  51.845  25.136  19.590 0.0000000000
105159  52.723  25.316  19.429 0.0000000000
106114  52.863  25.455  18.254 0.0000000000
106128  52.886  25.642  17.296 0.0000000000
106141  52.651  25.842  16.199 0.0000000000
106142  51.953  25.618  15.869 0.0000000000
106153  52.533  25.796  15.250 0.0000000000
107038  52.882  26.373  15.446 0.0000000000
107045  52.383  26.413  14.294 0.0000000000
107052  52.271  26.686  13.262 0.0000000000
107061  51.964  26.545  12.491 0.0000000000
101866  45.836  20.713  14.349 0.0000000000
102687  46.258  21.404  14.249 0.0000000000
101874  45.921  20.597  13.198 0.0000000000
102697  46.489  21.517  13.568 0.0000000000
103527  47.117  22.804  13.626 0.0000000000
104368  47.720  23.305  13.167 0.0000000000
137459  44.561  19.974  10.496 0.0000000000
102716  45.650  20.874  10.935 0.0000000000
102715  46.391  21.212  11.182 0.0000000000
103538  47.535  22.686  12.694 0.0000000000
105233  47.990  24.060  13.503 0.0000000000
105232  48.693  24.390  13.054 0.0000000000
105231  49.272  24.765  12.658 0.0000000000
106175  49.762  24.987  12.454 0.0000000000
105242  49.696  24.614  11.888 0.0000000000
106174  50.464  25.266  12.245 0.0000000000
107069  51.562  26.573  11.386 0.0000000000
108034  50.988  27.061  10.500 0.0000000000
107077  49.757  26.469  9.937 0.0000000000
105275  48.927  24.898  9.201 0.0000000000
105263  48.483  25.046  9.642 0.0000000000
105253  48.190  24.970  10.300 0.0000000000
104422  44.559  22.875  7.718 0.0000000000
104414  44.373  23.395  8.609 0.0000000000
103587  42.568  22.308  8.691 0.0000000000
104392  45.281  23.574  10.898 0.0000000000
103567  42.496  22.870  10.430 0.0000000000
103569  41.367  21.843  10.350 0.0000000000
103570  40.904  21.742  10.666 0.0000000000
94188  42.156  13.049  7.792 0.0000000000
95297  44.986  13.427  3.592 0.0000000000
97192  40.935  15.586  17.190 0.0000000000
98255  42.196  16.492  13.714 0.0000000000
98313  44.067  16.841  7.492 0.0000000000
99235  44.198  18.053  13.569 0.0000000000
99285  44.290  17.763  8.536 0.0000000000
99286  43.883  17.151  8.316 0.0000000000
99305  45.503  18.159  5.396 0.0000000000
100190  44.061  17.970  9.393 0.0000000000
100210  45.393  18.244  6.264 0.0000000000
100216  45.643  18.625  5.046 0.0000000000
100217  44.850  19.156  4.395 0.0000000000
100222  45.106  18.537  4.131 0.0000000000
101001  39.839  19.148  19.489 0.0000000000
101012  43.969  19.532  16.309 0.0000000000
101049  45.021  20.000  10.862 0.0000000000
101059  40.192  19.788  10.378 0.0000000000
101075  44.729  19.737  8.816 0.0000000000
101090  45.548  18.891  4.761 0.0000000000
101816  39.575  20.454  20.038 0.0000000000
101865  46.214  21.020  13.783 0.0000000000
101873  46.226  21.073  13.405 0.0000000000
101881  46.061  20.355  11.324 0.0000000000
101916  44.057  20.469  5.260 0.0000000000
101921  44.424  20.248  5.283 0.0000000000
101922  44.395  20.153  5.039 0.0000000000
102631  38.172  21.078  21.308 0.0000000000
102637  38.740  21.267  20.810 0.0000000000
102639  43.185  21.661  18.878 0.0000000000
102645  44.047  21.500  18.262 0.0000000000
102652  44.607  21.682  17.433 0.0000000000
103434  38.088  22.861  24.137 0.0000000000
103460  44.305  23.055  19.932 0.0000000000
103468  45.026  22.866  19.366 0.0000000000
103563  47.757  22.832  10.231 0.0000000000
104280  38.576  23.047  24.060 0.0000000000
104357  46.625  23.150  14.444 0.0000000000
104367  48.365  23.738  12.703 0.0000000000
104389  48.612  23.478  10.962 0.0000000000
104390  48.211  23.289  11.545 0.0000000000
104400  46.090  24.016  9.967 0.0000000000
104404  42.369  23.175  9.960 0.0000000000
105152  52.606  25.347  19.926 0.0000000000
105153  52.321  25.222  20.057 0.0000000000
105156  44.903  24.373  20.542 0.0000000000
105160  52.517  25.260  19.676 0.0000000000
105175  52.721  25.277  18.969 0.0000000000
105176  52.530  25.215  19.314 0.0000000000
105200  48.350  25.244  16.176 0.0000000000
105225  45.382  24.602  14.450 0.0000000000
105243  48.949  24.178  12.246 0.0000000000
105251  50.492  24.827  10.521 0.0000000000
105252  49.838  24.411  10.899 0.0000000000
105273  50.038  25.289  9.638 0.0000000000
105277  47.205  23.966  9.229 0.0000000000
106019  48.290  25.792  25.132 0.0000000000
106028  49.443  25.718  24.354 0.0000000000
106048  52.690  25.640  21.790 0.0000000000
106059  53.161  25.679  20.859 0.0000000000
106071  52.855  25.456  20.367 0.0000000000
106072  52.283  25.259  20.281 0.0000000000
106080  53.324  25.795  19.940 0.0000000000
106081  53.035  25.493  19.755 0.0000000000
106082  52.303  25.184  19.631 0.0000000000
106100  52.964  25.459  18.910 0.0000000000
106113  53.229  25.735  18.541 0.0000000000
106127  53.195  25.737  17.889 0.0000000000
106146  48.118  25.140  15.492 0.0000000000
106147  45.115  25.871  15.012 0.0000000000
106185  48.543  25.739  10.580 0.0000000000
106190  51.312  25.893  10.988 0.0000000000
106193  49.191  25.734  9.683 0.0000000000
106197  50.375  25.625  9.674 0.0000000000
106198  49.810  25.650  9.513 0.0000000000
106199  49.364  25.304  9.466 0.0000000000
106975  49.470  25.807  24.911 0.0000000000
106980  53.123  25.878  21.733 0.0000000000
106983  53.321  26.013  21.376 0.0000000000
106986  53.402  26.065  20.543 0.0000000000
106989  53.343  26.220  19.708 0.0000000000
107003  53.254  26.233  18.877 0.0000000000
107005  52.406  27.097  18.629 0.0000000000
107020  53.028  26.567  17.433 0.0000000000
107039  44.914  26.047  15.184 0.0000000000
107060  52.345  26.871  12.846 0.0000000000
107072  48.927  26.561  11.091 0.0000000000
107075  51.215  26.455  10.574 0.0000000000
107076  50.572  26.370  9.888 0.0000000000
107083  50.002  26.196  9.501 0.0000000000
107932  52.607  27.003  19.293 0.0000000000
107958  52.743  27.093  16.753 0.0000000000
107978  49.696  27.594  17.324 0.0000000000
107988  52.850  27.131  14.780 0.0000000000
107993  43.228  27.152  15.372 0.0000000000
108001  51.650  27.873  14.757 0.0000000000
108003  46.145  27.233  14.207 0.0000000000
108020  52.478  26.974  13.043 0.0000000000
108021  52.265  27.331  12.743 0.0000000000
108895  47.860  29.174  14.687 0.0000000000
108929  50.897  28.272  11.688 0.0000000000
109701  50.042  29.169  12.919 0.0000000000
110486  46.943  30.396  13.155 0.0000000000
137455  43.861  20.435  5.533 0.0000000000
137463  43.973  20.631  5.472 0.0000000000
137466  44.166  20.476  10.001 0.0000000000
137469  44.168  20.742  8.762 0.0000000000
