#!ascii label  , from subject 3055 vox2ras=TkReg
1096
78978  19.965  -2.167  -20.827 0.2500000000
78977  20.724  -2.733  -21.355 0.2500000000
77851  20.944  -3.612  -20.996 0.7500000000
82149  18.790  0.919  -20.441 0.2500000000
82126  18.963  0.189  -20.527 0.1250000000
82148  19.095  0.609  -21.206 0.3750000000
81097  19.242  -0.513  -21.044 0.2500000000
78989  21.082  -2.212  -22.080 0.7500000000
76705  21.756  -4.119  -22.091 0.8750000000
77863  21.550  -3.398  -21.975 0.8750000000
76704  22.130  -4.078  -22.613 0.8750000000
81096  19.900  -0.722  -21.599 0.3750000000
80090  20.410  -1.337  -21.887 0.8750000000
78990  20.362  -1.991  -21.513 0.7500000000
79001  22.110  -2.199  -23.143 1.0000000000
79002  21.497  -1.975  -22.744 1.0000000000
76720  22.630  -3.954  -23.059 1.0000000000
78988  21.784  -2.767  -22.638 0.8750000000
76719  23.024  -3.922  -23.431 1.0000000000
81108  19.580  -0.089  -21.677 0.7500000000
81107  20.337  -0.329  -22.277 0.8750000000
80089  20.940  -1.330  -22.571 0.8750000000
79000  22.803  -2.339  -23.653 1.0000000000
80105  21.602  -1.266  -23.168 1.0000000000
77874  24.030  -3.290  -23.497 1.0000000000
77875  23.257  -3.193  -23.507 1.0000000000
76718  23.505  -3.710  -23.432 1.0000000000
77876  22.486  -3.261  -23.095 1.0000000000
83161  18.276  1.470  -20.055 0.1250000000
82163  19.597  0.647  -22.074 0.6250000000
81120  20.753  0.053  -22.981 1.0000000000
81106  21.023  -0.622  -22.880 1.0000000000
79013  23.785  -1.722  -24.196 1.0000000000
79014  23.214  -1.851  -24.013 1.0000000000
80104  22.243  -1.567  -23.687 1.0000000000
80119  21.862  -0.889  -23.750 1.0000000000
78998  24.492  -2.265  -23.904 1.0000000000
78999  23.621  -2.454  -23.788 1.0000000000
80087  26.049  -2.218  -22.820 1.0000000000
77873  24.782  -3.173  -23.418 1.0000000000
87504  18.648  6.024  -22.479 0.2500000000
83185  18.429  1.700  -20.802 0.2500000000
84227  17.600  2.745  -20.555 0.3750000000
83184  19.040  1.579  -21.725 0.5000000000
83203  19.621  1.609  -22.537 1.0000000000
82162  20.224  0.688  -22.750 1.0000000000
81134  21.812  -0.254  -24.085 1.0000000000
82176  21.358  0.330  -23.907 1.0000000000
80115  24.543  -1.258  -24.430 1.0000000000
79012  24.217  -1.573  -24.316 1.0000000000
81133  22.491  -0.161  -24.493 1.0000000000
81130  24.932  -0.505  -24.385 1.0000000000
80102  25.331  -1.679  -23.611 1.0000000000
81118  25.534  -0.551  -23.480 1.0000000000
80101  26.107  -1.409  -22.807 1.0000000000
86468  19.068  4.849  -22.829 0.5000000000
86469  18.262  5.360  -22.279 0.3750000000
86440  17.539  4.923  -21.737 0.3750000000
85297  17.642  3.712  -21.129 0.5000000000
85321  19.077  3.715  -22.617 0.5000000000
84247  19.495  2.780  -22.709 0.8750000000
83218  20.396  1.841  -23.562 1.0000000000
84263  20.534  2.680  -24.022 1.0000000000
82188  23.066  0.553  -25.212 1.0000000000
83235  21.073  1.545  -24.117 1.0000000000
82187  24.660  0.462  -24.986 1.0000000000
81144  23.711  0.138  -25.269 1.0000000000
83217  26.083  0.890  -23.276 1.0000000000
82175  25.770  0.347  -23.326 1.0000000000
81117  26.372  -0.531  -22.799 0.8750000000
87524  19.431  5.634  -22.873 0.5000000000
86439  18.290  4.806  -22.260 0.5000000000
86467  19.553  4.535  -23.262 0.6250000000
85349  20.443  3.581  -24.144 0.6250000000
85335  20.484  3.311  -24.099 1.0000000000
84264  20.074  2.805  -23.354 0.7500000000
84292  22.161  2.317  -25.373 1.0000000000
84276  25.590  2.478  -24.479 1.0000000000
84289  24.700  2.294  -25.180 1.0000000000
83245  24.413  1.366  -25.497 1.0000000000
83247  22.772  1.565  -25.611 1.0000000000
83230  26.101  1.931  -23.832 1.0000000000
83232  25.054  1.241  -24.866 1.0000000000
82198  24.059  0.632  -25.501 1.0000000000
84262  27.175  1.968  -23.225 0.8750000000
83231  25.670  1.311  -23.995 1.0000000000
82173  27.647  0.482  -22.796 0.8750000000
86484  20.004  4.801  -23.762 0.5000000000
86498  20.353  4.000  -24.229 0.8750000000
85374  22.329  3.468  -26.118 1.0000000000
85361  22.390  3.152  -26.019 1.0000000000
84288  24.988  2.944  -25.037 1.0000000000
85359  24.679  3.404  -25.715 1.0000000000
83248  22.292  1.754  -25.252 1.0000000000
86507  26.634  4.966  -24.529 1.0000000000
84261  27.792  2.511  -23.117 1.0000000000
84275  26.585  2.580  -23.529 1.0000000000
86495  26.365  4.305  -24.129 1.0000000000
85344  27.863  3.598  -23.373 1.0000000000
86483  20.690  5.237  -24.323 0.5000000000
86497  20.824  4.609  -24.605 0.8750000000
86510  21.565  4.515  -25.709 1.0000000000
87562  24.360  5.393  -26.796 1.0000000000
86521  23.259  4.271  -26.609 1.0000000000
86522  22.273  4.225  -26.279 1.0000000000
88551  26.756  6.774  -24.792 1.0000000000
87549  26.105  5.746  -24.945 1.0000000000
87538  28.585  5.863  -24.110 1.0000000000
88541  27.319  6.264  -24.426 1.0000000000
87548  26.930  5.778  -24.430 1.0000000000
86493  28.063  4.804  -23.832 1.0000000000
87539  27.725  5.735  -24.314 1.0000000000
85343  29.024  3.691  -23.657 0.8750000000
91466  24.429  9.052  -28.618 1.0000000000
90469  21.787  8.356  -26.302 0.3750000000
90496  23.853  8.346  -28.268 0.8750000000
88577  24.680  6.893  -27.652 1.0000000000
89508  27.834  7.770  -24.718 1.0000000000
89510  26.402  7.566  -25.693 1.0000000000
92423  24.870  10.287  -28.960 0.8750000000
91477  24.824  9.677  -28.639 1.0000000000
91465  25.055  9.188  -28.323 1.0000000000
90495  24.665  8.275  -28.134 1.0000000000
90482  26.035  7.885  -27.170 1.0000000000
89509  27.126  7.697  -25.144 1.0000000000
90466  27.487  8.564  -25.359 1.0000000000
90465  28.506  8.575  -24.834 1.0000000000
92424  24.447  10.471  -28.645 0.7500000000
92408  25.904  10.784  -27.665 1.0000000000
92396  26.620  10.079  -26.993 1.0000000000
92386  28.206  10.228  -25.546 1.0000000000
92387  27.448  10.224  -25.918 1.0000000000
91442  27.236  9.356  -26.037 1.0000000000
93449  25.829  11.156  -28.630 1.0000000000
93430  27.826  10.697  -25.847 1.0000000000
99646  25.130  17.553  -31.869 0.1250000000
100520  25.273  19.222  -32.086 0.1250000000
99645  25.926  17.540  -31.698 0.2500000000
100519  25.591  18.913  -31.916 0.1250000000
100518  26.456  18.714  -31.178 0.3750000000
101359  25.618  19.779  -32.458 0.2500000000
101354  27.094  19.664  -30.804 0.5000000000
102177  27.528  20.640  -30.336 0.3750000000
101358  26.383  19.656  -31.743 0.2500000000
102183  26.142  20.595  -32.079 0.2500000000
103020  25.609  21.526  -32.200 0.2500000000
102182  26.844  20.619  -31.207 0.2500000000
103013  27.009  21.647  -30.480 0.2500000000
103014  26.429  21.602  -31.464 0.2500000000
103008  27.743  21.600  -29.651 0.3750000000
103885  27.254  23.029  -29.781 0.2500000000
78979  19.466  -1.973  -20.152 0.1250000000
80073  19.843  -1.358  -21.230 0.2500000000
81076  18.832  -0.524  -20.192 0.1250000000
77860  25.372  -3.643  -22.801 1.0000000000
85347  21.245  3.909  -25.158 0.8750000000
86518  25.145  4.855  -25.712 1.0000000000
77846  19.818  -3.440  -19.489 0.1250000000
76689  21.518  -4.256  -21.505 0.6250000000
75513  21.740  -5.334  -21.329 0.7500000000
75512  22.719  -5.748  -21.874 1.0000000000
76703  22.829  -4.447  -22.930 1.0000000000
77861  24.588  -3.803  -23.141 1.0000000000
77859  26.404  -3.791  -22.182 1.0000000000
87480  16.713  5.404  -21.088 0.2500000000
86441  16.817  4.398  -20.596 0.2500000000
80100  27.300  -1.602  -22.769 0.8750000000
83215  27.776  1.431  -23.072 0.8750000000
81116  27.488  -0.555  -22.746 0.8750000000
84260  28.886  2.646  -23.456 0.8750000000
90470  21.752  8.291  -25.824 0.1250000000
87551  21.423  5.580  -25.332 0.6250000000
85333  28.521  3.241  -23.388 0.8750000000
90506  22.431  9.176  -27.654 0.5000000000
90483  22.168  8.052  -26.933 0.3750000000
89535  22.667  7.447  -27.268 0.8750000000
89498  28.686  7.565  -24.437 1.0000000000
90453  29.276  8.109  -24.519 1.0000000000
90464  29.522  8.753  -24.948 1.0000000000
93450  25.328  10.601  -28.772 1.0000000000
91440  28.865  9.501  -25.277 1.0000000000
93462  25.602  11.568  -29.149 0.8750000000
95586  27.701  13.625  -27.679 1.0000000000
94549  27.806  11.998  -26.704 1.0000000000
93429  28.315  10.922  -25.809 1.0000000000
99639  25.040  17.510  -30.598 0.1250000000
99654  24.587  16.133  -32.638 0.1250000000
98678  26.501  16.662  -30.824 0.6250000000
99644  26.656  17.779  -30.582 0.6250000000
100513  27.878  19.062  -29.541 0.5000000000
100523  25.220  19.473  -32.502 0.2500000000
102176  28.190  20.590  -29.596 0.5000000000
101363  25.064  19.950  -33.022 0.2500000000
102189  25.459  20.565  -32.779 0.2500000000
103021  25.014  21.771  -32.445 0.1250000000
103892  26.466  22.574  -30.781 0.2500000000
103884  28.315  22.424  -29.247 0.3750000000
106480  28.066  24.427  -29.647 0.2500000000
103893  25.827  22.562  -31.476 0.1250000000
78960  19.935  -2.726  -20.170 0.1250000000
77852  20.371  -2.985  -20.748 0.3750000000
77844  20.742  -3.914  -20.665 0.5000000000
80074  19.284  -1.341  -20.536 0.1250000000
75533  21.835  -4.614  -22.083 0.7500000000
77862  21.955  -3.415  -22.647 0.8750000000
75532  22.299  -5.022  -22.422 1.0000000000
76702  23.784  -4.261  -23.017 1.0000000000
81119  21.324  -0.269  -23.475 1.0000000000
80117  23.097  -1.102  -24.427 1.0000000000
80118  22.289  -1.014  -24.225 1.0000000000
78987  25.276  -2.699  -23.348 1.0000000000
78986  25.933  -2.941  -22.812 1.0000000000
85298  17.055  3.509  -20.421 0.3750000000
84226  18.461  2.726  -21.498 0.5000000000
84225  19.088  2.335  -22.147 0.8750000000
82177  20.717  0.745  -23.578 1.0000000000
82190  21.742  0.665  -24.375 1.0000000000
80116  23.886  -1.030  -24.650 1.0000000000
81131  24.161  -0.240  -25.109 1.0000000000
82174  26.581  0.380  -22.824 1.0000000000
84248  18.879  3.087  -22.230 0.6250000000
85320  19.597  3.874  -23.223 0.6250000000
84278  21.552  2.878  -24.968 1.0000000000
82199  23.435  0.684  -25.397 1.0000000000
82189  22.594  0.827  -24.979 1.0000000000
83234  21.916  1.753  -24.773 1.0000000000
82186  25.290  0.371  -24.248 1.0000000000
83216  26.625  1.402  -23.193 0.8750000000
85348  20.787  3.420  -24.474 1.0000000000
84291  22.507  2.619  -25.873 1.0000000000
85345  26.817  3.627  -23.674 1.0000000000
84277  25.226  1.819  -24.642 1.0000000000
84290  24.092  2.240  -25.884 1.0000000000
85360  24.323  2.786  -25.804 1.0000000000
86520  24.116  4.349  -26.724 1.0000000000
85371  24.429  3.820  -26.405 1.0000000000
85372  23.969  3.233  -26.392 1.0000000000
85358  25.292  3.535  -24.961 1.0000000000
84301  23.471  2.378  -26.120 1.0000000000
86509  25.130  4.163  -25.552 1.0000000000
86494  27.213  4.421  -24.065 1.0000000000
87540  21.214  5.131  -24.934 0.6250000000
87565  21.789  5.412  -26.138 0.7500000000
87563  23.639  5.199  -26.941 1.0000000000
87573  24.026  5.752  -27.293 1.0000000000
87561  24.831  5.496  -26.184 1.0000000000
88566  24.975  6.408  -27.031 1.0000000000
88565  25.346  7.070  -26.567 1.0000000000
88553  25.014  6.104  -26.068 1.0000000000
88540  27.908  6.756  -24.371 1.0000000000
87550  25.396  5.572  -25.618 1.0000000000
90497  22.679  8.598  -27.702 0.7500000000
89534  23.517  7.511  -27.662 1.0000000000
87574  23.438  5.924  -27.299 1.0000000000
89521  25.827  7.542  -26.459 1.0000000000
88579  23.217  6.675  -27.360 1.0000000000
89532  24.933  7.424  -27.642 1.0000000000
90467  26.835  8.229  -25.680 1.0000000000
93463  25.253  10.937  -29.262 0.8750000000
91464  25.646  9.158  -27.549 1.0000000000
91454  26.777  9.107  -26.559 1.0000000000
90481  26.457  8.321  -26.520 1.0000000000
90494  25.342  8.285  -27.567 1.0000000000
93448  26.539  11.271  -27.634 1.0000000000
91455  26.312  9.118  -27.071 1.0000000000
93439  27.507  11.168  -26.583 1.0000000000
94558  27.156  12.461  -27.671 1.0000000000
94559  26.440  11.770  -28.357 1.0000000000
98672  24.546  16.624  -30.746 0.1250000000
99647  24.627  16.432  -32.192 0.1250000000
99640  24.706  16.793  -31.451 0.1250000000
99652  25.241  16.721  -32.169 0.3750000000
101353  27.743  19.725  -29.962 0.5000000000
100514  27.333  18.714  -30.230 0.7500000000
77845  20.344  -3.658  -20.399 0.2500000000
76684  19.779  -4.191  -19.484 0.1250000000
76682  20.910  -4.457  -20.629 0.6250000000
75531  23.226  -5.181  -22.554 1.0000000000
89512  21.306  7.564  -25.789 0.5000000000
87541  21.274  5.698  -24.670 0.6250000000
87564  22.645  5.509  -26.821 0.8750000000
88569  21.397  6.238  -25.868 0.7500000000
87575  22.932  6.152  -27.189 0.8750000000
89511  21.532  7.388  -26.365 0.7500000000
88554  21.117  6.911  -26.038 0.8750000000
88580  22.511  6.589  -27.000 1.0000000000
89533  24.346  7.494  -27.819 1.0000000000
94564  26.653  13.018  -28.604 1.0000000000
94557  27.963  13.022  -27.283 1.0000000000
94547  29.477  12.455  -26.503 1.0000000000
98685  24.691  15.923  -32.828 0.3750000000
98677  26.863  17.168  -30.020 0.7500000000
98683  25.754  16.382  -31.795 0.5000000000
99638  27.360  17.788  -29.816 0.7500000000
104721  28.458  23.377  -29.406 0.2500000000
104711  28.918  22.888  -29.037 0.3750000000
70715  23.240  -9.147  -20.414 0.7500000000
70713  24.907  -9.885  -20.790 0.7500000000
71928  22.247  -9.024  -19.791 0.7500000000
71951  22.532  -8.450  -20.528 0.7500000000
71949  24.639  -9.067  -20.587 0.7500000000
71950  23.711  -8.721  -20.670 0.7500000000
71967  23.201  -8.265  -21.144 0.7500000000
71968  22.835  -7.988  -21.213 0.7500000000
73156  25.139  -8.717  -20.983 0.7500000000
73157  24.536  -8.322  -20.896 0.7500000000
73158  23.834  -8.086  -21.055 0.7500000000
74379  21.907  -6.042  -20.809 0.7500000000
73179  23.408  -7.538  -21.309 0.7500000000
74377  23.150  -6.574  -21.465 0.8750000000
74378  22.363  -6.262  -21.160 0.8750000000
73177  25.404  -7.942  -21.307 0.7500000000
74375  25.052  -6.931  -21.534 0.7500000000
75511  23.682  -5.906  -21.943 0.8750000000
74374  26.090  -7.030  -21.797 0.7500000000
75510  24.658  -6.109  -21.936 0.8750000000
75528  26.475  -6.071  -21.908 0.7500000000
75529  25.296  -5.493  -22.171 0.8750000000
76701  24.863  -4.510  -22.630 0.8750000000
76699  27.075  -4.942  -22.269 0.8750000000
76700  25.883  -4.708  -22.185 0.8750000000
78985  26.867  -2.940  -22.435 0.8750000000
77871  29.234  -4.264  -23.984 0.3750000000
78995  29.304  -3.444  -23.644 0.6250000000
78996  28.481  -2.706  -22.829 0.7500000000
78997  27.481  -2.511  -22.633 0.7500000000
77885  29.508  -4.119  -24.636 0.5000000000
79011  29.223  -2.425  -23.324 0.7500000000
80099  28.461  -1.556  -22.957 0.7500000000
77910  30.060  -3.057  -26.253 0.1250000000
79022  29.934  -2.532  -25.600 0.3750000000
80114  29.457  -1.570  -23.416 0.6250000000
81115  28.654  -0.517  -22.883 0.6250000000
79030  30.980  -2.535  -27.384 0.1250000000
79031  30.418  -2.645  -26.558 0.1250000000
80112  30.662  -0.780  -25.032 0.1250000000
80125  31.090  -0.902  -26.556 0.1250000000
82185  29.743  0.382  -23.555 0.6250000000
82184  30.303  0.976  -23.850 0.6250000000
83214  28.696  1.656  -23.342 0.7500000000
80133  31.186  -1.318  -27.363 0.1250000000
81151  31.096  -0.145  -27.167 0.1250000000
82197  30.570  0.883  -25.725 0.1250000000
82183  30.429  1.410  -24.775 0.5000000000
83229  30.120  1.975  -24.135 0.6250000000
84273  29.522  2.975  -23.654 0.7500000000
80142  31.437  -1.661  -28.217 0.1250000000
83244  30.653  1.912  -25.586 0.5000000000
84286  30.499  2.953  -25.456 0.5000000000
84287  30.148  3.063  -24.888 0.6250000000
93464  24.664  11.026  -29.123 0.6250000000
94576  25.456  12.930  -29.703 0.5000000000
94565  26.066  12.457  -29.122 0.7500000000
85356  30.567  4.001  -25.560 0.6250000000
86490  30.396  5.455  -24.866 0.6250000000
87537  29.555  5.851  -24.218 0.8750000000
86529  30.600  4.564  -27.407 0.5000000000
86517  30.705  4.726  -26.323 0.6250000000
87560  30.712  5.722  -26.028 0.6250000000
88549  30.357  6.611  -24.966 0.7500000000
94575  26.053  12.944  -29.710 0.7500000000
88538  29.819  6.613  -24.507 0.8750000000
91439  29.912  9.723  -25.296 0.8750000000
92395  30.483  10.545  -25.837 0.8750000000
89507  30.486  7.395  -25.277 0.7500000000
90463  30.376  8.449  -25.423 0.8750000000
91453  30.681  9.494  -25.863 0.8750000000
91452  31.276  10.004  -26.478 0.8750000000
92394  30.974  10.976  -26.418 0.8750000000
86538  30.448  4.576  -28.521 0.3750000000
87572  30.753  5.599  -27.051 0.5000000000
87582  30.721  5.554  -28.154 0.5000000000
89520  30.745  7.566  -26.154 0.6250000000
86546  30.074  4.686  -29.540 0.2500000000
88586  30.860  6.562  -27.734 0.5000000000
95604  26.027  13.607  -30.101 0.6250000000
96607  26.677  14.619  -29.863 0.7500000000
95595  26.530  13.573  -29.191 0.7500000000
95594  27.143  13.561  -28.483 0.8750000000
93438  28.349  11.664  -26.147 0.8750000000
94546  30.430  12.700  -26.681 0.7500000000
93435  31.125  11.796  -26.635 0.8750000000
90492  31.081  8.328  -27.401 0.6250000000
90479  30.928  8.723  -26.686 0.7500000000
87591  30.450  5.563  -29.216 0.3750000000
88594  30.897  6.675  -28.945 0.5000000000
91476  31.631  9.919  -28.489 0.7500000000
87599  29.977  5.553  -30.080 0.2500000000
95616  25.666  14.257  -30.412 0.6250000000
96600  27.024  14.106  -29.052 0.8750000000
96592  28.189  14.152  -27.662 0.8750000000
95585  28.645  13.491  -27.154 0.8750000000
96591  28.832  14.680  -27.525 0.7500000000
95570  30.078  13.367  -26.803 0.8750000000
93461  32.232  11.775  -28.203 0.7500000000
90505  31.513  9.055  -28.937 0.5000000000
89564  30.569  7.418  -31.095 0.2500000000
89556  31.136  7.716  -30.052 0.5000000000
89549  31.342  7.604  -29.057 0.5000000000
96612  25.796  14.820  -31.026 0.5000000000
97587  26.223  15.604  -30.996 0.5000000000
97582  26.651  15.758  -29.921 0.6250000000
97581  27.401  15.968  -29.155 0.7500000000
97574  29.015  15.733  -27.930 0.7500000000
98664  28.848  16.648  -28.320 0.7500000000
97573  29.669  15.938  -27.631 0.7500000000
97565  31.167  15.552  -27.660 0.7500000000
97567  29.517  15.354  -27.438 0.7500000000
98663  29.557  16.481  -28.002 0.7500000000
96589  30.825  14.714  -27.513 0.7500000000
94554  31.950  13.551  -28.068 0.7500000000
95581  31.924  14.383  -28.055 0.7500000000
92442  32.076  10.970  -30.257 0.5000000000
93484  32.223  11.646  -30.570 0.3750000000
93460  32.451  12.207  -28.994 0.6250000000
90528  30.786  8.508  -31.944 0.2500000000
90527  31.102  8.979  -31.431 0.3750000000
91502  31.373  9.899  -31.527 0.3750000000
98670  27.271  17.033  -29.312 0.6250000000
99631  29.691  17.401  -28.237 0.7500000000
99622  30.435  17.097  -27.864 0.7500000000
98655  31.639  16.298  -27.706 0.7500000000
96605  32.448  14.780  -29.052 0.6250000000
93504  31.757  11.918  -32.004 0.3750000000
95615  32.173  13.272  -30.664 0.3750000000
89581  30.184  8.121  -33.050 0.1250000000
91522  30.336  10.099  -33.707 0.1250000000
91521  30.955  10.560  -33.290 0.2500000000
99633  27.725  17.806  -28.937 0.6250000000
99632  28.589  17.683  -28.476 0.7500000000
99621  31.315  17.164  -27.741 0.7500000000
95614  32.348  13.741  -30.388 0.3750000000
97572  32.455  15.558  -28.647 0.3750000000
96587  32.041  14.990  -27.954 0.7500000000
93513  30.921  12.604  -33.433 0.2500000000
94608  31.826  12.810  -31.817 0.3750000000
95603  32.397  13.912  -29.411 0.6250000000
90545  29.530  9.732  -35.191 0.1250000000
90554  29.665  10.423  -35.052 0.1250000000
89583  29.304  8.331  -34.558 0.1250000000
100508  27.706  18.427  -29.455 0.6250000000
100507  28.370  18.703  -28.937 0.6250000000
100505  30.342  18.398  -28.208 0.3750000000
100506  29.345  18.534  -28.478 0.3750000000
99629  31.883  17.706  -28.050 0.3750000000
97603  31.979  15.319  -32.446 0.2500000000
96611  32.398  14.733  -29.911 0.3750000000
98654  32.300  16.219  -28.113 0.3750000000
137313  29.822  12.414  -35.104 0.1250000000
94619  31.354  12.945  -33.150 0.3750000000
95638  32.107  13.760  -31.717 0.3750000000
88644  28.506  9.279  -36.837 0.1250000000
92470  30.179  11.814  -34.604 0.1250000000
103000  29.306  21.362  -28.669 0.3750000000
101347  28.440  19.676  -29.372 0.3750000000
101346  29.132  19.552  -28.789 0.3750000000
101344  30.914  19.456  -28.406 0.3750000000
101345  29.937  19.488  -28.278 0.3750000000
99637  32.897  17.773  -29.522 0.3750000000
100503  32.373  18.448  -28.638 0.3750000000
100504  31.403  18.462  -28.229 0.3750000000
98676  32.822  16.445  -30.863 0.3750000000
97586  32.659  15.597  -30.358 0.3750000000
99628  32.451  17.277  -28.422 0.3750000000
100562  29.228  15.195  -36.221 0.1250000000
93521  30.494  13.761  -34.318 0.1250000000
97625  30.830  14.685  -33.778 0.2500000000
137324  28.640  11.914  -36.514 0.1250000000
102998  30.903  21.208  -28.767 0.2500000000
102165  31.938  20.321  -28.784 0.2500000000
102166  31.364  20.418  -28.675 0.3750000000
102167  30.471  20.402  -28.471 0.3750000000
99650  33.398  17.983  -31.106 0.1250000000
101352  32.642  19.403  -28.988 0.3750000000
101343  31.950  19.598  -28.544 0.3750000000
98688  32.299  16.277  -32.554 0.1250000000
99643  33.035  17.342  -30.518 0.2500000000
100561  29.452  16.398  -35.971 0.1250000000
98689  31.967  15.738  -33.019 0.1250000000
103876  29.092  22.188  -28.948 0.3750000000
102999  30.130  21.330  -28.558 0.3750000000
102997  31.489  21.100  -28.989 0.2500000000
100517  33.543  18.764  -30.816 0.1250000000
102173  33.075  20.537  -29.731 0.1250000000
99657  33.152  17.998  -31.841 0.1250000000
101357  33.463  19.601  -30.472 0.1250000000
101410  28.840  16.545  -36.949 0.1250000000
100544  31.774  18.304  -34.360 0.1250000000
103012  32.951  21.864  -30.499 0.1250000000
100533  32.872  18.741  -33.695 0.1250000000
102188  33.428  20.412  -31.037 0.1250000000
102223  29.574  18.970  -37.319 0.1250000000
101409  29.019  18.331  -37.547 0.1250000000
75530  24.240  -5.165  -22.266 0.8750000000
77858  27.491  -4.035  -22.404 0.6250000000
85370  30.888  3.556  -26.705 0.6250000000
89540  31.448  8.197  -28.543 0.5000000000
88601  30.469  6.497  -30.085 0.3750000000
96606  27.213  15.204  -29.462 0.8750000000
96599  27.744  14.671  -28.591 0.8750000000
96590  29.941  14.673  -27.197 0.7500000000
95583  30.636  13.685  -27.073 0.7500000000
94556  30.969  12.981  -26.985 0.7500000000
90513  31.461  9.090  -29.836 0.5000000000
91495  31.576  9.935  -30.510 0.5000000000
92433  32.065  10.707  -29.103 0.7500000000
90519  31.290  8.889  -30.629 0.5000000000
99692  29.539  15.541  -35.608 0.1250000000
101351  33.194  19.715  -29.574 0.2500000000
101362  33.531  19.604  -31.419 0.1250000000
101394  31.128  18.534  -35.401 0.1250000000
81128  30.130  -0.180  -24.197 0.5000000000
81129  29.638  -0.481  -23.466 0.6250000000
82172  28.806  0.574  -23.201 0.7500000000
84299  31.097  2.871  -27.262 0.3750000000
85391  30.322  3.771  -29.018 0.2500000000
91463  31.501  10.006  -27.486 0.7500000000
99673  31.176  16.488  -34.201 0.1250000000
84328  29.833  3.543  -30.968 0.1250000000
69569  23.607  -10.411  -19.708 0.7500000000
69570  22.661  -10.188  -19.294 0.7500000000
69587  24.688  -10.487  -20.411 0.7500000000
70714  23.931  -9.717  -20.269 0.7500000000
70712  25.509  -9.816  -21.201 0.7500000000
74360  21.920  -6.713  -20.713 0.6250000000
73180  22.591  -7.303  -21.019 0.7500000000
71966  25.729  -9.058  -21.548 0.6250000000
73176  26.445  -8.217  -22.099 0.7500000000
73194  26.799  -7.463  -22.243 0.6250000000
76698  28.207  -5.040  -23.047 0.5000000000
76717  28.801  -5.026  -23.664 0.3750000000
76732  29.661  -4.875  -25.329 0.1250000000
77897  29.883  -3.896  -25.869 0.1250000000
77909  30.460  -3.370  -26.672 0.1250000000
79029  31.762  -2.770  -27.483 0.1250000000
79051  31.941  -2.423  -28.515 0.1250000000
81160  31.445  -0.490  -28.170 0.1250000000
94566  25.308  12.033  -29.299 0.3750000000
82224  31.327  0.370  -29.219 0.1250000000
82214  31.106  0.644  -28.295 0.1250000000
83267  30.540  1.890  -28.409 0.1250000000
85381  30.842  3.097  -27.614 0.2500000000
85382  30.479  3.528  -27.832 0.2500000000
88611  29.734  5.104  -32.123 0.1250000000
86554  29.712  4.820  -30.589 0.2500000000
88619  29.528  6.102  -33.072 0.1250000000
88629  29.014  7.401  -34.763 0.1250000000
88638  28.811  7.851  -35.752 0.1250000000
97592  25.486  15.678  -31.803 0.3750000000
88643  28.947  8.508  -36.678 0.1250000000
90560  29.538  11.064  -37.121 0.1250000000
89596  29.467  9.441  -36.664 0.1250000000
100571  29.301  13.312  -36.770 0.1250000000
99706  29.672  15.485  -37.090 0.1250000000
101364  24.698  20.046  -32.479 0.1250000000
104719  30.316  23.394  -29.377 0.2500000000
104718  31.182  23.271  -29.651 0.1250000000
104728  31.412  23.772  -30.374 0.1250000000
101368  33.538  19.636  -32.444 0.1250000000
103890  33.359  21.874  -31.049 0.1250000000
101385  31.911  19.101  -34.753 0.1250000000
101416  28.962  17.504  -38.179 0.1250000000
101403  31.085  19.794  -36.150 0.1250000000
80086  26.755  -2.107  -22.689 0.7500000000
86491  30.094  5.066  -24.526 0.7500000000
85342  29.768  4.077  -24.404 0.7500000000
91479  24.111  10.064  -28.412 0.3750000000
93427  29.782  11.150  -25.891 0.8750000000
82171  29.479  1.070  -23.465 0.6250000000
89497  29.514  7.386  -24.470 0.8750000000
95572  29.012  12.920  -26.714 0.8750000000
93436  30.230  11.607  -26.331 0.8750000000
102169  28.886  20.505  -29.007 0.3750000000
103007  28.563  21.436  -29.126 0.3750000000
105609  28.916  24.051  -29.565 0.1250000000
104710  29.580  22.855  -28.890 0.2500000000
70699  23.005  -9.495  -19.840 0.7500000000
70698  23.523  -9.860  -19.922 0.7500000000
71948  25.210  -9.314  -20.986 0.7500000000
71952  21.717  -7.818  -20.101 0.7500000000
73159  22.008  -7.492  -20.562 0.7500000000
73178  24.377  -7.573  -21.240 0.7500000000
74361  21.332  -6.029  -20.354 0.6250000000
74376  24.046  -6.800  -21.657 0.8750000000
75509  25.630  -6.327  -21.770 0.7500000000
75527  27.700  -6.064  -22.609 0.6250000000
78984  27.964  -3.397  -22.545 0.7500000000
76716  28.816  -5.011  -24.388 0.2500000000
77872  28.767  -4.183  -23.286 0.5000000000
77857  28.166  -4.170  -22.767 0.6250000000
79010  29.697  -2.805  -24.390 0.5000000000
79021  30.376  -2.126  -26.058 0.2500000000
80113  30.095  -1.462  -24.439 0.3750000000
79042  31.643  -2.371  -28.130 0.1250000000
80134  30.775  -1.851  -26.661 0.1250000000
81127  30.268  0.339  -24.980 0.5000000000
81142  30.707  -0.235  -25.983 0.1250000000
81141  30.935  -0.350  -26.558 0.1250000000
82206  30.853  0.472  -26.541 0.1250000000
83257  30.926  1.463  -26.475 0.1250000000
83228  30.382  2.346  -24.790 0.6250000000
83256  31.014  2.072  -27.316 0.1250000000
86505  30.347  4.314  -24.844 0.6250000000
86504  30.598  5.007  -25.269 0.6250000000
88576  30.821  6.600  -26.654 0.6250000000
90478  31.331  9.406  -27.075 0.7500000000
92422  31.941  10.903  -28.037 0.7500000000
89541  31.094  7.436  -28.243 0.5000000000
94545  31.243  12.513  -26.894 0.7500000000
95584  29.613  13.832  -27.085 0.7500000000
92421  32.277  11.372  -28.767 0.6250000000
93446  32.120  12.611  -28.093 0.7500000000
89548  31.449  8.323  -29.414 0.5000000000
89572  30.196  7.437  -32.336 0.1250000000
88618  29.744  6.326  -32.267 0.1250000000
88610  30.009  6.148  -31.204 0.2500000000
137260  29.243  5.204  -32.979 0.1250000000
98665  27.963  16.833  -28.711 0.7500000000
98656  30.830  16.358  -27.606 0.7500000000
94574  32.475  12.999  -29.683 0.6250000000
92453  31.600  11.030  -32.263 0.3750000000
93494  32.165  12.360  -30.936 0.3750000000
90536  30.413  8.734  -32.866 0.1250000000
91513  30.815  9.571  -32.733 0.3750000000
100499  30.859  17.793  -27.918 0.3750000000
92460  31.159  11.372  -33.067 0.3750000000
90543  30.172  8.769  -33.509 0.1250000000
92462  30.200  11.158  -34.218 0.1250000000
95637  32.337  14.318  -31.602 0.3750000000
98662  32.660  16.495  -28.968 0.3750000000
92469  30.137  12.832  -34.757 0.2500000000
90555  29.072  11.655  -35.755 0.1250000000
89598  28.524  10.730  -36.744 0.1250000000
89591  29.003  9.204  -35.604 0.1250000000
91523  29.843  10.990  -34.686 0.1250000000
96642  31.356  14.372  -32.862 0.2500000000
100572  29.311  13.582  -36.033 0.1250000000
100563  29.727  14.068  -35.242 0.1250000000
102168  29.608  20.454  -28.492 0.3750000000
99636  33.176  18.189  -29.909 0.3750000000
98669  32.769  16.545  -29.953 0.3750000000
137321  30.227  14.404  -34.701 0.1250000000
98709  30.962  15.513  -33.935 0.1250000000
137316  29.191  11.708  -37.266 0.1250000000
103874  30.658  22.272  -28.879 0.2500000000
104709  30.104  22.716  -28.847 0.2500000000
103006  32.081  21.487  -29.203 0.2500000000
99662  32.202  17.191  -33.068 0.1250000000
101395  30.421  17.638  -35.570 0.1250000000
99683  30.617  16.721  -34.714 0.1250000000
101404  29.814  17.986  -36.338 0.1250000000
103882  31.549  22.495  -29.334 0.1250000000
103005  32.823  21.254  -29.853 0.1250000000
103011  33.269  21.135  -30.580 0.1250000000
100528  32.567  18.016  -33.070 0.1250000000
100535  31.604  17.501  -34.118 0.1250000000
104735  31.822  23.737  -30.974 0.1250000000
104717  31.856  23.151  -29.869 0.1250000000
69550  23.043  -10.835  -18.944 0.7500000000
69588  24.137  -10.343  -20.106 0.7500000000
69568  24.327  -10.699  -19.985 0.7500000000
70700  22.057  -9.562  -19.296 0.7500000000
73160  21.463  -7.047  -20.247 0.5000000000
74392  27.246  -6.968  -22.390 0.6250000000
82205  31.102  1.061  -27.367 0.1250000000
88628  29.051  6.891  -33.880 0.1250000000
137323  29.526  14.294  -36.870 0.1250000000
69571  22.143  -10.110  -18.998 0.7500000000
71929  21.488  -8.557  -19.424 0.5000000000
67502  23.774  -11.731  -19.180 0.6250000000
68510  24.325  -11.235  -19.579 0.6250000000
69567  25.699  -11.072  -20.653 0.3750000000
68523  25.095  -10.882  -20.462 0.6250000000
69585  26.504  -10.411  -21.202 0.2500000000
69600  26.122  -10.431  -21.424 0.3750000000
75545  28.904  -5.555  -23.820 0.3750000000
94588  25.284  13.240  -29.881 0.3750000000
96613  25.325  14.695  -30.765 0.2500000000
98684  25.213  16.112  -32.563 0.2500000000
68511  23.602  -11.180  -19.254 0.6250000000
71965  26.654  -9.189  -21.983 0.5000000000
73193  27.242  -8.008  -23.085 0.3750000000
68508  26.190  -11.142  -19.708 0.5000000000
68509  25.308  -11.247  -20.162 0.6250000000
67469  23.813  -12.777  -17.974 0.6250000000
70684  21.492  -9.315  -18.842 0.3750000000
67487  23.613  -12.224  -18.647 0.6250000000
68490  23.267  -11.561  -18.770 0.6250000000
69551  22.299  -10.572  -18.758 0.6250000000
68473  25.750  -11.772  -18.329 0.3750000000
67485  25.197  -12.229  -18.334 0.5000000000
71930  20.874  -7.751  -19.090 0.2500000000
68487  26.278  -11.442  -18.812 0.3750000000
70711  26.972  -9.818  -21.538 0.2500000000
69565  27.269  -10.480  -20.200 0.2500000000
75499  21.174  -5.269  -20.508 0.3750000000
71947  26.973  -9.444  -21.906 0.2500000000
73192  28.193  -7.873  -23.364 0.2500000000
74391  28.142  -7.076  -22.895 0.2500000000
75526  28.752  -6.202  -23.358 0.2500000000
87453  15.539  5.006  -20.132 0.1250000000
87523  19.995  5.757  -23.439 0.2500000000
75554  29.466  -5.517  -25.007 0.2500000000
88556  20.990  6.815  -24.876 0.3750000000
87522  20.767  5.846  -24.100 0.2500000000
91467  23.562  9.527  -28.366 0.2500000000
96624  24.938  15.149  -31.344 0.2500000000
88493  17.491  6.483  -21.355 0.1250000000
85269  16.245  3.641  -20.161 0.2500000000
87552  21.330  6.213  -25.033 0.3750000000
68524  24.730  -11.000  -20.195 0.6250000000
69586  25.589  -10.665  -20.984 0.5000000000
70728  26.102  -9.943  -21.469 0.5000000000
75544  29.143  -6.103  -24.294 0.2500000000
73142  21.225  -7.447  -19.624 0.3750000000
74353  21.030  -6.553  -19.717 0.3750000000
67501  24.164  -11.989  -19.229 0.6250000000
68489  24.717  -11.685  -19.343 0.5000000000
69566  26.136  -11.113  -20.669 0.2500000000
70727  26.608  -9.851  -21.577 0.3750000000
73175  26.997  -8.598  -22.466 0.3750000000
68488  25.370  -11.614  -19.045 0.5000000000
71914  21.197  -8.925  -18.696 0.3750000000
67486  24.506  -12.306  -18.706 0.5000000000
71964  27.505  -8.921  -22.453 0.2500000000
85233  15.677  4.118  -19.257 0.1250000000
67471  21.786  -12.706  -17.442 0.5000000000
67468  24.647  -12.750  -17.685 0.2500000000
66437  23.928  -13.048  -17.373 0.3750000000
67470  22.908  -12.706  -17.916 0.5000000000
67455  21.414  -12.938  -17.039 0.3750000000
67472  21.093  -11.939  -17.263 0.5000000000
68474  22.363  -12.067  -17.980 0.5000000000
68492  21.828  -10.887  -18.406 0.3750000000
68491  22.482  -11.360  -18.430 0.5000000000
66401  20.523  -13.311  -15.817 0.1250000000
66423  21.077  -13.303  -16.413 0.3750000000
69536  21.362  -10.647  -18.035 0.2500000000
63086  20.589  -15.473  -15.225 0.1250000000
65340  21.931  -13.958  -16.589 0.3750000000
66419  24.184  -13.494  -16.662 0.2500000000
65338  23.347  -14.280  -16.553 0.3750000000
65353  22.776  -13.939  -17.271 0.5000000000
65321  19.918  -14.174  -15.207 0.1250000000
66400  21.301  -13.817  -16.231 0.3750000000
65339  22.586  -14.258  -16.738 0.3750000000
67439  20.404  -12.330  -15.947 0.1250000000
69525  20.631  -10.277  -16.772 0.1250000000
84320  30.022  3.146  -29.498 0.1250000000
69552  21.627  -10.107  -18.629 0.3750000000
67488  22.928  -12.009  -18.352 0.5000000000
69553  21.224  -10.098  -18.158 0.2500000000
70685  20.980  -9.512  -18.322 0.2500000000
67454  25.186  -12.875  -16.970 0.2500000000
66440  22.002  -13.329  -17.258 0.5000000000
66439  22.504  -13.389  -17.454 0.5000000000
66438  23.340  -13.551  -17.448 0.3750000000
66420  23.473  -13.923  -16.997 0.3750000000
66422  21.583  -13.324  -16.854 0.3750000000
67456  20.997  -12.696  -16.697 0.2500000000
68476  21.002  -11.020  -17.371 0.1250000000
68475  21.666  -11.542  -17.875 0.5000000000
65320  20.917  -14.314  -15.617 0.1250000000
66402  19.826  -13.358  -15.313 0.1250000000
67440  19.786  -12.551  -15.303 0.1250000000
64263  19.956  -14.847  -15.122 0.1250000000
64262  20.433  -14.907  -15.319 0.1250000000
65319  21.829  -14.569  -16.087 0.3750000000
65337  23.927  -14.212  -16.123 0.2500000000
68458  20.506  -11.507  -16.513 0.1250000000
64259  22.809  -14.965  -15.554 0.2500000000
64261  21.249  -15.202  -15.420 0.1250000000
65318  22.705  -14.700  -16.061 0.2500000000
64260  22.214  -15.058  -15.483 0.1250000000
74354  20.281  -6.061  -19.434 0.1250000000
93465  24.150  11.086  -28.644 0.1250000000
92425  23.784  10.514  -28.348 0.1250000000
94567  24.840  11.767  -29.332 0.1250000000
93451  23.460  11.458  -28.119 0.1250000000
94568  24.191  11.977  -28.900 0.1250000000
95606  24.637  13.714  -29.692 0.1250000000
94578  24.671  12.293  -29.317 0.1250000000
94560  23.582  12.479  -27.962 0.1250000000
95607  24.473  12.934  -29.201 0.1250000000
97588  24.642  15.520  -31.451 0.1250000000
92411  22.982  10.535  -27.890 0.1250000000
95598  24.092  13.079  -28.412 0.1250000000
95597  24.356  14.064  -28.862 0.1250000000
95589  24.298  13.852  -27.828 0.1250000000
91469  21.840  9.595  -27.266 0.1250000000
71915  20.672  -8.415  -18.377 0.1250000000
74347  20.227  -6.467  -18.863 0.1250000000
88542  21.093  6.745  -24.589 0.1250000000
92413  21.504  10.193  -26.731 0.1250000000
92398  21.778  10.898  -26.429 0.1250000000
93452  22.646  11.476  -27.372 0.1250000000
94551  22.425  12.507  -26.652 0.1250000000
95576  23.491  13.699  -26.633 0.1250000000
95588  25.018  14.422  -27.907 0.1250000000
96602  24.778  14.961  -29.047 0.1250000000
90498  22.101  9.095  -27.423 0.1250000000
76683  20.124  -4.309  -19.911 0.1250000000
95618  24.782  13.535  -30.029 0.1250000000
96614  24.869  14.548  -30.462 0.1250000000
73143  20.712  -6.924  -19.214 0.1250000000
73133  20.625  -7.254  -18.592 0.1250000000
75500  20.541  -5.288  -19.799 0.1250000000
74362  20.756  -5.999  -19.841 0.1250000000
74348  19.978  -5.922  -18.560 0.1250000000
94561  23.034  12.176  -27.459 0.1250000000
94550  23.168  12.954  -27.056 0.1250000000
95590  23.821  13.294  -27.463 0.1250000000
95578  21.768  13.229  -26.057 0.1250000000
95587  25.090  14.822  -27.529 0.1250000000
68472  26.433  -11.641  -17.974 0.1250000000
68486  27.038  -11.344  -18.501 0.1250000000
68507  26.912  -11.178  -19.277 0.1250000000
70710  27.545  -9.435  -21.291 0.1250000000
70726  28.011  -9.178  -22.018 0.1250000000
71981  28.108  -8.483  -23.076 0.1250000000
73155  29.551  -7.864  -21.504 0.1250000000
73173  29.023  -7.717  -22.332 0.1250000000
73174  28.486  -8.105  -22.952 0.1250000000
74372  29.453  -6.966  -22.641 0.1250000000
74390  28.906  -6.833  -23.392 0.1250000000
74389  29.811  -6.302  -23.317 0.1250000000
66399  24.347  -14.042  -16.078 0.1250000000
65317  23.403  -14.691  -15.691 0.1250000000
66398  24.894  -13.904  -15.881 0.1250000000
66418  25.421  -13.288  -16.274 0.1250000000
67453  26.035  -12.616  -16.685 0.1250000000
68471  27.378  -11.359  -17.583 0.1250000000
67466  26.666  -12.062  -17.191 0.1250000000
69549  27.443  -10.755  -18.867 0.1250000000
69548  28.382  -10.126  -19.003 0.1250000000
70709  28.368  -9.166  -20.812 0.1250000000
71945  28.703  -8.651  -21.261 0.1250000000
71944  29.474  -8.322  -20.901 0.1250000000
74371  30.389  -6.626  -22.210 0.1250000000
75553  29.550  -5.905  -25.076 0.1250000000
76714  30.670  -4.962  -24.382 0.1250000000
75524  30.476  -5.682  -23.356 0.1250000000
67467  25.700  -12.287  -17.602 0.1250000000
75525  29.087  -6.471  -23.781 0.1250000000
69564  28.178  -10.007  -19.912 0.1250000000
73191  28.619  -7.541  -23.012 0.1250000000
65316  24.345  -14.460  -15.560 0.1250000000
70697  28.079  -9.767  -20.447 0.1250000000
71963  28.424  -8.616  -22.247 0.1250000000
71962  29.015  -8.212  -21.633 0.1250000000
73172  29.898  -7.279  -21.773 0.1250000000
75543  29.847  -5.770  -24.231 0.1250000000
74388  30.865  -5.886  -22.568 0.1250000000
65299  24.648  -14.856  -14.727 0.1250000000
69534  27.916  -10.686  -18.086 0.1250000000
76697  31.088  -5.061  -23.651 0.1250000000
65352  23.124  -14.148  -17.142 0.5000000000
66421  22.250  -13.723  -17.043 0.5000000000
69584  27.063  -10.081  -21.104 0.2500000000
69599  26.330  -10.220  -21.441 0.3750000000
70725  28.231  -9.053  -21.563 0.1250000000
71946  27.158  -9.360  -21.815 0.1250000000
71982  27.781  -8.407  -23.216 0.1250000000
74355  19.921  -5.990  -19.028 0.1250000000
74373  28.978  -7.280  -22.896 0.1250000000
74393  26.663  -6.884  -22.082 0.6250000000
74402  29.418  -6.088  -23.954 0.1250000000
74403  29.202  -6.295  -23.789 0.1250000000
75501  19.955  -4.665  -19.453 0.1250000000
75508  26.090  -6.465  -21.761 0.7500000000
75542  30.655  -5.309  -23.704 0.1250000000
76696  31.701  -4.827  -23.572 0.1250000000
76715  30.162  -5.680  -25.010 0.1250000000
79032  30.134  -2.621  -26.149 0.1250000000
80088  25.595  -2.371  -23.108 1.0000000000
80103  22.707  -1.612  -24.054 1.0000000000
80126  30.860  -1.310  -25.875 0.1250000000
80127  30.399  -1.662  -25.392 0.2500000000
80151  31.877  -2.030  -28.800 0.1250000000
81132  23.310  -0.080  -25.006 1.0000000000
81143  23.879  0.288  -25.375 1.0000000000
81152  30.853  -0.085  -26.564 0.1250000000
82191  21.217  0.810  -23.988 1.0000000000
82200  22.962  0.889  -25.318 1.0000000000
83202  20.194  1.375  -23.098 1.0000000000
83213  29.539  1.776  -23.665 0.6250000000
83219  20.037  2.082  -22.985 1.0000000000
83233  22.392  1.464  -25.155 1.0000000000
83246  23.597  1.558  -25.812 1.0000000000
83258  23.301  1.973  -26.061 1.0000000000
83259  23.152  1.803  -25.952 1.0000000000
84228  16.764  3.006  -20.214 0.3750000000
84259  29.652  2.368  -23.880 0.7500000000
84271  30.209  2.823  -24.853 0.6250000000
84272  29.837  2.966  -24.360 0.7500000000
84274  27.241  3.086  -23.352 1.0000000000
84279  21.156  2.446  -24.465 1.0000000000
84300  30.987  2.467  -26.444 0.5000000000
84302  22.975  2.195  -26.122 1.0000000000
84310  30.686  2.710  -27.838 0.2500000000
84311  30.400  2.918  -28.603 0.2500000000
85215  15.835  4.079  -19.004 0.1250000000
85232  15.861  3.478  -19.000 0.1250000000
85255  15.868  3.381  -19.592 0.1250000000
85256  15.636  3.942  -19.564 0.1250000000
85270  15.680  3.869  -20.000 0.2500000000
85296  18.401  3.978  -22.069 0.5000000000
85334  28.274  3.008  -23.226 0.8750000000
85336  20.196  3.582  -23.830 0.6250000000
85346  25.917  3.562  -24.137 1.0000000000
85357  30.218  3.544  -24.883 0.6250000000
85362  21.932  3.364  -25.754 1.0000000000
85369  30.918  3.289  -27.384 0.3750000000
85373  22.882  3.177  -26.253 1.0000000000
85401  29.845  3.962  -29.892 0.2500000000
86368  15.668  4.612  -19.290 0.1250000000
86382  15.552  4.624  -19.581 0.1250000000
86405  15.537  4.514  -20.023 0.1250000000
86419  16.302  4.218  -20.317 0.2500000000
86420  15.951  4.364  -20.282 0.1250000000
86442  16.311  4.481  -20.404 0.2500000000
86485  19.613  5.308  -23.234 0.5000000000
86492  29.228  4.948  -24.063 0.7500000000
86496  21.274  4.736  -25.130 0.8750000000
86506  27.342  5.109  -24.286 1.0000000000
86508  25.683  4.609  -24.898 1.0000000000
86519  24.684  4.487  -26.199 1.0000000000
87432  15.440  5.074  -19.928 0.1250000000
87465  16.282  5.467  -20.622 0.2500000000
87466  15.780  5.125  -20.368 0.1250000000
87467  15.495  5.437  -20.112 0.1250000000
87479  17.283  5.808  -21.474 0.3750000000
87481  16.267  4.876  -20.588 0.1250000000
87505  17.887  5.901  -21.871 0.3750000000
87536  30.140  5.899  -24.687 0.8750000000
87547  30.475  5.873  -25.245 0.6250000000
88477  16.513  6.096  -20.744 0.2500000000
88478  16.053  5.873  -20.374 0.2500000000
88479  15.683  5.622  -20.248 0.1250000000
88494  16.912  6.142  -21.184 0.1250000000
88512  18.158  6.461  -21.776 0.2500000000
88539  29.035  6.682  -24.240 0.8750000000
88550  27.394  7.262  -24.709 1.0000000000
88552  25.577  6.677  -25.789 1.0000000000
88555  21.000  6.779  -25.385 0.3750000000
88564  30.657  6.618  -25.698 0.7500000000
88567  24.404  5.981  -27.245 1.0000000000
88568  21.721  6.468  -26.525 0.7500000000
88578  24.151  6.485  -27.616 1.0000000000
89458  17.305  6.857  -20.834 0.1250000000
89459  16.910  6.547  -20.855 0.1250000000
89496  30.152  7.310  -24.730 0.8750000000
89522  25.341  7.486  -27.065 1.0000000000
89523  21.991  7.277  -26.842 0.8750000000
89530  31.212  8.078  -27.845 0.5000000000
89531  30.882  7.613  -27.269 0.6250000000
89555  31.334  8.484  -29.986 0.5000000000
89573  29.881  6.833  -32.807 0.1250000000
89582  29.853  7.667  -33.505 0.1250000000
89597  28.875  10.468  -37.154 0.1250000000
90451  30.317  7.811  -24.940 0.8750000000
90452  29.993  8.029  -24.631 1.0000000000
90468  21.878  7.758  -26.583 0.3750000000
90480  26.975  8.726  -26.019 1.0000000000
90484  21.794  8.831  -27.138 0.3750000000
90491  31.366  8.944  -27.801 0.5000000000
90493  26.088  8.490  -27.285 1.0000000000
90507  22.239  9.264  -27.540 0.1250000000
90520  30.950  8.290  -31.020 0.5000000000
90544  29.705  9.435  -34.248 0.1250000000
91441  27.922  9.439  -25.414 1.0000000000
91468  22.532  9.648  -27.669 0.1250000000
91478  24.491  9.799  -28.544 0.8750000000
91480  22.227  9.512  -27.516 0.1250000000
91481  22.050  9.370  -27.430 0.1250000000
91488  31.658  9.942  -29.526 0.5000000000
91503  31.060  9.425  -32.028 0.3750000000
91512  31.269  10.256  -32.537 0.2500000000
92384  29.697  10.592  -25.622 0.8750000000
92385  29.032  10.353  -25.530 1.0000000000
92397  25.984  9.645  -27.339 1.0000000000
92407  31.428  10.928  -27.068 0.7500000000
92409  25.386  10.194  -27.865 1.0000000000
92410  25.050  10.127  -28.771 1.0000000000
92432  32.346  11.472  -29.553 0.6250000000
92441  32.333  11.650  -30.211 0.3750000000
92449  31.725  10.929  -31.283 0.3750000000
92461  30.541  11.773  -33.927 0.1250000000
93428  29.081  11.122  -25.762 1.0000000000
93437  29.235  11.796  -26.149 0.8750000000
93440  22.115  11.582  -26.705 0.1250000000
93447  31.768  11.932  -27.382 0.7500000000
93474  32.474  12.197  -29.951 0.6250000000
93483  32.319  12.152  -30.619 0.3750000000
93495  32.163  11.922  -31.137 0.3750000000
93512  31.317  12.112  -32.718 0.2500000000
94548  28.418  12.517  -26.711 1.0000000000
94552  21.928  12.672  -26.178 0.1250000000
94555  31.500  13.045  -27.384 0.7500000000
94563  32.353  13.212  -28.798 0.6250000000
94577  24.929  12.706  -29.650 0.1250000000
94586  32.236  12.847  -30.502 0.3750000000
94587  32.020  13.098  -30.782 0.3750000000
94589  25.170  13.039  -29.775 0.3750000000
94597  32.155  12.558  -30.786 0.3750000000
94598  31.938  12.847  -31.045 0.3750000000
94618  31.596  12.830  -32.563 0.3750000000
95571  29.549  13.151  -26.745 0.8750000000
95573  24.919  14.718  -27.408 0.1250000000
95574  24.613  14.446  -27.282 0.1250000000
95582  31.456  14.045  -27.561 0.7500000000
95593  32.290  14.095  -28.605 0.7500000000
95596  24.769  14.621  -28.563 0.1250000000
95605  25.682  13.300  -29.936 0.6250000000
95617  25.429  13.717  -30.129 0.3750000000
95627  32.448  14.085  -31.181 0.3750000000
95628  32.142  13.436  -30.961 0.3750000000
95648  31.634  13.650  -32.397 0.3750000000
95649  31.334  13.623  -32.983 0.3750000000
95657  30.980  13.655  -33.499 0.3750000000
96579  25.018  14.922  -27.334 0.1250000000
96588  31.542  14.854  -27.792 0.7500000000
96593  25.196  14.904  -27.351 0.1250000000
96597  32.271  14.856  -28.374 0.6250000000
96598  28.426  15.239  -28.054 0.7500000000
96601  25.161  15.042  -28.279 0.1250000000
96608  24.574  14.729  -29.775 0.1250000000
96621  32.572  14.733  -30.757 0.3750000000
96622  25.309  15.377  -31.738 0.3750000000
96623  25.182  15.201  -31.644 0.2500000000
96632  32.461  14.807  -31.450 0.3750000000
96633  32.209  14.688  -31.962 0.3750000000
96641  31.750  14.500  -32.375 0.2500000000
96649  31.135  14.267  -33.311 0.2500000000
97563  32.229  15.424  -28.134 0.3750000000
97564  31.879  15.545  -27.818 0.7500000000
97566  30.288  15.580  -27.469 0.7500000000
97575  28.177  15.857  -28.372 0.7500000000
97580  32.583  15.612  -29.470 0.3750000000
97591  32.627  15.577  -31.183 0.3750000000
97593  25.102  15.601  -32.361 0.2500000000
97594  24.766  15.570  -32.154 0.3750000000
97602  32.346  15.519  -31.887 0.2500000000
97613  31.556  15.129  -32.912 0.2500000000
97614  31.213  14.929  -33.345 0.2500000000
98657  30.111  16.394  -27.708 0.7500000000
98671  26.825  16.525  -29.769 0.6250000000
98673  24.351  16.128  -31.400 0.1250000000
98679  24.431  15.947  -32.315 0.1250000000
98682  32.584  16.427  -31.695 0.3750000000
98696  32.056  16.363  -33.254 0.1250000000
98697  31.604  15.739  -33.628 0.1250000000
98698  31.105  15.242  -33.656 0.2500000000
99620  32.029  16.952  -27.848 0.3750000000
99623  29.945  16.842  -27.966 0.7500000000
99630  30.331  17.669  -28.080 0.6250000000
99642  33.273  18.111  -30.292 0.3750000000
99651  32.956  17.261  -31.402 0.1250000000
99653  24.832  16.389  -32.532 0.1250000000
99658  32.664  17.417  -32.314 0.1250000000
99663  31.743  16.915  -33.633 0.1250000000
100498  31.380  17.795  -27.936 0.3750000000
100511  33.276  18.707  -29.947 0.3750000000
100512  32.954  18.817  -29.261 0.3750000000
100522  33.450  18.751  -31.719 0.1250000000
100524  25.000  19.551  -32.675 0.2500000000
100527  33.102  18.618  -32.652 0.1250000000
100534  32.093  17.985  -33.689 0.1250000000
100543  32.375  18.779  -34.254 0.1250000000
100545  31.264  17.646  -34.714 0.1250000000
100553  30.683  17.438  -35.141 0.1250000000
100554  30.003  16.454  -35.341 0.1250000000
101369  24.944  20.382  -33.198 0.2500000000
101386  31.539  18.441  -34.809 0.1250000000
101405  29.199  16.574  -36.391 0.1250000000
102174  32.446  20.380  -29.217 0.2500000000
102175  31.867  20.749  -28.986 0.2500000000
102181  33.356  20.392  -30.191 0.1250000000
102193  33.659  20.512  -32.046 0.1250000000
102194  25.068  20.662  -33.213 0.2500000000
103004  33.209  20.853  -30.038 0.1250000000
103026  25.262  21.210  -32.920 0.2500000000
103873  31.371  21.739  -28.931 0.2500000000
103875  29.810  22.160  -28.659 0.3750000000
103881  32.467  22.400  -29.944 0.1250000000
103883  30.908  22.846  -29.342 0.2500000000
103899  25.139  22.584  -31.930 0.1250000000
104720  29.297  23.455  -29.268 0.2500000000
104727  32.204  23.300  -30.581 0.1250000000
105614  31.164  24.294  -30.633 0.1250000000
137314  29.217  11.395  -37.239 0.1250000000
137315  29.894  13.122  -35.081 0.1250000000
137317  30.381  14.493  -34.536 0.1250000000
137325  30.406  15.221  -34.585 0.1250000000
137327  29.718  15.385  -35.301 0.1250000000
137328  29.896  15.320  -35.098 0.1250000000
