#!ascii label  , from subject 3055 vox2ras=TkReg
338
81129  29.638  -0.481  -23.466 0.0000000000
69585  26.504  -10.411  -21.202 0.0000000000
87538  28.585  5.863  -24.110 0.0000000000
98664  28.848  16.648  -28.320 0.0000000000
68489  24.717  -11.685  -19.343 0.0000000000
88586  30.860  6.562  -27.734 0.0000000000
91476  31.631  9.919  -28.489 0.0000000000
78997  27.481  -2.511  -22.633 0.0000000000
75527  27.700  -6.064  -22.609 0.0000000000
76732  29.661  -4.875  -25.329 0.0000000000
82206  30.853  0.472  -26.541 0.0000000000
79030  30.980  -2.535  -27.384 0.0000000000
84260  28.886  2.646  -23.456 0.0000000000
85370  30.888  3.556  -26.705 0.0000000000
95585  28.645  13.491  -27.154 0.0000000000
94574  32.475  12.999  -29.683 0.0000000000
71963  28.424  -8.616  -22.247 0.0000000000
91453  30.681  9.494  -25.863 0.0000000000
92394  30.974  10.976  -26.418 0.0000000000
80099  28.461  -1.556  -22.957 0.0000000000
78995  29.304  -3.444  -23.644 0.0000000000
79010  29.697  -2.805  -24.390 0.0000000000
69567  25.699  -11.072  -20.653 0.0000000000
85343  29.024  3.691  -23.657 0.0000000000
84287  30.148  3.063  -24.888 0.0000000000
86504  30.598  5.007  -25.269 0.0000000000
88601  30.469  6.497  -30.085 0.0000000000
87599  29.977  5.553  -30.080 0.0000000000
96606  27.213  15.204  -29.462 0.0000000000
95586  27.701  13.625  -27.679 0.0000000000
96591  28.832  14.680  -27.525 0.0000000000
99637  32.897  17.773  -29.522 0.0000000000
97586  32.659  15.597  -30.358 0.0000000000
96605  32.448  14.780  -29.052 0.0000000000
95638  32.107  13.760  -31.717 0.0000000000
93504  31.757  11.918  -32.004 0.0000000000
75525  29.087  -6.471  -23.781 0.0000000000
73192  28.193  -7.873  -23.364 0.0000000000
67487  23.613  -12.224  -18.647 0.0000000000
88549  30.357  6.611  -24.966 0.0000000000
89520  30.745  7.566  -26.154 0.0000000000
89540  31.448  8.197  -28.543 0.0000000000
90519  31.290  8.889  -30.629 0.0000000000
76699  27.075  -4.942  -22.269 0.0000000000
77858  27.491  -4.035  -22.404 0.0000000000
76717  28.801  -5.026  -23.664 0.0000000000
75553  29.550  -5.905  -25.076 0.0000000000
81127  30.268  0.339  -24.980 0.0000000000
79021  30.376  -2.126  -26.058 0.0000000000
80133  31.186  -1.318  -27.363 0.0000000000
81116  27.488  -0.555  -22.746 0.0000000000
83216  26.625  1.402  -23.193 0.0000000000
82171  29.479  1.070  -23.465 0.0000000000
82183  30.429  1.410  -24.775 0.0000000000
83256  31.014  2.072  -27.316 0.0000000000
83268  30.319  2.571  -29.040 0.0000000000
87572  30.753  5.599  -27.051 0.0000000000
85391  30.322  3.771  -29.018 0.0000000000
94547  29.477  12.455  -26.503 0.0000000000
99622  30.435  17.097  -27.864 0.0000000000
97565  31.167  15.552  -27.660 0.0000000000
95583  30.636  13.685  -27.073 0.0000000000
94545  31.243  12.513  -26.894 0.0000000000
92421  32.277  11.372  -28.767 0.0000000000
91502  31.373  9.899  -31.527 0.0000000000
71965  26.654  -9.189  -21.983 0.0000000000
74392  27.246  -6.968  -22.390 0.0000000000
77897  29.883  -3.896  -25.869 0.0000000000
76730  31.018  -4.419  -25.386 0.0000000000
92395  30.483  10.545  -25.837 0.0000000000
93427  29.782  11.150  -25.891 0.0000000000
80114  29.457  -1.570  -23.416 0.0000000000
79011  29.223  -2.425  -23.324 0.0000000000
66438  23.340  -13.551  -17.448 0.0000000000
67469  23.813  -12.777  -17.974 0.0000000000
69566  26.136  -11.113  -20.669 0.0000000000
86493  28.063  4.804  -23.832 0.0000000000
85342  29.768  4.077  -24.404 0.0000000000
86491  30.094  5.066  -24.526 0.0000000000
89564  30.569  7.418  -31.095 0.0000000000
88610  30.009  6.148  -31.204 0.0000000000
97581  27.401  15.968  -29.155 0.0000000000
96599  27.744  14.671  -28.591 0.0000000000
97574  29.015  15.733  -27.930 0.0000000000
95637  32.337  14.318  -31.602 0.0000000000
94619  31.354  12.945  -33.150 0.0000000000
74389  29.811  -6.302  -23.317 0.0000000000
74390  28.906  -6.833  -23.392 0.0000000000
69587  24.688  -10.487  -20.411 0.0000000000
89497  29.514  7.386  -24.470 0.0000000000
90453  29.276  8.109  -24.519 0.0000000000
90478  31.331  9.406  -27.075 0.0000000000
90479  30.928  8.723  -26.686 0.0000000000
90505  31.513  9.055  -28.937 0.0000000000
89548  31.449  8.323  -29.414 0.0000000000
90513  31.461  9.090  -29.836 0.0000000000
98670  27.271  17.033  -29.312 0.0000000000
77859  26.404  -3.791  -22.182 0.0000000000
78984  27.964  -3.397  -22.545 0.0000000000
77871  29.234  -4.264  -23.984 0.0000000000
77872  28.767  -4.183  -23.286 0.0000000000
76716  28.816  -5.011  -24.388 0.0000000000
75554  29.466  -5.517  -25.007 0.0000000000
67501  24.164  -11.989  -19.229 0.0000000000
67486  24.506  -12.306  -18.706 0.0000000000
81142  30.707  -0.235  -25.983 0.0000000000
80125  31.090  -0.902  -26.556 0.0000000000
81141  30.935  -0.350  -26.558 0.0000000000
81117  26.372  -0.531  -22.799 0.0000000000
84261  27.792  2.511  -23.117 0.0000000000
84262  27.175  1.968  -23.225 0.0000000000
83215  27.776  1.431  -23.072 0.0000000000
83214  28.696  1.656  -23.342 0.0000000000
82184  30.303  0.976  -23.850 0.0000000000
83229  30.120  1.975  -24.135 0.0000000000
84286  30.499  2.953  -25.456 0.0000000000
84299  31.097  2.871  -27.262 0.0000000000
83267  30.540  1.890  -28.409 0.0000000000
85381  30.842  3.097  -27.614 0.0000000000
88576  30.821  6.600  -26.654 0.0000000000
87560  30.712  5.722  -26.028 0.0000000000
87582  30.721  5.554  -28.154 0.0000000000
86546  30.074  4.686  -29.540 0.0000000000
84320  30.022  3.146  -29.498 0.0000000000
94557  27.963  13.022  -27.283 0.0000000000
94558  27.156  12.461  -27.671 0.0000000000
94549  27.806  11.998  -26.704 0.0000000000
95572  29.012  12.920  -26.714 0.0000000000
99628  32.451  17.277  -28.422 0.0000000000
100503  32.373  18.448  -28.638 0.0000000000
99621  31.315  17.164  -27.741 0.0000000000
98655  31.639  16.298  -27.706 0.0000000000
95603  32.397  13.912  -29.411 0.0000000000
95581  31.924  14.383  -28.055 0.0000000000
94554  31.950  13.551  -28.068 0.0000000000
94556  30.969  12.981  -26.985 0.0000000000
93446  32.120  12.611  -28.093 0.0000000000
93461  32.232  11.775  -28.203 0.0000000000
93460  32.451  12.207  -28.994 0.0000000000
92460  31.159  11.372  -33.067 0.0000000000
92453  31.600  11.030  -32.263 0.0000000000
91521  30.955  10.560  -33.290 0.0000000000
91513  30.815  9.571  -32.733 0.0000000000
71966  25.729  -9.058  -21.548 0.0000000000
75528  26.475  -6.071  -21.908 0.0000000000
73174  28.486  -8.105  -22.952 0.0000000000
71981  28.108  -8.483  -23.076 0.0000000000
71964  27.505  -8.921  -22.453 0.0000000000
79031  30.418  -2.645  -26.558 0.0000000000
77910  30.060  -3.057  -26.253 0.0000000000
77909  30.460  -3.370  -26.672 0.0000000000
90464  29.522  8.753  -24.948 0.0000000000
91439  29.912  9.723  -25.296 0.0000000000
91452  31.276  10.004  -26.478 0.0000000000
91463  31.501  10.006  -27.486 0.0000000000
78996  28.481  -2.706  -22.829 0.0000000000
77885  29.508  -4.119  -24.636 0.0000000000
68509  25.308  -11.247  -20.162 0.0000000000
68488  25.370  -11.614  -19.045 0.0000000000
68508  26.190  -11.142  -19.708 0.0000000000
68487  26.278  -11.442  -18.812 0.0000000000
82214  31.106  0.644  -28.295 0.0000000000
81151  31.096  -0.145  -27.167 0.0000000000
85344  27.863  3.598  -23.373 0.0000000000
85333  28.521  3.241  -23.388 0.0000000000
84273  29.522  2.975  -23.654 0.0000000000
86505  30.347  4.314  -24.844 0.0000000000
85356  30.567  4.001  -25.560 0.0000000000
88594  30.897  6.675  -28.945 0.0000000000
87591  30.450  5.563  -29.216 0.0000000000
96592  28.189  14.152  -27.662 0.0000000000
98669  32.769  16.545  -29.953 0.0000000000
98662  32.660  16.495  -28.968 0.0000000000
97572  32.455  15.558  -28.647 0.0000000000
95614  32.348  13.741  -30.388 0.0000000000
95615  32.173  13.272  -30.664 0.0000000000
93494  32.165  12.360  -30.936 0.0000000000
94608  31.826  12.810  -31.817 0.0000000000
93513  30.921  12.604  -33.433 0.0000000000
75526  28.752  -6.202  -23.358 0.0000000000
74391  28.142  -7.076  -22.895 0.0000000000
73191  28.619  -7.541  -23.012 0.0000000000
67502  23.774  -11.731  -19.180 0.0000000000
68524  24.730  -11.000  -20.195 0.0000000000
68523  25.095  -10.882  -20.462 0.0000000000
69586  25.589  -10.665  -20.984 0.0000000000
69600  26.122  -10.431  -21.424 0.0000000000
87537  29.555  5.851  -24.218 0.0000000000
88538  29.819  6.613  -24.507 0.0000000000
89507  30.486  7.395  -25.277 0.0000000000
90463  30.376  8.449  -25.423 0.0000000000
90492  31.081  8.328  -27.401 0.0000000000
89541  31.094  7.436  -28.243 0.0000000000
89549  31.342  7.604  -29.057 0.0000000000
89556  31.136  7.716  -30.052 0.0000000000
90528  30.786  8.508  -31.944 0.0000000000
97582  26.651  15.758  -29.921 0.0000000000
98665  27.963  16.833  -28.711 0.0000000000
76698  28.207  -5.040  -23.047 0.0000000000
77857  28.166  -4.170  -22.767 0.0000000000
75545  28.904  -5.555  -23.820 0.0000000000
75544  29.143  -6.103  -24.294 0.0000000000
75543  29.847  -5.770  -24.231 0.0000000000
81128  30.130  -0.180  -24.197 0.0000000000
80113  30.095  -1.462  -24.439 0.0000000000
80112  30.662  -0.780  -25.032 0.0000000000
80134  30.775  -1.851  -26.661 0.0000000000
80142  31.437  -1.661  -28.217 0.0000000000
79042  31.643  -2.371  -28.130 0.0000000000
80100  27.300  -1.602  -22.769 0.0000000000
81115  28.654  -0.517  -22.883 0.0000000000
82173  27.647  0.482  -22.796 0.0000000000
82172  28.806  0.574  -23.201 0.0000000000
82185  29.743  0.382  -23.555 0.0000000000
82197  30.570  0.883  -25.725 0.0000000000
83228  30.382  2.346  -24.790 0.0000000000
83244  30.653  1.912  -25.586 0.0000000000
83257  30.926  1.463  -26.475 0.0000000000
82205  31.102  1.061  -27.367 0.0000000000
86490  30.396  5.455  -24.866 0.0000000000
86517  30.705  4.726  -26.323 0.0000000000
86529  30.600  4.564  -27.407 0.0000000000
86538  30.448  4.576  -28.521 0.0000000000
85382  30.479  3.528  -27.832 0.0000000000
93438  28.349  11.664  -26.147 0.0000000000
99631  29.691  17.401  -28.237 0.0000000000
98663  29.557  16.481  -28.002 0.0000000000
97573  29.669  15.938  -27.631 0.0000000000
97567  29.517  15.354  -27.438 0.0000000000
96590  29.941  14.673  -27.197 0.0000000000
96587  32.041  14.990  -27.954 0.0000000000
96589  30.825  14.714  -27.513 0.0000000000
95584  29.613  13.832  -27.085 0.0000000000
95570  30.078  13.367  -26.803 0.0000000000
94546  30.430  12.700  -26.681 0.0000000000
93436  30.230  11.607  -26.331 0.0000000000
93435  31.125  11.796  -26.635 0.0000000000
92422  31.941  10.903  -28.037 0.0000000000
92433  32.065  10.707  -29.103 0.0000000000
93484  32.223  11.646  -30.570 0.0000000000
92442  32.076  10.970  -30.257 0.0000000000
91495  31.576  9.935  -30.510 0.0000000000
90527  31.102  8.979  -31.431 0.0000000000
90536  30.413  8.734  -32.866 0.0000000000
70728  26.102  -9.943  -21.469 0.0000000000
70727  26.608  -9.851  -21.577 0.0000000000
73194  26.799  -7.463  -22.243 0.0000000000
73193  27.242  -8.008  -23.085 0.0000000000
73176  26.445  -8.217  -22.099 0.0000000000
73175  26.997  -8.598  -22.466 0.0000000000
71947  26.973  -9.444  -21.906 0.0000000000
79022  29.934  -2.532  -25.600 0.0000000000
77896  30.592  -4.021  -26.426 0.0000000000
76742  30.227  -4.522  -25.959 0.0000000000
76743  29.799  -4.750  -25.841 0.0000000000
76731  29.927  -5.148  -25.369 0.0000000000
69599  26.330  -10.220  -21.441 0.0000000000
71982  27.781  -8.407  -23.216 0.0000000000
74373  28.978  -7.280  -22.896 0.0000000000
74393  26.663  -6.884  -22.082 0.0000000000
74402  29.418  -6.088  -23.954 0.0000000000
74403  29.202  -6.295  -23.789 0.0000000000
76715  30.162  -5.680  -25.010 0.0000000000
76741  30.774  -4.250  -26.049 0.0000000000
79032  30.134  -2.621  -26.149 0.0000000000
80126  30.860  -1.310  -25.875 0.0000000000
80127  30.399  -1.662  -25.392 0.0000000000
81152  30.853  -0.085  -26.564 0.0000000000
83213  29.539  1.776  -23.665 0.0000000000
84259  29.652  2.368  -23.880 0.0000000000
84271  30.209  2.823  -24.853 0.0000000000
84272  29.837  2.966  -24.360 0.0000000000
84274  27.241  3.086  -23.352 0.0000000000
84300  30.987  2.467  -26.444 0.0000000000
84310  30.686  2.710  -27.838 0.0000000000
84311  30.400  2.918  -28.603 0.0000000000
85334  28.274  3.008  -23.226 0.0000000000
85357  30.218  3.544  -24.883 0.0000000000
85369  30.918  3.289  -27.384 0.0000000000
85401  29.845  3.962  -29.892 0.0000000000
86492  29.228  4.948  -24.063 0.0000000000
87536  30.140  5.899  -24.687 0.0000000000
87547  30.475  5.873  -25.245 0.0000000000
88539  29.035  6.682  -24.240 0.0000000000
88564  30.657  6.618  -25.698 0.0000000000
89496  30.152  7.310  -24.730 0.0000000000
89530  31.212  8.078  -27.845 0.0000000000
89531  30.882  7.613  -27.269 0.0000000000
89555  31.334  8.484  -29.986 0.0000000000
90451  30.317  7.811  -24.940 0.0000000000
90452  29.993  8.029  -24.631 0.0000000000
90491  31.366  8.944  -27.801 0.0000000000
90520  30.950  8.290  -31.020 0.0000000000
91488  31.658  9.942  -29.526 0.0000000000
91503  31.060  9.425  -32.028 0.0000000000
91512  31.269  10.256  -32.537 0.0000000000
92384  29.697  10.592  -25.622 0.0000000000
92407  31.428  10.928  -27.068 0.0000000000
92432  32.346  11.472  -29.553 0.0000000000
92441  32.333  11.650  -30.211 0.0000000000
92449  31.725  10.929  -31.283 0.0000000000
93437  29.235  11.796  -26.149 0.0000000000
93447  31.768  11.932  -27.382 0.0000000000
93474  32.474  12.197  -29.951 0.0000000000
93483  32.319  12.152  -30.619 0.0000000000
93495  32.163  11.922  -31.137 0.0000000000
93512  31.317  12.112  -32.718 0.0000000000
94548  28.418  12.517  -26.711 0.0000000000
94555  31.500  13.045  -27.384 0.0000000000
94563  32.353  13.212  -28.798 0.0000000000
94586  32.236  12.847  -30.502 0.0000000000
94587  32.020  13.098  -30.782 0.0000000000
94597  32.155  12.558  -30.786 0.0000000000
94598  31.938  12.847  -31.045 0.0000000000
94618  31.596  12.830  -32.563 0.0000000000
95571  29.549  13.151  -26.745 0.0000000000
95582  31.456  14.045  -27.561 0.0000000000
95593  32.290  14.095  -28.605 0.0000000000
95627  32.448  14.085  -31.181 0.0000000000
95628  32.142  13.436  -30.961 0.0000000000
95648  31.634  13.650  -32.397 0.0000000000
95649  31.334  13.623  -32.983 0.0000000000
95657  30.980  13.655  -33.499 0.0000000000
96588  31.542  14.854  -27.792 0.0000000000
96597  32.271  14.856  -28.374 0.0000000000
96598  28.426  15.239  -28.054 0.0000000000
96621  32.572  14.733  -30.757 0.0000000000
96632  32.461  14.807  -31.450 0.0000000000
96633  32.209  14.688  -31.962 0.0000000000
97563  32.229  15.424  -28.134 0.0000000000
97564  31.879  15.545  -27.818 0.0000000000
97566  30.288  15.580  -27.469 0.0000000000
97575  28.177  15.857  -28.372 0.0000000000
97591  32.627  15.577  -31.183 0.0000000000
98657  30.111  16.394  -27.708 0.0000000000
98671  26.825  16.525  -29.769 0.0000000000
99623  29.945  16.842  -27.966 0.0000000000
99630  30.331  17.669  -28.080 0.0000000000
