#!ascii label  , from subject 3055 vox2ras=TkReg
803
60763  22.521  -18.297  -13.451 0.1428571492
59541  21.236  -18.876  -13.534 0.1428571492
61972  21.300  -16.905  -14.402 0.1428571492
61971  22.226  -16.926  -14.103 0.2857142985
61948  21.447  -17.674  -13.959 0.1428571492
61946  23.261  -17.712  -13.746 0.1428571492
64236  22.886  -15.365  -14.952 0.5714285970
63067  23.080  -16.249  -14.340 0.1428571492
64234  24.964  -15.416  -14.107 0.2857142985
64235  23.945  -15.543  -14.493 0.2857142985
65315  25.283  -14.438  -15.236 0.1428571492
65298  25.567  -14.886  -14.619 0.2857142985
67453  26.035  -12.616  -16.685 0.2857142985
66418  25.421  -13.288  -16.274 0.2857142985
69549  27.443  -10.755  -18.867 0.2857142985
68471  27.378  -11.359  -17.583 0.2857142985
69564  28.178  -10.007  -19.912 0.2857142985
69565  27.269  -10.480  -20.200 0.2857142985
71945  28.703  -8.651  -21.261 0.2857142985
74390  28.906  -6.833  -23.392 0.8571428657
73173  29.023  -7.717  -22.332 0.4285714328
70709  28.368  -9.166  -20.812 0.2857142985
75553  29.550  -5.905  -25.076 0.7142857313
75543  29.847  -5.770  -24.231 0.7142857313
74389  29.811  -6.302  -23.317 0.7142857313
73191  28.619  -7.541  -23.012 0.7142857313
76730  31.018  -4.419  -25.386 0.8571428657
76731  29.927  -5.148  -25.369 0.5714285970
75554  29.466  -5.517  -25.007 0.8571428657
75544  29.143  -6.103  -24.294 0.7142857313
75525  29.087  -6.471  -23.781 0.7142857313
77908  31.178  -3.483  -27.012 0.4285714328
76742  30.227  -4.522  -25.959 0.7142857313
76743  29.799  -4.750  -25.841 0.8571428657
79051  31.941  -2.423  -28.515 0.2857142985
80142  31.437  -1.661  -28.217 0.5714285970
77909  30.460  -3.370  -26.672 0.8571428657
79030  30.980  -2.535  -27.384 0.7142857313
77897  29.883  -3.896  -25.869 0.8571428657
81167  32.012  -0.668  -28.966 0.1428571492
80150  32.631  -1.774  -29.199 0.1428571492
79031  30.418  -2.645  -26.558 0.8571428657
82234  31.326  0.519  -30.303 0.1428571492
81166  32.965  -0.591  -29.675 0.1428571492
81160  31.445  -0.490  -28.170 0.4285714328
80134  30.775  -1.851  -26.661 0.8571428657
82235  30.625  1.162  -31.116 0.1428571492
82242  31.883  1.320  -31.588 0.1428571492
82224  31.327  0.370  -29.219 0.1428571492
82214  31.106  0.644  -28.295 0.4285714328
81151  31.096  -0.145  -27.167 0.5714285970
81141  30.935  -0.350  -26.558 0.7142857313
80112  30.662  -0.780  -25.032 0.8571428657
83283  30.236  1.676  -30.803 0.1428571492
83291  30.738  2.038  -31.976 0.1428571492
83267  30.540  1.890  -28.409 0.5714285970
82206  30.853  0.472  -26.541 0.8571428657
80125  31.090  -0.902  -26.556 0.8571428657
81142  30.707  -0.235  -25.983 0.8571428657
84335  29.807  3.438  -32.537 0.1428571492
84328  29.833  3.543  -30.968 0.2857142985
83276  30.328  2.341  -29.700 0.1428571492
84320  30.022  3.146  -29.498 0.8571428657
82205  31.102  1.061  -27.367 0.8571428657
83256  31.014  2.072  -27.316 0.8571428657
88611  29.734  5.104  -32.123 0.1428571492
137260  29.243  5.204  -32.979 0.1428571492
86538  30.448  4.576  -28.521 0.8571428657
85382  30.479  3.528  -27.832 0.8571428657
84299  31.097  2.871  -27.262 0.8571428657
84286  30.499  2.953  -25.456 0.8571428657
86554  29.712  4.820  -30.589 0.4285714328
86529  30.600  4.564  -27.407 0.8571428657
85370  30.888  3.556  -26.705 0.8571428657
85356  30.567  4.001  -25.560 0.8571428657
88618  29.744  6.326  -32.267 0.2857142985
87599  29.977  5.553  -30.080 0.5714285970
88601  30.469  6.497  -30.085 0.8571428657
87582  30.721  5.554  -28.154 0.8571428657
87572  30.753  5.599  -27.051 0.8571428657
86517  30.705  4.726  -26.323 0.8571428657
89572  30.196  7.437  -32.336 0.2857142985
89564  30.569  7.418  -31.095 0.7142857313
88610  30.009  6.148  -31.204 0.5714285970
88586  30.860  6.562  -27.734 0.8571428657
89520  30.745  7.566  -26.154 0.8571428657
87560  30.712  5.722  -26.028 0.8571428657
89556  31.136  7.716  -30.052 0.8571428657
89548  31.449  8.323  -29.414 0.8571428657
89541  31.094  7.436  -28.243 0.8571428657
90479  30.928  8.723  -26.686 0.7142857313
90492  31.081  8.328  -27.401 0.7142857313
90519  31.290  8.889  -30.629 0.8571428657
90513  31.461  9.090  -29.836 0.8571428657
89540  31.448  8.197  -28.543 0.8571428657
91476  31.631  9.919  -28.489 0.8571428657
92433  32.065  10.707  -29.103 0.8571428657
90478  31.331  9.406  -27.075 0.7142857313
92453  31.600  11.030  -32.263 0.7142857313
92442  32.076  10.970  -30.257 0.8571428657
93484  32.223  11.646  -30.570 0.8571428657
93460  32.451  12.207  -28.994 0.8571428657
95603  32.397  13.912  -29.411 0.7142857313
90505  31.513  9.055  -28.937 0.8571428657
92421  32.277  11.372  -28.767 0.8571428657
137321  30.227  14.404  -34.701 0.1428571492
93494  32.165  12.360  -30.936 0.8571428657
95615  32.173  13.272  -30.664 0.7142857313
95614  32.348  13.741  -30.388 0.7142857313
94574  32.475  12.999  -29.683 0.8571428657
99673  31.176  16.488  -34.201 0.1428571492
95637  32.337  14.318  -31.602 0.5714285970
97586  32.659  15.597  -30.358 0.5714285970
99628  32.451  17.277  -28.422 0.5714285970
98676  32.822  16.445  -30.863 0.1428571492
100528  32.567  18.016  -33.070 0.1428571492
100503  32.373  18.448  -28.638 0.5714285970
101357  33.463  19.601  -30.472 0.1428571492
102188  33.428  20.412  -31.037 0.1428571492
99636  33.176  18.189  -29.909 0.1428571492
103890  33.359  21.874  -31.049 0.1428571492
99637  32.897  17.773  -29.522 0.5714285970
103011  33.269  21.135  -30.580 0.1428571492
103005  32.823  21.254  -29.853 0.1428571492
103891  32.948  22.700  -31.028 0.1428571492
104717  31.856  23.151  -29.869 0.1428571492
59540  21.803  -18.982  -13.408 0.1428571492
59518  20.827  -19.405  -13.157 0.1428571492
61970  23.178  -17.085  -14.082 0.2857142985
61969  23.836  -17.258  -14.024 0.1428571492
63066  24.201  -16.500  -14.130 0.2857142985
66417  26.440  -13.161  -16.009 0.2857142985
66397  25.876  -13.892  -15.639 0.1428571492
70710  27.545  -9.435  -21.291 0.2857142985
74372  29.453  -6.966  -22.641 0.4285714328
71963  28.424  -8.616  -22.247 0.5714285970
79009  31.704  -3.913  -25.553 0.2857142985
79029  31.762  -2.770  -27.483 0.1428571492
80133  31.186  -1.318  -27.363 0.7142857313
83268  30.319  2.571  -29.040 0.8571428657
83244  30.653  1.912  -25.586 0.8571428657
90528  30.786  8.508  -31.944 0.8571428657
91502  31.373  9.899  -31.527 0.8571428657
93504  31.757  11.918  -32.004 0.8571428657
95638  32.107  13.760  -31.717 0.7142857313
97603  31.979  15.319  -32.446 0.2857142985
99643  33.035  17.342  -30.518 0.1428571492
99657  33.152  17.998  -31.841 0.1428571492
103025  33.681  21.502  -32.612 0.1428571492
65299  24.648  -14.856  -14.727 0.2857142985
66398  24.894  -13.904  -15.881 0.1428571492
67465  27.354  -11.839  -16.790 0.2857142985
68472  26.433  -11.641  -17.974 0.2857142985
68486  27.038  -11.344  -18.501 0.2857142985
73174  28.486  -8.105  -22.952 0.7142857313
82233  32.868  0.196  -30.598 0.1428571492
83290  31.365  1.887  -32.434 0.1428571492
137248  29.580  4.315  -32.612 0.2857142985
137255  29.428  4.184  -33.017 0.1428571492
85391  30.322  3.771  -29.018 0.8571428657
82197  30.570  0.883  -25.725 0.8571428657
81127  30.268  0.339  -24.980 1.0000000000
88619  29.528  6.102  -33.072 0.1428571492
88628  29.051  6.891  -33.880 0.1428571492
89581  30.184  8.121  -33.050 0.2857142985
90536  30.413  8.734  -32.866 0.5714285970
91521  30.955  10.560  -33.290 0.5714285970
92460  31.159  11.372  -33.067 0.5714285970
94608  31.826  12.810  -31.817 0.7142857313
96642  31.356  14.372  -32.862 0.4285714328
92469  30.137  12.832  -34.757 0.2857142985
93521  30.494  13.761  -34.318 0.2857142985
97625  30.830  14.685  -33.778 0.1428571492
98689  31.967  15.738  -33.019 0.1428571492
98688  32.299  16.277  -32.554 0.1428571492
102165  31.938  20.321  -28.784 0.2857142985
99662  32.202  17.191  -33.068 0.1428571492
102173  33.075  20.537  -29.731 0.1428571492
103006  32.081  21.487  -29.203 0.1428571492
103882  31.549  22.495  -29.334 0.1428571492
101362  33.531  19.604  -31.419 0.1428571492
104735  31.822  23.737  -30.974 0.1428571492
104728  31.412  23.772  -30.374 0.1428571492
105624  31.988  24.279  -31.770 0.1428571492
90543  30.172  8.769  -33.509 0.4285714328
91522  30.336  10.099  -33.707 0.4285714328
92462  30.200  11.158  -34.218 0.4285714328
92470  30.179  11.814  -34.604 0.4285714328
93513  30.921  12.604  -33.433 0.5714285970
94619  31.354  12.945  -33.150 0.5714285970
61947  22.378  -17.653  -13.762 0.1428571492
60764  21.666  -18.352  -13.626 0.1428571492
60744  20.269  -19.064  -13.228 0.1428571492
63068  22.019  -16.099  -14.434 0.4285714328
63048  24.277  -17.130  -13.981 0.1428571492
65300  23.868  -15.023  -15.114 0.1428571492
67466  26.666  -12.062  -17.191 0.2857142985
77896  30.592  -4.021  -26.426 0.8571428657
79042  31.643  -2.371  -28.130 0.5714285970
83282  30.726  0.799  -29.986 0.2857142985
81175  32.362  0.155  -29.895 0.1428571492
83257  30.926  1.463  -26.475 0.8571428657
85381  30.842  3.097  -27.614 0.8571428657
86546  30.074  4.686  -29.540 0.8571428657
88594  30.897  6.675  -28.945 0.8571428657
87591  30.450  5.563  -29.216 0.8571428657
88576  30.821  6.600  -26.654 0.8571428657
89549  31.342  7.604  -29.057 0.8571428657
90527  31.102  8.979  -31.431 0.8571428657
91495  31.576  9.935  -30.510 0.8571428657
98709  30.962  15.513  -33.935 0.1428571492
98669  32.769  16.545  -29.953 0.5714285970
98662  32.660  16.495  -28.968 0.5714285970
100533  32.872  18.741  -33.695 0.1428571492
101352  32.642  19.403  -28.988 0.4285714328
100517  33.543  18.764  -30.816 0.1428571492
103019  33.515  21.267  -31.520 0.1428571492
101368  33.538  19.636  -32.444 0.1428571492
99650  33.398  17.983  -31.106 0.1428571492
101351  33.194  19.715  -29.574 0.1428571492
103012  32.951  21.864  -30.499 0.1428571492
66416  27.465  -13.040  -15.819 0.1428571492
91513  30.815  9.571  -32.733 0.5714285970
65317  23.403  -14.691  -15.691 0.4285714328
68487  26.278  -11.442  -18.812 0.5714285970
102997  31.489  21.100  -28.989 0.1428571492
68488  25.370  -11.614  -19.045 0.5714285970
67501  24.164  -11.989  -19.229 0.5714285970
67487  23.613  -12.224  -18.647 0.2857142985
69567  25.699  -11.072  -20.653 0.5714285970
68524  24.730  -11.000  -20.195 0.5714285970
67470  22.908  -12.706  -17.916 0.4285714328
68509  25.308  -11.247  -20.162 0.5714285970
68490  23.267  -11.561  -18.770 0.2857142985
68511  23.602  -11.180  -19.254 0.4285714328
70711  26.972  -9.818  -21.538 0.4285714328
69600  26.122  -10.431  -21.424 0.5714285970
69587  24.688  -10.487  -20.411 0.5714285970
71947  26.973  -9.444  -21.906 0.5714285970
71965  26.654  -9.189  -21.983 0.5714285970
70712  25.509  -9.816  -21.201 0.4285714328
73175  26.997  -8.598  -22.466 0.7142857313
73176  26.445  -8.217  -22.099 0.4285714328
73193  27.242  -8.008  -23.085 0.4285714328
69568  24.327  -10.699  -19.985 0.4285714328
69550  23.043  -10.835  -18.944 0.2857142985
70713  24.907  -9.885  -20.790 0.4285714328
71964  27.505  -8.921  -22.453 0.7142857313
74391  28.142  -7.076  -22.895 0.7142857313
75528  26.475  -6.071  -21.908 0.4285714328
75527  27.700  -6.064  -22.609 0.7142857313
76699  27.075  -4.942  -22.269 0.5714285970
76700  25.883  -4.708  -22.185 0.2857142985
73192  28.193  -7.873  -23.364 0.5714285970
76717  28.801  -5.026  -23.664 0.7142857313
78984  27.964  -3.397  -22.545 0.7142857313
78996  28.481  -2.706  -22.829 0.7142857313
78997  27.481  -2.511  -22.633 0.7142857313
78985  26.867  -2.940  -22.435 0.4285714328
80086  26.755  -2.107  -22.689 0.4285714328
75545  28.904  -5.555  -23.820 0.5714285970
76716  28.816  -5.011  -24.388 0.5714285970
78995  29.304  -3.444  -23.644 0.5714285970
80099  28.461  -1.556  -22.957 0.7142857313
81115  28.654  -0.517  -22.883 0.7142857313
80100  27.300  -1.602  -22.769 0.7142857313
81117  26.372  -0.531  -22.799 0.5714285970
82173  27.647  0.482  -22.796 0.5714285970
77910  30.060  -3.057  -26.253 0.7142857313
79010  29.697  -2.805  -24.390 0.5714285970
80114  29.457  -1.570  -23.416 0.7142857313
79011  29.223  -2.425  -23.324 0.7142857313
81129  29.638  -0.481  -23.466 0.8571428657
80101  26.107  -1.409  -22.807 0.4285714328
82171  29.479  1.070  -23.465 0.7142857313
83215  27.776  1.431  -23.072 0.7142857313
83214  28.696  1.656  -23.342 0.7142857313
83216  26.625  1.402  -23.193 0.5714285970
84262  27.175  1.968  -23.225 0.7142857313
79022  29.934  -2.532  -25.600 0.5714285970
82185  29.743  0.382  -23.555 0.8571428657
82184  30.303  0.976  -23.850 0.8571428657
84260  28.886  2.646  -23.456 0.7142857313
84261  27.792  2.511  -23.117 0.5714285970
86494  27.213  4.421  -24.065 0.2857142985
83229  30.120  1.975  -24.135 0.7142857313
87538  28.585  5.863  -24.110 0.7142857313
82183  30.429  1.410  -24.775 0.7142857313
84273  29.522  2.975  -23.654 0.8571428657
85333  28.521  3.241  -23.388 0.8571428657
86490  30.396  5.455  -24.866 0.8571428657
85343  29.024  3.691  -23.657 0.8571428657
86493  28.063  4.804  -23.832 0.5714285970
86491  30.094  5.066  -24.526 0.8571428657
87537  29.555  5.851  -24.218 0.8571428657
84287  30.148  3.063  -24.888 0.8571428657
86504  30.598  5.007  -25.269 0.8571428657
88538  29.819  6.613  -24.507 0.8571428657
88549  30.357  6.611  -24.966 0.8571428657
89507  30.486  7.395  -25.277 0.8571428657
89497  29.514  7.386  -24.470 0.7142857313
91463  31.501  10.006  -27.486 0.7142857313
92394  30.974  10.976  -26.418 0.7142857313
92422  31.941  10.903  -28.037 0.5714285970
93427  29.782  11.150  -25.891 0.7142857313
93435  31.125  11.796  -26.635 0.7142857313
93461  32.232  11.775  -28.203 0.7142857313
93446  32.120  12.611  -28.093 0.8571428657
95583  30.636  13.685  -27.073 0.7142857313
94546  30.430  12.700  -26.681 0.7142857313
96590  29.941  14.673  -27.197 0.7142857313
97567  29.517  15.354  -27.438 0.7142857313
96591  28.832  14.680  -27.525 0.5714285970
95581  31.924  14.383  -28.055 0.7142857313
97565  31.167  15.552  -27.660 0.7142857313
98656  30.830  16.358  -27.606 0.4285714328
97573  29.669  15.938  -27.631 0.5714285970
97574  29.015  15.733  -27.930 0.5714285970
96587  32.041  14.990  -27.954 0.5714285970
96599  27.744  14.671  -28.591 0.5714285970
99622  30.435  17.097  -27.864 0.5714285970
98663  29.557  16.481  -28.002 0.5714285970
98664  28.848  16.648  -28.320 0.5714285970
96606  27.213  15.204  -29.462 0.5714285970
96600  27.024  14.106  -29.052 0.4285714328
97581  27.401  15.968  -29.155 0.5714285970
99631  29.691  17.401  -28.237 0.5714285970
96607  26.677  14.619  -29.863 0.4285714328
94565  26.066  12.457  -29.122 0.4285714328
97582  26.651  15.758  -29.921 0.5714285970
98683  25.754  16.382  -31.795 0.4285714328
77885  29.508  -4.119  -24.636 0.5714285970
99644  26.656  17.779  -30.582 0.2857142985
98678  26.501  16.662  -30.824 0.4285714328
97592  25.486  15.678  -31.803 0.2857142985
67486  24.506  -12.306  -18.706 0.5714285970
67469  23.813  -12.777  -17.974 0.5714285970
68508  26.190  -11.142  -19.708 0.4285714328
69585  26.504  -10.411  -21.202 0.5714285970
67488  22.928  -12.009  -18.352 0.2857142985
69588  24.137  -10.343  -20.106 0.4285714328
71948  25.210  -9.314  -20.986 0.4285714328
71966  25.729  -9.058  -21.548 0.5714285970
69570  22.661  -10.188  -19.294 0.2857142985
70714  23.931  -9.717  -20.269 0.2857142985
73194  26.799  -7.463  -22.243 0.5714285970
75524  30.476  -5.682  -23.356 0.2857142985
75529  25.296  -5.493  -22.171 0.2857142985
77859  26.404  -3.791  -22.182 0.7142857313
83228  30.382  2.346  -24.790 0.8571428657
91453  30.681  9.494  -25.863 0.7142857313
91452  31.276  10.004  -26.478 0.7142857313
91439  29.912  9.723  -25.296 0.7142857313
95584  29.613  13.832  -27.085 0.7142857313
96592  28.189  14.152  -27.662 0.5714285970
96605  32.448  14.780  -29.052 0.5714285970
98655  31.639  16.298  -27.706 0.5714285970
97572  32.455  15.558  -28.647 0.5714285970
99621  31.315  17.164  -27.741 0.5714285970
98665  27.963  16.833  -28.711 0.5714285970
99633  27.725  17.806  -28.937 0.2857142985
73156  25.139  -8.717  -20.983 0.4285714328
68507  26.912  -11.178  -19.277 0.2857142985
76732  29.661  -4.875  -25.329 0.7142857313
75526  28.752  -6.202  -23.358 0.5714285970
79021  30.376  -2.126  -26.058 0.7142857313
81128  30.130  -0.180  -24.197 0.7142857313
80113  30.095  -1.462  -24.439 0.7142857313
86505  30.347  4.314  -24.844 0.7142857313
94554  31.950  13.551  -28.068 0.8571428657
71981  28.108  -8.483  -23.076 0.5714285970
90453  29.276  8.109  -24.519 0.7142857313
68489  24.717  -11.685  -19.343 0.5714285970
67485  25.197  -12.229  -18.334 0.4285714328
67502  23.774  -11.731  -19.180 0.5714285970
68510  24.325  -11.235  -19.579 0.4285714328
69566  26.136  -11.113  -20.669 0.5714285970
68523  25.095  -10.882  -20.462 0.5714285970
69586  25.589  -10.665  -20.984 0.5714285970
66438  23.340  -13.551  -17.448 0.5714285970
69569  23.607  -10.411  -19.708 0.4285714328
70727  26.608  -9.851  -21.577 0.5714285970
70728  26.102  -9.943  -21.469 0.5714285970
71949  24.639  -9.067  -20.587 0.4285714328
74392  27.246  -6.968  -22.390 0.7142857313
75509  25.630  -6.327  -21.770 0.4285714328
74374  26.090  -7.030  -21.797 0.4285714328
76698  28.207  -5.040  -23.047 0.7142857313
77858  27.491  -4.035  -22.404 0.7142857313
77872  28.767  -4.183  -23.286 0.7142857313
77857  28.166  -4.170  -22.767 0.7142857313
77871  29.234  -4.264  -23.984 0.5714285970
81116  27.488  -0.555  -22.746 0.7142857313
82172  28.806  0.574  -23.201 0.7142857313
83217  26.083  0.890  -23.276 0.2857142985
85344  27.863  3.598  -23.373 0.5714285970
85345  26.817  3.627  -23.674 0.2857142985
85342  29.768  4.077  -24.404 0.8571428657
94545  31.243  12.513  -26.894 0.7142857313
94556  30.969  12.981  -26.985 0.7142857313
96589  30.825  14.714  -27.513 0.8571428657
98670  27.271  17.033  -29.312 0.5714285970
97587  26.223  15.604  -30.996 0.4285714328
71950  23.711  -8.721  -20.670 0.1428571492
73157  24.536  -8.322  -20.896 0.4285714328
63069  21.168  -16.212  -14.963 0.4285714328
69548  28.382  -10.126  -19.003 0.1428571492
71962  29.015  -8.212  -21.633 0.1428571492
73155  29.551  -7.864  -21.504 0.1428571492
70696  28.793  -9.337  -19.852 0.1428571492
73154  30.218  -7.686  -20.878 0.1428571492
71927  28.970  -8.804  -20.558 0.1428571492
73172  29.898  -7.279  -21.773 0.1428571492
76697  31.088  -5.061  -23.651 0.2857142985
76729  31.763  -4.071  -24.989 0.1428571492
90463  30.376  8.449  -25.423 0.5714285970
106505  30.451  25.719  -32.567 0.1428571492
89498  28.686  7.565  -24.437 0.4285714328
106496  29.705  25.754  -31.482 0.1428571492
104718  31.182  23.271  -29.651 0.1428571492
91440  28.865  9.501  -25.277 0.4285714328
92395  30.483  10.545  -25.837 0.5714285970
93429  28.315  10.922  -25.809 0.4285714328
103884  28.315  22.424  -29.247 0.2857142985
101346  29.132  19.552  -28.789 0.2857142985
100506  29.345  18.534  -28.478 0.2857142985
102168  29.608  20.454  -28.492 0.2857142985
91464  25.646  9.158  -27.549 0.1428571492
93438  28.349  11.664  -26.147 0.5714285970
95570  30.078  13.367  -26.803 0.5714285970
102176  28.190  20.590  -29.596 0.2857142985
100499  30.859  17.793  -27.918 0.4285714328
92408  25.904  10.784  -27.665 0.4285714328
94557  27.963  13.022  -27.283 0.5714285970
101347  28.440  19.676  -29.372 0.2857142985
93449  25.829  11.156  -28.630 0.4285714328
94559  26.440  11.770  -28.357 0.2857142985
100514  27.333  18.714  -30.230 0.1428571492
100508  27.706  18.427  -29.455 0.1428571492
100513  27.878  19.062  -29.541 0.1428571492
93463  25.253  10.937  -29.262 0.1428571492
101354  27.094  19.664  -30.804 0.1428571492
102177  27.528  20.640  -30.336 0.1428571492
93462  25.602  11.568  -29.149 0.2857142985
99645  25.926  17.540  -31.698 0.2857142985
99654  24.587  16.133  -32.638 0.1428571492
100518  26.456  18.714  -31.178 0.1428571492
100519  25.591  18.913  -31.916 0.1428571492
101358  26.383  19.656  -31.743 0.1428571492
100523  25.220  19.473  -32.502 0.1428571492
64237  21.784  -15.576  -15.004 0.4285714328
65319  21.829  -14.569  -16.087 0.2857142985
69534  27.916  -10.686  -18.086 0.1428571492
71926  29.552  -8.591  -20.058 0.1428571492
74371  30.389  -6.626  -22.210 0.1428571492
90465  28.506  8.575  -24.834 0.2857142985
96611  32.398  14.733  -29.911 0.4285714328
101344  30.914  19.456  -28.406 0.2857142985
103000  29.306  21.362  -28.669 0.2857142985
102182  26.844  20.619  -31.207 0.2857142985
65320  20.917  -14.314  -15.617 0.2857142985
68457  27.910  -11.461  -16.803 0.1428571492
68470  28.304  -10.916  -17.228 0.1428571492
76714  30.670  -4.962  -24.382 0.1428571492
93450  25.328  10.601  -28.772 0.1428571492
91465  25.055  9.188  -28.323 0.2857142985
99629  31.883  17.706  -28.050 0.4285714328
103008  27.743  21.600  -29.651 0.2857142985
103007  28.563  21.436  -29.126 0.2857142985
102167  30.471  20.402  -28.471 0.2857142985
102999  30.130  21.330  -28.558 0.2857142985
104711  28.918  22.888  -29.037 0.2857142985
105609  28.916  24.051  -29.565 0.1428571492
106479  28.808  24.513  -29.806 0.1428571492
105615  30.624  24.279  -30.215 0.1428571492
103013  27.009  21.647  -30.480 0.2857142985
105608  29.614  24.012  -29.619 0.1428571492
106486  30.075  24.884  -30.726 0.1428571492
103874  30.658  22.272  -28.879 0.1428571492
104719  30.316  23.394  -29.377 0.1428571492
77883  32.493  -3.901  -25.046 0.2857142985
101343  31.950  19.598  -28.544 0.4285714328
103885  27.254  23.029  -29.781 0.2857142985
102998  30.903  21.208  -28.767 0.2857142985
104709  30.104  22.716  -28.847 0.1428571492
64260  22.214  -15.058  -15.483 0.4285714328
98654  32.300  16.219  -28.113 0.4285714328
100504  31.403  18.462  -28.229 0.2857142985
102166  31.364  20.418  -28.675 0.2857142985
92386  28.206  10.228  -25.546 0.4285714328
93436  30.230  11.607  -26.331 0.5714285970
94547  29.477  12.455  -26.503 0.5714285970
95585  28.645  13.491  -27.154 0.5714285970
100505  30.342  18.398  -28.208 0.2857142985
98677  26.863  17.168  -30.020 0.4285714328
98684  25.213  16.112  -32.563 0.2857142985
99638  27.360  17.788  -29.816 0.2857142985
90464  29.522  8.753  -24.948 0.5714285970
95572  29.012  12.920  -26.714 0.5714285970
95586  27.701  13.625  -27.679 0.5714285970
99632  28.589  17.683  -28.476 0.2857142985
100507  28.370  18.703  -28.937 0.2857142985
71944  29.474  -8.322  -20.901 0.1428571492
70683  29.312  -9.547  -18.999 0.1428571492
73171  30.777  -6.901  -21.212 0.1428571492
91442  27.236  9.356  -26.037 0.2857142985
102169  28.886  20.505  -29.007 0.2857142985
101345  29.937  19.488  -28.278 0.2857142985
92396  26.620  10.079  -26.993 0.2857142985
93439  27.507  11.168  -26.583 0.4285714328
101353  27.743  19.725  -29.962 0.1428571492
93448  26.539  11.271  -27.634 0.4285714328
94549  27.806  11.998  -26.704 0.5714285970
94558  27.156  12.461  -27.671 0.5714285970
94564  26.653  13.018  -28.604 0.4285714328
64261  21.249  -15.202  -15.420 0.2857142985
74370  31.425  -6.348  -21.758 0.1428571492
89509  27.126  7.697  -25.144 0.2857142985
103876  29.092  22.188  -28.948 0.2857142985
104710  29.580  22.855  -28.890 0.2857142985
105617  29.228  24.434  -29.858 0.1428571492
82174  26.581  0.380  -22.824 0.4285714328
84275  26.585  2.580  -23.529 0.2857142985
103893  25.827  22.562  -31.476 0.1428571492
137502  25.394  24.074  -31.384 0.1428571492
101363  25.064  19.950  -33.022 0.1428571492
104736  24.871  23.270  -32.010 0.1428571492
103892  26.466  22.574  -30.781 0.1428571492
102189  25.459  20.565  -32.779 0.1428571492
103027  24.840  21.394  -32.902 0.1428571492
103020  25.609  21.526  -32.200 0.1428571492
103900  24.746  22.532  -32.184 0.1428571492
137506  24.657  25.018  -31.917 0.1428571492
103014  26.429  21.602  -31.464 0.1428571492
103021  25.014  21.771  -32.445 0.1428571492
103895  24.424  23.700  -31.230 0.1428571492
137501  24.612  23.885  -32.040 0.1428571492
103028  24.570  21.455  -32.584 0.1428571492
137500  24.736  23.501  -31.962 0.1428571492
70726  28.011  -9.178  -22.018 0.2857142985
137497  26.332  23.510  -30.602 0.1428571492
137498  26.699  24.636  -30.298 0.1428571492
103901  24.496  22.369  -32.075 0.1428571492
103022  24.097  21.985  -32.025 0.1428571492
66437  23.928  -13.048  -17.373 0.4285714328
66419  24.184  -13.494  -16.662 0.2857142985
67468  24.647  -12.750  -17.685 0.2857142985
67454  25.186  -12.875  -16.970 0.1428571492
65337  23.927  -14.212  -16.123 0.2857142985
95594  27.143  13.561  -28.483 0.4285714328
68473  25.750  -11.772  -18.329 0.2857142985
66420  23.473  -13.923  -16.997 0.4285714328
67467  25.700  -12.287  -17.602 0.1428571492
93430  27.826  10.697  -25.847 0.2857142985
65318  22.705  -14.700  -16.061 0.2857142985
65338  23.347  -14.280  -16.553 0.2857142985
65339  22.586  -14.258  -16.738 0.2857142985
65353  22.776  -13.939  -17.271 0.2857142985
73177  25.404  -7.942  -21.307 0.2857142985
74375  25.052  -6.931  -21.534 0.2857142985
78986  25.933  -2.941  -22.812 0.1428571492
80087  26.049  -2.218  -22.820 0.2857142985
81118  25.534  -0.551  -23.480 0.1428571492
84276  25.590  2.478  -24.479 0.1428571492
86495  26.365  4.305  -24.129 0.1428571492
87539  27.725  5.735  -24.314 0.1428571492
86507  26.634  4.966  -24.529 0.1428571492
88541  27.319  6.264  -24.426 0.1428571492
87549  26.105  5.746  -24.945 0.1428571492
90481  26.457  8.321  -26.520 0.1428571492
92387  27.448  10.224  -25.918 0.1428571492
90494  25.342  8.285  -27.567 0.1428571492
91454  26.777  9.107  -26.559 0.1428571492
95595  26.530  13.573  -29.191 0.1428571492
95604  26.027  13.607  -30.101 0.1428571492
94566  25.308  12.033  -29.299 0.1428571492
95616  25.666  14.257  -30.412 0.1428571492
96612  25.796  14.820  -31.026 0.1428571492
64238  21.272  -15.733  -15.205 0.2857142985
88540  27.908  6.756  -24.371 0.2857142985
88551  26.756  6.774  -24.792 0.1428571492
91455  26.312  9.118  -27.071 0.1428571492
63085  20.913  -15.793  -15.264 0.2857142985
78987  25.276  -2.699  -23.348 0.1428571492
82175  25.770  0.347  -23.326 0.1428571492
82186  25.290  0.371  -24.248 0.1428571492
83231  25.670  1.311  -23.995 0.1428571492
84289  24.700  2.294  -25.180 0.1428571492
84288  24.988  2.944  -25.037 0.1428571492
85358  25.292  3.535  -24.961 0.1428571492
86509  25.130  4.163  -25.552 0.1428571492
89508  27.834  7.770  -24.718 0.1428571492
90482  26.035  7.885  -27.170 0.1428571492
94576  25.456  12.930  -29.703 0.1428571492
94575  26.053  12.944  -29.710 0.1428571492
73178  24.377  -7.573  -21.240 0.2857142985
64259  22.809  -14.965  -15.554 0.2857142985
80102  25.331  -1.679  -23.611 0.1428571492
93464  24.664  11.026  -29.123 0.1428571492
90466  27.487  8.564  -25.359 0.1428571492
65340  21.931  -13.958  -16.589 0.2857142985
75510  24.658  -6.109  -21.936 0.1428571492
87548  26.930  5.778  -24.430 0.1428571492
85360  24.323  2.786  -25.804 0.1428571492
64239  20.052  -15.319  -15.024 0.1428571492
63086  20.589  -15.473  -15.225 0.1428571492
64240  19.653  -14.879  -14.716 0.1428571492
64262  20.433  -14.907  -15.319 0.1428571492
66440  22.002  -13.329  -17.258 0.1428571492
77895  31.498  -3.799  -25.996 0.1428571492
77894  32.523  -3.630  -25.888 0.1428571492
90545  29.530  9.732  -35.191 0.1428571492
61973  20.476  -16.683  -14.436 0.1428571492
66401  20.523  -13.311  -15.817 0.1428571492
66422  21.583  -13.324  -16.854 0.1428571492
66439  22.504  -13.389  -17.454 0.1428571492
66400  21.301  -13.817  -16.231 0.1428571492
68474  22.363  -12.067  -17.980 0.1428571492
89583  29.304  8.331  -34.558 0.1428571492
90554  29.665  10.423  -35.052 0.1428571492
68491  22.482  -11.360  -18.430 0.1428571492
88629  29.014  7.401  -34.763 0.1428571492
77907  32.306  -3.200  -26.856 0.1428571492
70698  23.523  -9.860  -19.922 0.1428571492
63070  20.365  -15.956  -14.869 0.1428571492
64263  19.956  -14.847  -15.122 0.1428571492
67471  21.786  -12.706  -17.442 0.1428571492
65352  23.124  -14.148  -17.142 0.2857142985
66421  22.250  -13.723  -17.043 0.1428571492
69535  27.456  -11.067  -18.266 0.2857142985
69584  27.063  -10.081  -21.104 0.4285714328
69599  26.330  -10.220  -21.441 0.5714285970
70725  28.231  -9.053  -21.563 0.2857142985
71946  27.158  -9.360  -21.815 0.4285714328
71982  27.781  -8.407  -23.216 0.5714285970
74373  28.978  -7.280  -22.896 0.7142857313
74393  26.663  -6.884  -22.082 0.5714285970
74402  29.418  -6.088  -23.954 0.7142857313
74403  29.202  -6.295  -23.789 0.7142857313
75508  26.090  -6.465  -21.761 0.4285714328
75542  30.655  -5.309  -23.704 0.2857142985
76696  31.701  -4.827  -23.572 0.2857142985
76715  30.162  -5.680  -25.010 0.7142857313
76741  30.774  -4.250  -26.049 0.7142857313
77884  31.724  -3.979  -25.332 0.2857142985
79008  32.005  -3.729  -25.493 0.2857142985
79019  31.964  -3.666  -25.750 0.1428571492
79020  31.772  -3.806  -25.692 0.2857142985
79032  30.134  -2.621  -26.149 0.7142857313
80088  25.595  -2.371  -23.108 0.1428571492
80126  30.860  -1.310  -25.875 0.8571428657
80127  30.399  -1.662  -25.392 0.7142857313
80151  31.877  -2.030  -28.800 0.2857142985
81152  30.853  -0.085  -26.564 0.7142857313
81176  32.156  -0.047  -29.564 0.1428571492
82243  30.966  1.141  -31.226 0.1428571492
83213  29.539  1.776  -23.665 0.7142857313
83275  30.700  1.239  -29.433 0.2857142985
84259  29.652  2.368  -23.880 0.8571428657
84271  30.209  2.823  -24.853 0.8571428657
84272  29.837  2.966  -24.360 0.8571428657
84274  27.241  3.086  -23.352 0.5714285970
84300  30.987  2.467  -26.444 0.8571428657
84310  30.686  2.710  -27.838 0.8571428657
84311  30.400  2.918  -28.603 0.8571428657
85334  28.274  3.008  -23.226 0.8571428657
85346  25.917  3.562  -24.137 0.1428571492
85357  30.218  3.544  -24.883 0.8571428657
85369  30.918  3.289  -27.384 0.8571428657
85401  29.845  3.962  -29.892 0.8571428657
86492  29.228  4.948  -24.063 0.8571428657
86506  27.342  5.109  -24.286 0.1428571492
86508  25.683  4.609  -24.898 0.1428571492
87536  30.140  5.899  -24.687 0.8571428657
87547  30.475  5.873  -25.245 0.8571428657
87615  29.406  5.122  -33.704 0.1428571492
88539  29.035  6.682  -24.240 0.8571428657
88550  27.394  7.262  -24.709 0.1428571492
88564  30.657  6.618  -25.698 0.8571428657
89496  30.152  7.310  -24.730 0.7142857313
89530  31.212  8.078  -27.845 0.8571428657
89531  30.882  7.613  -27.269 0.7142857313
89555  31.334  8.484  -29.986 0.8571428657
89573  29.881  6.833  -32.807 0.2857142985
89582  29.853  7.667  -33.505 0.2857142985
90451  30.317  7.811  -24.940 0.8571428657
90452  29.993  8.029  -24.631 0.7142857313
90480  26.975  8.726  -26.019 0.1428571492
90491  31.366  8.944  -27.801 0.8571428657
90493  26.088  8.490  -27.285 0.1428571492
90520  30.950  8.290  -31.020 0.8571428657
90544  29.705  9.435  -34.248 0.4285714328
91441  27.922  9.439  -25.414 0.4285714328
91488  31.658  9.942  -29.526 0.8571428657
91503  31.060  9.425  -32.028 0.8571428657
91512  31.269  10.256  -32.537 0.5714285970
91523  29.843  10.990  -34.686 0.4285714328
92384  29.697  10.592  -25.622 0.5714285970
92385  29.032  10.353  -25.530 0.4285714328
92397  25.984  9.645  -27.339 0.1428571492
92407  31.428  10.928  -27.068 0.5714285970
92409  25.386  10.194  -27.865 0.2857142985
92432  32.346  11.472  -29.553 0.8571428657
92441  32.333  11.650  -30.211 0.8571428657
92449  31.725  10.929  -31.283 0.7142857313
92461  30.541  11.773  -33.927 0.4285714328
93428  29.081  11.122  -25.762 0.4285714328
93437  29.235  11.796  -26.149 0.5714285970
93447  31.768  11.932  -27.382 0.7142857313
93474  32.474  12.197  -29.951 0.8571428657
93483  32.319  12.152  -30.619 0.8571428657
93495  32.163  11.922  -31.137 0.8571428657
93512  31.317  12.112  -32.718 0.5714285970
94548  28.418  12.517  -26.711 0.5714285970
94555  31.500  13.045  -27.384 0.7142857313
94563  32.353  13.212  -28.798 0.8571428657
94567  24.840  11.767  -29.332 0.1428571492
94586  32.236  12.847  -30.502 0.8571428657
94587  32.020  13.098  -30.782 0.7142857313
94597  32.155  12.558  -30.786 0.8571428657
94598  31.938  12.847  -31.045 0.7142857313
94618  31.596  12.830  -32.563 0.7142857313
95571  29.549  13.151  -26.745 0.5714285970
95582  31.456  14.045  -27.561 0.7142857313
95593  32.290  14.095  -28.605 0.7142857313
95605  25.682  13.300  -29.936 0.1428571492
95627  32.448  14.085  -31.181 0.7142857313
95628  32.142  13.436  -30.961 0.7142857313
95648  31.634  13.650  -32.397 0.7142857313
95649  31.334  13.623  -32.983 0.5714285970
95657  30.980  13.655  -33.499 0.5714285970
96588  31.542  14.854  -27.792 0.5714285970
96597  32.271  14.856  -28.374 0.5714285970
96598  28.426  15.239  -28.054 0.5714285970
96621  32.572  14.733  -30.757 0.5714285970
96622  25.309  15.377  -31.738 0.2857142985
96632  32.461  14.807  -31.450 0.5714285970
96633  32.209  14.688  -31.962 0.5714285970
96641  31.750  14.500  -32.375 0.4285714328
96649  31.135  14.267  -33.311 0.4285714328
97563  32.229  15.424  -28.134 0.5714285970
97564  31.879  15.545  -27.818 0.5714285970
97566  30.288  15.580  -27.469 0.7142857313
97575  28.177  15.857  -28.372 0.5714285970
97580  32.583  15.612  -29.470 0.4285714328
97591  32.627  15.577  -31.183 0.5714285970
97602  32.346  15.519  -31.887 0.2857142985
97613  31.556  15.129  -32.912 0.2857142985
97614  31.213  14.929  -33.345 0.1428571492
98657  30.111  16.394  -27.708 0.5714285970
98671  26.825  16.525  -29.769 0.5714285970
98673  24.351  16.128  -31.400 0.1428571492
98679  24.431  15.947  -32.315 0.1428571492
98682  32.584  16.427  -31.695 0.1428571492
98696  32.056  16.363  -33.254 0.1428571492
98697  31.604  15.739  -33.628 0.1428571492
98698  31.105  15.242  -33.656 0.1428571492
99620  32.029  16.952  -27.848 0.4285714328
99623  29.945  16.842  -27.966 0.5714285970
99630  30.331  17.669  -28.080 0.5714285970
99642  33.273  18.111  -30.292 0.1428571492
99647  24.627  16.432  -32.192 0.1428571492
99651  32.956  17.261  -31.402 0.1428571492
99653  24.832  16.389  -32.532 0.1428571492
99658  32.664  17.417  -32.314 0.1428571492
99663  31.743  16.915  -33.633 0.1428571492
100498  31.380  17.795  -27.936 0.4285714328
100511  33.276  18.707  -29.947 0.1428571492
100512  32.954  18.817  -29.261 0.4285714328
100522  33.450  18.751  -31.719 0.1428571492
100527  33.102  18.618  -32.652 0.1428571492
100534  32.093  17.985  -33.689 0.1428571492
101369  24.944  20.382  -33.198 0.1428571492
102174  32.446  20.380  -29.217 0.2857142985
102175  31.867  20.749  -28.986 0.2857142985
102181  33.356  20.392  -30.191 0.1428571492
102193  33.659  20.512  -32.046 0.1428571492
102194  25.068  20.662  -33.213 0.1428571492
102195  24.846  20.751  -33.245 0.1428571492
103004  33.209  20.853  -30.038 0.1428571492
103016  24.512  22.161  -31.264 0.1428571492
103026  25.262  21.210  -32.920 0.1428571492
103032  24.716  21.075  -33.112 0.1428571492
103873  31.371  21.739  -28.931 0.1428571492
103875  29.810  22.160  -28.659 0.2857142985
103881  32.467  22.400  -29.944 0.1428571492
103883  30.908  22.846  -29.342 0.1428571492
103899  25.139  22.584  -31.930 0.1428571492
103906  24.633  21.850  -32.367 0.1428571492
103907  24.393  21.829  -32.330 0.1428571492
104720  29.297  23.455  -29.268 0.2857142985
104727  32.204  23.300  -30.581 0.1428571492
104729  30.911  23.728  -29.855 0.1428571492
104730  25.958  23.162  -31.024 0.1428571492
104734  32.327  23.691  -31.574 0.1428571492
105607  30.103  24.097  -29.761 0.1428571492
105614  31.164  24.294  -30.633 0.1428571492
105616  29.776  24.470  -30.078 0.1428571492
106480  28.066  24.427  -29.647 0.1428571492
106487  29.017  25.074  -30.309 0.1428571492
137256  29.247  4.878  -32.892 0.1428571492
137317  30.381  14.493  -34.536 0.1428571492
137325  30.406  15.221  -34.585 0.1428571492
