#!ascii label  , from subject 3060 vox2ras=TkReg
1166
52215  -6.394  -44.361  64.966 0.0000000000
64715  -31.736  -32.196  53.927 0.0000000000
71175  -33.530  -29.709  49.959 0.0000000000
55534  -25.057  -39.264  55.789 0.0000000000
81970  -40.973  -20.303  41.571 0.0000000000
77010  -35.298  -23.217  43.986 0.0000000000
67217  -31.847  -31.635  60.404 0.0000000000
64665  -27.079  -33.771  57.420 0.0000000000
83063  -47.064  -18.545  44.676 0.0000000000
84189  -50.636  -16.654  41.547 0.0000000000
88535  -54.001  -14.063  39.959 0.0000000000
78033  -34.058  -23.230  54.273 0.0000000000
75814  -31.883  -25.111  46.682 0.0000000000
79309  -37.156  -21.074  50.622 0.0000000000
78121  -41.348  -21.037  47.895 0.0000000000
57878  -17.775  -39.493  56.020 0.0000000000
51103  -4.187  -46.214  66.412 0.0000000000
66063  -34.847  -31.954  52.404 0.0000000000
74498  -34.887  -26.815  56.531 0.0000000000
56765  -20.736  -40.333  51.650 0.0000000000
56809  -24.194  -39.607  50.536 0.0000000000
88581  -52.419  -14.320  33.069 0.0000000000
90902  -56.779  -11.614  36.311 0.0000000000
75864  -39.376  -23.207  43.262 0.0000000000
80651  -43.969  -19.660  47.179 0.0000000000
54270  -8.700  -43.221  61.172 0.0000000000
46334  -0.815  -50.077  64.203 0.0000000000
83083  -48.732  -17.299  43.102 0.0000000000
79279  -35.345  -22.170  52.209 0.0000000000
56703  -15.548  -40.983  54.407 0.0000000000
51113  -5.075  -45.606  65.797 0.0000000000
64797  -33.134  -34.012  50.469 0.0000000000
64734  -34.021  -32.381  53.735 0.0000000000
56745  -22.993  -39.501  53.520 0.0000000000
55598  -23.206  -40.269  51.144 0.0000000000
57926  -24.716  -38.730  53.748 0.0000000000
65988  -29.608  -32.337  55.960 0.0000000000
64727  -26.348  -33.807  53.743 0.0000000000
66060  -29.354  -32.375  52.217 0.0000000000
55496  -24.547  -40.248  57.873 0.0000000000
56705  -22.039  -39.508  55.502 0.0000000000
84229  -47.702  -17.695  36.876 0.0000000000
87466  -50.721  -15.117  34.748 0.0000000000
90879  -55.237  -12.224  38.891 0.0000000000
76980  -33.266  -23.932  45.014 0.0000000000
75861  -37.608  -23.403  43.529 0.0000000000
78124  -42.452  -20.869  48.103 0.0000000000
56652  -13.084  -40.930  58.193 0.0000000000
56610  -11.655  -40.522  60.578 0.0000000000
56580  -10.266  -41.431  62.423 0.0000000000
54280  -9.784  -42.669  59.412 0.0000000000
46362  -2.762  -49.736  63.555 0.0000000000
65971  -32.101  -31.374  57.812 0.0000000000
65990  -34.115  -31.381  56.783 0.0000000000
65941  -33.659  -31.229  59.699 0.0000000000
58942  -26.994  -38.478  59.439 0.0000000000
59980  -25.955  -37.306  56.578 0.0000000000
63457  -27.340  -34.946  60.057 0.0000000000
65936  -29.633  -32.367  59.469 0.0000000000
81961  -43.929  -18.715  43.003 0.0000000000
83114  -46.718  -17.779  41.659 0.0000000000
83143  -48.301  -17.280  40.415 0.0000000000
85223  -49.629  -16.315  38.829 0.0000000000
87451  -51.553  -14.978  37.493 0.0000000000
86293  -52.404  -15.451  40.839 0.0000000000
74599  -33.465  -26.650  52.031 0.0000000000
73462  -31.656  -27.684  49.132 0.0000000000
76907  -33.277  -24.115  50.464 0.0000000000
78117  -34.291  -23.389  48.798 0.0000000000
79366  -36.467  -22.026  47.576 0.0000000000
78179  -38.413  -21.962  46.237 0.0000000000
79336  -38.750  -20.755  49.282 0.0000000000
57847  -17.420  -38.848  58.423 0.0000000000
56682  -14.324  -40.809  56.358 0.0000000000
89759  -57.783  -12.325  32.692 0.0000000000
51092  -2.773  -45.943  66.643 0.0000000000
64820  -34.649  -33.519  48.810 0.0000000000
69965  -34.440  -31.094  50.840 0.0000000000
67289  -36.281  -31.752  55.587 0.0000000000
71113  -35.159  -30.323  54.024 0.0000000000
72287  -34.627  -28.737  52.578 0.0000000000
75682  -33.778  -25.696  55.489 0.0000000000
61103  -25.358  -36.224  53.575 0.0000000000
57864  -20.810  -39.501  57.349 0.0000000000
56721  -19.382  -39.631  53.354 0.0000000000
89727  -52.641  -12.668  36.160 0.0000000000
90915  -53.630  -11.890  34.398 0.0000000000
90924  -56.374  -11.926  33.665 0.0000000000
89730  -59.036  -11.758  35.608 0.0000000000
51144  -6.563  -46.160  62.037 0.0000000000
49940  -4.693  -46.619  62.829 0.0000000000
78243  -39.444  -22.083  43.053 0.0000000000
76964  -40.624  -23.084  46.067 0.0000000000
78194  -41.594  -22.079  45.973 0.0000000000
80689  -42.388  -20.463  45.013 0.0000000000
81890  -45.227  -18.996  46.618 0.0000000000
53203  -7.522  -44.085  62.681 0.0000000000
48740  -3.618  -47.531  64.539 0.0000000000
48726  -2.851  -47.578  65.536 0.0000000000
48723  -1.864  -47.842  65.092 0.0000000000
51120  -5.848  -45.079  65.444 0.0000000000
64753  -31.832  -32.550  52.104 0.0000000000
64754  -32.460  -32.540  52.019 0.0000000000
64733  -33.071  -32.444  53.294 0.0000000000
55549  -24.243  -39.463  55.017 0.0000000000
56747  -24.408  -39.297  54.100 0.0000000000
56749  -24.610  -38.836  54.883 0.0000000000
64684  -30.975  -31.484  55.630 0.0000000000
66017  -29.192  -32.637  53.990 0.0000000000
64714  -30.862  -31.755  53.572 0.0000000000
64772  -30.526  -32.761  51.696 0.0000000000
56674  -26.250  -40.194  57.848 0.0000000000
55483  -26.188  -40.521  58.310 0.0000000000
55512  -24.942  -39.497  56.814 0.0000000000
55531  -23.870  -39.566  56.141 0.0000000000
87465  -50.288  -15.567  35.367 0.0000000000
69980  -34.245  -30.747  49.185 0.0000000000
71199  -33.469  -30.421  48.442 0.0000000000
77009  -34.138  -23.662  43.844 0.0000000000
77034  -33.841  -24.334  42.656 0.0000000000
77037  -36.843  -23.404  43.362 0.0000000000
55477  -12.254  -41.784  58.004 0.0000000000
56627  -11.875  -40.672  59.733 0.0000000000
55456  -11.232  -41.467  59.394 0.0000000000
55455  -10.580  -42.054  59.786 0.0000000000
54292  -10.281  -43.053  58.490 0.0000000000
65938  -32.284  -31.903  59.193 0.0000000000
65957  -33.412  -31.740  58.766 0.0000000000
65908  -32.707  -31.413  60.759 0.0000000000
59936  -27.675  -37.877  61.641 0.0000000000
61016  -27.361  -36.685  59.962 0.0000000000
62208  -27.485  -36.144  61.174 0.0000000000
67187  -30.128  -32.429  61.820 0.0000000000
65920  -29.232  -32.455  60.521 0.0000000000
67215  -30.335  -31.875  59.920 0.0000000000
67252  -30.877  -31.732  58.634 0.0000000000
81941  -45.950  -19.336  44.019 0.0000000000
81962  -45.106  -18.804  43.013 0.0000000000
83081  -46.511  -18.556  43.621 0.0000000000
83118  -50.206  -16.638  42.122 0.0000000000
83116  -48.718  -17.062  41.892 0.0000000000
84187  -49.592  -17.162  40.874 0.0000000000
84219  -49.714  -16.481  39.790 0.0000000000
84220  -50.400  -16.475  40.286 0.0000000000
85225  -51.476  -15.959  40.213 0.0000000000
85195  -51.503  -15.948  41.464 0.0000000000
76870  -33.264  -24.508  52.831 0.0000000000
75759  -33.045  -25.422  51.174 0.0000000000
78061  -33.854  -23.513  52.123 0.0000000000
79280  -36.106  -21.709  51.867 0.0000000000
78096  -35.238  -22.546  50.427 0.0000000000
78119  -35.874  -22.089  49.457 0.0000000000
78138  -35.200  -23.062  48.203 0.0000000000
79353  -36.741  -21.522  48.653 0.0000000000
79354  -37.980  -20.812  48.370 0.0000000000
79310  -38.212  -20.718  50.389 0.0000000000
57862  -18.775  -39.285  57.239 0.0000000000
57828  -18.450  -39.220  59.537 0.0000000000
57861  -17.521  -39.044  57.161 0.0000000000
56683  -14.901  -40.805  55.660 0.0000000000
88593  -58.999  -12.065  33.305 0.0000000000
88594  -59.628  -12.256  32.881 0.0000000000
51094  -3.582  -45.818  66.978 0.0000000000
64777  -34.150  -32.812  51.213 0.0000000000
64819  -34.102  -34.082  49.132 0.0000000000
66099  -34.659  -32.557  50.695 0.0000000000
67380  -34.761  -31.958  49.774 0.0000000000
67360  -34.719  -31.467  52.182 0.0000000000
67266  -34.687  -31.334  57.487 0.0000000000
67276  -35.134  -31.186  56.492 0.0000000000
68516  -35.207  -30.909  57.215 0.0000000000
72232  -35.208  -28.514  56.703 0.0000000000
72233  -35.034  -29.476  56.131 0.0000000000
72258  -35.108  -29.047  54.775 0.0000000000
72273  -34.858  -29.444  53.684 0.0000000000
73360  -34.750  -27.375  55.050 0.0000000000
74555  -33.865  -26.726  53.884 0.0000000000
74518  -34.514  -26.396  55.790 0.0000000000
56808  -23.970  -40.528  49.806 0.0000000000
62245  -26.492  -35.836  57.101 0.0000000000
61072  -25.720  -36.416  56.038 0.0000000000
63489  -25.961  -34.981  55.933 0.0000000000
63536  -25.423  -35.003  51.451 0.0000000000
56657  -22.647  -39.713  58.827 0.0000000000
56723  -21.594  -39.611  54.143 0.0000000000
57915  -21.025  -39.704  54.934 0.0000000000
56742  -20.093  -39.838  52.479 0.0000000000
56741  -18.883  -40.402  52.300 0.0000000000
88533  -52.639  -14.076  38.815 0.0000000000
88555  -51.810  -14.131  36.981 0.0000000000
89705  -53.109  -13.283  38.017 0.0000000000
90893  -56.508  -11.394  37.529 0.0000000000
90900  -54.348  -11.695  36.766 0.0000000000
90909  -55.922  -11.521  35.352 0.0000000000
90916  -55.008  -11.543  34.306 0.0000000000
90910  -57.163  -11.726  35.262 0.0000000000
89748  -57.210  -11.726  34.018 0.0000000000
89729  -58.054  -11.646  35.624 0.0000000000
74657  -31.444  -26.579  47.585 0.0000000000
72350  -31.698  -28.840  46.495 0.0000000000
78259  -39.232  -22.437  41.638 0.0000000000
77060  -39.521  -22.772  42.973 0.0000000000
78141  -40.050  -21.758  47.633 0.0000000000
76963  -39.605  -22.572  45.740 0.0000000000
78164  -41.112  -21.888  47.063 0.0000000000
79357  -43.116  -20.475  47.573 0.0000000000
78181  -42.492  -22.459  46.870 0.0000000000
78196  -42.478  -21.100  46.644 0.0000000000
79400  -41.704  -21.275  45.358 0.0000000000
80660  -43.005  -19.884  46.330 0.0000000000
80675  -43.820  -19.566  45.849 0.0000000000
80652  -44.590  -19.211  46.920 0.0000000000
54258  -9.169  -42.580  61.665 0.0000000000
54234  -8.619  -42.190  62.825 0.0000000000
54233  -8.207  -42.637  62.849 0.0000000000
53204  -8.223  -43.927  62.395 0.0000000000
52242  -7.666  -45.035  61.941 0.0000000000
52251  -8.265  -44.731  60.915 0.0000000000
48765  -4.442  -48.026  62.732 0.0000000000
49916  -4.247  -46.964  63.781 0.0000000000
48764  -4.076  -48.439  63.302 0.0000000000
46336  -2.052  -49.701  64.089 0.0000000000
47610  -2.378  -48.570  64.402 0.0000000000
47609  -2.024  -48.836  64.392 0.0000000000
49875  -2.338  -47.201  65.464 0.0000000000
48738  -1.385  -48.701  64.278 0.0000000000
63408  -28.006  -35.339  62.719 0.0000000000
83052  -48.000  -18.220  45.426 0.0000000000
83064  -48.270  -17.751  44.163 0.0000000000
84138  -48.881  -17.417  44.080 0.0000000000
78062  -34.589  -22.771  52.613 0.0000000000
57912  -17.510  -40.261  53.733 0.0000000000
57898  -16.696  -40.071  54.620 0.0000000000
51105  -5.345  -44.972  66.939 0.0000000000
51104  -4.296  -45.934  66.358 0.0000000000
64796  -32.337  -33.514  50.517 0.0000000000
64776  -33.455  -33.125  51.233 0.0000000000
66062  -34.663  -32.307  52.409 0.0000000000
74482  -34.469  -25.864  57.098 0.0000000000
56744  -22.118  -39.748  53.247 0.0000000000
56790  -22.197  -40.270  51.490 0.0000000000
55582  -22.930  -39.755  51.674 0.0000000000
56792  -23.810  -39.819  51.278 0.0000000000
57956  -24.567  -38.518  52.537 0.0000000000
65968  -28.405  -32.875  57.067 0.0000000000
65985  -26.599  -33.850  55.734 0.0000000000
66001  -27.464  -32.832  55.190 0.0000000000
66058  -27.368  -32.872  52.584 0.0000000000
66113  -28.376  -33.024  49.759 0.0000000000
55495  -23.853  -40.200  58.059 0.0000000000
56672  -22.667  -39.608  57.604 0.0000000000
56687  -23.423  -39.540  56.458 0.0000000000
56724  -22.548  -39.494  54.507 0.0000000000
84216  -47.132  -17.559  37.508 0.0000000000
87467  -51.480  -15.161  33.960 0.0000000000
88529  -54.954  -13.658  41.025 0.0000000000
89693  -54.684  -13.078  39.537 0.0000000000
75824  -32.356  -24.881  45.621 0.0000000000
75883  -38.028  -23.784  41.933 0.0000000000
75863  -38.833  -23.447  42.909 0.0000000000
79314  -42.617  -20.649  49.650 0.0000000000
78122  -41.796  -20.913  48.117 0.0000000000
79316  -43.068  -20.262  48.944 0.0000000000
57824  -14.234  -39.689  59.542 0.0000000000
57823  -13.443  -39.769  59.917 0.0000000000
57773  -12.467  -40.131  62.395 0.0000000000
56595  -11.063  -40.837  61.460 0.0000000000
55412  -10.043  -42.069  61.549 0.0000000000
54271  -9.336  -42.815  60.598 0.0000000000
52259  -8.542  -45.157  59.659 0.0000000000
53225  -8.825  -44.425  59.138 0.0000000000
64685  -32.093  -31.537  55.933 0.0000000000
64701  -33.531  -31.601  55.683 0.0000000000
64670  -33.459  -31.403  57.499 0.0000000000
65958  -33.869  -31.755  58.878 0.0000000000
56676  -26.330  -39.249  57.633 0.0000000000
57903  -26.013  -38.563  56.296 0.0000000000
59961  -26.738  -37.427  58.406 0.0000000000
61029  -26.820  -36.560  58.564 0.0000000000
64647  -27.649  -34.443  58.859 0.0000000000
64619  -27.898  -34.168  61.422 0.0000000000
64648  -28.043  -34.078  59.485 0.0000000000
64656  -28.106  -33.621  58.614 0.0000000000
65969  -29.798  -32.263  57.235 0.0000000000
65970  -30.998  -31.447  57.419 0.0000000000
57830  -27.519  -39.805  60.226 0.0000000000
81960  -42.676  -19.426  43.304 0.0000000000
81972  -42.845  -19.182  41.598 0.0000000000
81973  -43.948  -18.622  41.643 0.0000000000
83112  -44.576  -18.337  40.906 0.0000000000
83127  -45.203  -17.839  40.037 0.0000000000
83100  -48.183  -17.483  42.549 0.0000000000
83129  -47.523  -17.504  40.928 0.0000000000
83142  -47.237  -17.174  39.874 0.0000000000
84217  -47.925  -17.305  38.148 0.0000000000
85222  -49.072  -16.654  38.075 0.0000000000
85236  -49.645  -16.282  37.845 0.0000000000
87458  -50.297  -15.543  36.905 0.0000000000
86303  -51.029  -15.968  38.405 0.0000000000
86304  -51.588  -15.613  39.330 0.0000000000
87443  -53.060  -14.614  40.255 0.0000000000
85196  -52.196  -15.634  41.729 0.0000000000
87437  -54.137  -14.349  41.066 0.0000000000
73437  -33.334  -28.163  51.044 0.0000000000
72317  -32.690  -28.740  49.836 0.0000000000
73447  -32.564  -27.612  50.406 0.0000000000
74630  -32.144  -26.090  49.761 0.0000000000
75796  -32.461  -25.144  48.716 0.0000000000
78073  -34.132  -23.496  51.007 0.0000000000
76917  -33.524  -23.965  49.387 0.0000000000
76940  -32.793  -24.706  47.649 0.0000000000
76941  -33.921  -24.080  47.207 0.0000000000
78176  -34.958  -22.959  46.507 0.0000000000
78191  -35.639  -22.734  45.968 0.0000000000
76983  -36.875  -22.651  44.930 0.0000000000
78178  -37.231  -22.075  46.468 0.0000000000
79368  -38.532  -21.100  47.614 0.0000000000
79337  -39.971  -21.136  49.059 0.0000000000
79284  -40.845  -20.262  50.568 0.0000000000
79313  -41.943  -20.572  49.647 0.0000000000
57826  -16.352  -39.174  59.542 0.0000000000
57877  -16.162  -39.731  55.889 0.0000000000
57859  -15.323  -39.446  57.602 0.0000000000
57858  -14.400  -39.760  57.742 0.0000000000
56653  -13.741  -40.381  57.928 0.0000000000
68601  -34.889  -31.763  49.534 0.0000000000
69951  -34.212  -30.273  50.972 0.0000000000
64718  -34.011  -31.671  55.082 0.0000000000
66020  -35.441  -32.139  54.659 0.0000000000
67327  -36.366  -32.084  53.827 0.0000000000
69911  -35.163  -31.002  54.964 0.0000000000
68566  -35.337  -31.107  53.563 0.0000000000
69932  -35.408  -30.238  52.855 0.0000000000
71149  -34.861  -29.581  51.804 0.0000000000
72311  -34.297  -29.188  50.963 0.0000000000
73415  -33.802  -27.461  52.446 0.0000000000
74554  -33.613  -26.363  53.549 0.0000000000
76845  -33.674  -24.265  54.712 0.0000000000
76807  -34.181  -24.821  56.665 0.0000000000
78005  -34.235  -23.547  56.220 0.0000000000
58977  -24.568  -37.738  55.269 0.0000000000
58985  -24.505  -37.747  53.892 0.0000000000
59000  -24.638  -37.923  52.381 0.0000000000
62284  -25.610  -35.233  53.544 0.0000000000
61125  -24.709  -36.366  52.185 0.0000000000
56655  -20.667  -39.581  59.183 0.0000000000
57863  -19.831  -39.371  57.286 0.0000000000
57882  -21.425  -39.639  56.542 0.0000000000
57880  -20.130  -39.426  56.381 0.0000000000
57900  -19.462  -39.586  55.363 0.0000000000
57925  -18.304  -40.281  53.198 0.0000000000
88563  -51.132  -14.419  36.245 0.0000000000
88564  -51.357  -13.725  35.913 0.0000000000
89744  -52.183  -13.428  34.522 0.0000000000
90891  -54.031  -12.204  37.812 0.0000000000
90907  -53.558  -12.094  35.783 0.0000000000
89745  -52.728  -13.032  33.665 0.0000000000
89747  -54.405  -12.612  32.834 0.0000000000
89757  -55.040  -13.043  32.418 0.0000000000
89767  -55.655  -13.349  31.848 0.0000000000
89758  -56.452  -12.331  32.840 0.0000000000
88582  -58.779  -11.840  34.411 0.0000000000
52233  -6.733  -45.253  62.569 0.0000000000
51135  -5.217  -45.953  63.064 0.0000000000
49965  -5.666  -46.508  62.314 0.0000000000
72335  -32.128  -29.213  47.889 0.0000000000
80710  -40.583  -20.546  42.619 0.0000000000
77013  -38.076  -23.253  44.674 0.0000000000
75826  -38.903  -23.094  44.443 0.0000000000
75828  -39.971  -22.757  44.649 0.0000000000
76945  -42.047  -23.238  47.215 0.0000000000
76988  -40.838  -23.041  45.302 0.0000000000
77015  -40.650  -22.650  44.744 0.0000000000
78226  -40.533  -22.035  44.502 0.0000000000
79415  -41.423  -20.916  44.533 0.0000000000
81959  -41.926  -19.969  43.719 0.0000000000
81939  -43.554  -19.525  44.575 0.0000000000
81918  -44.512  -19.407  45.279 0.0000000000
81905  -46.248  -18.775  45.491 0.0000000000
53178  -7.111  -43.690  65.363 0.0000000000
54226  -7.167  -42.782  64.318 0.0000000000
52234  -6.868  -44.429  62.898 0.0000000000
52241  -7.109  -45.618  62.091 0.0000000000
51153  -7.178  -45.619  60.809 0.0000000000
49917  -4.734  -46.234  64.159 0.0000000000
49897  -4.122  -46.610  64.716 0.0000000000
49876  -3.673  -46.824  65.724 0.0000000000
47626  -3.313  -48.965  63.648 0.0000000000
48727  -3.019  -47.488  65.267 0.0000000000
49856  -3.446  -46.782  66.057 0.0000000000
48711  -2.989  -47.152  65.973 0.0000000000
49853  -2.279  -46.381  65.844 0.0000000000
46359  -0.344  -50.071  64.247 0.0000000000
49895  -1.297  -47.730  64.116 0.0000000000
51126  -5.684  -45.146  64.279 0.0000000000
64732  -32.222  -32.546  53.128 0.0000000000
64716  -32.633  -32.336  54.240 0.0000000000
55533  -24.763  -39.387  55.796 0.0000000000
55550  -24.506  -39.195  54.993 0.0000000000
56728  -24.773  -39.026  55.220 0.0000000000
64699  -31.979  -31.925  54.953 0.0000000000
64698  -31.088  -31.561  54.566 0.0000000000
64731  -31.426  -32.265  52.933 0.0000000000
56688  -25.866  -39.575  57.080 0.0000000000
55498  -25.639  -39.797  57.451 0.0000000000
55513  -25.307  -39.398  56.512 0.0000000000
55532  -24.367  -39.511  56.042 0.0000000000
86338  -49.933  -16.323  35.671 0.0000000000
71188  -33.766  -30.458  49.827 0.0000000000
69979  -33.888  -30.451  48.740 0.0000000000
71187  -33.293  -30.082  49.381 0.0000000000
77035  -35.017  -23.724  42.977 0.0000000000
77036  -36.002  -23.480  43.242 0.0000000000
77057  -36.458  -23.669  42.809 0.0000000000
54293  -11.192  -42.564  58.080 0.0000000000
55476  -11.758  -41.508  58.606 0.0000000000
54281  -10.558  -42.313  58.994 0.0000000000
67236  -31.891  -31.785  59.779 0.0000000000
65921  -32.392  -31.899  59.737 0.0000000000
67218  -32.288  -31.472  60.829 0.0000000000
60985  -28.096  -37.198  62.026 0.0000000000
60994  -27.805  -37.066  61.312 0.0000000000
62182  -28.043  -36.422  62.441 0.0000000000
67201  -30.997  -31.910  61.220 0.0000000000
67200  -30.132  -32.124  60.950 0.0000000000
67216  -31.124  -31.525  60.276 0.0000000000
67235  -31.398  -31.701  59.367 0.0000000000
59925  -27.827  -37.933  62.363 0.0000000000
83062  -46.362  -19.045  44.407 0.0000000000
84178  -50.306  -16.683  41.783 0.0000000000
83132  -49.941  -16.752  41.724 0.0000000000
84188  -50.084  -16.848  41.318 0.0000000000
84202  -49.940  -16.758  40.611 0.0000000000
84203  -50.718  -16.670  40.909 0.0000000000
84204  -51.113  -16.455  41.321 0.0000000000
76856  -33.409  -24.342  53.892 0.0000000000
78047  -33.824  -23.427  53.218 0.0000000000
79281  -36.925  -21.323  51.587 0.0000000000
79308  -36.111  -21.599  50.835 0.0000000000
79334  -36.445  -21.373  49.855 0.0000000000
79335  -37.494  -20.890  49.514 0.0000000000
88584  -59.799  -12.508  34.080 0.0000000000
88585  -60.428  -12.534  33.866 0.0000000000
51096  -4.788  -45.219  67.313 0.0000000000
51095  -4.033  -45.785  66.882 0.0000000000
51088  -4.023  -45.372  67.427 0.0000000000
66081  -34.477  -32.233  51.584 0.0000000000
66082  -34.565  -31.929  51.277 0.0000000000
67267  -35.067  -31.032  57.554 0.0000000000
68505  -34.911  -30.597  58.505 0.0000000000
73340  -35.077  -27.828  56.209 0.0000000000
72245  -35.073  -28.791  55.725 0.0000000000
73361  -34.962  -28.128  55.347 0.0000000000
74519  -35.014  -27.262  55.759 0.0000000000
57936  -20.316  -40.654  51.435 0.0000000000
56788  -20.747  -41.203  50.935 0.0000000000
63470  -26.793  -34.968  57.753 0.0000000000
63478  -26.300  -35.121  56.737 0.0000000000
64664  -26.433  -34.230  56.898 0.0000000000
56743  -21.164  -40.020  52.941 0.0000000000
56722  -20.566  -39.582  53.722 0.0000000000
56764  -19.801  -40.677  51.574 0.0000000000
88534  -53.174  -13.880  39.100 0.0000000000
88546  -53.135  -13.499  38.461 0.0000000000
89692  -54.015  -13.651  39.204 0.0000000000
90901  -55.577  -11.301  36.556 0.0000000000
90911  -57.643  -11.692  35.617 0.0000000000
90903  -57.633  -11.746  36.086 0.0000000000
75804  -31.610  -26.033  47.515 0.0000000000
73498  -31.416  -27.628  46.972 0.0000000000
74667  -31.566  -26.375  46.301 0.0000000000
75884  -38.688  -23.826  41.844 0.0000000000
77038  -38.934  -23.287  42.524 0.0000000000
77059  -38.955  -23.093  42.053 0.0000000000
77039  -39.489  -23.060  43.074 0.0000000000
78120  -40.532  -21.318  48.146 0.0000000000
78163  -40.661  -22.054  46.941 0.0000000000
78142  -40.989  -21.565  47.341 0.0000000000
79370  -43.453  -20.060  47.428 0.0000000000
79369  -42.871  -20.521  47.076 0.0000000000
79381  -43.145  -19.830  46.864 0.0000000000
79390  -42.692  -20.278  46.472 0.0000000000
79391  -42.905  -20.047  46.809 0.0000000000
80661  -43.592  -19.683  46.522 0.0000000000
54245  -8.784  -42.489  62.389 0.0000000000
54257  -8.539  -43.059  61.790 0.0000000000
54244  -8.386  -43.272  62.196 0.0000000000
53210  -8.539  -43.881  61.586 0.0000000000
52243  -8.214  -44.401  61.738 0.0000000000
46335  -1.583  -49.783  64.192 0.0000000000
47608  -1.591  -48.940  64.296 0.0000000000
47588  -1.898  -48.444  64.655 0.0000000000
79232  -35.640  -21.523  54.101 0.0000000000
57911  -16.737  -40.617  53.764 0.0000000000
51114  -5.966  -45.061  66.456 0.0000000000
51106  -5.875  -44.710  66.870 0.0000000000
64755  -33.315  -32.569  52.194 0.0000000000
64756  -34.065  -32.516  52.368 0.0000000000
66039  -34.765  -31.975  53.516 0.0000000000
56767  -22.564  -39.750  52.211 0.0000000000
56770  -24.457  -39.229  53.209 0.0000000000
56769  -24.098  -39.546  52.806 0.0000000000
56793  -24.233  -39.287  52.042 0.0000000000
57937  -24.574  -38.880  52.930 0.0000000000
65987  -28.061  -32.663  56.038 0.0000000000
66002  -28.628  -32.407  55.049 0.0000000000
64712  -29.657  -32.563  53.369 0.0000000000
66037  -28.111  -32.352  53.335 0.0000000000
66059  -28.269  -32.213  52.444 0.0000000000
66077  -27.680  -32.830  51.903 0.0000000000
66078  -28.340  -32.250  51.608 0.0000000000
66079  -29.315  -32.295  51.283 0.0000000000
66097  -30.260  -32.824  50.143 0.0000000000
55497  -25.190  -40.080  57.689 0.0000000000
55482  -25.424  -40.427  58.672 0.0000000000
55481  -24.568  -40.410  58.921 0.0000000000
56673  -23.383  -39.625  57.376 0.0000000000
55510  -23.945  -39.690  57.210 0.0000000000
56725  -23.458  -39.543  54.983 0.0000000000
56707  -23.449  -39.559  55.806 0.0000000000
76958  -33.117  -24.380  46.404 0.0000000000
75839  -32.478  -25.071  44.477 0.0000000000
75882  -36.995  -23.884  42.360 0.0000000000
75862  -38.132  -23.551  43.133 0.0000000000
80593  -43.285  -20.904  50.227 0.0000000000
79315  -42.889  -20.511  49.498 0.0000000000
80617  -43.988  -19.845  48.573 0.0000000000
56629  -13.151  -40.131  58.951 0.0000000000
56611  -12.265  -40.245  60.178 0.0000000000
57803  -12.238  -40.257  61.191 0.0000000000
57772  -11.605  -40.418  62.337 0.0000000000
55433  -10.217  -42.120  60.510 0.0000000000
53218  -9.172  -43.539  59.620 0.0000000000
64668  -32.084  -31.076  56.871 0.0000000000
64669  -32.849  -31.266  57.207 0.0000000000
65972  -32.857  -31.362  58.042 0.0000000000
65940  -33.287  -31.725  59.500 0.0000000000
57866  -26.603  -38.927  58.246 0.0000000000
58947  -27.045  -38.376  58.700 0.0000000000
62218  -27.316  -35.985  60.297 0.0000000000
61015  -27.182  -36.886  59.267 0.0000000000
62217  -27.302  -35.672  59.667 0.0000000000
62226  -27.295  -35.950  59.001 0.0000000000
63456  -27.305  -35.000  59.324 0.0000000000
64603  -28.454  -33.956  62.879 0.0000000000
64620  -28.174  -34.544  62.163 0.0000000000
65906  -28.416  -33.297  60.875 0.0000000000
65919  -28.499  -33.029  59.978 0.0000000000
65935  -28.823  -32.905  58.994 0.0000000000
65952  -28.898  -32.857  58.035 0.0000000000
65953  -30.030  -31.854  58.405 0.0000000000
65954  -31.390  -31.652  58.371 0.0000000000
64667  -31.291  -31.250  56.441 0.0000000000
58922  -27.162  -38.612  61.239 0.0000000000
57851  -27.072  -39.239  59.344 0.0000000000
56661  -26.675  -39.733  58.499 0.0000000000
83098  -45.874  -18.148  42.656 0.0000000000
83097  -44.806  -18.300  42.142 0.0000000000
83113  -45.556  -17.870  41.356 0.0000000000
83082  -47.636  -17.944  43.461 0.0000000000
83130  -48.524  -17.401  41.232 0.0000000000
84199  -47.185  -17.347  38.651 0.0000000000
84200  -48.090  -17.004  39.381 0.0000000000
84218  -48.822  -16.785  38.888 0.0000000000
86317  -50.343  -16.010  37.911 0.0000000000
85237  -50.195  -16.047  38.547 0.0000000000
85226  -51.902  -15.716  40.737 0.0000000000
86305  -52.209  -15.352  40.214 0.0000000000
86306  -52.699  -15.187  40.654 0.0000000000
86295  -53.727  -14.888  41.448 0.0000000000
73424  -33.420  -26.940  51.511 0.0000000000
73436  -33.282  -27.135  51.030 0.0000000000
76906  -33.024  -24.827  51.005 0.0000000000
74614  -32.453  -25.528  50.179 0.0000000000
75774  -32.541  -25.159  50.150 0.0000000000
75786  -32.514  -25.088  49.733 0.0000000000
75776  -32.806  -24.352  49.830 0.0000000000
79263  -35.304  -22.293  53.024 0.0000000000
78074  -34.769  -22.754  51.613 0.0000000000
78118  -35.254  -22.978  49.218 0.0000000000
78095  -34.195  -23.274  49.864 0.0000000000
76927  -33.518  -24.198  48.378 0.0000000000
78137  -34.425  -23.479  47.802 0.0000000000
78159  -35.637  -22.438  47.672 0.0000000000
78158  -35.035  -22.815  47.321 0.0000000000
76960  -35.065  -23.110  45.752 0.0000000000
78177  -36.006  -22.454  46.787 0.0000000000
78192  -36.462  -22.516  45.793 0.0000000000
79378  -36.673  -22.116  46.976 0.0000000000
79355  -39.285  -21.160  48.221 0.0000000000
80570  -41.166  -20.098  51.462 0.0000000000
79285  -41.414  -20.255  50.590 0.0000000000
79286  -42.441  -20.690  50.416 0.0000000000
57827  -17.370  -39.049  59.508 0.0000000000
57846  -16.296  -38.901  58.513 0.0000000000
57897  -15.858  -40.170  54.942 0.0000000000
56684  -15.416  -40.520  55.165 0.0000000000
57876  -15.154  -39.815  56.533 0.0000000000
57875  -14.490  -39.997  56.991 0.0000000000
56669  -13.835  -40.781  57.089 0.0000000000
52206  -2.566  -45.572  66.533 0.0000000000
66134  -35.240  -32.804  48.428 0.0000000000
68587  -34.556  -31.257  51.297 0.0000000000
68594  -34.480  -31.545  50.143 0.0000000000
69964  -34.097  -30.818  50.339 0.0000000000
64702  -33.878  -31.387  56.169 0.0000000000
66004  -34.323  -31.299  55.842 0.0000000000
67288  -35.722  -32.104  55.781 0.0000000000
66005  -34.770  -31.231  55.733 0.0000000000
67307  -36.329  -32.310  54.676 0.0000000000
72246  -34.973  -29.675  55.199 0.0000000000
71099  -34.922  -30.335  55.542 0.0000000000
71106  -34.988  -30.388  54.710 0.0000000000
68557  -35.661  -31.413  54.354 0.0000000000
69926  -35.321  -30.608  53.663 0.0000000000
68573  -35.110  -30.863  52.966 0.0000000000
71121  -35.394  -30.250  53.503 0.0000000000
72272  -34.551  -28.947  53.231 0.0000000000
72288  -34.959  -29.404  52.778 0.0000000000
72302  -35.183  -29.210  52.285 0.0000000000
72301  -34.972  -29.029  51.688 0.0000000000
73426  -34.558  -28.036  52.024 0.0000000000
73416  -34.109  -28.051  52.723 0.0000000000
75698  -33.646  -25.926  54.705 0.0000000000
75697  -33.547  -25.210  54.389 0.0000000000
75681  -33.667  -24.991  55.073 0.0000000000
75654  -34.422  -25.386  57.660 0.0000000000
75653  -34.297  -25.393  57.064 0.0000000000
76809  -34.442  -24.544  57.711 0.0000000000
78019  -34.064  -23.535  55.735 0.0000000000
55597  -22.324  -40.735  50.547 0.0000000000
58963  -26.218  -38.059  56.650 0.0000000000
58969  -25.536  -37.956  56.054 0.0000000000
58970  -25.681  -37.535  56.285 0.0000000000
61087  -25.440  -36.357  54.974 0.0000000000
59992  -24.764  -36.948  54.497 0.0000000000
60000  -24.737  -37.086  53.133 0.0000000000
66000  -26.643  -33.520  55.267 0.0000000000
64711  -26.224  -34.029  54.661 0.0000000000
63522  -25.875  -34.437  53.105 0.0000000000
57850  -20.418  -39.474  58.116 0.0000000000
56685  -21.935  -39.637  56.719 0.0000000000
57902  -21.337  -39.673  55.974 0.0000000000
57914  -19.970  -39.604  54.556 0.0000000000
57901  -20.502  -39.665  55.629 0.0000000000
57913  -18.745  -39.565  54.185 0.0000000000
87450  -50.764  -15.626  37.459 0.0000000000
87459  -50.976  -15.087  36.667 0.0000000000
87460  -51.468  -14.724  36.942 0.0000000000
89717  -52.162  -13.513  37.034 0.0000000000
89726  -52.047  -13.325  36.484 0.0000000000
89735  -52.028  -13.258  35.446 0.0000000000
89707  -54.534  -12.363  38.608 0.0000000000
90908  -54.656  -11.521  35.510 0.0000000000
89736  -52.647  -12.557  34.963 0.0000000000
90921  -53.496  -12.372  33.583 0.0000000000
90922  -54.205  -12.020  33.438 0.0000000000
90923  -55.393  -12.103  33.314 0.0000000000
90928  -55.727  -12.368  32.888 0.0000000000
89738  -58.291  -11.717  34.791 0.0000000000
88573  -58.944  -11.739  34.862 0.0000000000
88574  -59.470  -12.062  35.171 0.0000000000
73480  -31.642  -28.558  48.362 0.0000000000
72325  -32.495  -29.230  48.958 0.0000000000
78242  -39.153  -22.555  42.270 0.0000000000
78260  -39.491  -21.551  42.164 0.0000000000
79447  -39.836  -21.100  41.968 0.0000000000
79430  -40.066  -20.911  42.932 0.0000000000
76961  -37.876  -22.386  45.811 0.0000000000
76984  -37.842  -22.884  45.161 0.0000000000
76986  -39.357  -22.776  44.890 0.0000000000
75827  -39.462  -22.883  44.435 0.0000000000
76987  -40.029  -22.782  45.156 0.0000000000
78123  -42.139  -20.992  47.971 0.0000000000
78144  -42.220  -22.002  47.186 0.0000000000
78195  -42.060  -21.946  46.484 0.0000000000
76966  -42.226  -22.991  46.602 0.0000000000
76989  -41.593  -22.552  46.080 0.0000000000
77016  -41.279  -22.794  45.328 0.0000000000
78209  -40.970  -22.338  44.866 0.0000000000
78210  -41.333  -22.084  45.478 0.0000000000
79401  -42.332  -20.750  45.708 0.0000000000
79416  -41.941  -20.823  45.252 0.0000000000
80688  -41.800  -20.380  44.265 0.0000000000
81937  -42.194  -20.183  44.407 0.0000000000
81938  -42.588  -19.870  44.426 0.0000000000
80690  -42.956  -20.073  44.966 0.0000000000
81903  -44.363  -19.369  46.034 0.0000000000
81904  -45.285  -19.140  45.929 0.0000000000
81919  -45.657  -19.085  44.870 0.0000000000
53196  -7.578  -43.215  63.036 0.0000000000
54227  -7.788  -42.346  64.044 0.0000000000
53187  -7.083  -42.946  63.736 0.0000000000
53195  -6.887  -43.634  63.306 0.0000000000
52250  -7.794  -45.316  60.729 0.0000000000
51161  -6.784  -46.096  59.995 0.0000000000
51125  -5.184  -45.793  63.723 0.0000000000
48741  -4.112  -47.466  64.159 0.0000000000
49877  -4.061  -46.429  65.674 0.0000000000
49896  -3.659  -46.823  65.192 0.0000000000
46381  -3.149  -50.328  63.009 0.0000000000
46363  -3.362  -49.646  63.271 0.0000000000
47591  -2.679  -47.845  64.775 0.0000000000
48713  -3.207  -47.195  65.857 0.0000000000
48712  -2.997  -47.420  66.156 0.0000000000
49855  -2.882  -46.814  66.139 0.0000000000
49874  -1.937  -46.878  65.383 0.0000000000
51101  -2.065  -46.122  65.820 0.0000000000
47632  -0.332  -49.443  64.004 0.0000000000
47625  -0.586  -49.235  64.128 0.0000000000
64774  -32.123  -33.146  51.413 0.0000000000
56726  -23.890  -39.568  54.849 0.0000000000
56746  -23.853  -39.470  53.990 0.0000000000
55565  -24.228  -39.411  54.429 0.0000000000
56748  -24.836  -39.031  54.154 0.0000000000
64683  -30.282  -31.728  55.106 0.0000000000
66003  -29.603  -32.085  54.766 0.0000000000
64713  -30.110  -32.393  53.647 0.0000000000
64729  -30.001  -32.591  53.048 0.0000000000
64751  -30.163  -32.695  52.411 0.0000000000
64730  -30.553  -32.231  52.877 0.0000000000
64752  -31.008  -32.529  52.224 0.0000000000
56660  -26.754  -40.514  58.488 0.0000000000
56659  -26.528  -40.521  58.270 0.0000000000
55511  -24.462  -39.583  57.051 0.0000000000
55548  -23.962  -39.586  55.407 0.0000000000
84230  -48.373  -17.075  37.548 0.0000000000
69997  -34.559  -31.121  48.507 0.0000000000
77008  -33.081  -24.329  43.671 0.0000000000
56651  -12.439  -40.939  58.700 0.0000000000
56650  -11.915  -40.938  59.141 0.0000000000
55434  -10.857  -41.420  60.472 0.0000000000
53226  -9.437  -43.834  58.461 0.0000000000
65955  -32.265  -31.675  58.542 0.0000000000
65956  -32.899  -31.720  58.707 0.0000000000
65939  -32.872  -31.925  59.324 0.0000000000
65923  -33.139  -31.263  60.373 0.0000000000
59944  -27.260  -37.755  60.820 0.0000000000
59953  -27.189  -37.349  59.998 0.0000000000
63441  -27.207  -35.051  60.972 0.0000000000
65907  -28.941  -33.128  61.731 0.0000000000
67234  -30.612  -31.817  59.066 0.0000000000
65937  -31.798  -31.810  58.841 0.0000000000
81940  -44.949  -19.111  44.046 0.0000000000
83080  -45.753  -19.045  43.377 0.0000000000
83102  -49.550  -16.774  42.536 0.0000000000
83101  -48.847  -16.945  42.372 0.0000000000
83117  -49.496  -16.732  41.984 0.0000000000
83131  -49.402  -17.114  41.430 0.0000000000
83144  -49.065  -17.399  40.811 0.0000000000
84201  -49.109  -17.026  40.141 0.0000000000
85224  -50.640  -16.209  39.498 0.0000000000
85208  -50.972  -16.370  40.374 0.0000000000
85209  -51.426  -16.160  40.909 0.0000000000
85210  -52.148  -15.613  41.218 0.0000000000
75735  -33.354  -25.678  52.472 0.0000000000
74598  -33.300  -26.349  51.323 0.0000000000
75760  -33.314  -25.774  51.712 0.0000000000
76888  -33.281  -24.679  51.582 0.0000000000
79307  -35.480  -22.098  51.382 0.0000000000
78139  -35.755  -22.234  48.457 0.0000000000
57829  -19.238  -39.236  59.248 0.0000000000
57848  -18.555  -38.971  58.347 0.0000000000
55494  -13.751  -41.528  56.380 0.0000000000
89760  -58.595  -12.409  32.250 0.0000000000
89761  -59.128  -12.461  31.905 0.0000000000
88601  -59.775  -12.341  31.954 0.0000000000
51093  -3.175  -45.796  67.046 0.0000000000
64798  -33.630  -33.377  50.102 0.0000000000
64799  -34.557  -33.489  50.068 0.0000000000
66117  -35.181  -33.016  49.713 0.0000000000
66100  -34.702  -32.162  50.207 0.0000000000
67372  -34.556  -31.717  50.781 0.0000000000
65991  -34.467  -31.303  56.878 0.0000000000
67277  -35.252  -31.376  56.250 0.0000000000
72219  -35.157  -29.221  57.195 0.0000000000
72259  -34.922  -29.851  54.336 0.0000000000
72274  -35.094  -29.990  53.734 0.0000000000
73381  -34.695  -28.417  54.529 0.0000000000
73401  -34.469  -28.582  53.833 0.0000000000
73400  -34.082  -28.151  53.409 0.0000000000
73380  -34.332  -27.679  54.291 0.0000000000
74534  -34.046  -26.703  54.931 0.0000000000
77992  -34.766  -23.196  58.108 0.0000000000
55614  -23.468  -40.177  50.528 0.0000000000
61058  -26.132  -36.574  56.724 0.0000000000
61073  -25.659  -36.927  56.334 0.0000000000
62254  -26.276  -36.146  56.732 0.0000000000
62262  -25.764  -35.695  55.470 0.0000000000
64749  -26.493  -33.566  52.762 0.0000000000
56670  -21.072  -39.620  58.339 0.0000000000
87452  -52.030  -14.658  38.144 0.0000000000
88544  -51.976  -14.411  37.680 0.0000000000
88545  -52.451  -13.856  38.131 0.0000000000
88556  -52.249  -13.620  37.362 0.0000000000
89718  -52.699  -13.174  37.225 0.0000000000
90892  -55.193  -11.727  37.880 0.0000000000
90917  -56.166  -11.750  34.353 0.0000000000
90918  -56.899  -11.703  34.399 0.0000000000
89737  -57.530  -11.683  34.851 0.0000000000
51152  -6.509  -46.193  60.852 0.0000000000
49990  -5.913  -47.162  61.098 0.0000000000
73479  -30.848  -27.767  48.137 0.0000000000
72334  -31.565  -28.535  47.516 0.0000000000
78162  -39.558  -22.068  46.610 0.0000000000
78180  -39.084  -22.172  45.979 0.0000000000
76943  -40.342  -22.494  46.387 0.0000000000
76944  -41.531  -22.430  46.733 0.0000000000
78146  -42.675  -20.888  47.301 0.0000000000
78166  -42.459  -22.507  47.106 0.0000000000
78167  -42.260  -21.575  47.020 0.0000000000
78182  -42.395  -21.406  46.927 0.0000000000
78211  -42.014  -21.447  45.909 0.0000000000
79389  -42.427  -20.990  46.168 0.0000000000
79402  -42.515  -20.461  46.018 0.0000000000
80674  -42.938  -19.960  45.744 0.0000000000
80662  -44.606  -19.236  46.427 0.0000000000
55393  -9.626  -42.024  62.429 0.0000000000
55375  -9.168  -41.856  63.220 0.0000000000
52258  -8.168  -45.446  60.165 0.0000000000
49939  -4.270  -47.339  63.235 0.0000000000
48751  -4.269  -47.791  63.602 0.0000000000
48750  -4.128  -48.250  64.010 0.0000000000
46361  -2.289  -49.945  63.824 0.0000000000
46337  -2.399  -49.192  63.984 0.0000000000
47590  -2.382  -47.928  64.884 0.0000000000
48725  -2.657  -47.552  65.430 0.0000000000
47589  -1.819  -48.272  64.921 0.0000000000
48724  -1.869  -48.044  64.881 0.0000000000
67188  -30.520  -31.770  62.314 0.0000000000
83065  -48.993  -17.292  43.616 0.0000000000
83119  -50.555  -16.889  42.083 0.0000000000
84179  -50.614  -16.601  42.009 0.0000000000
84190  -51.103  -16.379  41.751 0.0000000000
78034  -34.553  -22.554  54.002 0.0000000000
78048  -34.560  -22.710  53.477 0.0000000000
79246  -35.055  -22.101  53.726 0.0000000000
79247  -35.881  -21.807  53.368 0.0000000000
79264  -36.104  -21.960  52.681 0.0000000000
79265  -36.770  -21.488  52.407 0.0000000000
79282  -37.837  -20.882  51.417 0.0000000000
57899  -18.204  -39.661  55.040 0.0000000000
64775  -32.857  -33.382  51.358 0.0000000000
56766  -21.726  -40.077  52.097 0.0000000000
56789  -21.532  -40.604  51.105 0.0000000000
55581  -22.675  -40.143  51.421 0.0000000000
56768  -23.372  -39.635  52.229 0.0000000000
55599  -23.521  -40.019  51.078 0.0000000000
65967  -27.463  -33.214  56.658 0.0000000000
64682  -26.765  -33.646  56.661 0.0000000000
66015  -26.878  -33.244  54.435 0.0000000000
66016  -27.886  -32.663  54.255 0.0000000000
66036  -27.129  -33.047  53.510 0.0000000000
64771  -26.858  -33.420  51.740 0.0000000000
66061  -29.900  -32.692  51.770 0.0000000000
56658  -23.304  -39.782  58.223 0.0000000000
56686  -22.763  -39.554  56.552 0.0000000000
56706  -22.971  -39.538  55.636 0.0000000000
84198  -46.386  -17.485  37.944 0.0000000000
88580  -52.017  -14.190  33.841 0.0000000000
88528  -54.566  -13.693  40.378 0.0000000000
89681  -54.922  -13.301  40.357 0.0000000000
90894  -57.768  -11.839  37.202 0.0000000000
74668  -31.922  -25.539  45.952 0.0000000000
74680  -31.964  -25.844  45.246 0.0000000000
79339  -42.282  -20.619  49.109 0.0000000000
79340  -42.587  -20.635  48.745 0.0000000000
79341  -42.781  -20.584  48.497 0.0000000000
79342  -43.191  -20.453  48.287 0.0000000000
79343  -43.688  -20.212  48.040 0.0000000000
79358  -43.745  -20.078  47.752 0.0000000000
80642  -44.242  -19.780  47.633 0.0000000000
56628  -12.433  -40.182  59.454 0.0000000000
57822  -12.823  -39.851  60.256 0.0000000000
56581  -10.916  -40.914  62.378 0.0000000000
55413  -10.538  -41.557  61.159 0.0000000000
53217  -8.793  -44.001  60.420 0.0000000000
45131  -1.264  -50.618  63.909 0.0000000000
64700  -32.859  -31.847  55.298 0.0000000000
64686  -32.910  -31.580  56.321 0.0000000000
64687  -33.507  -31.444  56.677 0.0000000000
64688  -33.845  -31.435  57.128 0.0000000000
65973  -33.447  -31.487  58.149 0.0000000000
65974  -33.937  -31.517  57.904 0.0000000000
65975  -34.259  -31.511  58.108 0.0000000000
67204  -33.211  -31.230  61.371 0.0000000000
56689  -26.147  -39.231  56.761 0.0000000000
56709  -25.679  -38.890  55.949 0.0000000000
57883  -26.325  -38.882  56.784 0.0000000000
58955  -26.566  -38.174  57.764 0.0000000000
59971  -26.355  -37.387  57.300 0.0000000000
59952  -27.132  -37.803  59.293 0.0000000000
61043  -26.517  -36.632  57.721 0.0000000000
62235  -26.815  -35.862  58.146 0.0000000000
63463  -27.118  -35.070  58.611 0.0000000000
64655  -27.511  -34.264  58.187 0.0000000000
63424  -27.950  -35.270  62.248 0.0000000000
63423  -27.681  -35.344  61.801 0.0000000000
64634  -27.896  -34.097  60.485 0.0000000000
64666  -27.964  -33.412  57.914 0.0000000000
65989  -30.503  -31.747  56.533 0.0000000000
56637  -27.364  -40.374  59.347 0.0000000000
56675  -26.261  -39.785  57.751 0.0000000000
81971  -41.525  -20.066  42.143 0.0000000000
81980  -41.840  -19.898  40.611 0.0000000000
83099  -47.128  -17.938  42.626 0.0000000000
83115  -47.804  -17.471  41.829 0.0000000000
83128  -46.390  -17.589  40.521 0.0000000000
83141  -46.152  -17.708  39.095 0.0000000000
85235  -48.815  -16.560  37.140 0.0000000000
85254  -49.351  -16.095  37.021 0.0000000000
86331  -49.768  -16.011  36.492 0.0000000000
86316  -50.009  -15.798  37.302 0.0000000000
87440  -51.300  -15.523  37.912 0.0000000000
87441  -51.638  -15.239  38.401 0.0000000000
87442  -52.337  -14.644  39.085 0.0000000000
87444  -53.694  -14.409  40.557 0.0000000000
85185  -51.553  -15.881  41.913 0.0000000000
86294  -53.142  -15.145  41.053 0.0000000000
87436  -53.527  -14.649  40.775 0.0000000000
87438  -54.840  -14.178  41.390 0.0000000000
72310  -33.965  -28.635  50.519 0.0000000000
72326  -32.918  -29.507  49.727 0.0000000000
73448  -33.126  -28.654  50.493 0.0000000000
74615  -32.728  -26.178  50.681 0.0000000000
73461  -31.142  -27.498  48.593 0.0000000000
74644  -31.574  -26.246  48.744 0.0000000000
75805  -31.808  -25.713  47.792 0.0000000000
75787  -32.928  -24.473  49.105 0.0000000000
76926  -32.898  -24.565  48.354 0.0000000000
76959  -34.174  -23.413  46.172 0.0000000000
78157  -34.475  -23.253  46.920 0.0000000000
76981  -34.606  -23.308  44.971 0.0000000000
76982  -35.734  -22.776  45.028 0.0000000000
77011  -36.378  -22.869  44.019 0.0000000000
78193  -37.266  -22.478  45.618 0.0000000000
78160  -37.918  -21.657  46.699 0.0000000000
79367  -37.516  -21.523  47.406 0.0000000000
78161  -38.552  -21.522  46.934 0.0000000000
78140  -39.228  -21.509  47.393 0.0000000000
79356  -39.979  -21.518  48.326 0.0000000000
79338  -40.825  -20.772  48.710 0.0000000000
79283  -38.622  -20.458  51.061 0.0000000000
79311  -39.459  -20.520  50.319 0.0000000000
80569  -40.404  -20.447  51.121 0.0000000000
80592  -40.126  -20.528  50.606 0.0000000000
79312  -40.707  -20.303  49.888 0.0000000000
78098  -41.541  -20.655  48.823 0.0000000000
79287  -42.899  -21.117  50.215 0.0000000000
57860  -16.306  -39.237  57.335 0.0000000000
57845  -15.327  -39.306  58.599 0.0000000000
57844  -14.383  -39.638  58.631 0.0000000000
56630  -13.662  -40.066  58.579 0.0000000000
56668  -13.285  -41.116  57.502 0.0000000000
55478  -12.779  -41.537  57.539 0.0000000000
88595  -60.496  -12.306  32.799 0.0000000000
67388  -35.338  -31.907  49.276 0.0000000000
68600  -34.917  -31.423  49.080 0.0000000000
68593  -34.373  -31.256  49.663 0.0000000000
71176  -33.882  -29.865  50.385 0.0000000000
64717  -33.455  -32.074  54.571 0.0000000000
66019  -34.631  -31.655  54.704 0.0000000000
66040  -35.602  -32.253  53.482 0.0000000000
67345  -35.546  -31.777  53.180 0.0000000000
68527  -35.422  -31.180  56.069 0.0000000000
69901  -34.930  -30.973  55.831 0.0000000000
68541  -36.076  -31.470  55.094 0.0000000000
67308  -36.645  -31.704  54.554 0.0000000000
67328  -36.047  -31.596  53.709 0.0000000000
67361  -34.896  -31.046  52.640 0.0000000000
68579  -34.775  -30.888  52.179 0.0000000000
69940  -35.118  -30.344  52.603 0.0000000000
71133  -35.502  -29.962  52.873 0.0000000000
71150  -34.933  -29.801  52.153 0.0000000000
69952  -34.567  -30.516  51.565 0.0000000000
71163  -34.485  -29.813  51.491 0.0000000000
72319  -34.192  -29.181  50.312 0.0000000000
72300  -34.158  -28.451  51.306 0.0000000000
73425  -33.730  -27.572  51.631 0.0000000000
74576  -33.781  -27.476  53.137 0.0000000000
74575  -33.531  -26.620  53.056 0.0000000000
75714  -33.461  -25.692  53.568 0.0000000000
74497  -34.492  -25.974  56.711 0.0000000000
75666  -33.968  -25.321  56.327 0.0000000000
76808  -34.231  -24.649  56.869 0.0000000000
76821  -34.103  -24.445  56.453 0.0000000000
76833  -33.860  -24.423  55.749 0.0000000000
76832  -33.765  -24.308  55.216 0.0000000000
78018  -33.938  -23.523  55.230 0.0000000000
79230  -34.160  -22.893  55.003 0.0000000000
56729  -24.984  -38.786  55.449 0.0000000000
57916  -25.199  -38.420  55.644 0.0000000000
57927  -24.509  -38.485  54.591 0.0000000000
59985  -25.152  -37.076  55.854 0.0000000000
57938  -24.615  -38.398  53.350 0.0000000000
57955  -24.542  -38.775  51.476 0.0000000000
64696  -26.282  -34.254  55.471 0.0000000000
63500  -25.847  -34.851  55.006 0.0000000000
62272  -25.718  -35.561  54.420 0.0000000000
62302  -25.334  -35.263  52.503 0.0000000000
60015  -24.646  -37.194  52.203 0.0000000000
58999  -24.671  -38.118  51.317 0.0000000000
56654  -19.898  -39.553  59.492 0.0000000000
57849  -19.650  -39.304  58.427 0.0000000000
57879  -19.059  -39.523  56.239 0.0000000000
56671  -21.759  -39.658  57.861 0.0000000000
57881  -20.953  -39.570  56.479 0.0000000000
87462  -50.136  -15.450  36.137 0.0000000000
87463  -50.467  -14.822  35.744 0.0000000000
88571  -50.947  -14.355  35.438 0.0000000000
88554  -51.375  -14.602  36.698 0.0000000000
88572  -51.428  -14.083  34.756 0.0000000000
89706  -53.740  -13.062  38.600 0.0000000000
90890  -53.365  -12.779  37.739 0.0000000000
90899  -53.338  -12.282  36.958 0.0000000000
89755  -53.091  -13.745  32.776 0.0000000000
89746  -53.544  -12.743  32.986 0.0000000000
89756  -53.844  -13.333  32.371 0.0000000000
88591  -54.100  -13.893  31.900 0.0000000000
89768  -56.542  -13.094  31.584 0.0000000000
89749  -57.827  -11.914  33.741 0.0000000000
88592  -58.553  -11.983  33.694 0.0000000000
88583  -59.319  -12.184  34.302 0.0000000000
88575  -60.008  -12.544  35.045 0.0000000000
52223  -6.255  -44.726  63.573 0.0000000000
51136  -5.719  -45.517  62.918 0.0000000000
49941  -5.341  -46.126  62.771 0.0000000000
49989  -5.803  -47.926  61.360 0.0000000000
49964  -5.470  -47.365  61.960 0.0000000000
48766  -5.047  -47.745  62.258 0.0000000000
71186  -32.767  -29.866  48.955 0.0000000000
71198  -32.704  -30.022  48.354 0.0000000000
74679  -31.364  -26.795  45.022 0.0000000000
80730  -40.850  -20.309  42.460 0.0000000000
77012  -37.488  -23.133  44.223 0.0000000000
75840  -37.802  -23.301  43.973 0.0000000000
76962  -38.596  -22.480  45.616 0.0000000000
76985  -38.663  -22.901  44.860 0.0000000000
75841  -38.263  -23.312  44.152 0.0000000000
75842  -38.906  -23.325  43.842 0.0000000000
75843  -39.547  -23.075  43.914 0.0000000000
78143  -41.806  -21.831  47.044 0.0000000000
76928  -41.875  -22.572  47.149 0.0000000000
76946  -42.726  -23.190  46.984 0.0000000000
76965  -41.519  -22.655  46.386 0.0000000000
75844  -40.153  -22.663  44.506 0.0000000000
77014  -39.747  -22.807  43.931 0.0000000000
77040  -39.803  -22.574  43.804 0.0000000000
79414  -40.384  -21.280  44.123 0.0000000000
79431  -40.649  -20.804  43.838 0.0000000000
80711  -41.098  -20.469  43.346 0.0000000000
81917  -43.727  -19.635  45.417 0.0000000000
81920  -46.317  -18.863  44.858 0.0000000000
80643  -44.876  -19.411  47.414 0.0000000000
52216  -6.708  -43.899  64.709 0.0000000000
53186  -6.830  -43.369  64.382 0.0000000000
52224  -6.606  -44.090  63.982 0.0000000000
51145  -7.080  -45.772  61.598 0.0000000000
51119  -5.499  -45.920  64.818 0.0000000000
49898  -4.829  -46.026  64.955 0.0000000000
51112  -4.432  -45.988  65.853 0.0000000000
49858  -3.939  -46.588  65.987 0.0000000000
49857  -3.847  -46.874  65.878 0.0000000000
47627  -3.761  -49.029  63.407 0.0000000000
47612  -3.655  -48.477  64.068 0.0000000000
47611  -3.252  -48.263  64.135 0.0000000000
48739  -3.207  -47.547  64.847 0.0000000000
48728  -3.452  -47.081  65.043 0.0000000000
49838  -3.839  -46.352  66.295 0.0000000000
49837  -3.435  -46.137  66.564 0.0000000000
49836  -3.076  -46.064  66.835 0.0000000000
49835  -2.966  -46.100  66.655 0.0000000000
49854  -2.728  -46.623  66.046 0.0000000000
46333  -0.491  -49.854  64.258 0.0000000000
47607  -0.785  -49.371  64.196 0.0000000000
48737  -1.305  -48.361  64.233 0.0000000000
49873  -1.522  -47.308  64.648 0.0000000000
48714  -3.395  -47.094  65.691 0.0000000000
49878  -4.487  -46.122  65.432 0.0000000000
51102  -2.392  -46.058  66.217 0.0000000000
52207  -5.877  -44.608  67.160 0.0000000000
55551  -24.789  -39.213  55.453 0.0000000000
55566  -24.350  -39.349  54.637 0.0000000000
56594  -10.497  -41.300  61.785 0.0000000000
56636  -27.285  -40.819  58.910 0.0000000000
56690  -26.350  -39.063  57.092 0.0000000000
56708  -25.458  -39.197  56.073 0.0000000000
56727  -24.629  -39.088  54.609 0.0000000000
56791  -23.478  -39.867  51.411 0.0000000000
57852  -26.726  -38.750  59.974 0.0000000000
57865  -21.394  -39.583  56.988 0.0000000000
57884  -26.403  -38.732  57.266 0.0000000000
57904  -26.308  -38.590  56.715 0.0000000000
57935  -20.182  -40.945  51.274 0.0000000000
57953  -20.351  -41.124  51.127 0.0000000000
57954  -20.479  -40.798  51.247 0.0000000000
58933  -26.767  -38.497  60.605 0.0000000000
58943  -26.545  -38.013  60.014 0.0000000000
58962  -25.974  -38.213  56.297 0.0000000000
59986  -25.567  -37.227  56.300 0.0000000000
61003  -27.485  -36.854  60.591 0.0000000000
61057  -26.004  -36.332  56.381 0.0000000000
62196  -27.891  -36.373  61.829 0.0000000000
62227  -27.329  -36.256  59.644 0.0000000000
62244  -26.326  -35.667  56.745 0.0000000000
62253  -26.104  -35.897  56.430 0.0000000000
63407  -27.906  -35.793  62.225 0.0000000000
63469  -26.542  -34.672  57.251 0.0000000000
63479  -26.523  -35.198  57.215 0.0000000000
63510  -25.926  -34.681  54.063 0.0000000000
64671  -33.761  -31.470  57.700 0.0000000000
64681  -26.483  -34.226  56.187 0.0000000000
64697  -30.289  -31.913  54.301 0.0000000000
64728  -29.675  -32.549  53.073 0.0000000000
64750  -29.714  -32.556  52.779 0.0000000000
65909  -32.965  -31.293  61.047 0.0000000000
65922  -32.683  -31.730  60.110 0.0000000000
65924  -33.439  -30.981  60.237 0.0000000000
65986  -26.990  -33.318  55.987 0.0000000000
66018  -29.840  -32.325  54.201 0.0000000000
66038  -29.193  -32.404  53.053 0.0000000000
66080  -30.010  -32.772  51.085 0.0000000000
66135  -35.428  -32.272  48.910 0.0000000000
67253  -31.279  -31.763  58.812 0.0000000000
67346  -35.296  -31.344  53.070 0.0000000000
68580  -34.955  -30.680  52.656 0.0000000000
69920  -35.308  -30.816  54.222 0.0000000000
69933  -35.343  -30.445  53.078 0.0000000000
69941  -35.161  -30.554  52.806 0.0000000000
71120  -35.423  -29.939  53.358 0.0000000000
71134  -35.675  -30.145  53.181 0.0000000000
71164  -34.648  -30.059  51.813 0.0000000000
72318  -33.617  -29.222  49.955 0.0000000000
74629  -32.353  -25.481  49.925 0.0000000000
74643  -31.165  -27.002  48.453 0.0000000000
74658  -31.478  -26.379  48.184 0.0000000000
75652  -34.103  -25.030  56.610 0.0000000000
75665  -34.000  -24.911  56.429 0.0000000000
75715  -33.564  -25.926  54.178 0.0000000000
75775  -32.738  -25.046  50.423 0.0000000000
75785  -32.421  -25.273  50.013 0.0000000000
75797  -32.930  -24.526  48.638 0.0000000000
75813  -31.628  -25.913  47.178 0.0000000000
75825  -38.626  -23.149  44.491 0.0000000000
76820  -34.107  -24.707  56.459 0.0000000000
76887  -33.074  -24.986  51.281 0.0000000000
76929  -42.015  -22.728  47.045 0.0000000000
76942  -39.849  -22.437  46.264 0.0000000000
76967  -42.763  -23.105  46.367 0.0000000000
76990  -42.135  -22.921  46.338 0.0000000000
77058  -38.841  -23.504  42.011 0.0000000000
78097  -35.999  -22.002  50.152 0.0000000000
78099  -41.933  -20.667  48.898 0.0000000000
78125  -43.106  -20.858  47.979 0.0000000000
78145  -42.192  -21.426  47.321 0.0000000000
78165  -42.547  -23.011  47.409 0.0000000000
78175  -34.540  -23.214  46.536 0.0000000000
78227  -41.195  -21.593  44.759 0.0000000000
79379  -36.988  -21.972  47.110 0.0000000000
79380  -42.645  -20.583  46.929 0.0000000000
80591  -39.864  -20.571  50.877 0.0000000000
80673  -42.557  -20.393  45.572 0.0000000000
87449  -50.348  -15.645  37.231 0.0000000000
89728  -57.598  -11.674  35.190 0.0000000000
89739  -58.999  -11.715  35.127 0.0000000000
90929  -56.005  -12.204  33.181 0.0000000000
