#!ascii label  , from subject 3060 vox2ras=TkReg
1452
120621  -49.997  16.527  27.696 0.0000000000
135589  -53.189  33.471  28.276 0.0000000000
128517  -53.415  24.688  39.907 0.0000000000
124915  -59.023  20.907  30.634 0.0000000000
131115  -54.735  28.111  22.669 0.0000000000
129534  -54.293  26.725  28.073 0.0000000000
124976  -57.181  22.068  23.130 0.0000000000
126750  -53.266  23.650  28.711 0.0000000000
115438  -46.696  9.901  30.586 0.0000000000
120563  -46.990  16.578  30.013 0.0000000000
134126  -44.241  32.822  26.665 0.0000000000
135619  -48.607  34.354  22.980 0.0000000000
133405  -54.925  31.945  19.695 0.0000000000
122437  -53.163  18.382  35.518 0.0000000000
131038  -49.232  28.782  32.832 0.0000000000
126686  -55.254  23.385  34.361 0.0000000000
119689  -57.589  16.131  31.172 0.0000000000
123311  -52.878  18.973  30.178 0.0000000000
124147  -46.916  19.982  28.974 0.0000000000
120636  -51.515  17.258  26.278 0.0000000000
127801  -54.771  24.669  18.822 0.0000000000
126850  -57.135  23.674  21.954 0.0000000000
125923  -54.491  22.547  19.441 0.0000000000
127745  -53.410  24.683  22.285 0.0000000000
117281  -45.049  12.690  28.667 0.0000000000
118853  -44.846  15.424  31.551 0.0000000000
134094  -41.815  32.890  29.190 0.0000000000
134944  -51.443  33.921  21.171 0.0000000000
122416  -50.750  18.386  36.832 0.0000000000
124023  -54.197  20.903  39.210 0.0000000000
134087  -51.753  32.389  31.073 0.0000000000
132480  -53.515  31.171  32.090 0.0000000000
127647  -57.677  24.110  29.821 0.0000000000
129493  -55.247  26.187  31.980 0.0000000000
125749  -58.022  22.512  32.295 0.0000000000
123264  -58.280  18.998  34.699 0.0000000000
123275  -59.041  18.772  33.262 0.0000000000
122481  -55.971  17.976  30.573 0.0000000000
124088  -56.463  20.103  32.861 0.0000000000
125759  -50.036  22.349  31.008 0.0000000000
134160  -54.677  31.973  25.086 0.0000000000
132518  -53.797  30.231  28.133 0.0000000000
131081  -55.364  28.718  24.950 0.0000000000
128623  -57.146  24.772  25.832 0.0000000000
125845  -58.995  21.190  26.925 0.0000000000
125819  -56.522  22.101  28.948 0.0000000000
126797  -55.488  23.356  25.912 0.0000000000
127702  -51.695  25.159  25.653 0.0000000000
115487  -46.805  10.686  28.124 0.0000000000
118881  -46.303  15.045  27.653 0.0000000000
120604  -49.123  16.414  28.846 0.0000000000
134863  -46.521  33.742  31.628 0.0000000000
133289  -47.368  31.098  30.888 0.0000000000
133326  -49.046  30.647  27.943 0.0000000000
134145  -50.392  31.819  25.794 0.0000000000
132570  -51.853  30.350  23.262 0.0000000000
131147  -53.279  28.432  19.805 0.0000000000
129647  -53.925  26.797  17.156 0.0000000000
132635  -53.716  30.621  17.476 0.0000000000
121493  -48.370  17.491  34.121 0.0000000000
121523  -50.064  17.934  32.480 0.0000000000
120551  -52.552  17.345  31.690 0.0000000000
129437  -49.912  26.285  36.912 0.0000000000
130316  -51.716  27.337  30.273 0.0000000000
130295  -52.368  27.318  34.492 0.0000000000
127597  -52.550  24.795  36.631 0.0000000000
123238  -54.822  19.500  36.891 0.0000000000
120530  -55.811  16.874  33.722 0.0000000000
120591  -54.095  16.667  29.249 0.0000000000
121594  -55.491  17.675  27.275 0.0000000000
122518  -52.997  19.189  26.520 0.0000000000
123345  -50.297  19.596  27.001 0.0000000000
124893  -52.891  21.906  31.966 0.0000000000
124121  -49.811  20.207  30.737 0.0000000000
123354  -47.834  19.190  26.357 0.0000000000
119733  -48.598  15.863  27.328 0.0000000000
119747  -49.345  16.331  26.726 0.0000000000
120622  -51.122  16.853  27.416 0.0000000000
126901  -54.572  23.437  17.234 0.0000000000
125951  -55.549  22.567  18.953 0.0000000000
125949  -53.696  22.498  17.828 0.0000000000
126877  -52.898  23.571  19.406 0.0000000000
125673  -53.877  22.066  39.553 0.0000000000
134099  -52.571  32.657  30.057 0.0000000000
126735  -58.638  22.441  30.115 0.0000000000
127636  -57.299  24.374  30.862 0.0000000000
125767  -58.479  21.952  31.705 0.0000000000
124882  -59.242  20.281  33.043 0.0000000000
124091  -58.971  20.278  32.313 0.0000000000
123273  -57.767  19.416  32.873 0.0000000000
124898  -57.911  20.574  31.468 0.0000000000
131866  -54.669  29.600  23.601 0.0000000000
132561  -55.034  30.772  25.325 0.0000000000
131105  -55.859  28.062  23.814 0.0000000000
125908  -57.508  22.466  22.216 0.0000000000
127716  -57.029  24.720  24.140 0.0000000000
126824  -58.472  22.518  24.234 0.0000000000
126799  -58.236  23.112  25.689 0.0000000000
124970  -58.308  21.368  24.802 0.0000000000
124958  -57.314  21.674  26.131 0.0000000000
125862  -56.702  22.382  24.564 0.0000000000
127728  -52.742  25.206  24.015 0.0000000000
118873  -45.606  14.702  28.892 0.0000000000
118089  -45.528  14.277  28.354 0.0000000000
119718  -46.823  15.830  28.448 0.0000000000
119719  -47.520  15.880  28.231 0.0000000000
120585  -47.968  16.439  29.515 0.0000000000
134113  -42.475  32.631  27.590 0.0000000000
133285  -43.554  31.665  29.421 0.0000000000
132499  -44.845  30.659  28.691 0.0000000000
132502  -47.622  30.355  29.430 0.0000000000
132523  -45.922  31.156  27.614 0.0000000000
135612  -47.065  34.260  24.890 0.0000000000
134154  -47.289  32.674  25.295 0.0000000000
134167  -48.550  32.543  24.238 0.0000000000
133364  -50.782  31.490  24.133 0.0000000000
134176  -49.548  32.648  23.093 0.0000000000
134194  -53.239  32.791  20.715 0.0000000000
132598  -52.885  31.116  21.128 0.0000000000
132621  -54.370  30.442  19.669 0.0000000000
130410  -54.243  27.914  18.776 0.0000000000
131919  -55.140  29.841  18.397 0.0000000000
131169  -53.776  28.714  17.326 0.0000000000
133438  -55.213  31.315  18.129 0.0000000000
123250  -47.611  18.699  36.580 0.0000000000
120502  -46.131  16.515  36.112 0.0000000000
121459  -47.726  17.587  36.222 0.0000000000
119672  -46.660  16.703  34.391 0.0000000000
121473  -47.948  17.561  35.262 0.0000000000
121478  -52.014  18.416  36.231 0.0000000000
121495  -50.643  18.124  34.683 0.0000000000
121512  -51.413  18.144  33.775 0.0000000000
121539  -50.759  17.640  31.751 0.0000000000
121526  -53.080  17.555  32.997 0.0000000000
131795  -47.989  29.464  34.354 0.0000000000
129451  -47.963  27.050  36.054 0.0000000000
130284  -49.625  27.445  35.091 0.0000000000
131067  -53.148  28.414  27.485 0.0000000000
131818  -52.306  29.291  29.107 0.0000000000
130324  -52.743  27.309  29.215 0.0000000000
127616  -55.705  24.998  33.607 0.0000000000
129482  -54.016  26.809  33.597 0.0000000000
129473  -54.491  26.499  34.552 0.0000000000
129457  -53.052  26.724  35.815 0.0000000000
127604  -53.381  23.773  35.492 0.0000000000
124849  -53.541  21.971  36.826 0.0000000000
124856  -54.533  21.470  35.349 0.0000000000
120523  -59.196  16.349  33.598 0.0000000000
121502  -57.727  17.194  34.681 0.0000000000
119676  -57.176  15.783  32.705 0.0000000000
120553  -54.685  16.378  31.631 0.0000000000
120572  -56.185  16.249  30.136 0.0000000000
120609  -54.599  17.231  27.940 0.0000000000
120611  -56.758  16.854  27.959 0.0000000000
122479  -54.326  18.523  30.261 0.0000000000
122500  -54.167  18.782  28.110 0.0000000000
122490  -53.444  18.731  29.041 0.0000000000
123346  -51.430  19.473  26.979 0.0000000000
123323  -51.781  19.416  29.084 0.0000000000
125817  -54.807  23.051  28.437 0.0000000000
125783  -54.697  22.706  30.738 0.0000000000
125799  -53.828  23.295  29.933 0.0000000000
124911  -48.698  21.234  31.060 0.0000000000
124097  -49.483  20.951  31.296 0.0000000000
124141  -48.488  20.012  29.781 0.0000000000
123332  -48.621  19.677  28.117 0.0000000000
123331  -47.624  19.721  28.353 0.0000000000
123364  -46.270  18.360  26.457 0.0000000000
118100  -47.040  13.868  26.122 0.0000000000
121614  -52.137  17.930  25.497 0.0000000000
129596  -54.770  25.916  20.819 0.0000000000
129581  -55.713  26.477  22.397 0.0000000000
127779  -55.993  24.550  20.382 0.0000000000
125926  -56.754  22.419  20.641 0.0000000000
125906  -55.776  22.153  21.394 0.0000000000
126835  -55.303  23.184  22.411 0.0000000000
126847  -53.588  23.690  20.978 0.0000000000
115469  -45.657  10.899  29.244 0.0000000000
116387  -44.376  12.207  29.718 0.0000000000
119695  -45.682  15.795  30.457 0.0000000000
136274  -42.522  35.533  26.069 0.0000000000
134940  -50.068  33.705  22.224 0.0000000000
135634  -53.668  34.829  20.371 0.0000000000
135636  -54.877  34.391  19.758 0.0000000000
122415  -49.810  18.346  36.607 0.0000000000
123237  -52.017  19.160  37.946 0.0000000000
122399  -53.170  18.624  37.539 0.0000000000
131803  -51.033  29.738  31.894 0.0000000000
129523  -56.321  26.073  29.017 0.0000000000
129509  -54.751  26.499  30.407 0.0000000000
128578  -56.835  25.360  30.314 0.0000000000
128567  -56.419  25.216  32.052 0.0000000000
126690  -56.681  23.418  33.412 0.0000000000
124065  -56.261  20.969  34.665 0.0000000000
124867  -58.188  21.097  33.803 0.0000000000
123266  -59.243  18.669  34.178 0.0000000000
121531  -59.503  17.105  32.546 0.0000000000
121560  -57.656  17.100  30.383 0.0000000000
122458  -57.367  17.976  32.592 0.0000000000
122456  -55.625  18.544  32.331 0.0000000000
123283  -54.388  19.610  32.476 0.0000000000
126715  -51.490  23.523  30.202 0.0000000000
128491  -51.880  25.602  39.948 0.0000000000
134920  -54.130  33.295  27.007 0.0000000000
134110  -55.483  32.650  28.442 0.0000000000
133330  -56.061  31.893  26.665 0.0000000000
131840  -54.735  29.872  25.864 0.0000000000
130344  -54.914  27.481  25.796 0.0000000000
129562  -56.446  26.428  24.084 0.0000000000
129556  -56.300  26.425  24.826 0.0000000000
129537  -56.266  26.073  26.516 0.0000000000
128590  -57.174  24.824  28.058 0.0000000000
126771  -58.419  23.011  27.898 0.0000000000
125820  -59.154  21.297  28.910 0.0000000000
124934  -58.267  21.053  29.467 0.0000000000
124944  -57.514  21.656  28.136 0.0000000000
125833  -56.568  22.260  27.879 0.0000000000
126784  -55.063  23.171  27.014 0.0000000000
126807  -54.919  24.173  24.007 0.0000000000
126796  -54.384  24.252  25.412 0.0000000000
116401  -45.661  11.586  28.508 0.0000000000
117289  -46.117  12.735  27.271 0.0000000000
117296  -46.817  12.759  26.633 0.0000000000
118889  -46.402  15.160  27.025 0.0000000000
119732  -47.678  15.707  27.559 0.0000000000
120605  -49.670  16.401  28.550 0.0000000000
134852  -48.403  33.859  32.369 0.0000000000
133275  -45.921  31.980  31.025 0.0000000000
134074  -49.304  32.525  32.040 0.0000000000
133291  -49.501  31.256  30.625 0.0000000000
133314  -50.364  31.215  29.099 0.0000000000
134117  -50.842  31.762  28.435 0.0000000000
134916  -45.690  33.552  26.145 0.0000000000
134130  -47.201  31.980  26.201 0.0000000000
134131  -49.472  31.413  26.581 0.0000000000
134133  -51.581  32.234  26.737 0.0000000000
134147  -52.901  32.582  25.754 0.0000000000
132557  -53.485  30.945  24.268 0.0000000000
131101  -53.110  28.846  23.057 0.0000000000
133395  -51.799  31.694  21.714 0.0000000000
131888  -52.333  29.192  21.766 0.0000000000
130390  -53.703  26.884  21.275 0.0000000000
128731  -53.898  25.676  19.320 0.0000000000
128743  -54.257  25.864  17.597 0.0000000000
129645  -53.051  26.840  16.090 0.0000000000
131176  -52.834  27.950  16.723 0.0000000000
134968  -55.128  33.299  18.368 0.0000000000
119680  -46.107  16.197  32.214 0.0000000000
120537  -47.320  16.894  31.855 0.0000000000
121474  -48.948  17.727  35.183 0.0000000000
121510  -49.302  17.829  33.302 0.0000000000
121536  -48.426  16.927  31.485 0.0000000000
121555  -49.581  17.069  30.781 0.0000000000
120568  -50.984  17.160  30.216 0.0000000000
120589  -51.545  16.863  29.400 0.0000000000
128535  -51.342  25.847  37.864 0.0000000000
132496  -54.001  31.166  30.382 0.0000000000
132484  -52.293  30.009  30.838 0.0000000000
131042  -50.347  28.399  31.578 0.0000000000
129499  -53.526  26.416  31.552 0.0000000000
129490  -52.226  26.434  32.692 0.0000000000
129478  -50.531  27.005  33.482 0.0000000000
130272  -51.427  27.349  35.887 0.0000000000
129440  -52.368  26.062  37.093 0.0000000000
127590  -53.348  23.929  38.501 0.0000000000
125714  -53.648  22.391  38.187 0.0000000000
123226  -54.470  19.717  37.795 0.0000000000
121449  -54.514  18.504  36.956 0.0000000000
123258  -56.172  19.566  35.512 0.0000000000
121481  -56.025  17.818  35.491 0.0000000000
121499  -54.700  17.762  34.824 0.0000000000
120540  -54.608  17.068  32.900 0.0000000000
120570  -53.705  16.691  30.558 0.0000000000
120607  -51.994  16.761  28.301 0.0000000000
120623  -52.441  17.282  27.057 0.0000000000
121591  -53.276  17.577  26.544 0.0000000000
121616  -53.487  18.363  25.860 0.0000000000
122513  -56.444  17.953  27.925 0.0000000000
122511  -54.678  18.321  27.183 0.0000000000
123372  -53.025  19.059  25.082 0.0000000000
123370  -51.789  19.437  24.852 0.0000000000
123369  -50.527  19.496  24.879 0.0000000000
124912  -56.309  21.862  30.806 0.0000000000
124877  -55.039  21.545  32.148 0.0000000000
124101  -52.638  20.022  32.049 0.0000000000
125761  -51.748  22.394  31.414 0.0000000000
124099  -51.191  20.574  31.522 0.0000000000
123291  -51.467  19.718  31.029 0.0000000000
123321  -49.924  19.483  29.040 0.0000000000
123344  -49.213  19.741  27.084 0.0000000000
119734  -49.344  16.188  27.134 0.0000000000
120635  -50.018  16.793  26.731 0.0000000000
125979  -53.307  22.883  16.478 0.0000000000
125964  -54.158  22.653  17.159 0.0000000000
125963  -53.036  22.295  16.941 0.0000000000
125649  -53.805  22.721  40.050 0.0000000000
126630  -54.055  23.130  40.222 0.0000000000
134886  -53.063  32.748  29.379 0.0000000000
134878  -53.991  32.420  30.312 0.0000000000
134887  -54.029  32.699  29.271 0.0000000000
125803  -58.984  21.483  29.843 0.0000000000
125786  -58.746  21.683  30.743 0.0000000000
124899  -58.936  21.057  31.473 0.0000000000
124103  -58.782  20.773  31.389 0.0000000000
124090  -58.333  20.298  31.922 0.0000000000
124123  -58.760  20.807  30.783 0.0000000000
131103  -55.165  28.831  23.284 0.0000000000
131867  -55.426  29.456  24.082 0.0000000000
131116  -55.512  28.048  22.972 0.0000000000
124985  -57.600  22.052  22.955 0.0000000000
125893  -57.861  22.451  23.156 0.0000000000
125894  -58.232  21.889  23.596 0.0000000000
125878  -58.576  21.801  24.307 0.0000000000
124978  -58.245  21.518  23.987 0.0000000000
124969  -57.870  21.518  24.402 0.0000000000
124968  -57.296  21.962  23.995 0.0000000000
115453  -46.130  10.292  29.820 0.0000000000
119707  -45.863  15.793  29.686 0.0000000000
118867  -45.906  15.274  29.162 0.0000000000
119708  -46.455  16.175  29.179 0.0000000000
119709  -47.381  16.341  28.849 0.0000000000
120584  -47.353  16.524  29.550 0.0000000000
134124  -42.711  32.810  27.049 0.0000000000
133310  -43.311  31.817  27.994 0.0000000000
133321  -44.146  31.855  27.539 0.0000000000
133312  -45.010  31.064  27.933 0.0000000000
134116  -44.559  32.286  27.117 0.0000000000
136290  -47.872  35.516  24.177 0.0000000000
136286  -48.027  35.588  25.095 0.0000000000
136293  -47.445  34.880  23.919 0.0000000000
134933  -47.595  33.486  23.962 0.0000000000
134934  -48.363  33.230  23.496 0.0000000000
134935  -49.001  32.967  23.088 0.0000000000
134938  -48.853  33.561  22.932 0.0000000000
134195  -53.969  32.643  20.064 0.0000000000
133404  -54.422  31.511  19.918 0.0000000000
133420  -54.792  30.939  19.634 0.0000000000
131913  -55.126  29.915  18.977 0.0000000000
132623  -55.289  30.566  18.899 0.0000000000
132628  -55.215  30.646  18.287 0.0000000000
134210  -55.382  32.027  18.941 0.0000000000
124847  -48.224  20.585  36.239 0.0000000000
124053  -48.435  19.608  36.334 0.0000000000
122413  -47.357  17.947  36.604 0.0000000000
122394  -47.859  18.195  36.660 0.0000000000
122426  -52.425  18.439  36.096 0.0000000000
121496  -51.799  18.384  34.987 0.0000000000
121497  -52.863  18.353  34.735 0.0000000000
121513  -52.471  18.194  33.827 0.0000000000
121514  -53.470  18.088  33.834 0.0000000000
131801  -49.612  29.487  32.672 0.0000000000
131035  -48.828  28.772  33.611 0.0000000000
130291  -48.628  28.203  34.656 0.0000000000
130292  -49.229  27.916  34.276 0.0000000000
130336  -53.977  27.421  27.151 0.0000000000
130332  -53.107  27.702  27.969 0.0000000000
130333  -53.579  27.050  28.353 0.0000000000
127611  -55.085  24.477  34.406 0.0000000000
128558  -55.184  25.681  34.243 0.0000000000
128556  -53.657  25.091  35.132 0.0000000000
126685  -54.370  23.469  34.692 0.0000000000
125731  -53.911  22.581  35.149 0.0000000000
125735  -54.777  22.525  34.659 0.0000000000
120533  -59.213  16.361  32.743 0.0000000000
120532  -58.181  16.021  32.889 0.0000000000
119682  -57.626  15.898  32.070 0.0000000000
119687  -56.459  15.898  31.264 0.0000000000
119699  -56.999  16.027  30.587 0.0000000000
120593  -56.400  16.584  28.929 0.0000000000
119700  -57.441  16.381  30.375 0.0000000000
123312  -53.528  18.841  30.634 0.0000000000
122478  -53.644  18.615  29.837 0.0000000000
123324  -52.610  19.071  29.092 0.0000000000
123310  -52.005  19.361  30.103 0.0000000000
126751  -54.061  23.436  29.022 0.0000000000
126733  -53.918  23.333  29.596 0.0000000000
126732  -53.290  23.508  29.806 0.0000000000
124119  -48.116  20.709  30.418 0.0000000000
124140  -47.590  20.254  29.509 0.0000000000
123319  -48.232  19.833  28.961 0.0000000000
123341  -46.364  19.102  27.477 0.0000000000
123330  -46.659  19.541  28.272 0.0000000000
118890  -46.676  15.041  26.319 0.0000000000
120647  -51.176  17.288  25.862 0.0000000000
121601  -51.965  17.668  25.789 0.0000000000
128720  -55.092  24.896  19.865 0.0000000000
127778  -55.574  24.727  20.123 0.0000000000
127790  -55.420  24.411  19.475 0.0000000000
125937  -55.121  22.345  19.297 0.0000000000
125035  -56.086  22.288  19.646 0.0000000000
125007  -55.865  21.933  20.313 0.0000000000
125008  -56.584  21.958  20.866 0.0000000000
125925  -55.601  22.131  20.760 0.0000000000
126864  -55.186  22.797  20.763 0.0000000000
126863  -54.098  23.092  20.199 0.0000000000
127777  -52.566  23.927  20.226 0.0000000000
118860  -44.966  15.162  30.543 0.0000000000
135601  -41.652  34.359  26.639 0.0000000000
136304  -52.449  36.053  20.831 0.0000000000
136306  -53.181  35.844  20.302 0.0000000000
137730  -52.515  37.838  21.409 0.0000000000
124808  -53.758  21.192  39.482 0.0000000000
124029  -52.703  20.461  38.688 0.0000000000
124030  -53.375  20.338  38.875 0.0000000000
122384  -52.887  19.039  38.141 0.0000000000
123224  -53.513  19.662  38.523 0.0000000000
134077  -52.227  32.834  31.697 0.0000000000
132479  -52.066  30.532  32.199 0.0000000000
128586  -57.215  24.957  29.288 0.0000000000
129511  -56.365  26.105  29.807 0.0000000000
128579  -57.325  24.765  30.085 0.0000000000
126702  -57.860  23.229  31.572 0.0000000000
127628  -57.231  24.164  32.059 0.0000000000
127622  -57.027  24.037  32.624 0.0000000000
126695  -56.924  23.889  32.916 0.0000000000
126691  -57.164  22.864  33.246 0.0000000000
125738  -57.050  21.992  33.902 0.0000000000
125742  -57.691  22.115  33.319 0.0000000000
124092  -59.195  19.574  33.127 0.0000000000
124869  -59.132  20.256  33.525 0.0000000000
123276  -59.343  18.632  33.581 0.0000000000
122451  -59.789  17.615  33.452 0.0000000000
121517  -59.099  17.561  32.794 0.0000000000
122459  -58.245  17.682  32.760 0.0000000000
122448  -57.960  18.504  33.052 0.0000000000
124073  -57.032  19.863  32.839 0.0000000000
123285  -56.241  19.059  33.033 0.0000000000
123284  -55.361  19.396  32.765 0.0000000000
124087  -55.248  20.463  32.616 0.0000000000
134136  -54.486  32.801  26.410 0.0000000000
134922  -55.309  33.005  26.869 0.0000000000
134150  -55.835  32.245  25.692 0.0000000000
131852  -55.361  29.429  24.700 0.0000000000
131843  -55.015  29.608  25.291 0.0000000000
131080  -54.973  28.624  25.330 0.0000000000
131072  -54.370  28.489  25.853 0.0000000000
130354  -55.307  28.138  25.135 0.0000000000
128689  -56.242  25.410  22.558 0.0000000000
129571  -56.197  26.489  23.366 0.0000000000
128673  -56.535  25.401  23.515 0.0000000000
128640  -57.097  24.779  24.933 0.0000000000
128655  -56.756  25.205  24.381 0.0000000000
128639  -56.663  25.472  25.316 0.0000000000
129547  -56.285  26.160  25.697 0.0000000000
128622  -56.666  25.487  26.270 0.0000000000
128604  -56.581  25.620  27.363 0.0000000000
128605  -57.144  24.771  26.895 0.0000000000
126800  -58.552  21.977  26.152 0.0000000000
126785  -58.269  23.008  26.810 0.0000000000
126786  -58.608  21.959  27.358 0.0000000000
126772  -58.806  22.038  28.341 0.0000000000
125834  -59.272  21.169  27.921 0.0000000000
124946  -59.035  20.826  28.630 0.0000000000
124954  -58.968  20.758  27.592 0.0000000000
125853  -56.679  22.297  25.659 0.0000000000
125844  -56.613  22.301  26.803 0.0000000000
125843  -55.990  22.923  26.513 0.0000000000
125832  -55.606  22.952  27.609 0.0000000000
126834  -54.641  23.781  22.434 0.0000000000
126820  -54.919  23.721  23.099 0.0000000000
127730  -54.217  24.318  23.093 0.0000000000
127713  -52.411  25.265  24.836 0.0000000000
127714  -53.153  24.925  24.591 0.0000000000
118094  -45.833  13.899  27.774 0.0000000000
118099  -46.290  14.033  26.866 0.0000000000
119710  -48.048  16.304  28.793 0.0000000000
119720  -48.602  16.084  28.294 0.0000000000
135567  -45.908  34.748  31.537 0.0000000000
136248  -48.015  36.072  31.794 0.0000000000
135569  -47.771  35.048  31.901 0.0000000000
136230  -49.442  36.021  32.380 0.0000000000
134864  -47.579  33.884  32.093 0.0000000000
134872  -41.677  33.670  29.984 0.0000000000
134082  -42.544  32.724  29.783 0.0000000000
132488  -44.928  30.830  29.608 0.0000000000
133287  -45.234  31.617  30.492 0.0000000000
133288  -46.345  31.210  30.705 0.0000000000
133276  -46.785  31.870  31.289 0.0000000000
133277  -47.792  31.856  31.510 0.0000000000
133278  -48.834  31.865  31.498 0.0000000000
133290  -48.396  31.183  30.832 0.0000000000
132526  -48.129  30.424  28.137 0.0000000000
132504  -49.185  30.631  29.499 0.0000000000
133313  -49.578  30.789  28.841 0.0000000000
133327  -49.982  31.149  28.114 0.0000000000
134128  -46.045  32.774  26.420 0.0000000000
134141  -46.440  32.910  26.024 0.0000000000
134156  -49.282  32.143  24.915 0.0000000000
134144  -49.051  31.643  25.995 0.0000000000
134134  -52.695  32.835  26.702 0.0000000000
134146  -51.655  32.174  25.683 0.0000000000
133380  -51.253  31.047  23.689 0.0000000000
133365  -51.776  31.356  24.514 0.0000000000
132556  -52.306  30.772  24.203 0.0000000000
132571  -52.946  30.160  23.911 0.0000000000
131864  -52.513  29.650  23.257 0.0000000000
134943  -50.717  33.863  21.779 0.0000000000
134185  -50.501  33.201  22.113 0.0000000000
134186  -51.044  32.713  21.899 0.0000000000
131899  -53.127  29.816  20.397 0.0000000000
132607  -52.568  30.075  21.248 0.0000000000
131898  -52.550  29.409  20.939 0.0000000000
131123  -52.565  28.464  21.425 0.0000000000
130408  -53.103  27.653  20.104 0.0000000000
130399  -53.332  26.857  20.304 0.0000000000
130409  -53.533  27.395  19.331 0.0000000000
130426  -54.657  27.751  18.170 0.0000000000
129615  -54.304  26.607  18.162 0.0000000000
127823  -54.075  25.309  16.964 0.0000000000
128758  -53.454  26.045  16.715 0.0000000000
129646  -53.574  27.046  17.004 0.0000000000
131926  -54.161  29.795  17.610 0.0000000000
131178  -53.286  28.451  16.953 0.0000000000
131925  -53.390  29.696  17.241 0.0000000000
131924  -52.732  29.616  17.105 0.0000000000
135641  -54.751  34.192  18.898 0.0000000000
119670  -45.121  15.938  34.243 0.0000000000
120518  -47.188  17.116  33.857 0.0000000000
120517  -46.421  16.711  33.761 0.0000000000
120526  -46.547  16.738  32.958 0.0000000000
120536  -46.646  16.695  32.041 0.0000000000
120527  -47.205  17.066  32.722 0.0000000000
122396  -50.433  18.773  37.190 0.0000000000
121461  -50.250  18.106  36.235 0.0000000000
121511  -50.342  18.063  33.575 0.0000000000
121494  -49.561  17.904  34.435 0.0000000000
121522  -49.164  17.557  32.242 0.0000000000
121521  -48.464  17.201  31.988 0.0000000000
121554  -49.126  16.910  30.713 0.0000000000
121538  -49.822  17.456  31.564 0.0000000000
121540  -51.823  17.555  31.866 0.0000000000
121557  -51.263  17.403  31.079 0.0000000000
120588  -50.422  16.705  29.358 0.0000000000
120569  -52.275  17.119  30.757 0.0000000000
129453  -49.465  26.630  36.124 0.0000000000
128514  -50.588  25.640  38.625 0.0000000000
133315  -55.152  31.513  28.283 0.0000000000
133304  -55.195  31.641  29.289 0.0000000000
132506  -54.140  30.928  29.225 0.0000000000
131050  -51.868  28.393  29.533 0.0000000000
131810  -52.357  29.636  29.867 0.0000000000
131047  -51.245  28.426  30.498 0.0000000000
131043  -50.917  28.663  31.167 0.0000000000
130315  -51.057  27.767  30.712 0.0000000000
129501  -55.608  26.267  31.107 0.0000000000
129508  -53.754  26.525  30.613 0.0000000000
129500  -54.565  26.431  31.344 0.0000000000
130303  -53.150  27.197  34.033 0.0000000000
129491  -53.257  26.517  32.566 0.0000000000
129480  -51.983  26.671  33.617 0.0000000000
129489  -51.278  26.605  32.869 0.0000000000
129471  -51.756  27.002  34.140 0.0000000000
130294  -51.234  27.378  34.517 0.0000000000
130286  -51.819  27.521  35.258 0.0000000000
128551  -52.610  25.350  36.056 0.0000000000
129456  -52.530  26.389  36.212 0.0000000000
128545  -52.443  25.572  36.938 0.0000000000
127589  -52.720  24.794  37.707 0.0000000000
127598  -52.965  23.907  37.263 0.0000000000
124850  -54.086  21.136  36.519 0.0000000000
124838  -53.959  21.204  37.686 0.0000000000
124042  -54.369  20.340  37.300 0.0000000000
122386  -54.367  19.132  37.773 0.0000000000
122401  -54.837  18.841  36.997 0.0000000000
124066  -56.786  20.623  34.630 0.0000000000
124061  -56.774  19.838  35.141 0.0000000000
124062  -57.260  19.493  35.161 0.0000000000
120521  -56.943  16.726  34.186 0.0000000000
121501  -56.670  17.390  34.841 0.0000000000
121500  -55.682  17.463  34.751 0.0000000000
121480  -55.029  17.918  35.605 0.0000000000
121516  -55.136  17.407  34.173 0.0000000000
121515  -54.410  17.675  33.887 0.0000000000
120571  -54.966  16.248  30.328 0.0000000000
120590  -52.804  16.752  29.407 0.0000000000
120608  -53.262  16.905  28.173 0.0000000000
121581  -55.449  17.381  27.519 0.0000000000
120625  -54.311  17.371  27.075 0.0000000000
121592  -53.998  17.704  26.652 0.0000000000
121603  -53.483  18.031  26.100 0.0000000000
121604  -54.144  18.108  26.361 0.0000000000
121558  -56.539  17.722  29.955 0.0000000000
121573  -56.860  17.623  29.349 0.0000000000
122493  -56.183  18.008  29.394 0.0000000000
122510  -53.836  18.795  27.297 0.0000000000
122519  -53.627  18.718  26.230 0.0000000000
123359  -53.108  19.017  25.344 0.0000000000
123358  -52.503  19.344  25.873 0.0000000000
123357  -51.098  19.455  25.891 0.0000000000
123356  -49.877  19.580  25.991 0.0000000000
123368  -49.332  19.468  25.055 0.0000000000
124933  -57.376  21.489  29.211 0.0000000000
124913  -57.076  21.531  30.441 0.0000000000
125802  -56.466  21.993  29.958 0.0000000000
125763  -53.764  22.360  31.668 0.0000000000
125764  -54.859  22.209  31.620 0.0000000000
125747  -54.235  22.104  31.955 0.0000000000
124085  -53.235  20.772  32.420 0.0000000000
124875  -53.049  21.478  32.252 0.0000000000
125779  -50.733  22.996  30.689 0.0000000000
125760  -50.854  22.392  31.235 0.0000000000
124098  -50.337  20.753  31.381 0.0000000000
124122  -50.635  19.912  30.924 0.0000000000
123309  -51.148  19.539  30.062 0.0000000000
123308  -50.260  19.608  30.015 0.0000000000
123343  -48.217  19.464  27.243 0.0000000000
123355  -48.784  19.489  26.156 0.0000000000
119745  -47.706  15.609  26.595 0.0000000000
119756  -47.997  15.637  26.021 0.0000000000
120634  -49.334  16.473  26.464 0.0000000000
127813  -54.913  24.039  17.971 0.0000000000
126891  -55.552  23.434  18.713 0.0000000000
125965  -55.110  22.862  17.846 0.0000000000
125950  -54.716  22.498  18.210 0.0000000000
125936  -54.296  22.559  18.668 0.0000000000
126878  -53.809  22.891  19.053 0.0000000000
126889  -53.167  22.833  18.377 0.0000000000
125672  -53.578  21.781  39.624 0.0000000000
124809  -53.958  21.330  39.443 0.0000000000
134088  -52.451  32.743  30.830 0.0000000000
134877  -53.214  32.774  30.629 0.0000000000
132486  -54.102  31.484  31.365 0.0000000000
126734  -58.381  23.234  29.516 0.0000000000
126718  -58.063  23.364  30.470 0.0000000000
126719  -58.418  22.594  31.007 0.0000000000
125766  -58.189  22.624  31.769 0.0000000000
125750  -58.447  21.671  32.728 0.0000000000
124881  -58.948  21.013  32.403 0.0000000000
123288  -59.014  19.441  32.902 0.0000000000
123274  -58.554  19.071  33.078 0.0000000000
123287  -58.544  19.745  32.566 0.0000000000
124880  -57.775  20.374  31.989 0.0000000000
124879  -57.231  20.636  32.174 0.0000000000
132558  -54.448  30.925  24.397 0.0000000000
133369  -55.073  31.149  25.118 0.0000000000
132574  -55.112  30.158  24.482 0.0000000000
131853  -55.644  28.890  24.265 0.0000000000
131092  -55.794  28.317  24.118 0.0000000000
126836  -57.302  23.778  22.429 0.0000000000
127747  -57.083  24.308  22.729 0.0000000000
127732  -57.497  23.975  23.304 0.0000000000
126823  -57.942  23.125  23.700 0.0000000000
127705  -57.631  24.040  25.277 0.0000000000
127693  -57.628  23.907  26.325 0.0000000000
126811  -58.526  22.315  25.012 0.0000000000
125864  -58.544  21.534  25.309 0.0000000000
125855  -58.601  21.260  26.154 0.0000000000
124959  -57.939  20.998  26.348 0.0000000000
124964  -57.771  21.367  25.382 0.0000000000
125854  -57.333  21.810  25.389 0.0000000000
126809  -56.240  23.040  25.143 0.0000000000
127729  -53.374  24.950  23.462 0.0000000000
118088  -44.853  14.053  28.770 0.0000000000
118093  -45.380  13.495  28.285 0.0000000000
118874  -46.132  15.064  28.445 0.0000000000
118875  -46.787  15.479  28.102 0.0000000000
120586  -48.683  16.509  29.278 0.0000000000
134861  -44.358  33.946  31.168 0.0000000000
134893  -41.532  33.170  28.261 0.0000000000
134095  -42.231  32.599  29.337 0.0000000000
133298  -42.765  32.008  28.670 0.0000000000
133300  -44.118  31.074  29.141 0.0000000000
132489  -45.939  30.699  29.925 0.0000000000
132490  -46.972  30.547  30.158 0.0000000000
132500  -45.675  30.347  29.002 0.0000000000
132513  -46.498  30.348  28.368 0.0000000000
132525  -47.310  30.576  27.880 0.0000000000
136285  -47.470  35.058  25.494 0.0000000000
134926  -46.764  33.473  25.372 0.0000000000
134929  -47.195  33.235  24.655 0.0000000000
134155  -48.153  32.459  25.028 0.0000000000
134157  -50.307  31.814  24.706 0.0000000000
134168  -49.276  32.476  23.852 0.0000000000
134169  -50.062  32.081  23.577 0.0000000000
133379  -50.626  31.746  23.207 0.0000000000
134945  -52.271  34.174  20.852 0.0000000000
134187  -52.177  32.979  21.095 0.0000000000
133403  -53.443  31.558  20.661 0.0000000000
132609  -53.650  30.568  20.206 0.0000000000
131911  -53.651  29.534  19.731 0.0000000000
131148  -54.024  28.577  19.252 0.0000000000
131912  -54.589  29.562  19.200 0.0000000000
131149  -54.635  28.691  18.647 0.0000000000
130439  -54.538  28.183  17.616 0.0000000000
130438  -53.908  27.693  17.238 0.0000000000
131170  -54.774  29.129  17.616 0.0000000000
131927  -55.001  29.974  17.833 0.0000000000
133455  -54.789  31.399  17.641 0.0000000000
125724  -48.682  21.191  36.551 0.0000000000
124052  -47.485  19.686  36.029 0.0000000000
123249  -46.654  18.915  36.340 0.0000000000
122412  -46.733  18.054  36.583 0.0000000000
119666  -46.615  16.441  34.882 0.0000000000
120504  -47.262  17.032  35.559 0.0000000000
120511  -47.153  16.929  34.888 0.0000000000
121492  -47.645  17.296  34.560 0.0000000000
121462  -51.174  18.340  36.370 0.0000000000
121476  -50.905  18.237  35.654 0.0000000000
121524  -51.103  18.032  32.678 0.0000000000
121525  -52.107  17.901  32.869 0.0000000000
121541  -52.610  17.495  32.263 0.0000000000
131026  -47.864  28.286  35.287 0.0000000000
130283  -48.482  27.660  35.309 0.0000000000
129466  -49.927  27.067  35.616 0.0000000000
131830  -53.378  29.572  27.570 0.0000000000
132517  -53.183  29.807  28.491 0.0000000000
131829  -52.914  29.062  27.928 0.0000000000
131051  -52.180  27.928  29.146 0.0000000000
130323  -52.099  27.752  29.532 0.0000000000
128566  -55.894  25.655  32.401 0.0000000000
129492  -54.319  26.481  32.336 0.0000000000
129474  -54.959  26.318  33.771 0.0000000000
130297  -53.959  27.126  34.591 0.0000000000
130287  -52.760  27.381  35.265 0.0000000000
128553  -53.837  26.002  35.431 0.0000000000
128552  -53.355  25.462  35.504 0.0000000000
127603  -52.890  24.281  35.930 0.0000000000
150566  -53.129  23.342  36.726 0.0000000000
125730  -52.932  22.878  35.803 0.0000000000
124855  -53.712  21.949  35.887 0.0000000000
124055  -54.715  20.232  36.040 0.0000000000
121484  -58.717  17.680  34.835 0.0000000000
122429  -58.032  18.272  34.988 0.0000000000
120522  -58.080  16.369  33.968 0.0000000000
120531  -56.982  15.924  33.100 0.0000000000
120541  -55.756  16.281  32.490 0.0000000000
120542  -56.519  15.861  32.088 0.0000000000
120554  -56.030  16.011  31.345 0.0000000000
120592  -55.334  16.510  29.066 0.0000000000
120610  -55.825  16.905  28.081 0.0000000000
121582  -56.207  17.137  27.521 0.0000000000
122480  -55.284  18.359  30.316 0.0000000000
122492  -55.197  18.417  29.253 0.0000000000
122491  -54.302  18.564  29.091 0.0000000000
122499  -53.284  18.939  28.104 0.0000000000
123347  -52.378  19.307  27.090 0.0000000000
123336  -52.475  19.259  28.094 0.0000000000
123335  -51.598  19.471  28.060 0.0000000000
123334  -50.610  19.447  28.036 0.0000000000
125818  -55.673  22.818  28.732 0.0000000000
125801  -55.632  22.566  29.815 0.0000000000
125800  -54.489  22.994  29.601 0.0000000000
125782  -53.536  23.062  30.621 0.0000000000
124889  -49.343  21.785  31.311 0.0000000000
124890  -50.158  21.637  31.380 0.0000000000
124120  -48.956  20.446  30.592 0.0000000000
123307  -49.342  19.707  29.952 0.0000000000
123320  -48.966  19.504  29.018 0.0000000000
123342  -47.244  19.347  27.358 0.0000000000
123353  -46.970  19.002  26.558 0.0000000000
123352  -46.267  18.677  26.810 0.0000000000
117297  -47.519  12.773  26.034 0.0000000000
130392  -55.078  26.704  21.809 0.0000000000
129580  -55.430  26.618  22.049 0.0000000000
128701  -55.464  25.665  21.146 0.0000000000
128702  -55.799  25.492  21.404 0.0000000000
127765  -56.540  24.467  21.626 0.0000000000
126880  -56.018  23.522  19.565 0.0000000000
125939  -56.377  22.638  19.957 0.0000000000
126866  -56.773  23.344  20.775 0.0000000000
125927  -57.151  22.285  21.317 0.0000000000
124995  -57.138  22.105  21.908 0.0000000000
124984  -56.958  22.031  22.260 0.0000000000
125892  -56.502  22.269  22.558 0.0000000000
125891  -55.866  22.441  22.076 0.0000000000
126848  -54.518  23.528  21.491 0.0000000000
127763  -53.817  24.071  21.577 0.0000000000
126862  -53.171  23.655  20.505 0.0000000000
126846  -53.215  23.843  20.874 0.0000000000
115452  -45.303  10.719  29.950 0.0000000000
116388  -45.029  11.657  29.306 0.0000000000
117280  -44.554  13.179  29.010 0.0000000000
117262  -43.719  13.036  29.926 0.0000000000
118087  -44.436  13.720  29.318 0.0000000000
118866  -45.400  14.982  29.621 0.0000000000
119696  -46.460  16.229  30.344 0.0000000000
134902  -41.046  33.723  27.748 0.0000000000
134903  -41.600  33.496  27.347 0.0000000000
134912  -41.982  33.559  26.873 0.0000000000
135602  -43.062  34.422  26.120 0.0000000000
135620  -49.066  34.908  22.897 0.0000000000
135630  -51.895  35.047  20.889 0.0000000000
134947  -53.014  33.929  20.601 0.0000000000
134948  -53.828  33.772  20.213 0.0000000000
134949  -54.463  33.621  19.792 0.0000000000
134956  -54.961  33.313  19.348 0.0000000000
135635  -54.491  34.628  20.181 0.0000000000
136307  -54.084  35.588  20.139 0.0000000000
124041  -52.035  19.948  37.950 0.0000000000
122397  -51.339  18.720  37.393 0.0000000000
122398  -52.230  18.646  37.528 0.0000000000
122418  -52.526  18.417  36.805 0.0000000000
122427  -53.344  18.368  36.292 0.0000000000
132478  -50.692  30.185  32.529 0.0000000000
131802  -50.295  29.363  32.129 0.0000000000
129529  -55.946  26.183  28.355 0.0000000000
129527  -54.167  26.646  28.864 0.0000000000
129522  -55.741  26.346  29.253 0.0000000000
129510  -55.669  26.408  30.132 0.0000000000
128572  -56.405  25.635  31.383 0.0000000000
127627  -56.761  24.850  31.670 0.0000000000
127620  -55.795  25.199  32.975 0.0000000000
127617  -56.063  24.193  33.874 0.0000000000
126687  -55.993  23.337  34.097 0.0000000000
125736  -55.606  22.522  34.403 0.0000000000
125737  -56.433  22.436  34.075 0.0000000000
124863  -57.405  21.249  34.116 0.0000000000
124067  -57.900  20.076  34.549 0.0000000000
124868  -58.895  20.899  33.382 0.0000000000
124076  -58.883  20.208  33.996 0.0000000000
123265  -58.841  18.799  34.494 0.0000000000
122440  -59.668  17.854  34.195 0.0000000000
120534  -59.825  16.715  32.692 0.0000000000
120543  -58.152  16.611  32.104 0.0000000000
120556  -57.829  16.635  30.794 0.0000000000
121544  -57.954  16.971  31.406 0.0000000000
121543  -57.413  17.357  31.072 0.0000000000
121528  -56.867  17.581  31.847 0.0000000000
122447  -57.094  18.755  33.065 0.0000000000
122457  -56.484  18.258  32.496 0.0000000000
122465  -56.064  17.947  31.622 0.0000000000
122463  -54.701  18.594  31.125 0.0000000000
123294  -53.917  18.909  31.547 0.0000000000
123293  -53.082  19.345  31.315 0.0000000000
126731  -52.341  23.678  29.501 0.0000000000
126730  -51.388  23.747  29.327 0.0000000000
126714  -50.599  23.482  30.080 0.0000000000
125778  -49.901  22.916  30.546 0.0000000000
125758  -49.277  22.402  30.946 0.0000000000
124888  -48.624  22.042  31.190 0.0000000000
124910  -47.933  21.515  30.872 0.0000000000
124139  -46.656  20.543  29.628 0.0000000000
134907  -53.785  33.575  27.783 0.0000000000
134888  -54.707  33.055  29.063 0.0000000000
134899  -55.203  33.048  27.938 0.0000000000
134120  -55.646  32.538  27.516 0.0000000000
133328  -55.047  31.256  27.747 0.0000000000
133356  -55.859  31.319  25.770 0.0000000000
132541  -55.074  30.888  26.042 0.0000000000
132528  -53.899  30.096  27.078 0.0000000000
131838  -53.536  29.350  26.821 0.0000000000
130343  -54.146  27.902  26.269 0.0000000000
130337  -54.716  26.954  26.711 0.0000000000
130371  -55.930  27.375  23.375 0.0000000000
130363  -56.103  27.510  24.030 0.0000000000
130356  -56.133  27.042  24.380 0.0000000000
130355  -55.774  27.627  24.799 0.0000000000
130345  -55.635  27.125  25.432 0.0000000000
129545  -55.207  26.680  26.599 0.0000000000
129535  -54.968  26.564  27.509 0.0000000000
128603  -56.223  25.935  27.971 0.0000000000
127679  -57.653  23.852  27.466 0.0000000000
127659  -57.813  23.827  28.702 0.0000000000
126752  -58.561  22.929  28.737 0.0000000000
126753  -58.782  22.204  29.230 0.0000000000
124935  -59.011  20.872  29.654 0.0000000000
124945  -58.316  20.963  28.375 0.0000000000
124952  -57.464  21.716  27.081 0.0000000000
125831  -54.895  23.077  27.863 0.0000000000
126769  -54.376  23.481  27.880 0.0000000000
125876  -56.501  22.456  23.532 0.0000000000
126822  -56.240  23.055  24.271 0.0000000000
126808  -55.514  23.573  24.712 0.0000000000
127715  -53.990  24.666  24.299 0.0000000000
115470  -46.385  10.622  28.880 0.0000000000
116402  -46.312  11.215  28.092 0.0000000000
117288  -45.632  12.678  28.000 0.0000000000
116414  -46.032  11.877  27.768 0.0000000000
119731  -46.865  15.472  27.463 0.0000000000
119721  -49.271  16.095  27.808 0.0000000000
120606  -50.773  16.721  28.449 0.0000000000
134862  -45.352  33.467  31.263 0.0000000000
134083  -43.177  32.426  29.908 0.0000000000
134085  -45.089  32.640  30.869 0.0000000000
134072  -47.193  32.814  31.660 0.0000000000
134062  -48.511  33.305  32.340 0.0000000000
134854  -50.420  33.668  32.475 0.0000000000
134866  -51.017  33.115  32.152 0.0000000000
134075  -50.411  32.548  31.915 0.0000000000
134086  -51.096  32.149  31.347 0.0000000000
132492  -48.848  30.706  30.152 0.0000000000
133302  -50.396  31.460  30.084 0.0000000000
134097  -51.118  31.946  30.525 0.0000000000
134098  -51.854  32.356  30.061 0.0000000000
134109  -51.641  32.368  29.011 0.0000000000
134895  -52.294  32.838  28.719 0.0000000000
134915  -44.777  33.559  26.270 0.0000000000
133334  -45.670  32.252  26.773 0.0000000000
133335  -46.114  31.953  26.722 0.0000000000
133325  -48.123  30.855  27.417 0.0000000000
134143  -47.843  32.088  25.882 0.0000000000
133337  -47.923  31.514  26.619 0.0000000000
133338  -49.037  31.146  26.851 0.0000000000
134132  -50.248  31.555  27.055 0.0000000000
134118  -51.702  32.318  27.907 0.0000000000
134906  -52.972  33.446  27.722 0.0000000000
134919  -53.418  33.369  27.124 0.0000000000
134135  -53.583  32.961  26.451 0.0000000000
133353  -53.915  32.265  25.090 0.0000000000
134158  -51.329  31.708  24.893 0.0000000000
133366  -52.888  31.472  24.695 0.0000000000
133367  -54.030  31.787  24.695 0.0000000000
132572  -54.082  30.300  23.894 0.0000000000
131102  -54.177  28.782  23.229 0.0000000000
131114  -53.701  28.162  22.595 0.0000000000
134939  -49.421  33.396  22.669 0.0000000000
134178  -50.730  32.181  22.434 0.0000000000
133389  -51.100  31.477  22.588 0.0000000000
132586  -51.813  30.658  22.269 0.0000000000
131878  -52.068  29.943  22.741 0.0000000000
131879  -52.426  29.297  22.538 0.0000000000
130380  -53.311  27.707  21.935 0.0000000000
130381  -54.186  27.359  22.174 0.0000000000
129587  -53.983  26.389  21.050 0.0000000000
128718  -54.002  25.649  20.001 0.0000000000
129614  -53.767  26.390  18.853 0.0000000000
128732  -54.192  25.473  18.551 0.0000000000
127812  -54.542  24.481  17.763 0.0000000000
126915  -54.136  24.180  16.770 0.0000000000
130446  -53.400  27.955  16.963 0.0000000000
130444  -52.623  27.522  16.658 0.0000000000
134957  -55.255  32.701  18.961 0.0000000000
134223  -55.074  32.518  17.925 0.0000000000
134234  -54.621  32.176  17.514 0.0000000000
119671  -45.986  16.272  34.268 0.0000000000
119675  -45.889  16.441  33.146 0.0000000000
119684  -45.516  15.855  31.385 0.0000000000
119685  -46.385  16.088  31.295 0.0000000000
120547  -46.915  16.520  31.414 0.0000000000
120548  -47.466  16.549  31.100 0.0000000000
121460  -49.035  17.641  36.190 0.0000000000
121475  -49.880  17.923  35.472 0.0000000000
120528  -47.904  17.052  32.414 0.0000000000
120538  -47.985  16.849  31.649 0.0000000000
120564  -47.689  16.493  30.294 0.0000000000
120565  -48.416  16.586  30.142 0.0000000000
120566  -49.166  16.745  30.148 0.0000000000
121556  -50.399  17.327  30.893 0.0000000000
120567  -50.028  16.836  30.147 0.0000000000
120587  -49.523  16.578  29.382 0.0000000000
128490  -50.854  25.512  39.633 0.0000000000
128515  -51.636  25.593  38.883 0.0000000000
128516  -52.560  25.258  39.306 0.0000000000
134091  -55.311  32.737  29.556 0.0000000000
131814  -52.552  29.654  29.348 0.0000000000
132495  -52.994  30.247  30.019 0.0000000000
132485  -53.247  30.638  31.207 0.0000000000
131806  -51.423  29.410  31.180 0.0000000000
131805  -50.769  29.122  31.553 0.0000000000
131039  -49.746  28.645  32.279 0.0000000000
129520  -53.839  26.683  29.661 0.0000000000
129519  -53.096  26.783  30.028 0.0000000000
129507  -52.680  26.588  30.698 0.0000000000
129498  -52.496  26.396  31.718 0.0000000000
130313  -51.368  26.869  31.034 0.0000000000
129496  -50.705  26.861  32.248 0.0000000000
130309  -50.067  27.658  32.448 0.0000000000
130299  -49.438  28.074  33.204 0.0000000000
130293  -50.251  27.409  34.518 0.0000000000
130285  -50.710  27.453  35.340 0.0000000000
129454  -50.606  26.918  36.214 0.0000000000
130273  -52.238  27.226  35.868 0.0000000000
129455  -51.658  26.822  36.410 0.0000000000
129438  -51.002  26.340  37.027 0.0000000000
128536  -52.356  25.631  37.986 0.0000000000
127575  -53.120  24.790  38.831 0.0000000000
126656  -53.841  22.984  39.239 0.0000000000
125674  -54.145  21.754  39.200 0.0000000000
124837  -53.727  21.977  37.889 0.0000000000
124825  -54.139  21.539  38.750 0.0000000000
124032  -54.203  20.597  38.463 0.0000000000
123225  -54.168  19.681  38.401 0.0000000000
122400  -54.122  18.541  37.396 0.0000000000
121479  -54.070  18.095  35.627 0.0000000000
124860  -55.187  21.809  34.694 0.0000000000
124060  -55.739  20.310  35.247 0.0000000000
123254  -55.583  19.309  36.158 0.0000000000
122428  -57.126  18.468  35.541 0.0000000000
122422  -56.377  18.567  35.791 0.0000000000
122421  -55.581  18.676  36.270 0.0000000000
121466  -55.282  18.270  36.135 0.0000000000
121498  -53.824  18.170  34.734 0.0000000000
120539  -53.768  17.365  32.736 0.0000000000
120552  -53.418  17.114  31.934 0.0000000000
120624  -53.666  17.315  27.198 0.0000000000
121602  -52.586  17.668  26.062 0.0000000000
121615  -53.019  18.250  25.504 0.0000000000
120595  -57.325  17.075  28.927 0.0000000000
120627  -57.102  17.303  27.689 0.0000000000
122501  -55.058  18.481  28.230 0.0000000000
121605  -54.772  17.971  26.727 0.0000000000
122529  -53.092  18.730  25.333 0.0000000000
122535  -52.478  18.964  24.518 0.0000000000
123381  -52.186  19.097  24.460 0.0000000000
124914  -58.310  20.913  30.609 0.0000000000
124897  -57.198  21.166  31.458 0.0000000000
124878  -56.230  21.070  32.255 0.0000000000
125784  -55.750  22.203  30.809 0.0000000000
124895  -55.367  21.966  31.705 0.0000000000
124086  -54.177  20.680  32.502 0.0000000000
123282  -53.470  19.801  32.244 0.0000000000
123292  -52.289  19.562  31.119 0.0000000000
126716  -52.351  23.462  30.337 0.0000000000
124891  -51.021  21.545  31.560 0.0000000000
124892  -51.988  21.507  31.958 0.0000000000
124100  -51.922  20.321  31.792 0.0000000000
123322  -50.880  19.513  29.061 0.0000000000
123333  -49.583  19.523  28.049 0.0000000000
117271  -44.279  13.058  29.459 0.0000000000
117272  -44.631  12.510  29.205 0.0000000000
118882  -47.057  15.556  27.852 0.0000000000
119677  -57.427  15.836  32.626 0.0000000000
119679  -45.335  16.004  32.337 0.0000000000
119681  -57.105  15.734  32.354 0.0000000000
119686  -46.896  16.288  30.972 0.0000000000
119688  -56.836  15.828  31.481 0.0000000000
119697  -47.107  16.464  30.595 0.0000000000
119698  -56.507  15.936  30.953 0.0000000000
119744  -46.998  15.536  26.961 0.0000000000
120510  -46.829  16.560  35.326 0.0000000000
120519  -47.834  17.234  33.219 0.0000000000
120520  -56.305  17.148  34.370 0.0000000000
120524  -59.838  16.567  33.150 0.0000000000
120529  -55.010  17.260  33.660 0.0000000000
120544  -59.284  16.753  32.396 0.0000000000
120545  -59.723  16.886  32.527 0.0000000000
120549  -48.261  16.683  30.960 0.0000000000
120550  -48.783  16.796  30.643 0.0000000000
120555  -56.463  15.878  31.647 0.0000000000
120573  -56.993  16.440  29.737 0.0000000000
120574  -57.443  16.800  29.762 0.0000000000
120594  -57.092  16.813  28.859 0.0000000000
120612  -57.307  17.128  28.156 0.0000000000
120613  -57.293  17.258  28.600 0.0000000000
120626  -57.156  16.974  27.471 0.0000000000
120637  -52.191  17.414  26.434 0.0000000000
121447  -48.059  17.978  36.605 0.0000000000
121450  -54.789  18.482  36.668 0.0000000000
121457  -46.043  17.320  36.368 0.0000000000
121463  -51.859  18.398  36.469 0.0000000000
121464  -52.179  18.421  36.416 0.0000000000
121465  -54.342  18.248  36.528 0.0000000000
121467  -56.185  18.229  35.772 0.0000000000
121468  -56.723  18.231  35.672 0.0000000000
121477  -51.777  18.386  35.946 0.0000000000
121482  -57.156  17.816  35.445 0.0000000000
121483  -58.232  17.673  34.941 0.0000000000
121503  -59.032  17.085  34.653 0.0000000000
121504  -59.896  16.990  33.775 0.0000000000
121509  -48.465  17.478  32.885 0.0000000000
121518  -59.778  17.403  32.886 0.0000000000
121519  -60.126  17.032  33.049 0.0000000000
121527  -53.884  17.574  33.246 0.0000000000
121529  -57.678  17.231  32.083 0.0000000000
121530  -58.612  17.059  32.354 0.0000000000
121532  -59.954  17.028  32.637 0.0000000000
121537  -48.947  17.099  31.286 0.0000000000
121542  -56.643  17.613  30.863 0.0000000000
121559  -57.128  17.443  30.154 0.0000000000
121572  -56.525  17.795  29.544 0.0000000000
121574  -57.338  17.222  29.542 0.0000000000
121583  -56.738  16.970  27.435 0.0000000000
121584  -57.058  17.550  28.582 0.0000000000
121585  -57.200  17.329  28.958 0.0000000000
121593  -54.765  17.621  26.955 0.0000000000
121595  -56.527  17.409  27.591 0.0000000000
121596  -56.977  17.625  27.962 0.0000000000
122385  -53.765  18.988  38.123 0.0000000000
122387  -54.620  19.262  37.432 0.0000000000
122402  -55.312  18.960  36.631 0.0000000000
122417  -51.624  18.392  36.939 0.0000000000
122419  -53.510  18.335  36.981 0.0000000000
122420  -55.101  18.554  36.547 0.0000000000
122425  -52.141  18.429  35.843 0.0000000000
122430  -58.515  17.912  34.910 0.0000000000
122435  -52.018  18.421  35.617 0.0000000000
122436  -52.394  18.429  35.499 0.0000000000
122438  -58.531  18.493  34.726 0.0000000000
122439  -58.927  18.071  34.729 0.0000000000
122449  -58.738  18.242  33.093 0.0000000000
122450  -59.304  17.976  33.246 0.0000000000
122455  -54.759  18.726  32.081 0.0000000000
122464  -55.378  18.391  31.354 0.0000000000
122494  -56.708  17.814  28.917 0.0000000000
122502  -55.936  18.247  28.428 0.0000000000
122503  -56.608  17.933  28.483 0.0000000000
122509  -53.128  19.033  27.177 0.0000000000
122512  -55.770  18.085  27.664 0.0000000000
122520  -54.320  18.195  26.553 0.0000000000
123223  -52.753  19.742  38.389 0.0000000000
123233  -47.923  18.548  36.676 0.0000000000
123234  -48.108  18.429  36.679 0.0000000000
123239  -55.153  19.129  36.752 0.0000000000
123253  -55.086  19.653  36.304 0.0000000000
123255  -56.077  18.885  36.024 0.0000000000
123259  -56.649  19.113  35.615 0.0000000000
123260  -57.574  19.043  35.151 0.0000000000
123272  -56.956  19.510  33.017 0.0000000000
123286  -58.086  19.846  32.403 0.0000000000
123289  -59.125  19.167  33.298 0.0000000000
123371  -52.700  19.072  24.854 0.0000000000
123382  -52.522  19.151  24.678 0.0000000000
124022  -53.832  20.832  39.298 0.0000000000
124024  -54.315  21.103  39.043 0.0000000000
124031  -53.908  20.380  38.807 0.0000000000
124056  -55.226  19.785  35.919 0.0000000000
124059  -55.041  20.753  35.384 0.0000000000
124068  -58.786  19.495  34.352 0.0000000000
124069  -59.070  19.143  34.207 0.0000000000
124074  -57.295  19.714  32.820 0.0000000000
124075  -58.557  20.610  33.975 0.0000000000
124077  -59.161  19.545  33.731 0.0000000000
124084  -52.494  20.937  32.255 0.0000000000
124089  -57.508  20.038  32.487 0.0000000000
124102  -58.558  20.715  31.154 0.0000000000
124118  -47.252  20.948  30.358 0.0000000000
124124  -58.890  20.834  30.990 0.0000000000
124810  -54.171  21.415  39.290 0.0000000000
124824  -53.880  21.978  38.515 0.0000000000
124857  -55.278  21.162  35.032 0.0000000000
124861  -55.885  21.528  34.610 0.0000000000
124862  -56.653  21.481  34.342 0.0000000000
124874  -52.581  21.484  32.146 0.0000000000
124876  -53.899  21.671  32.266 0.0000000000
124894  -53.377  21.902  32.084 0.0000000000
124896  -56.081  21.770  31.439 0.0000000000
124953  -58.204  20.999  27.339 0.0000000000
124960  -58.638  20.932  26.650 0.0000000000
124963  -57.308  21.749  25.637 0.0000000000
124965  -58.398  21.043  25.716 0.0000000000
124977  -57.800  21.753  23.652 0.0000000000
124986  -58.043  21.747  23.558 0.0000000000
124993  -56.150  21.892  21.079 0.0000000000
124994  -56.709  21.983  21.502 0.0000000000
125006  -55.374  22.026  20.087 0.0000000000
125009  -56.932  21.996  21.366 0.0000000000
125021  -55.284  22.094  19.872 0.0000000000
125022  -55.780  22.199  19.686 0.0000000000
125023  -56.263  22.109  20.132 0.0000000000
125034  -55.845  22.398  19.419 0.0000000000
125694  -53.996  22.167  38.898 0.0000000000
125695  -54.176  21.817  38.969 0.0000000000
125725  -53.326  22.965  37.114 0.0000000000
125741  -57.007  22.583  33.596 0.0000000000
125743  -58.366  21.481  33.326 0.0000000000
125748  -54.492  21.926  32.041 0.0000000000
125757  -48.759  22.435  30.862 0.0000000000
125765  -55.507  22.093  31.419 0.0000000000
125777  -49.076  22.869  30.577 0.0000000000
125785  -56.387  21.905  30.506 0.0000000000
125852  -56.109  22.904  25.960 0.0000000000
125863  -57.374  21.909  24.887 0.0000000000
125875  -55.966  22.693  22.807 0.0000000000
125877  -58.365  22.287  23.743 0.0000000000
125907  -56.347  22.070  21.774 0.0000000000
125924  -55.099  22.248  20.081 0.0000000000
125938  -55.510  22.339  19.442 0.0000000000
125952  -56.061  22.800  19.305 0.0000000000
125980  -54.069  23.263  16.569 0.0000000000
126672  -53.453  23.023  38.259 0.0000000000
126680  -53.606  23.419  35.126 0.0000000000
126696  -57.309  23.290  32.667 0.0000000000
126703  -58.264  22.636  31.504 0.0000000000
126717  -52.917  23.324  30.437 0.0000000000
126770  -54.944  23.103  27.578 0.0000000000
126798  -56.176  22.947  25.689 0.0000000000
126810  -58.129  23.239  24.672 0.0000000000
126821  -55.667  23.309  23.522 0.0000000000
126837  -57.569  23.389  22.621 0.0000000000
126849  -55.414  22.768  21.518 0.0000000000
126851  -57.417  22.951  21.559 0.0000000000
126865  -55.504  22.407  21.100 0.0000000000
126867  -57.152  22.694  21.000 0.0000000000
126879  -55.668  23.735  19.226 0.0000000000
126890  -53.747  22.653  18.445 0.0000000000
126892  -55.877  23.046  19.018 0.0000000000
126902  -55.042  23.669  17.895 0.0000000000
127576  -53.639  23.869  39.621 0.0000000000
127602  -52.574  24.821  36.141 0.0000000000
127609  -53.407  24.829  35.358 0.0000000000
127610  -53.774  24.385  35.026 0.0000000000
127612  -55.625  23.874  34.170 0.0000000000
127621  -56.432  24.570  32.743 0.0000000000
127635  -56.781  25.038  31.029 0.0000000000
127704  -53.571  24.658  25.155 0.0000000000
127717  -57.391  24.304  24.287 0.0000000000
127731  -57.038  24.656  23.731 0.0000000000
127746  -54.210  24.161  22.053 0.0000000000
127748  -57.447  23.899  22.869 0.0000000000
127762  -52.929  24.216  21.139 0.0000000000
127764  -54.186  23.938  21.689 0.0000000000
127787  -52.248  24.122  19.709 0.0000000000
127788  -52.532  23.808  19.823 0.0000000000
127789  -54.961  24.738  19.261 0.0000000000
127791  -55.866  24.161  19.760 0.0000000000
127802  -55.107  24.103  18.372 0.0000000000
128534  -50.290  25.935  37.723 0.0000000000
128557  -54.211  25.547  34.943 0.0000000000
128563  -55.506  25.749  33.344 0.0000000000
128571  -55.873  26.022  31.748 0.0000000000
128585  -56.708  25.687  29.408 0.0000000000
128588  -56.278  26.000  28.298 0.0000000000
128589  -56.576  25.751  28.509 0.0000000000
128656  -57.041  24.762  24.534 0.0000000000
128672  -53.170  25.120  22.740 0.0000000000
128709  -54.116  25.761  20.307 0.0000000000
128710  -54.444  25.608  20.311 0.0000000000
128711  -55.274  25.271  20.535 0.0000000000
128712  -55.717  25.109  20.766 0.0000000000
128719  -54.623  25.096  19.576 0.0000000000
128757  -52.767  25.788  16.585 0.0000000000
128759  -53.982  26.349  17.065 0.0000000000
129439  -51.959  26.305  37.150 0.0000000000
129452  -48.485  26.843  35.901 0.0000000000
129464  -48.683  27.145  35.549 0.0000000000
129465  -49.098  27.019  35.493 0.0000000000
129467  -52.899  25.938  35.775 0.0000000000
129468  -53.360  26.414  35.647 0.0000000000
129469  -54.087  26.480  35.288 0.0000000000
129472  -52.182  26.967  34.086 0.0000000000
129479  -50.978  26.898  33.734 0.0000000000
129481  -52.880  26.741  33.430 0.0000000000
129483  -55.126  26.384  32.920 0.0000000000
129488  -50.524  26.913  33.067 0.0000000000
129497  -51.462  26.581  31.803 0.0000000000
129502  -56.285  26.065  30.582 0.0000000000
129506  -51.881  26.617  31.036 0.0000000000
129521  -54.880  26.489  29.500 0.0000000000
129528  -55.001  26.444  28.601 0.0000000000
129530  -56.315  26.044  28.648 0.0000000000
129536  -55.893  26.298  27.207 0.0000000000
129546  -55.707  26.598  26.025 0.0000000000
129555  -55.962  26.790  25.309 0.0000000000
129588  -54.380  26.347  21.176 0.0000000000
129589  -55.242  26.198  21.504 0.0000000000
129590  -55.616  26.066  21.788 0.0000000000
129595  -53.967  26.108  20.591 0.0000000000
129597  -55.131  25.818  20.937 0.0000000000
129603  -53.558  26.250  19.725 0.0000000000
129629  -53.901  27.253  17.209 0.0000000000
129630  -54.187  27.047  17.448 0.0000000000
130270  -47.672  27.582  36.080 0.0000000000
130271  -48.127  27.255  35.814 0.0000000000
130274  -52.971  27.061  35.769 0.0000000000
130275  -53.323  26.898  35.730 0.0000000000
130282  -47.820  27.975  35.578 0.0000000000
130288  -53.603  27.118  35.349 0.0000000000
130289  -54.208  26.955  35.049 0.0000000000
130296  -53.289  27.335  34.667 0.0000000000
130300  -50.144  27.307  33.618 0.0000000000
130301  -50.645  27.239  34.128 0.0000000000
130302  -52.540  26.985  33.953 0.0000000000
130304  -53.635  27.200  34.222 0.0000000000
130308  -49.557  28.257  32.647 0.0000000000
130312  -50.811  27.352  31.307 0.0000000000
130317  -52.534  26.994  30.041 0.0000000000
130325  -53.556  26.896  29.019 0.0000000000
130335  -53.373  27.871  27.409 0.0000000000
130362  -55.808  28.050  24.274 0.0000000000
130379  -52.813  28.017  21.759 0.0000000000
130382  -55.201  27.107  22.230 0.0000000000
130383  -55.696  27.427  22.902 0.0000000000
130389  -52.970  27.739  21.296 0.0000000000
130391  -54.648  26.747  21.717 0.0000000000
130398  -53.107  27.443  20.711 0.0000000000
130425  -54.113  27.206  18.599 0.0000000000
130445  -53.100  27.618  16.545 0.0000000000
131029  -47.644  28.782  35.188 0.0000000000
131030  -48.127  28.626  34.729 0.0000000000
131031  -48.636  28.525  34.277 0.0000000000
131034  -48.331  28.977  34.091 0.0000000000
131046  -50.829  28.095  31.025 0.0000000000
131059  -52.125  28.937  28.993 0.0000000000
131060  -52.458  28.371  28.544 0.0000000000
131068  -53.478  28.010  27.131 0.0000000000
131070  -53.282  28.807  27.006 0.0000000000
131071  -53.691  28.446  26.669 0.0000000000
131091  -55.628  28.551  24.452 0.0000000000
131104  -55.652  28.491  23.647 0.0000000000
131113  -52.787  28.446  22.218 0.0000000000
131117  -55.807  27.919  23.386 0.0000000000
131132  -52.779  28.295  20.575 0.0000000000
131162  -55.155  28.913  18.078 0.0000000000
131163  -55.158  29.519  18.033 0.0000000000
131167  -52.478  28.498  16.997 0.0000000000
131168  -53.114  28.902  16.880 0.0000000000
131171  -55.104  29.356  17.858 0.0000000000
131177  -53.029  28.248  16.709 0.0000000000
131798  -48.406  29.597  33.741 0.0000000000
131799  -48.970  29.589  33.164 0.0000000000
131809  -51.878  29.284  30.209 0.0000000000
131813  -52.109  29.213  29.491 0.0000000000
131819  -52.631  29.376  28.646 0.0000000000
131820  -53.186  29.581  28.173 0.0000000000
131837  -53.115  29.058  27.297 0.0000000000
131839  -54.172  29.361  26.170 0.0000000000
131842  -54.689  29.214  25.624 0.0000000000
131863  -52.102  29.957  23.100 0.0000000000
131865  -53.589  29.517  23.570 0.0000000000
131868  -55.743  28.625  23.963 0.0000000000
131887  -52.146  29.923  22.026 0.0000000000
131897  -52.371  29.849  21.495 0.0000000000
131910  -52.926  29.124  20.172 0.0000000000
131918  -55.001  29.366  18.677 0.0000000000
132477  -50.069  29.887  32.670 0.0000000000
132491  -47.958  30.647  30.187 0.0000000000
132493  -49.370  30.819  30.009 0.0000000000
132494  -52.351  29.801  30.235 0.0000000000
132501  -46.673  30.285  29.270 0.0000000000
132503  -48.460  30.484  29.484 0.0000000000
132505  -53.163  30.082  28.970 0.0000000000
132507  -54.793  31.291  28.781 0.0000000000
132511  -44.926  30.873  28.216 0.0000000000
132512  -45.538  30.703  28.028 0.0000000000
132514  -47.411  30.243  28.616 0.0000000000
132515  -48.201  30.311  28.808 0.0000000000
132516  -48.871  30.492  28.821 0.0000000000
132519  -54.654  30.980  28.254 0.0000000000
132524  -46.473  30.861  27.727 0.0000000000
132527  -48.571  30.468  28.415 0.0000000000
132529  -54.795  30.780  27.226 0.0000000000
132530  -55.307  31.175  26.750 0.0000000000
132539  -53.991  29.793  26.578 0.0000000000
132540  -54.443  30.187  26.446 0.0000000000
132542  -55.685  31.192  26.027 0.0000000000
132549  -55.026  30.360  25.258 0.0000000000
132550  -55.378  30.839  25.759 0.0000000000
132559  -54.916  30.665  24.708 0.0000000000
132560  -55.100  30.366  24.877 0.0000000000
132573  -54.911  30.251  24.127 0.0000000000
132597  -52.383  30.684  21.509 0.0000000000
132608  -52.991  30.435  20.949 0.0000000000
132622  -54.977  30.447  19.365 0.0000000000
132636  -54.514  30.691  17.616 0.0000000000
132637  -55.071  30.890  17.812 0.0000000000
133274  -45.470  32.191  30.852 0.0000000000
133279  -49.713  31.928  31.445 0.0000000000
133286  -44.155  31.568  29.931 0.0000000000
133292  -50.443  31.700  31.068 0.0000000000
133294  -55.415  32.292  29.715 0.0000000000
133295  -55.440  32.523  29.375 0.0000000000
133299  -43.461  31.535  28.781 0.0000000000
133301  -49.744  31.023  29.679 0.0000000000
133303  -54.712  31.377  29.917 0.0000000000
133305  -55.559  32.135  28.910 0.0000000000
133309  -42.760  32.136  28.238 0.0000000000
133311  -44.350  31.230  28.185 0.0000000000
133316  -55.609  32.024  28.330 0.0000000000
133320  -43.590  32.053  27.514 0.0000000000
133322  -45.293  31.655  27.389 0.0000000000
133323  -46.343  31.458  27.290 0.0000000000
133324  -47.204  31.203  27.316 0.0000000000
133329  -55.562  31.641  27.214 0.0000000000
133336  -46.890  31.691  26.701 0.0000000000
133339  -49.595  31.122  27.468 0.0000000000
133340  -55.531  31.352  26.543 0.0000000000
133341  -55.973  31.475  26.302 0.0000000000
133349  -48.369  31.688  26.220 0.0000000000
133350  -48.611  31.498  26.413 0.0000000000
133351  -52.314  31.873  25.185 0.0000000000
133352  -53.346  32.092  25.201 0.0000000000
133354  -55.023  31.984  25.306 0.0000000000
133355  -55.625  31.597  25.563 0.0000000000
133368  -54.780  31.397  24.884 0.0000000000
133370  -55.212  31.130  25.489 0.0000000000
133388  -50.684  32.020  22.721 0.0000000000
133396  -52.670  31.806  21.187 0.0000000000
133421  -55.133  31.375  19.395 0.0000000000
133422  -55.354  31.304  18.691 0.0000000000
133456  -55.065  31.350  17.834 0.0000000000
134063  -48.910  33.231  32.396 0.0000000000
134064  -49.686  33.127  32.374 0.0000000000
134066  -51.866  33.094  32.138 0.0000000000
134070  -45.605  32.578  31.092 0.0000000000
134071  -46.203  32.699  31.417 0.0000000000
134073  -48.250  32.909  32.156 0.0000000000
134076  -51.444  32.807  31.907 0.0000000000
134084  -44.286  32.451  30.513 0.0000000000
134096  -42.961  31.935  29.261 0.0000000000
134101  -54.831  32.908  29.693 0.0000000000
134102  -55.389  32.744  29.078 0.0000000000
134105  -41.791  32.823  28.900 0.0000000000
134106  -42.259  32.538  28.344 0.0000000000
134107  -42.753  32.246  27.902 0.0000000000
134108  -50.967  31.959  29.523 0.0000000000
134114  -43.097  32.289  27.361 0.0000000000
134115  -43.832  32.341  27.164 0.0000000000
134119  -52.382  32.739  27.421 0.0000000000
134121  -55.901  32.223  26.843 0.0000000000
134125  -43.348  32.809  26.780 0.0000000000
134127  -45.203  32.686  26.676 0.0000000000
134129  -46.578  32.297  26.287 0.0000000000
134137  -55.491  32.670  26.581 0.0000000000
134138  -56.172  32.139  26.294 0.0000000000
134142  -46.863  32.591  25.757 0.0000000000
134148  -53.917  32.550  25.640 0.0000000000
134149  -54.864  32.321  25.713 0.0000000000
134151  -56.199  31.768  25.811 0.0000000000
134159  -54.307  32.238  25.179 0.0000000000
134177  -50.231  32.583  22.593 0.0000000000
134196  -54.669  32.560  19.709 0.0000000000
134209  -55.099  32.318  19.392 0.0000000000
134224  -55.229  31.912  18.366 0.0000000000
134235  -54.997  31.784  17.900 0.0000000000
134851  -47.979  34.381  32.192 0.0000000000
134853  -49.370  33.941  32.517 0.0000000000
134865  -48.061  33.526  32.255 0.0000000000
134868  -53.018  33.033  31.627 0.0000000000
134873  -42.306  33.259  30.047 0.0000000000
134875  -44.623  33.182  30.899 0.0000000000
134876  -45.026  33.087  31.009 0.0000000000
134879  -55.003  33.161  29.748 0.0000000000
134880  -55.175  32.991  29.236 0.0000000000
134883  -41.509  33.348  29.296 0.0000000000
134884  -41.967  33.020  29.598 0.0000000000
134885  -52.216  32.768  29.463 0.0000000000
134889  -55.134  33.025  28.683 0.0000000000
134894  -42.028  33.006  27.769 0.0000000000
134896  -52.906  33.105  28.457 0.0000000000
134897  -53.956  33.105  28.465 0.0000000000
134898  -54.551  33.160  28.236 0.0000000000
134904  -42.232  33.150  27.201 0.0000000000
134905  -52.524  32.888  28.047 0.0000000000
134908  -54.638  33.225  27.503 0.0000000000
134909  -55.305  33.054  27.203 0.0000000000
134913  -42.648  33.488  26.657 0.0000000000
134921  -54.930  33.081  26.905 0.0000000000
134930  -47.872  32.852  24.189 0.0000000000
134969  -55.242  32.499  18.530 0.0000000000
135551  -48.265  34.732  32.172 0.0000000000
135552  -48.911  34.985  32.296 0.0000000000
135568  -46.904  34.888  31.749 0.0000000000
135570  -48.309  35.392  32.049 0.0000000000
135583  -53.158  33.042  28.652 0.0000000000
135584  -53.365  32.823  28.965 0.0000000000
135590  -53.459  33.088  28.570 0.0000000000
135595  -41.154  34.015  27.297 0.0000000000
135596  -53.318  33.732  28.006 0.0000000000
135597  -53.467  33.497  28.201 0.0000000000
135615  -47.100  34.185  24.208 0.0000000000
135618  -47.770  34.184  23.550 0.0000000000
135623  -49.046  33.944  22.706 0.0000000000
135624  -49.422  34.524  22.506 0.0000000000
135631  -52.770  34.998  20.573 0.0000000000
136247  -47.278  35.972  31.634 0.0000000000
136289  -47.399  34.976  24.708 0.0000000000
136294  -47.915  35.151  23.300 0.0000000000
136308  -54.910  35.226  20.052 0.0000000000
136909  -48.288  36.899  31.963 0.0000000000
136979  -53.339  36.492  20.201 0.0000000000
150567  -52.950  23.395  36.432 0.0000000000
150568  -53.007  23.589  36.687 0.0000000000
