#!ascii label  , from subject 3060 vox2ras=TkReg
1080
46369  -17.282  -50.144  64.064 0.0000000000
63396  -40.672  -36.090  62.175 0.0000000000
75629  -42.625  -26.448  58.929 0.0000000000
81786  -51.174  -21.821  54.599 0.0000000000
60954  -36.584  -38.583  62.471 0.0000000000
79189  -46.466  -23.216  57.055 0.0000000000
81895  -55.413  -21.015  46.461 0.0000000000
81948  -60.407  -20.850  43.772 0.0000000000
64575  -43.808  -34.568  62.303 0.0000000000
70991  -43.576  -29.847  62.254 0.0000000000
69838  -42.101  -30.783  60.979 0.0000000000
48701  -19.256  -48.460  67.571 0.0000000000
47585  -24.025  -48.756  66.457 0.0000000000
43985  -28.627  -50.957  62.870 0.0000000000
42858  -33.504  -52.617  61.188 0.0000000000
48762  -36.268  -47.210  61.825 0.0000000000
54229  -38.097  -43.152  63.469 0.0000000000
58885  -40.640  -38.716  63.451 0.0000000000
73245  -47.272  -28.082  60.706 0.0000000000
81976  -61.605  -20.627  41.207 0.0000000000
64571  -42.408  -34.472  62.309 0.0000000000
65862  -42.569  -32.800  62.775 0.0000000000
65896  -41.954  -33.575  61.497 0.0000000000
49886  -19.529  -47.672  66.172 0.0000000000
48707  -21.911  -48.242  67.410 0.0000000000
53188  -35.558  -45.275  62.559 0.0000000000
52228  -37.323  -45.195  63.004 0.0000000000
55352  -35.756  -42.838  64.496 0.0000000000
62185  -38.892  -36.937  62.387 0.0000000000
59863  -38.482  -38.666  64.144 0.0000000000
62136  -40.504  -37.489  63.551 0.0000000000
60957  -42.822  -37.253  62.338 0.0000000000
74391  -42.946  -27.588  61.604 0.0000000000
73242  -44.902  -27.815  60.935 0.0000000000
76718  -44.255  -25.972  60.917 0.0000000000
80493  -48.759  -21.969  55.667 0.0000000000
77981  -48.676  -23.871  58.230 0.0000000000
77984  -50.433  -23.066  56.670 0.0000000000
76838  -51.628  -23.707  54.863 0.0000000000
80637  -57.609  -22.106  48.144 0.0000000000
81830  -55.999  -21.360  49.253 0.0000000000
58901  -35.637  -40.365  61.645 0.0000000000
79288  -49.061  -23.202  52.286 0.0000000000
83055  -58.530  -20.508  45.338 0.0000000000
78202  -59.776  -23.143  45.339 0.0000000000
78282  -61.274  -22.812  40.160 0.0000000000
64637  -44.948  -34.974  60.312 0.0000000000
68443  -44.017  -32.367  62.554 0.0000000000
69783  -42.522  -30.233  62.747 0.0000000000
46310  -18.132  -49.543  66.800 0.0000000000
45156  -25.072  -49.936  62.818 0.0000000000
46332  -26.507  -49.299  64.459 0.0000000000
44012  -27.539  -51.486  62.592 0.0000000000
42879  -30.195  -53.123  60.988 0.0000000000
41737  -32.817  -53.788  60.682 0.0000000000
44055  -35.204  -52.468  60.502 0.0000000000
46401  -35.203  -49.873  60.871 0.0000000000
48790  -37.761  -47.265  60.710 0.0000000000
57733  -37.135  -40.998  63.671 0.0000000000
57756  -38.217  -40.286  63.181 0.0000000000
57816  -40.239  -40.522  60.514 0.0000000000
58916  -42.798  -38.781  61.609 0.0000000000
62187  -44.652  -36.734  61.281 0.0000000000
77954  -46.741  -24.787  59.260 0.0000000000
80619  -53.159  -22.366  49.806 0.0000000000
79255  -53.268  -23.075  53.299 0.0000000000
46321  -16.537  -49.655  66.286 0.0000000000
63378  -41.309  -35.965  62.454 0.0000000000
64589  -42.166  -34.424  62.067 0.0000000000
64605  -41.552  -34.588  61.401 0.0000000000
54250  -35.327  -43.980  61.915 0.0000000000
54220  -35.902  -43.556  63.291 0.0000000000
55405  -35.810  -43.084  62.310 0.0000000000
63395  -39.707  -36.777  62.574 0.0000000000
62134  -39.163  -37.360  63.573 0.0000000000
63377  -40.335  -36.625  62.591 0.0000000000
63360  -41.006  -36.914  63.301 0.0000000000
75563  -43.380  -26.831  61.385 0.0000000000
76733  -43.206  -26.023  60.313 0.0000000000
81772  -49.989  -21.333  55.239 0.0000000000
81707  -49.919  -21.971  56.520 0.0000000000
81745  -51.154  -21.925  56.320 0.0000000000
78008  -51.480  -23.200  55.728 0.0000000000
79221  -52.190  -22.616  55.376 0.0000000000
76954  -58.086  -23.515  47.138 0.0000000000
78132  -57.339  -22.576  48.292 0.0000000000
76935  -56.155  -23.256  47.605 0.0000000000
81945  -58.285  -20.993  43.876 0.0000000000
83057  -59.639  -20.780  44.754 0.0000000000
80657  -59.507  -22.066  45.944 0.0000000000
80668  -60.548  -21.857  44.563 0.0000000000
78217  -60.084  -23.256  44.395 0.0000000000
79407  -60.780  -22.212  43.808 0.0000000000
79454  -62.150  -21.868  40.934 0.0000000000
64606  -44.496  -34.836  61.344 0.0000000000
67194  -44.833  -33.316  62.190 0.0000000000
67166  -43.871  -33.232  62.753 0.0000000000
68441  -41.875  -31.190  62.156 0.0000000000
68427  -42.471  -30.785  62.564 0.0000000000
69797  -41.933  -30.362  62.396 0.0000000000
72132  -41.709  -29.312  62.150 0.0000000000
71051  -41.949  -29.802  60.431 0.0000000000
46312  -19.590  -49.402  66.546 0.0000000000
47581  -19.761  -49.321  66.970 0.0000000000
47572  -23.046  -48.340  67.291 0.0000000000
48748  -27.881  -49.653  63.864 0.0000000000
45143  -27.634  -50.129  63.589 0.0000000000
43997  -26.959  -50.600  63.022 0.0000000000
43998  -28.111  -51.310  62.877 0.0000000000
42877  -28.715  -52.619  61.553 0.0000000000
44014  -29.369  -52.213  62.154 0.0000000000
42870  -33.081  -52.978  61.660 0.0000000000
41739  -34.035  -53.306  60.736 0.0000000000
44031  -34.311  -52.374  61.118 0.0000000000
48774  -35.586  -48.081  61.753 0.0000000000
47640  -35.249  -49.036  61.428 0.0000000000
47641  -35.666  -49.028  61.515 0.0000000000
46425  -35.928  -50.538  60.788 0.0000000000
47643  -36.399  -48.894  61.341 0.0000000000
47654  -37.212  -48.660  60.617 0.0000000000
48777  -37.146  -47.572  61.253 0.0000000000
52221  -37.373  -44.175  63.381 0.0000000000
51133  -38.040  -45.447  62.305 0.0000000000
53192  -38.754  -44.084  62.224 0.0000000000
54240  -38.864  -43.004  62.509 0.0000000000
57766  -35.555  -40.470  63.084 0.0000000000
59892  -36.458  -39.612  63.633 0.0000000000
59879  -39.517  -38.428  64.130 0.0000000000
58866  -38.216  -39.329  64.200 0.0000000000
57757  -39.097  -39.642  62.964 0.0000000000
57795  -39.011  -40.359  61.814 0.0000000000
58903  -40.645  -39.656  61.686 0.0000000000
58905  -42.308  -38.920  62.255 0.0000000000
62153  -43.238  -36.059  62.372 0.0000000000
60959  -43.652  -36.763  61.781 0.0000000000
63399  -44.025  -35.764  61.886 0.0000000000
64624  -44.827  -35.682  60.837 0.0000000000
49845  -17.538  -47.774  67.503 0.0000000000
48699  -17.304  -48.356  67.722 0.0000000000
47567  -17.541  -49.192  67.258 0.0000000000
69811  -43.882  -30.906  61.726 0.0000000000
69824  -43.967  -30.528  60.738 0.0000000000
73243  -46.145  -27.958  60.876 0.0000000000
79187  -45.860  -24.059  57.915 0.0000000000
79147  -45.235  -24.334  59.113 0.0000000000
80414  -46.467  -23.718  58.080 0.0000000000
76800  -49.309  -25.513  57.955 0.0000000000
75631  -48.611  -25.805  58.415 0.0000000000
79294  -55.010  -22.762  49.787 0.0000000000
80599  -54.495  -22.058  49.558 0.0000000000
80577  -53.913  -22.656  50.543 0.0000000000
80576  -53.090  -23.191  50.881 0.0000000000
79272  -53.455  -23.332  52.229 0.0000000000
76863  -53.394  -24.097  52.895 0.0000000000
84161  -60.431  -19.311  42.105 0.0000000000
81950  -61.183  -21.001  42.642 0.0000000000
84175  -61.127  -18.955  41.909 0.0000000000
84185  -61.984  -19.411  40.390 0.0000000000
64573  -43.126  -34.509  62.548 0.0000000000
65864  -43.326  -33.532  62.936 0.0000000000
65863  -42.883  -33.342  63.073 0.0000000000
67178  -42.014  -32.284  62.003 0.0000000000
68465  -41.892  -31.649  61.401 0.0000000000
49866  -19.053  -47.596  66.850 0.0000000000
48702  -19.916  -48.354  67.447 0.0000000000
48719  -23.579  -47.934  66.916 0.0000000000
49936  -36.019  -46.625  62.400 0.0000000000
49960  -36.694  -46.593  61.933 0.0000000000
51122  -36.462  -45.309  63.365 0.0000000000
53182  -36.745  -43.777  63.916 0.0000000000
54223  -36.968  -43.086  64.461 0.0000000000
60956  -37.627  -37.474  62.917 0.0000000000
60925  -37.483  -38.261  63.697 0.0000000000
60926  -38.326  -37.654  63.835 0.0000000000
62122  -39.465  -37.875  64.004 0.0000000000
59881  -40.538  -37.957  63.928 0.0000000000
58887  -41.769  -38.083  62.832 0.0000000000
62138  -41.394  -36.724  63.369 0.0000000000
63380  -42.444  -35.824  62.605 0.0000000000
49884  -17.664  -47.663  66.200 0.0000000000
73226  -43.143  -28.659  62.038 0.0000000000
72135  -43.642  -29.040  61.245 0.0000000000
73227  -43.697  -28.224  61.712 0.0000000000
74394  -44.806  -27.268  61.252 0.0000000000
75580  -45.900  -26.767  60.729 0.0000000000
80471  -47.902  -22.112  56.454 0.0000000000
80416  -47.624  -23.166  58.121 0.0000000000
80431  -48.726  -22.208  57.324 0.0000000000
77982  -49.467  -23.645  57.572 0.0000000000
81883  -57.074  -20.905  47.139 0.0000000000
81868  -55.643  -21.168  48.107 0.0000000000
81832  -56.945  -21.932  48.843 0.0000000000
79321  -56.261  -22.285  49.251 0.0000000000
64621  -40.743  -35.465  61.145 0.0000000000
62199  -39.933  -36.989  60.973 0.0000000000
76795  -43.263  -25.713  58.840 0.0000000000
78021  -46.916  -23.772  55.282 0.0000000000
79235  -47.553  -23.065  54.682 0.0000000000
80532  -48.827  -22.813  53.948 0.0000000000
80554  -49.924  -22.484  53.263 0.0000000000
83045  -57.061  -21.120  45.816 0.0000000000
81885  -58.338  -21.382  46.694 0.0000000000
79373  -59.074  -22.749  46.553 0.0000000000
76999  -58.657  -23.967  45.914 0.0000000000
80721  -61.496  -21.887  42.408 0.0000000000
78268  -60.357  -23.227  41.430 0.0000000000
65926  -45.015  -33.929  60.438 0.0000000000
68467  -44.645  -32.299  61.622 0.0000000000
69800  -43.603  -31.138  62.369 0.0000000000
67164  -43.367  -32.529  62.969 0.0000000000
69784  -43.014  -30.483  62.870 0.0000000000
70973  -43.169  -29.901  62.837 0.0000000000
72104  -42.417  -29.212  62.581 0.0000000000
73240  -42.032  -28.242  61.194 0.0000000000
65925  -41.518  -33.759  60.377 0.0000000000
67222  -41.787  -32.767  60.425 0.0000000000
71069  -41.871  -29.669  59.414 0.0000000000
46322  -17.644  -49.437  65.978 0.0000000000
47619  -18.606  -49.722  65.081 0.0000000000
44026  -25.641  -50.611  61.488 0.0000000000
49911  -23.952  -47.688  65.555 0.0000000000
49892  -24.856  -47.984  66.064 0.0000000000
47587  -25.230  -49.170  65.556 0.0000000000
44011  -26.499  -50.698  62.574 0.0000000000
42897  -30.468  -53.182  59.749 0.0000000000
41746  -31.690  -53.201  59.792 0.0000000000
45198  -33.874  -51.086  60.971 0.0000000000
45199  -34.733  -50.849  61.094 0.0000000000
44019  -34.686  -51.581  60.997 0.0000000000
44033  -35.333  -51.618  60.713 0.0000000000
44043  -36.182  -51.102  60.341 0.0000000000
49962  -37.977  -46.299  61.534 0.0000000000
57754  -35.909  -41.825  63.415 0.0000000000
56523  -36.395  -42.071  64.082 0.0000000000
56546  -37.636  -41.677  63.684 0.0000000000
58865  -37.853  -39.549  63.791 0.0000000000
57744  -37.831  -40.849  63.327 0.0000000000
55371  -38.232  -42.379  63.230 0.0000000000
55408  -38.878  -42.443  61.895 0.0000000000
55447  -39.758  -41.868  60.469 0.0000000000
58928  -44.592  -39.071  60.121 0.0000000000
59917  -42.873  -37.768  62.257 0.0000000000
59929  -44.008  -37.960  61.137 0.0000000000
59940  -45.423  -38.074  60.071 0.0000000000
62211  -45.329  -36.957  60.254 0.0000000000
46299  -16.996  -49.339  67.197 0.0000000000
77950  -44.245  -25.249  59.886 0.0000000000
76768  -45.694  -25.329  60.189 0.0000000000
75598  -46.841  -26.384  60.215 0.0000000000
79151  -47.668  -24.266  58.679 0.0000000000
76771  -47.564  -25.861  59.186 0.0000000000
73281  -48.167  -27.636  59.713 0.0000000000
78078  -50.224  -23.698  51.337 0.0000000000
80556  -51.361  -22.165  52.768 0.0000000000
81848  -54.288  -21.448  48.533 0.0000000000
80636  -53.459  -21.756  48.204 0.0000000000
79319  -52.332  -22.996  50.694 0.0000000000
80557  -52.245  -22.341  52.619 0.0000000000
80517  -52.704  -22.602  54.505 0.0000000000
78038  -53.046  -23.221  53.968 0.0000000000
46368  -15.959  -50.018  64.374 0.0000000000
63397  -41.036  -35.983  62.238 0.0000000000
64588  -41.763  -34.848  61.829 0.0000000000
64587  -41.306  -35.291  61.751 0.0000000000
54262  -35.336  -44.083  61.090 0.0000000000
55388  -35.685  -43.554  62.791 0.0000000000
55406  -36.018  -42.838  61.677 0.0000000000
63410  -40.276  -36.129  61.910 0.0000000000
63376  -39.746  -36.988  62.898 0.0000000000
75610  -42.727  -26.562  59.737 0.0000000000
75577  -42.880  -26.524  60.700 0.0000000000
75594  -42.923  -26.260  60.144 0.0000000000
81773  -50.777  -21.374  54.942 0.0000000000
81761  -50.869  -21.680  55.655 0.0000000000
81762  -51.793  -21.767  55.579 0.0000000000
81746  -52.115  -21.849  56.090 0.0000000000
76974  -57.279  -23.881  46.284 0.0000000000
76936  -56.943  -23.323  47.595 0.0000000000
83069  -60.163  -20.235  43.796 0.0000000000
81927  -60.109  -21.045  44.395 0.0000000000
81911  -59.886  -21.388  44.927 0.0000000000
81928  -60.450  -21.411  44.148 0.0000000000
79395  -60.732  -22.057  44.323 0.0000000000
80681  -60.709  -21.793  43.913 0.0000000000
65882  -44.099  -34.016  62.360 0.0000000000
65866  -43.835  -33.741  62.598 0.0000000000
69823  -41.852  -30.881  61.692 0.0000000000
69810  -41.761  -30.724  61.982 0.0000000000
71030  -41.874  -29.986  61.499 0.0000000000
47558  -19.030  -48.829  67.701 0.0000000000
47559  -19.516  -48.620  67.508 0.0000000000
47573  -23.620  -48.307  67.206 0.0000000000
47584  -23.427  -49.152  66.595 0.0000000000
46358  -28.216  -50.041  63.603 0.0000000000
47623  -27.703  -49.715  64.013 0.0000000000
45144  -28.501  -50.497  63.224 0.0000000000
43984  -27.845  -50.639  63.172 0.0000000000
44013  -28.593  -51.970  62.300 0.0000000000
43999  -29.170  -51.554  62.441 0.0000000000
44017  -32.928  -52.313  60.911 0.0000000000
42857  -32.521  -52.607  61.245 0.0000000000
42871  -34.046  -52.769  61.225 0.0000000000
42859  -34.047  -52.484  61.185 0.0000000000
48761  -35.983  -47.271  61.928 0.0000000000
48775  -36.025  -48.048  61.740 0.0000000000
47642  -36.097  -48.882  61.539 0.0000000000
48788  -36.848  -48.244  61.231 0.0000000000
48776  -36.583  -47.765  61.550 0.0000000000
53190  -37.638  -43.744  63.383 0.0000000000
53191  -38.180  -43.939  62.759 0.0000000000
54230  -38.638  -43.294  62.673 0.0000000000
54231  -38.917  -43.721  62.122 0.0000000000
59907  -36.188  -39.103  63.120 0.0000000000
58878  -40.122  -38.262  63.900 0.0000000000
58877  -39.578  -38.835  63.771 0.0000000000
58884  -39.826  -39.369  63.145 0.0000000000
58893  -39.831  -39.540  62.750 0.0000000000
58894  -40.481  -39.417  62.591 0.0000000000
58904  -41.453  -39.422  62.049 0.0000000000
58895  -41.513  -38.907  62.815 0.0000000000
63382  -43.576  -35.512  62.251 0.0000000000
63398  -43.738  -36.115  62.032 0.0000000000
63383  -43.874  -35.159  62.115 0.0000000000
64590  -44.142  -34.895  61.901 0.0000000000
49832  -17.933  -48.083  67.594 0.0000000000
48700  -18.434  -48.472  67.536 0.0000000000
47557  -18.047  -48.793  67.376 0.0000000000
70992  -43.706  -30.497  61.898 0.0000000000
71012  -43.665  -29.828  61.448 0.0000000000
73244  -46.871  -27.929  60.943 0.0000000000
72138  -46.844  -28.503  61.468 0.0000000000
72139  -47.327  -28.562  61.450 0.0000000000
72166  -47.687  -28.779  60.823 0.0000000000
79188  -46.350  -23.819  57.554 0.0000000000
79173  -45.899  -23.935  58.120 0.0000000000
80428  -46.504  -23.633  57.611 0.0000000000
81894  -54.434  -21.026  46.166 0.0000000000
78080  -54.545  -23.232  50.354 0.0000000000
80578  -54.653  -22.458  49.780 0.0000000000
79293  -53.970  -23.146  50.782 0.0000000000
64572  -42.760  -34.586  62.465 0.0000000000
65881  -42.245  -33.422  62.233 0.0000000000
65880  -42.035  -33.296  61.919 0.0000000000
67193  -41.916  -32.455  61.724 0.0000000000
67207  -41.842  -32.614  61.146 0.0000000000
48718  -23.410  -47.890  66.713 0.0000000000
53205  -35.325  -45.418  61.732 0.0000000000
52225  -35.442  -45.707  62.389 0.0000000000
51128  -35.453  -46.217  62.417 0.0000000000
51129  -35.834  -46.053  62.967 0.0000000000
51130  -36.278  -46.026  62.973 0.0000000000
52227  -35.842  -45.343  63.334 0.0000000000
54221  -35.883  -43.339  64.154 0.0000000000
53181  -36.364  -43.769  63.713 0.0000000000
54222  -36.338  -43.278  64.384 0.0000000000
53183  -37.214  -43.711  63.807 0.0000000000
54214  -36.401  -42.887  64.655 0.0000000000
62184  -38.272  -37.300  62.344 0.0000000000
60940  -37.854  -37.510  63.533 0.0000000000
62148  -38.546  -37.175  63.521 0.0000000000
62135  -39.803  -37.621  63.670 0.0000000000
62121  -39.298  -37.666  63.811 0.0000000000
60916  -40.205  -38.015  64.949 0.0000000000
60929  -40.250  -38.027  64.001 0.0000000000
60930  -41.100  -37.599  63.511 0.0000000000
63379  -41.734  -36.090  62.812 0.0000000000
49885  -18.614  -47.647  66.175 0.0000000000
49865  -18.095  -47.551  66.925 0.0000000000
74382  -42.973  -28.262  62.076 0.0000000000
74392  -43.470  -27.737  61.730 0.0000000000
76717  -43.832  -26.157  61.049 0.0000000000
75564  -44.071  -26.673  61.407 0.0000000000
75578  -44.965  -26.352  61.008 0.0000000000
75579  -45.221  -26.650  61.021 0.0000000000
75595  -45.201  -26.025  60.762 0.0000000000
81741  -48.082  -21.876  56.919 0.0000000000
81742  -48.735  -21.836  56.629 0.0000000000
79178  -50.360  -22.725  56.649 0.0000000000
79177  -49.809  -22.836  57.037 0.0000000000
77983  -49.919  -23.186  57.098 0.0000000000
76813  -49.589  -24.415  57.405 0.0000000000
76815  -50.384  -23.918  56.585 0.0000000000
81871  -57.727  -21.739  47.675 0.0000000000
81870  -57.200  -21.046  48.027 0.0000000000
81853  -57.555  -21.983  48.487 0.0000000000
78106  -55.835  -23.212  49.429 0.0000000000
63426  -40.079  -36.467  61.407 0.0000000000
79234  -47.124  -23.430  54.979 0.0000000000
78064  -47.965  -23.604  52.462 0.0000000000
79268  -48.615  -23.143  52.892 0.0000000000
80533  -49.331  -22.498  53.837 0.0000000000
79269  -49.424  -22.935  52.928 0.0000000000
83066  -58.380  -20.531  44.928 0.0000000000
81910  -57.491  -20.990  45.259 0.0000000000
81909  -56.886  -21.162  45.473 0.0000000000
83053  -57.448  -20.939  45.749 0.0000000000
83039  -57.603  -20.828  46.620 0.0000000000
83047  -58.041  -20.541  46.167 0.0000000000
79386  -59.664  -22.600  45.725 0.0000000000
79374  -59.341  -22.441  46.148 0.0000000000
79385  -59.396  -22.958  46.178 0.0000000000
78200  -58.825  -23.563  46.329 0.0000000000
78201  -59.204  -23.540  45.844 0.0000000000
77024  -58.532  -24.123  45.072 0.0000000000
78216  -59.223  -23.757  45.010 0.0000000000
78233  -60.261  -23.250  43.350 0.0000000000
81967  -61.530  -20.804  42.016 0.0000000000
80701  -61.434  -21.392  42.387 0.0000000000
80722  -61.697  -21.443  41.751 0.0000000000
79453  -61.803  -22.418  40.711 0.0000000000
78269  -61.147  -22.846  41.104 0.0000000000
68444  -44.574  -32.859  62.539 0.0000000000
68455  -44.691  -32.610  62.202 0.0000000000
68454  -44.163  -31.875  62.000 0.0000000000
69786  -43.520  -31.669  62.520 0.0000000000
67163  -43.145  -32.111  62.824 0.0000000000
69782  -42.216  -30.391  62.563 0.0000000000
68428  -42.964  -31.145  63.001 0.0000000000
70972  -42.826  -29.787  62.928 0.0000000000
70971  -42.440  -29.658  62.750 0.0000000000
72162  -41.771  -29.197  61.574 0.0000000000
73239  -41.861  -28.766  61.604 0.0000000000
47598  -18.321  -49.537  65.489 0.0000000000
46323  -18.525  -49.388  66.092 0.0000000000
46325  -20.133  -49.603  65.811 0.0000000000
48706  -20.798  -48.282  67.309 0.0000000000
47570  -21.275  -48.515  66.917 0.0000000000
45172  -24.651  -50.162  62.673 0.0000000000
45173  -25.208  -50.207  62.608 0.0000000000
45194  -25.001  -50.558  62.028 0.0000000000
45195  -25.682  -50.450  62.275 0.0000000000
47605  -26.080  -49.052  65.221 0.0000000000
46331  -25.762  -49.423  64.591 0.0000000000
45129  -26.250  -49.430  64.147 0.0000000000
43996  -26.475  -50.542  62.859 0.0000000000
44028  -27.167  -51.580  62.102 0.0000000000
44027  -26.274  -50.751  61.905 0.0000000000
44039  -27.140  -51.502  61.401 0.0000000000
42878  -29.303  -52.871  61.354 0.0000000000
42887  -28.770  -52.615  60.982 0.0000000000
42888  -29.520  -52.920  60.700 0.0000000000
42896  -29.672  -52.960  60.008 0.0000000000
42889  -30.172  -53.162  60.388 0.0000000000
41726  -32.323  -54.092  61.210 0.0000000000
41715  -31.877  -53.556  61.326 0.0000000000
41736  -31.957  -54.002  60.501 0.0000000000
42890  -34.474  -53.112  60.475 0.0000000000
42891  -35.092  -52.755  60.058 0.0000000000
42892  -35.648  -52.538  59.481 0.0000000000
44056  -35.733  -52.086  60.123 0.0000000000
46400  -34.982  -49.987  60.923 0.0000000000
45180  -34.528  -51.068  60.971 0.0000000000
45181  -35.087  -51.226  61.043 0.0000000000
45202  -36.079  -50.633  60.595 0.0000000000
45221  -35.807  -51.008  60.536 0.0000000000
45222  -36.415  -50.676  60.400 0.0000000000
44057  -36.193  -51.296  60.213 0.0000000000
48802  -37.525  -48.245  60.503 0.0000000000
47666  -37.458  -48.871  60.204 0.0000000000
48803  -38.065  -47.581  60.388 0.0000000000
51131  -36.851  -45.684  62.822 0.0000000000
51139  -37.192  -46.045  62.093 0.0000000000
51140  -37.739  -45.955  61.915 0.0000000000
56603  -36.078  -41.521  61.641 0.0000000000
57778  -35.787  -41.027  62.084 0.0000000000
58863  -36.304  -40.416  64.215 0.0000000000
57743  -36.344  -41.285  63.664 0.0000000000
57732  -36.582  -41.329  63.749 0.0000000000
56524  -36.800  -41.859  64.101 0.0000000000
56525  -37.262  -41.723  63.938 0.0000000000
59877  -37.738  -38.422  63.848 0.0000000000
59862  -37.611  -38.980  63.901 0.0000000000
57745  -38.116  -40.158  63.405 0.0000000000
56547  -37.836  -41.529  63.482 0.0000000000
56563  -38.033  -41.283  63.273 0.0000000000
55389  -38.246  -41.923  62.956 0.0000000000
56577  -38.203  -41.202  62.847 0.0000000000
57815  -39.745  -40.655  60.950 0.0000000000
56606  -39.331  -41.262  61.077 0.0000000000
56621  -39.761  -41.103  60.513 0.0000000000
58926  -42.833  -38.985  60.676 0.0000000000
58927  -43.791  -38.902  60.372 0.0000000000
59897  -41.975  -37.714  62.681 0.0000000000
58897  -42.671  -37.839  62.397 0.0000000000
59911  -42.980  -37.542  62.191 0.0000000000
62186  -44.401  -36.900  61.419 0.0000000000
59919  -43.671  -37.491  61.566 0.0000000000
60976  -44.651  -37.334  61.215 0.0000000000
59930  -44.823  -38.007  60.868 0.0000000000
60990  -45.103  -37.515  60.724 0.0000000000
61011  -45.637  -37.768  59.881 0.0000000000
62200  -45.141  -36.890  60.752 0.0000000000
64623  -44.740  -35.009  60.808 0.0000000000
63444  -45.280  -36.206  60.263 0.0000000000
46300  -17.915  -49.543  67.167 0.0000000000
46309  -17.275  -49.617  66.821 0.0000000000
72136  -44.337  -28.403  61.161 0.0000000000
72163  -44.048  -28.863  60.921 0.0000000000
72164  -44.963  -28.400  60.555 0.0000000000
76796  -43.802  -25.291  58.837 0.0000000000
76784  -43.921  -25.262  59.432 0.0000000000
77953  -46.057  -24.717  59.555 0.0000000000
77952  -45.448  -24.713  59.975 0.0000000000
76769  -46.279  -25.393  59.815 0.0000000000
75614  -46.038  -25.830  60.308 0.0000000000
76770  -46.853  -25.663  59.555 0.0000000000
79175  -48.316  -22.924  58.163 0.0000000000
80402  -47.515  -23.553  58.356 0.0000000000
79163  -47.987  -23.757  58.583 0.0000000000
75617  -48.346  -26.479  58.775 0.0000000000
74436  -48.237  -27.249  59.338 0.0000000000
75616  -47.742  -26.670  59.570 0.0000000000
73282  -48.519  -28.125  59.392 0.0000000000
79271  -50.823  -22.540  52.382 0.0000000000
79291  -51.398  -22.797  51.805 0.0000000000
81850  -55.853  -21.065  48.845 0.0000000000
81867  -54.846  -21.386  47.930 0.0000000000
81849  -55.115  -21.357  48.708 0.0000000000
80598  -53.620  -22.368  50.205 0.0000000000
80620  -53.770  -21.879  49.245 0.0000000000
80635  -52.738  -22.465  48.829 0.0000000000
79346  -52.618  -22.823  49.862 0.0000000000
80597  -52.978  -22.861  50.532 0.0000000000
80538  -53.151  -23.024  52.645 0.0000000000
80558  -52.783  -23.087  52.159 0.0000000000
80537  -52.647  -22.686  53.517 0.0000000000
79237  -53.058  -22.855  54.455 0.0000000000
79238  -53.226  -23.022  53.865 0.0000000000
64570  -42.015  -34.990  62.066 0.0000000000
53198  -35.524  -44.771  62.340 0.0000000000
53189  -35.623  -44.779  62.857 0.0000000000
54228  -35.539  -44.015  62.952 0.0000000000
55370  -35.706  -43.194  63.466 0.0000000000
55351  -35.531  -43.047  64.093 0.0000000000
62167  -38.976  -36.881  62.938 0.0000000000
62149  -39.095  -37.079  63.304 0.0000000000
63357  -39.706  -37.144  63.087 0.0000000000
63358  -40.048  -36.979  62.923 0.0000000000
63359  -40.697  -36.863  63.169 0.0000000000
75561  -42.611  -27.129  61.171 0.0000000000
75562  -42.820  -26.918  61.208 0.0000000000
76716  -43.258  -26.327  60.881 0.0000000000
77924  -43.898  -25.861  60.765 0.0000000000
81771  -49.627  -21.565  55.400 0.0000000000
81743  -49.498  -21.432  56.378 0.0000000000
81760  -50.196  -20.958  55.799 0.0000000000
81728  -51.103  -21.672  56.951 0.0000000000
79190  -51.015  -22.790  56.276 0.0000000000
77997  -50.771  -23.241  56.390 0.0000000000
79204  -51.263  -22.547  56.214 0.0000000000
79205  -51.941  -22.628  55.982 0.0000000000
78023  -52.312  -23.215  54.881 0.0000000000
78153  -57.994  -23.053  47.824 0.0000000000
78133  -57.665  -22.535  48.062 0.0000000000
76937  -57.546  -23.335  47.558 0.0000000000
83067  -58.982  -20.352  44.474 0.0000000000
83056  -59.166  -20.345  45.039 0.0000000000
83048  -58.670  -20.645  45.722 0.0000000000
83049  -59.216  -20.787  45.470 0.0000000000
80667  -60.019  -21.906  45.192 0.0000000000
79394  -60.371  -22.437  44.679 0.0000000000
79406  -60.606  -22.762  43.750 0.0000000000
79421  -60.736  -22.923  43.220 0.0000000000
81985  -61.767  -20.716  40.578 0.0000000000
80740  -61.784  -21.303  40.965 0.0000000000
79468  -62.194  -22.024  40.276 0.0000000000
78294  -60.529  -22.831  39.370 0.0000000000
65911  -44.856  -34.147  61.274 0.0000000000
65897  -44.486  -34.034  62.034 0.0000000000
67181  -44.231  -33.198  62.646 0.0000000000
67180  -44.009  -32.809  62.698 0.0000000000
67179  -42.398  -32.015  62.377 0.0000000000
67162  -42.695  -31.597  62.598 0.0000000000
68442  -42.347  -31.180  62.449 0.0000000000
68426  -42.159  -30.712  62.460 0.0000000000
69798  -42.127  -30.095  62.609 0.0000000000
70989  -41.883  -29.792  62.450 0.0000000000
71010  -41.654  -29.874  62.131 0.0000000000
72183  -41.891  -29.050  60.765 0.0000000000
46301  -18.552  -49.519  67.137 0.0000000000
46311  -18.870  -49.435  66.723 0.0000000000
47580  -19.094  -49.451  67.064 0.0000000000
46313  -20.430  -49.382  66.338 0.0000000000
46353  -24.731  -49.751  64.240 0.0000000000
45142  -26.677  -49.825  63.662 0.0000000000
43983  -27.264  -50.344  63.400 0.0000000000
44029  -28.092  -52.108  62.098 0.0000000000
42853  -29.207  -52.625  62.092 0.0000000000
42866  -29.707  -53.010  61.712 0.0000000000
41727  -33.097  -53.688  61.152 0.0000000000
41738  -33.515  -53.505  60.715 0.0000000000
41728  -33.747  -53.284  61.074 0.0000000000
42880  -34.341  -52.977  60.957 0.0000000000
42872  -34.653  -52.559  60.993 0.0000000000
48773  -35.050  -47.821  61.778 0.0000000000
48787  -34.645  -48.558  61.325 0.0000000000
46402  -35.751  -49.958  61.085 0.0000000000
45182  -35.696  -50.809  60.671 0.0000000000
46449  -36.427  -49.906  60.594 0.0000000000
48789  -37.346  -47.946  60.823 0.0000000000
49984  -37.540  -47.176  61.002 0.0000000000
52229  -37.707  -44.707  62.890 0.0000000000
52230  -38.554  -44.882  62.089 0.0000000000
54241  -39.213  -43.507  61.960 0.0000000000
54253  -39.683  -43.198  61.738 0.0000000000
58912  -35.523  -39.952  61.334 0.0000000000
58891  -35.611  -40.467  62.465 0.0000000000
58892  -35.661  -39.802  62.781 0.0000000000
58883  -35.900  -39.969  63.492 0.0000000000
58875  -36.307  -39.818  64.306 0.0000000000
59878  -38.927  -38.800  64.189 0.0000000000
58876  -38.892  -39.236  64.011 0.0000000000
57746  -38.701  -39.569  63.621 0.0000000000
57767  -38.465  -40.339  62.695 0.0000000000
57768  -39.198  -39.723  62.637 0.0000000000
57781  -39.905  -39.720  61.883 0.0000000000
57797  -40.147  -40.067  61.217 0.0000000000
58914  -41.209  -39.664  61.054 0.0000000000
58915  -42.160  -39.292  61.409 0.0000000000
62152  -42.791  -36.580  62.463 0.0000000000
60958  -43.176  -37.142  62.113 0.0000000000
62169  -43.392  -36.519  62.131 0.0000000000
62170  -43.980  -36.556  61.665 0.0000000000
62171  -44.256  -36.281  61.586 0.0000000000
63411  -44.799  -36.221  61.085 0.0000000000
63400  -44.403  -36.027  61.511 0.0000000000
49831  -16.932  -47.940  68.076 0.0000000000
73266  -46.011  -28.145  60.874 0.0000000000
72165  -46.123  -28.446  60.750 0.0000000000
72137  -46.612  -28.421  61.161 0.0000000000
77980  -45.175  -24.771  58.547 0.0000000000
77968  -45.104  -24.975  58.929 0.0000000000
79160  -45.458  -24.292  58.641 0.0000000000
79148  -45.751  -24.201  59.097 0.0000000000
79149  -46.591  -24.184  58.896 0.0000000000
76799  -49.014  -24.679  57.975 0.0000000000
76785  -48.523  -24.573  58.353 0.0000000000
80600  -55.379  -21.769  49.325 0.0000000000
81829  -55.304  -21.489  49.154 0.0000000000
80559  -53.197  -23.107  51.802 0.0000000000
78053  -53.448  -23.520  52.993 0.0000000000
83070  -60.411  -20.222  43.041 0.0000000000
81966  -60.841  -20.940  42.977 0.0000000000
84145  -60.615  -20.128  42.678 0.0000000000
84164  -61.451  -19.844  42.016 0.0000000000
83108  -61.554  -20.121  41.689 0.0000000000
85183  -61.652  -19.122  41.098 0.0000000000
83122  -61.640  -19.886  41.034 0.0000000000
81986  -62.089  -20.316  40.243 0.0000000000
64574  -43.476  -34.482  62.463 0.0000000000
65865  -43.592  -33.614  62.755 0.0000000000
68453  -41.861  -31.489  61.945 0.0000000000
49833  -18.925  -48.147  67.463 0.0000000000
49834  -19.644  -48.142  67.530 0.0000000000
49848  -20.411  -48.002  67.497 0.0000000000
49849  -21.358  -48.136  67.250 0.0000000000
49850  -22.470  -48.327  67.479 0.0000000000
49851  -23.264  -47.876  67.875 0.0000000000
48710  -24.065  -48.233  67.318 0.0000000000
49934  -35.302  -46.872  61.997 0.0000000000
48760  -35.622  -47.234  61.941 0.0000000000
49937  -36.321  -46.549  62.309 0.0000000000
51123  -36.777  -45.089  63.409 0.0000000000
52218  -36.156  -44.733  63.481 0.0000000000
52219  -36.789  -44.661  63.726 0.0000000000
52220  -37.101  -44.642  63.450 0.0000000000
54224  -37.603  -43.100  64.037 0.0000000000
60955  -37.106  -38.048  62.721 0.0000000000
59908  -36.689  -38.420  63.109 0.0000000000
60939  -37.181  -37.994  63.361 0.0000000000
60913  -38.325  -38.146  63.950 0.0000000000
62133  -38.754  -37.248  63.670 0.0000000000
60927  -38.781  -37.835  64.082 0.0000000000
59864  -39.392  -38.232  64.148 0.0000000000
59865  -39.860  -38.175  64.788 0.0000000000
59880  -40.123  -38.227  64.488 0.0000000000
59894  -40.423  -38.173  63.846 0.0000000000
58886  -41.500  -38.310  63.125 0.0000000000
59895  -41.111  -38.122  63.558 0.0000000000
60941  -41.430  -37.855  63.306 0.0000000000
60943  -42.280  -37.322  62.620 0.0000000000
62151  -41.924  -36.865  63.018 0.0000000000
63381  -43.093  -35.485  62.417 0.0000000000
49846  -18.539  -47.805  67.316 0.0000000000
72117  -43.215  -29.168  62.250 0.0000000000
71011  -43.513  -29.539  61.826 0.0000000000
72118  -43.535  -28.818  61.568 0.0000000000
73241  -44.095  -28.266  61.496 0.0000000000
73228  -44.357  -27.770  61.466 0.0000000000
74393  -44.200  -27.394  61.563 0.0000000000
74407  -45.538  -27.287  60.936 0.0000000000
74408  -46.280  -27.355  60.731 0.0000000000
80450  -46.937  -22.845  56.999 0.0000000000
80429  -47.197  -23.080  57.443 0.0000000000
80451  -47.633  -22.169  57.229 0.0000000000
80430  -47.881  -22.323  57.830 0.0000000000
80453  -49.134  -21.998  56.832 0.0000000000
79176  -49.201  -22.852  57.716 0.0000000000
81882  -56.122  -21.067  47.294 0.0000000000
81881  -55.339  -21.232  47.374 0.0000000000
81869  -56.430  -20.965  48.104 0.0000000000
81851  -56.536  -21.293  48.722 0.0000000000
81831  -56.593  -21.707  49.005 0.0000000000
79323  -57.619  -22.032  49.138 0.0000000000
80602  -56.806  -21.972  49.014 0.0000000000
80601  -56.066  -21.851  49.347 0.0000000000
79295  -55.700  -22.324  49.439 0.0000000000
78081  -55.258  -22.945  49.799 0.0000000000
64604  -41.005  -35.403  61.573 0.0000000000
60973  -37.156  -38.316  61.865 0.0000000000
62197  -38.252  -37.566  61.842 0.0000000000
63425  -39.353  -36.753  61.950 0.0000000000
63409  -39.506  -36.634  62.240 0.0000000000
75641  -42.842  -26.541  58.196 0.0000000000
75630  -42.774  -26.039  59.106 0.0000000000
76810  -43.537  -25.756  58.467 0.0000000000
76811  -44.109  -25.523  58.218 0.0000000000
78007  -46.127  -24.360  56.835 0.0000000000
79202  -46.537  -23.684  57.029 0.0000000000
79203  -46.783  -23.246  56.636 0.0000000000
80491  -47.267  -22.912  55.651 0.0000000000
80492  -47.791  -22.643  55.415 0.0000000000
80511  -47.965  -22.800  54.744 0.0000000000
79236  -47.985  -22.877  54.289 0.0000000000
80512  -48.567  -22.560  54.568 0.0000000000
80513  -49.509  -21.865  54.820 0.0000000000
80534  -50.036  -21.938  53.822 0.0000000000
80535  -50.820  -21.921  53.859 0.0000000000
81908  -55.916  -21.137  45.489 0.0000000000
81896  -56.679  -21.078  46.393 0.0000000000
81897  -57.251  -20.950  46.673 0.0000000000
81884  -57.838  -20.907  47.163 0.0000000000
80638  -58.247  -22.301  47.385 0.0000000000
81886  -58.934  -21.821  46.287 0.0000000000
80639  -58.667  -22.391  46.761 0.0000000000
79363  -58.473  -22.680  47.283 0.0000000000
78170  -58.348  -23.251  47.298 0.0000000000
76975  -58.005  -23.925  46.479 0.0000000000
78232  -59.361  -23.543  43.896 0.0000000000
80700  -60.959  -21.752  42.998 0.0000000000
79422  -61.039  -22.489  42.872 0.0000000000
78251  -60.983  -22.955  42.087 0.0000000000
79437  -61.679  -22.270  41.713 0.0000000000
67209  -44.917  -33.078  61.371 0.0000000000
67208  -44.681  -32.406  60.988 0.0000000000
67165  -43.784  -32.857  62.822 0.0000000000
68430  -43.497  -32.016  62.612 0.0000000000
68429  -43.194  -31.515  62.655 0.0000000000
69785  -43.309  -30.923  62.564 0.0000000000
69799  -43.620  -30.546  62.195 0.0000000000
72106  -43.024  -29.265  62.645 0.0000000000
73219  -43.039  -28.904  62.329 0.0000000000
73218  -42.660  -28.817  62.360 0.0000000000
72116  -41.995  -29.284  62.438 0.0000000000
73225  -42.100  -28.464  61.851 0.0000000000
74390  -42.525  -27.632  61.351 0.0000000000
74452  -42.487  -27.085  59.266 0.0000000000
64622  -41.234  -34.556  61.022 0.0000000000
65910  -41.765  -33.664  60.969 0.0000000000
68479  -41.865  -31.734  60.598 0.0000000000
74469  -42.546  -26.899  58.569 0.0000000000
46345  -16.803  -49.672  65.202 0.0000000000
46346  -17.990  -49.798  64.919 0.0000000000
46370  -18.444  -50.138  64.101 0.0000000000
47569  -19.963  -48.788  67.283 0.0000000000
47582  -20.788  -49.003  66.635 0.0000000000
49890  -23.325  -47.732  66.354 0.0000000000
49891  -24.117  -47.806  66.478 0.0000000000
48720  -24.399  -48.353  66.330 0.0000000000
47586  -24.736  -48.839  65.754 0.0000000000
45140  -25.399  -49.721  63.473 0.0000000000
45159  -26.354  -50.186  63.297 0.0000000000
45174  -25.779  -50.311  62.665 0.0000000000
44010  -26.080  -50.513  62.319 0.0000000000
42886  -28.329  -52.377  61.347 0.0000000000
42854  -29.973  -52.723  62.051 0.0000000000
42867  -30.686  -52.878  61.246 0.0000000000
41724  -30.999  -53.291  60.946 0.0000000000
41735  -31.014  -53.462  60.439 0.0000000000
41749  -34.005  -53.470  60.252 0.0000000000
41759  -33.892  -53.453  59.610 0.0000000000
45179  -33.457  -51.814  60.851 0.0000000000
47664  -34.745  -49.444  60.922 0.0000000000
44018  -34.097  -52.062  61.126 0.0000000000
44032  -34.877  -51.977  61.038 0.0000000000
44041  -35.160  -52.265  60.782 0.0000000000
45201  -35.655  -51.196  60.599 0.0000000000
44042  -35.578  -51.552  60.615 0.0000000000
49961  -37.373  -46.721  61.502 0.0000000000
49985  -38.284  -46.634  60.970 0.0000000000
56589  -36.154  -42.027  62.301 0.0000000000
56576  -35.840  -42.511  63.110 0.0000000000
56561  -35.739  -42.491  63.858 0.0000000000
57755  -35.810  -40.908  63.343 0.0000000000
56562  -36.088  -41.813  63.690 0.0000000000
55334  -36.126  -42.626  64.540 0.0000000000
55335  -36.534  -42.498  64.428 0.0000000000
55353  -37.437  -42.427  64.178 0.0000000000
55354  -37.816  -42.396  63.818 0.0000000000
59893  -36.808  -38.774  63.490 0.0000000000
59876  -36.886  -39.330  63.711 0.0000000000
58864  -37.014  -39.845  63.737 0.0000000000
57735  -37.933  -40.024  63.500 0.0000000000
57734  -37.503  -40.665  63.491 0.0000000000
55372  -38.689  -42.807  62.873 0.0000000000
55390  -38.640  -42.543  62.672 0.0000000000
56591  -38.426  -41.280  62.151 0.0000000000
55426  -39.339  -42.221  61.141 0.0000000000
58896  -42.148  -38.144  62.592 0.0000000000
58906  -42.881  -38.133  62.072 0.0000000000
59912  -43.256  -37.395  61.930 0.0000000000
59928  -43.529  -37.869  61.576 0.0000000000
58917  -43.471  -38.373  61.275 0.0000000000
62220  -45.335  -36.958  59.713 0.0000000000
63427  -45.114  -36.397  60.636 0.0000000000
63460  -45.336  -36.252  59.684 0.0000000000
76765  -43.558  -25.528  59.717 0.0000000000
76750  -43.699  -25.164  60.103 0.0000000000
77925  -44.288  -25.544  60.521 0.0000000000
77951  -44.834  -24.888  59.572 0.0000000000
77940  -44.909  -24.713  60.103 0.0000000000
76735  -44.771  -25.570  60.557 0.0000000000
75596  -45.691  -26.207  60.610 0.0000000000
75581  -46.452  -26.788  60.583 0.0000000000
74409  -46.967  -27.231  60.568 0.0000000000
80415  -47.220  -23.384  57.891 0.0000000000
80401  -47.171  -23.726  58.323 0.0000000000
77955  -47.385  -24.881  58.934 0.0000000000
76753  -47.148  -26.164  59.700 0.0000000000
74424  -47.522  -27.099  60.186 0.0000000000
74410  -47.407  -27.578  60.432 0.0000000000
79289  -49.717  -23.116  51.997 0.0000000000
79270  -50.193  -22.757  52.586 0.0000000000
80555  -50.558  -22.325  53.133 0.0000000000
80536  -51.576  -22.149  53.946 0.0000000000
81880  -54.633  -21.198  47.049 0.0000000000
81866  -54.047  -21.368  47.630 0.0000000000
80646  -53.375  -21.775  47.177 0.0000000000
80621  -54.609  -21.554  49.104 0.0000000000
80645  -52.644  -22.117  47.642 0.0000000000
79345  -51.938  -23.408  49.841 0.0000000000
79318  -51.704  -23.333  50.909 0.0000000000
80575  -52.519  -22.947  51.519 0.0000000000
79292  -52.016  -22.844  51.387 0.0000000000
80574  -51.956  -22.455  51.993 0.0000000000
80516  -51.964  -22.351  54.702 0.0000000000
80496  -52.891  -22.520  54.877 0.0000000000
79222  -52.843  -22.784  55.082 0.0000000000
78052  -53.099  -23.741  53.395 0.0000000000
78037  -52.602  -23.674  53.885 0.0000000000
76850  -51.930  -23.946  54.274 0.0000000000
41717  -33.369  -53.303  61.398 0.0000000000
42864  -28.598  -52.447  61.859 0.0000000000
42865  -28.996  -52.821  61.877 0.0000000000
42876  -28.333  -52.316  61.708 0.0000000000
42881  -34.817  -52.691  60.735 0.0000000000
44030  -28.729  -52.395  62.065 0.0000000000
45128  -26.057  -49.489  63.931 0.0000000000
45139  -25.005  -49.764  63.250 0.0000000000
45157  -25.620  -50.006  63.029 0.0000000000
45175  -26.020  -50.348  62.825 0.0000000000
45200  -35.032  -51.540  60.907 0.0000000000
46347  -18.839  -49.899  64.669 0.0000000000
46403  -36.098  -49.453  61.346 0.0000000000
47599  -18.847  -49.562  65.451 0.0000000000
47620  -19.069  -49.754  65.051 0.0000000000
47624  -28.342  -49.853  63.474 0.0000000000
48709  -23.560  -48.231  67.972 0.0000000000
48732  -23.672  -47.808  66.696 0.0000000000
48733  -23.825  -47.825  66.904 0.0000000000
48759  -35.401  -47.121  61.941 0.0000000000
48772  -34.775  -47.345  61.716 0.0000000000
49852  -23.961  -47.930  67.759 0.0000000000
49870  -23.783  -47.873  67.261 0.0000000000
49871  -24.312  -48.153  66.740 0.0000000000
49872  -24.688  -48.239  66.079 0.0000000000
49935  -35.633  -46.659  62.257 0.0000000000
49959  -35.035  -46.979  61.826 0.0000000000
51121  -36.095  -45.553  63.371 0.0000000000
51127  -35.192  -46.163  62.143 0.0000000000
51132  -37.493  -45.546  62.548 0.0000000000
51138  -35.177  -46.541  62.005 0.0000000000
52217  -35.850  -44.727  63.244 0.0000000000
52226  -35.653  -45.488  62.942 0.0000000000
53179  -35.799  -44.038  62.889 0.0000000000
53180  -36.196  -43.905  63.366 0.0000000000
53197  -35.503  -45.324  62.298 0.0000000000
54213  -35.986  -43.025  64.736 0.0000000000
54215  -36.916  -42.919  64.677 0.0000000000
54239  -35.377  -44.225  62.417 0.0000000000
54252  -39.030  -42.972  62.164 0.0000000000
55336  -37.267  -42.463  64.411 0.0000000000
55407  -38.444  -41.935  62.562 0.0000000000
56544  -35.678  -42.687  64.282 0.0000000000
56545  -35.745  -42.229  64.055 0.0000000000
56592  -38.857  -41.653  61.536 0.0000000000
56605  -38.814  -40.849  61.616 0.0000000000
57765  -35.715  -41.301  62.891 0.0000000000
57769  -39.735  -39.636  62.425 0.0000000000
57779  -38.750  -40.363  62.152 0.0000000000
57780  -39.286  -39.961  62.058 0.0000000000
57796  -39.415  -40.368  61.481 0.0000000000
57798  -40.615  -40.031  60.880 0.0000000000
58874  -36.298  -40.118  64.269 0.0000000000
58902  -35.805  -39.931  61.902 0.0000000000
58907  -43.187  -38.173  61.768 0.0000000000
58913  -40.655  -39.845  61.225 0.0000000000
59861  -37.134  -39.321  63.719 0.0000000000
59875  -36.603  -39.949  63.768 0.0000000000
59896  -41.671  -38.166  62.987 0.0000000000
59909  -41.938  -37.957  62.649 0.0000000000
59910  -42.490  -37.681  62.466 0.0000000000
59918  -43.179  -37.739  61.925 0.0000000000
59920  -44.305  -37.592  61.275 0.0000000000
59931  -45.026  -38.043  60.679 0.0000000000
59939  -45.265  -38.361  60.199 0.0000000000
59950  -45.590  -38.040  59.882 0.0000000000
60914  -39.071  -37.892  64.041 0.0000000000
60915  -39.802  -37.915  64.527 0.0000000000
60928  -40.021  -37.896  63.989 0.0000000000
60931  -41.532  -37.219  63.249 0.0000000000
60942  -41.692  -37.549  63.028 0.0000000000
60974  -37.689  -37.721  62.184 0.0000000000
60975  -44.105  -37.135  61.481 0.0000000000
60991  -45.199  -37.813  60.355 0.0000000000
61000  -45.316  -37.469  60.258 0.0000000000
61001  -45.337  -37.766  60.147 0.0000000000
62137  -41.110  -36.809  63.425 0.0000000000
62150  -41.838  -36.509  62.974 0.0000000000
62166  -38.267  -37.074  62.839 0.0000000000
62168  -43.064  -36.887  62.278 0.0000000000
64591  -44.215  -35.553  61.684 0.0000000000
64607  -44.436  -35.532  61.384 0.0000000000
64638  -44.987  -35.546  60.434 0.0000000000
70990  -42.176  -29.821  62.661 0.0000000000
71013  -46.742  -28.853  61.480 0.0000000000
71014  -47.368  -29.103  61.804 0.0000000000
71015  -47.809  -29.210  61.461 0.0000000000
71035  -48.229  -29.435  60.837 0.0000000000
72105  -42.752  -29.304  62.708 0.0000000000
72115  -41.818  -29.526  62.368 0.0000000000
72133  -41.829  -28.753  61.945 0.0000000000
72134  -43.390  -29.289  61.962 0.0000000000
73217  -42.290  -28.807  62.306 0.0000000000
73264  -42.211  -27.944  60.972 0.0000000000
73265  -45.661  -28.089  60.793 0.0000000000
73267  -47.913  -27.986  60.187 0.0000000000
73268  -48.256  -28.544  59.871 0.0000000000
74380  -42.565  -28.289  61.894 0.0000000000
74381  -43.018  -28.189  62.154 0.0000000000
74423  -47.171  -26.765  60.294 0.0000000000
74435  -47.925  -27.295  59.826 0.0000000000
75565  -44.763  -27.072  61.398 0.0000000000
75597  -46.243  -26.311  60.455 0.0000000000
75599  -47.303  -26.533  59.969 0.0000000000
75611  -43.098  -25.858  59.719 0.0000000000
75612  -45.502  -25.882  60.560 0.0000000000
75613  -45.736  -25.825  60.438 0.0000000000
75615  -46.463  -25.912  60.107 0.0000000000
76734  -43.635  -25.858  60.535 0.0000000000
76736  -45.146  -24.859  60.224 0.0000000000
76749  -43.355  -25.717  59.974 0.0000000000
76751  -45.304  -25.594  60.483 0.0000000000
76752  -45.137  -25.099  60.278 0.0000000000
76754  -47.401  -26.310  59.609 0.0000000000
76766  -44.075  -25.351  59.944 0.0000000000
76767  -45.561  -25.666  60.433 0.0000000000
76772  -48.132  -25.578  58.639 0.0000000000
76783  -43.255  -25.719  58.979 0.0000000000
76786  -48.550  -25.177  58.353 0.0000000000
76798  -48.735  -24.358  58.218 0.0000000000
76951  -55.779  -23.608  46.966 0.0000000000
76952  -56.708  -23.538  46.955 0.0000000000
76953  -57.465  -23.570  47.026 0.0000000000
76976  -58.426  -23.672  46.532 0.0000000000
76998  -57.874  -24.245  45.741 0.0000000000
77000  -59.016  -23.848  45.573 0.0000000000
77025  -58.879  -23.961  45.413 0.0000000000
77910  -43.895  -25.984  61.194 0.0000000000
77911  -44.064  -25.904  60.924 0.0000000000
77926  -44.659  -25.169  60.268 0.0000000000
77938  -43.887  -25.585  60.265 0.0000000000
77939  -44.543  -25.056  60.061 0.0000000000
77969  -48.017  -24.467  58.620 0.0000000000
77994  -46.292  -24.100  57.340 0.0000000000
77995  -49.860  -23.827  57.192 0.0000000000
77996  -50.232  -23.586  56.835 0.0000000000
78009  -51.959  -22.847  55.477 0.0000000000
78024  -53.022  -23.092  54.676 0.0000000000
78039  -53.241  -23.175  53.547 0.0000000000
78065  -48.636  -23.361  52.262 0.0000000000
78107  -56.313  -22.546  49.132 0.0000000000
78152  -57.138  -23.037  48.014 0.0000000000
78154  -58.266  -22.862  47.623 0.0000000000
78171  -58.626  -23.042  47.220 0.0000000000
78186  -58.584  -23.360  46.851 0.0000000000
78187  -59.098  -23.197  46.466 0.0000000000
78188  -59.479  -23.092  45.962 0.0000000000
78215  -58.877  -23.974  44.841 0.0000000000
79140  -45.008  -24.577  59.640 0.0000000000
79141  -45.267  -24.467  59.851 0.0000000000
79150  -47.354  -24.052  58.649 0.0000000000
79161  -45.833  -24.030  58.434 0.0000000000
79162  -47.796  -23.342  58.364 0.0000000000
79172  -45.588  -24.237  58.215 0.0000000000
79174  -47.895  -22.850  58.168 0.0000000000
79218  -46.632  -23.763  56.422 0.0000000000
79219  -46.982  -23.382  55.781 0.0000000000
79220  -47.282  -23.031  55.287 0.0000000000
79253  -48.937  -22.939  53.493 0.0000000000
79254  -53.044  -22.859  53.962 0.0000000000
79290  -50.590  -23.018  51.757 0.0000000000
79320  -55.600  -22.662  49.514 0.0000000000
79322  -57.080  -21.987  49.130 0.0000000000
79348  -57.139  -22.149  48.760 0.0000000000
79349  -57.521  -22.146  48.450 0.0000000000
79362  -57.924  -22.515  47.805 0.0000000000
79438  -61.912  -21.752  41.375 0.0000000000
80400  -46.606  -23.874  58.393 0.0000000000
80432  -49.574  -22.266  56.808 0.0000000000
80433  -50.407  -22.247  56.572 0.0000000000
80434  -50.720  -22.347  56.441 0.0000000000
80449  -46.561  -23.399  57.196 0.0000000000
80452  -49.022  -21.832  56.984 0.0000000000
80454  -50.798  -21.894  56.997 0.0000000000
80455  -51.099  -22.106  56.722 0.0000000000
80470  -47.226  -22.799  56.170 0.0000000000
80472  -48.596  -21.924  56.304 0.0000000000
80473  -51.726  -22.168  56.339 0.0000000000
80474  -52.214  -22.279  55.936 0.0000000000
80494  -49.375  -21.726  55.493 0.0000000000
80495  -52.269  -22.402  55.274 0.0000000000
80514  -50.346  -21.705  54.568 0.0000000000
80515  -50.770  -21.719  54.484 0.0000000000
80579  -55.191  -21.773  49.423 0.0000000000
80603  -57.453  -22.006  49.340 0.0000000000
80622  -57.293  -21.999  49.072 0.0000000000
80623  -57.556  -22.042  48.881 0.0000000000
80647  -58.661  -22.524  46.859 0.0000000000
80648  -59.002  -22.355  46.414 0.0000000000
81705  -48.225  -21.946  57.501 0.0000000000
81706  -48.355  -22.015  57.400 0.0000000000
81708  -50.056  -21.974  56.502 0.0000000000
81724  -48.290  -21.995  57.256 0.0000000000
81725  -48.769  -21.832  57.023 0.0000000000
81726  -49.557  -21.779  56.611 0.0000000000
81727  -50.540  -21.895  56.566 0.0000000000
81744  -50.358  -21.368  56.363 0.0000000000
81758  -48.946  -21.812  56.201 0.0000000000
81759  -49.414  -21.455  55.894 0.0000000000
81774  -51.381  -21.826  54.937 0.0000000000
81785  -51.037  -21.795  54.390 0.0000000000
81852  -57.183  -21.803  48.661 0.0000000000
81872  -58.449  -22.026  46.895 0.0000000000
81873  -58.731  -22.180  46.589 0.0000000000
81898  -58.312  -20.824  46.321 0.0000000000
81899  -58.846  -21.119  46.008 0.0000000000
81900  -59.505  -21.393  45.563 0.0000000000
81912  -60.226  -21.557  44.683 0.0000000000
81924  -57.150  -21.126  44.648 0.0000000000
81925  -57.925  -20.912  44.695 0.0000000000
81926  -58.532  -20.674  44.373 0.0000000000
81949  -60.764  -21.193  43.358 0.0000000000
81965  -60.605  -20.854  43.382 0.0000000000
81977  -61.773  -20.213  40.669 0.0000000000
83038  -57.434  -20.890  46.746 0.0000000000
83046  -57.495  -20.842  46.290 0.0000000000
83054  -57.913  -20.649  45.534 0.0000000000
83088  -60.482  -20.543  43.296 0.0000000000
83089  -60.761  -20.519  42.768 0.0000000000
83090  -61.309  -20.308  42.266 0.0000000000
83106  -60.629  -20.748  43.225 0.0000000000
83107  -60.661  -20.652  42.998 0.0000000000
83123  -61.911  -19.779  40.520 0.0000000000
84143  -60.180  -19.726  42.920 0.0000000000
84144  -60.404  -19.877  42.756 0.0000000000
84163  -61.013  -19.739  42.301 0.0000000000
84176  -61.513  -19.438  41.558 0.0000000000
84184  -61.739  -19.401  40.843 0.0000000000
85182  -61.449  -18.774  41.355 0.0000000000
