#!ascii label  , from subject 3060 vox2ras=TkReg
1528
108165  -55.415  3.506  37.756 0.0000000000
107265  -58.663  2.756  18.070 0.0000000000
115442  -50.850  10.595  31.129 0.0000000000
108252  -56.868  3.520  29.330 0.0000000000
103013  -58.261  -1.275  30.446 0.0000000000
109372  -52.441  4.715  25.111 0.0000000000
118927  -54.863  14.297  21.539 0.0000000000
123388  -48.065  19.437  23.608 0.0000000000
99859  -51.575  -4.537  31.682 0.0000000000
109281  -54.860  4.534  34.077 0.0000000000
105036  -51.966  0.374  28.328 0.0000000000
108225  -48.950  3.367  31.882 0.0000000000
116428  -48.101  11.761  26.157 0.0000000000
115506  -53.925  11.133  26.880 0.0000000000
118912  -49.094  14.891  23.443 0.0000000000
121654  -49.911  17.537  20.405 0.0000000000
122534  -51.973  18.860  24.403 0.0000000000
108391  -54.293  4.253  16.629 0.0000000000
109214  -54.848  4.344  41.229 0.0000000000
111428  -49.046  6.450  36.352 0.0000000000
107140  -62.411  2.887  30.171 0.0000000000
109298  -59.807  5.349  32.107 0.0000000000
108189  -58.254  3.784  35.290 0.0000000000
104012  -54.391  -0.082  32.561 0.0000000000
108339  -53.827  3.225  20.384 0.0000000000
112592  -52.644  7.127  19.431 0.0000000000
113487  -53.002  8.734  29.916 0.0000000000
113536  -57.855  9.366  24.480 0.0000000000
115587  -55.365  10.969  19.040 0.0000000000
118171  -51.451  13.996  19.558 0.0000000000
118965  -45.723  14.311  19.522 0.0000000000
108188  -54.272  3.975  35.824 0.0000000000
107079  -51.735  2.993  33.915 0.0000000000
108174  -51.497  3.309  36.485 0.0000000000
119745  -47.706  15.609  26.595 0.0000000000
117304  -48.954  12.722  24.998 0.0000000000
119757  -48.320  15.772  25.446 0.0000000000
121629  -49.389  17.468  23.863 0.0000000000
107279  -56.740  3.742  16.627 0.0000000000
111400  -55.124  6.375  41.351 0.0000000000
111416  -52.320  6.979  39.248 0.0000000000
107122  -58.562  2.740  30.436 0.0000000000
109283  -58.449  4.531  33.513 0.0000000000
107099  -56.689  2.258  32.598 0.0000000000
102025  -52.517  -2.563  32.206 0.0000000000
104984  -54.552  0.289  37.371 0.0000000000
104944  -57.515  0.850  40.344 0.0000000000
104960  -55.340  0.396  39.458 0.0000000000
105056  -56.705  0.791  27.205 0.0000000000
107176  -51.031  2.543  26.544 0.0000000000
106134  -52.664  1.296  24.055 0.0000000000
108322  -51.851  3.450  22.947 0.0000000000
109406  -52.791  4.628  19.387 0.0000000000
111546  -52.495  6.406  22.588 0.0000000000
112470  -51.430  7.948  33.544 0.0000000000
111453  -50.556  6.573  31.870 0.0000000000
114493  -54.071  9.776  31.613 0.0000000000
116478  -54.154  12.264  23.942 0.0000000000
116435  -57.094  11.631  26.351 0.0000000000
117334  -56.761  12.101  23.280 0.0000000000
115573  -57.431  10.491  20.920 0.0000000000
118159  -56.297  13.706  20.201 0.0000000000
117375  -53.832  12.528  19.966 0.0000000000
119829  -54.017  15.622  18.842 0.0000000000
122556  -48.627  19.020  21.278 0.0000000000
120696  -48.428  16.789  19.350 0.0000000000
120672  -46.589  16.693  21.441 0.0000000000
119782  -43.947  15.019  21.262 0.0000000000
120652  -46.630  17.008  24.480 0.0000000000
109302  -54.656  3.957  31.321 0.0000000000
106085  -54.393  1.207  28.810 0.0000000000
107107  -53.118  2.894  31.524 0.0000000000
106053  -50.549  1.719  29.897 0.0000000000
108277  -49.967  3.877  27.562 0.0000000000
115490  -49.699  10.256  27.898 0.0000000000
115476  -52.599  11.018  28.965 0.0000000000
116430  -49.931  11.012  25.917 0.0000000000
116458  -51.342  11.651  24.298 0.0000000000
118133  -52.196  13.818  22.478 0.0000000000
119800  -52.391  15.998  20.033 0.0000000000
119785  -50.408  15.677  21.273 0.0000000000
122548  -50.101  18.309  22.027 0.0000000000
123390  -49.859  19.434  23.069 0.0000000000
109429  -52.060  4.965  17.066 0.0000000000
108138  -54.663  3.135  39.641 0.0000000000
108147  -50.906  3.781  38.299 0.0000000000
110361  -51.021  5.349  39.649 0.0000000000
112460  -50.267  8.142  35.847 0.0000000000
115407  -50.473  10.041  33.554 0.0000000000
115405  -48.636  10.213  33.424 0.0000000000
115440  -48.584  10.373  30.843 0.0000000000
109324  -59.857  5.233  29.397 0.0000000000
109308  -60.952  5.004  30.800 0.0000000000
111470  -58.205  5.898  31.610 0.0000000000
111446  -57.288  6.188  33.678 0.0000000000
110387  -58.103  5.414  35.435 0.0000000000
100987  -57.636  -3.380  31.596 0.0000000000
98714  -54.162  -5.504  31.516 0.0000000000
100993  -54.587  -3.457  30.694 0.0000000000
104028  -55.312  -1.150  30.744 0.0000000000
106032  -55.765  2.169  34.387 0.0000000000
109243  -59.362  4.083  38.213 0.0000000000
107239  -59.048  2.783  20.052 0.0000000000
104080  -54.952  -0.359  25.709 0.0000000000
106179  -55.444  1.806  21.648 0.0000000000
108371  -57.378  3.810  18.278 0.0000000000
109417  -54.843  4.558  18.148 0.0000000000
110561  -53.033  5.774  17.209 0.0000000000
112622  -52.296  7.833  16.672 0.0000000000
109273  -48.145  4.694  34.292 0.0000000000
110424  -49.144  5.668  30.104 0.0000000000
111503  -52.059  6.844  26.708 0.0000000000
115461  -56.059  10.924  29.794 0.0000000000
113511  -55.466  9.017  27.022 0.0000000000
111519  -55.094  7.229  24.754 0.0000000000
113561  -55.214  8.173  22.245 0.0000000000
113595  -54.955  8.856  19.105 0.0000000000
114617  -52.279  9.676  16.978 0.0000000000
120725  -50.773  16.303  17.746 0.0000000000
118184  -48.768  13.814  18.677 0.0000000000
116506  -46.612  11.819  21.358 0.0000000000
117353  -44.471  12.267  20.749 0.0000000000
117341  -42.559  12.804  22.138 0.0000000000
109257  -55.259  3.875  36.621 0.0000000000
108187  -53.338  3.639  35.662 0.0000000000
108162  -52.606  3.366  37.482 0.0000000000
119756  -47.997  15.637  26.021 0.0000000000
120645  -49.301  16.875  25.788 0.0000000000
106228  -58.149  2.590  17.530 0.0000000000
105018  -58.324  0.654  30.145 0.0000000000
107120  -56.818  1.912  31.263 0.0000000000
105017  -57.235  0.635  30.435 0.0000000000
103953  -53.892  -0.101  37.516 0.0000000000
104977  -55.538  0.458  38.354 0.0000000000
108264  -57.787  3.347  28.435 0.0000000000
107152  -56.829  2.358  28.505 0.0000000000
108301  -51.422  3.693  25.748 0.0000000000
107196  -51.961  2.722  24.611 0.0000000000
109379  -52.207  4.449  24.178 0.0000000000
110517  -51.835  5.313  22.758 0.0000000000
110510  -52.836  5.321  23.968 0.0000000000
114490  -51.976  9.771  32.735 0.0000000000
113467  -52.486  8.632  32.780 0.0000000000
115429  -52.749  10.069  31.854 0.0000000000
118127  -54.231  13.074  22.760 0.0000000000
116479  -55.983  12.083  23.743 0.0000000000
117345  -55.801  13.008  22.430 0.0000000000
117361  -56.863  12.923  20.978 0.0000000000
118146  -55.738  14.139  20.738 0.0000000000
118959  -55.121  14.529  19.598 0.0000000000
119803  -54.635  15.763  20.178 0.0000000000
123395  -48.399  19.493  22.608 0.0000000000
121644  -47.611  18.287  21.242 0.0000000000
122554  -47.288  18.416  22.515 0.0000000000
120666  -46.367  16.977  22.372 0.0000000000
122540  -47.479  18.342  24.320 0.0000000000
109287  -54.835  4.491  32.987 0.0000000000
108227  -54.189  3.605  31.810 0.0000000000
108218  -53.306  3.217  32.542 0.0000000000
107086  -50.610  2.598  33.288 0.0000000000
107105  -51.196  2.333  31.362 0.0000000000
107103  -49.464  2.842  31.103 0.0000000000
107149  -49.843  2.407  28.783 0.0000000000
108249  -49.027  3.600  29.734 0.0000000000
116417  -48.505  10.970  26.786 0.0000000000
115502  -49.858  10.514  26.888 0.0000000000
116429  -49.031  11.164  26.184 0.0000000000
118114  -49.053  13.599  24.344 0.0000000000
117313  -50.111  12.567  24.279 0.0000000000
118116  -50.346  13.136  23.581 0.0000000000
117328  -51.373  12.879  23.259 0.0000000000
118914  -50.384  14.193  22.640 0.0000000000
118933  -50.782  15.058  21.424 0.0000000000
118921  -50.245  14.839  21.971 0.0000000000
121630  -50.309  18.141  24.050 0.0000000000
121637  -50.232  18.053  23.292 0.0000000000
122542  -50.609  18.657  23.468 0.0000000000
123391  -50.380  19.015  22.923 0.0000000000
123380  -50.992  19.180  23.956 0.0000000000
109430  -53.232  4.593  16.817 0.0000000000
108122  -54.874  3.600  40.626 0.0000000000
108120  -53.080  3.739  40.092 0.0000000000
109222  -53.232  4.529  40.550 0.0000000000
113421  -51.985  8.407  37.077 0.0000000000
111426  -51.307  7.309  37.675 0.0000000000
113433  -50.648  8.963  36.136 0.0000000000
113444  -50.300  8.792  35.251 0.0000000000
114460  -49.990  9.782  34.270 0.0000000000
114470  -47.770  9.907  33.176 0.0000000000
115425  -48.122  10.284  31.672 0.0000000000
115439  -47.620  10.041  30.739 0.0000000000
115471  -47.349  10.225  28.867 0.0000000000
115470  -46.385  10.622  28.880 0.0000000000
108267  -61.225  4.196  28.558 0.0000000000
109340  -62.081  4.470  29.571 0.0000000000
107124  -60.972  2.811  30.545 0.0000000000
109307  -59.836  4.981  31.100 0.0000000000
110428  -59.971  5.708  30.806 0.0000000000
111464  -59.335  6.604  31.901 0.0000000000
111462  -57.773  6.029  32.193 0.0000000000
111448  -58.850  6.148  33.132 0.0000000000
108201  -58.346  4.070  34.699 0.0000000000
109277  -58.584  4.757  34.673 0.0000000000
109268  -58.626  4.738  35.586 0.0000000000
98713  -53.113  -5.391  31.357 0.0000000000
100992  -53.944  -3.372  30.876 0.0000000000
103004  -54.112  -1.961  31.417 0.0000000000
103010  -55.220  -1.943  30.567 0.0000000000
104020  -54.420  -1.160  31.391 0.0000000000
104013  -55.239  0.424  32.025 0.0000000000
104998  -54.545  1.018  33.350 0.0000000000
108157  -60.126  3.008  39.207 0.0000000000
106018  -59.913  1.685  39.251 0.0000000000
107211  -59.618  2.284  21.515 0.0000000000
106084  -53.473  0.802  28.873 0.0000000000
105053  -54.387  0.104  27.547 0.0000000000
104048  -53.365  -0.385  26.883 0.0000000000
107209  -53.433  2.074  22.040 0.0000000000
106158  -54.061  1.465  22.216 0.0000000000
107219  -54.902  2.269  21.068 0.0000000000
107236  -56.196  2.845  20.133 0.0000000000
108341  -55.448  3.236  19.798 0.0000000000
109418  -56.170  4.163  17.943 0.0000000000
109408  -54.514  4.134  18.981 0.0000000000
111564  -52.190  6.384  19.947 0.0000000000
110549  -52.550  5.683  18.314 0.0000000000
111583  -52.317  6.568  18.029 0.0000000000
111590  -52.490  6.726  17.113 0.0000000000
112612  -52.631  7.508  17.577 0.0000000000
110366  -49.040  5.353  38.042 0.0000000000
109247  -49.218  4.230  37.341 0.0000000000
110384  -48.365  5.696  35.076 0.0000000000
112482  -51.728  7.804  31.172 0.0000000000
111460  -49.801  6.226  31.274 0.0000000000
112492  -50.714  7.419  29.416 0.0000000000
111494  -50.515  6.834  28.176 0.0000000000
112518  -52.406  7.677  27.609 0.0000000000
115494  -53.598  11.128  27.844 0.0000000000
116391  -54.200  11.654  29.991 0.0000000000
116418  -54.511  11.503  27.908 0.0000000000
115518  -57.912  10.549  25.681 0.0000000000
114526  -57.618  10.663  27.946 0.0000000000
114549  -56.504  9.306  26.106 0.0000000000
112532  -55.145  8.039  26.219 0.0000000000
112549  -56.241  8.067  24.953 0.0000000000
112555  -55.562  7.767  23.835 0.0000000000
113551  -56.246  8.904  23.761 0.0000000000
115588  -56.896  10.584  19.345 0.0000000000
113586  -56.377  9.444  19.940 0.0000000000
114609  -55.840  9.932  18.701 0.0000000000
113615  -53.210  9.023  17.095 0.0000000000
114607  -53.818  9.861  18.222 0.0000000000
114595  -52.135  9.450  18.140 0.0000000000
115585  -53.930  10.530  19.236 0.0000000000
118156  -52.642  13.208  20.225 0.0000000000
117374  -52.798  12.320  20.708 0.0000000000
120697  -51.049  17.104  19.372 0.0000000000
120698  -51.638  17.035  19.054 0.0000000000
121675  -50.019  16.984  18.977 0.0000000000
120708  -47.057  15.489  19.511 0.0000000000
119824  -48.311  15.577  18.242 0.0000000000
118182  -47.186  13.994  18.718 0.0000000000
117386  -47.238  12.807  19.743 0.0000000000
117385  -46.410  12.782  19.561 0.0000000000
116517  -45.627  11.871  20.513 0.0000000000
117382  -45.088  13.638  20.153 0.0000000000
119771  -44.141  15.558  22.768 0.0000000000
118932  -43.496  14.353  21.847 0.0000000000
118919  -42.508  14.469  22.853 0.0000000000
118130  -41.660  13.576  23.257 0.0000000000
109274  -54.903  4.655  35.102 0.0000000000
108209  -53.347  3.396  33.588 0.0000000000
108199  -53.284  3.570  34.635 0.0000000000
108197  -51.223  3.206  34.649 0.0000000000
107077  -49.958  2.814  34.243 0.0000000000
117303  -48.225  12.769  25.514 0.0000000000
118106  -47.735  13.778  25.481 0.0000000000
118898  -48.077  14.717  24.955 0.0000000000
119765  -48.465  15.602  24.495 0.0000000000
119772  -48.880  15.620  23.681 0.0000000000
120653  -48.630  16.538  24.852 0.0000000000
121612  -50.283  17.373  25.304 0.0000000000
107278  -56.116  3.538  16.750 0.0000000000
110345  -54.625  5.405  41.296 0.0000000000
110352  -53.698  5.580  40.923 0.0000000000
111406  -54.077  6.764  40.788 0.0000000000
108237  -58.364  3.654  31.355 0.0000000000
109290  -59.134  4.950  32.854 0.0000000000
108228  -57.805  3.404  32.208 0.0000000000
107100  -57.252  2.929  32.880 0.0000000000
107091  -57.327  3.157  33.826 0.0000000000
100982  -52.032  -4.013  31.608 0.0000000000
102990  -52.665  -1.122  33.212 0.0000000000
104978  -56.853  0.972  38.113 0.0000000000
104962  -57.858  1.063  39.197 0.0000000000
104961  -56.599  0.570  39.380 0.0000000000
105050  -51.545  0.631  27.250 0.0000000000
105064  -52.545  0.139  26.072 0.0000000000
107187  -52.191  1.941  25.036 0.0000000000
107202  -52.432  2.035  23.448 0.0000000000
108330  -52.538  3.229  21.587 0.0000000000
108352  -53.454  3.809  19.682 0.0000000000
109397  -51.856  4.643  21.465 0.0000000000
110526  -51.888  5.763  21.254 0.0000000000
112572  -52.913  7.240  21.508 0.0000000000
112463  -49.552  7.315  34.622 0.0000000000
111437  -49.330  6.830  33.980 0.0000000000
112472  -51.223  7.123  32.518 0.0000000000
113469  -52.301  7.996  31.595 0.0000000000
113477  -53.976  9.097  30.701 0.0000000000
116446  -54.291  11.267  25.282 0.0000000000
116433  -55.327  11.597  26.758 0.0000000000
116447  -55.341  11.524  25.535 0.0000000000
116449  -57.171  11.545  25.367 0.0000000000
116451  -58.258  11.097  24.431 0.0000000000
113553  -57.334  9.631  22.883 0.0000000000
116497  -57.670  11.354  22.166 0.0000000000
117378  -57.278  12.108  20.602 0.0000000000
117391  -56.651  12.197  19.451 0.0000000000
116521  -54.644  11.696  19.611 0.0000000000
118175  -55.549  13.487  19.433 0.0000000000
118958  -54.131  14.881  19.185 0.0000000000
118957  -53.204  14.652  19.031 0.0000000000
122564  -49.236  18.219  20.202 0.0000000000
121674  -49.147  16.984  19.115 0.0000000000
121653  -48.290  18.100  20.082 0.0000000000
120680  -47.104  16.470  20.497 0.0000000000
120679  -46.580  15.538  20.276 0.0000000000
119808  -45.089  14.414  20.411 0.0000000000
120670  -45.496  15.222  21.303 0.0000000000
120657  -44.999  15.837  22.415 0.0000000000
120650  -44.938  15.800  23.473 0.0000000000
109320  -55.524  3.959  30.392 0.0000000000
107138  -56.085  2.652  29.329 0.0000000000
108250  -54.700  2.977  30.197 0.0000000000
107136  -53.253  1.805  29.892 0.0000000000
107135  -52.558  1.493  29.768 0.0000000000
107097  -52.476  2.844  32.393 0.0000000000
107117  -52.093  1.938  30.339 0.0000000000
105026  -51.386  0.832  28.745 0.0000000000
106098  -50.523  1.893  27.838 0.0000000000
107175  -50.474  2.867  27.048 0.0000000000
109355  -51.249  4.765  26.699 0.0000000000
115457  -50.136  10.514  30.016 0.0000000000
116389  -52.367  11.296  30.521 0.0000000000
115475  -51.548  10.618  28.970 0.0000000000
115492  -51.725  10.549  27.879 0.0000000000
115513  -51.284  10.734  25.989 0.0000000000
116441  -49.352  11.788  25.391 0.0000000000
116443  -51.080  11.177  25.093 0.0000000000
115533  -52.621  10.941  24.938 0.0000000000
116476  -52.845  11.959  23.839 0.0000000000
118125  -52.555  13.133  22.906 0.0000000000
118925  -53.438  14.356  21.790 0.0000000000
119789  -53.554  15.581  20.654 0.0000000000
118935  -52.280  14.997  21.336 0.0000000000
119786  -51.115  15.758  20.787 0.0000000000
120682  -50.320  17.042  20.313 0.0000000000
120667  -49.641  16.649  22.147 0.0000000000
121645  -50.081  17.608  21.569 0.0000000000
123405  -49.500  18.952  21.762 0.0000000000
123396  -49.226  19.662  22.355 0.0000000000
123389  -48.998  19.758  23.242 0.0000000000
108151  -54.558  3.146  38.620 0.0000000000
108149  -52.684  3.366  38.413 0.0000000000
108136  -52.722  3.573  39.367 0.0000000000
109231  -51.410  4.488  39.537 0.0000000000
110367  -49.944  5.761  38.116 0.0000000000
111404  -52.049  6.197  40.087 0.0000000000
111425  -50.536  6.856  37.496 0.0000000000
111429  -49.618  6.875  36.556 0.0000000000
112464  -50.107  8.011  34.877 0.0000000000
114482  -51.313  9.014  33.531 0.0000000000
115417  -51.073  10.109  33.245 0.0000000000
115400  -49.582  10.137  34.725 0.0000000000
115406  -49.644  10.118  33.728 0.0000000000
115427  -50.153  10.563  32.009 0.0000000000
115441  -49.639  10.512  30.970 0.0000000000
115456  -49.011  10.436  29.901 0.0000000000
115488  -47.566  10.518  27.883 0.0000000000
116416  -47.780  11.121  27.001 0.0000000000
108265  -59.171  3.840  28.274 0.0000000000
109322  -57.891  4.706  29.808 0.0000000000
107125  -61.859  3.015  30.755 0.0000000000
109310  -62.167  4.262  30.259 0.0000000000
110429  -61.011  5.441  30.221 0.0000000000
110444  -59.137  5.552  30.142 0.0000000000
109305  -57.768  5.429  30.506 0.0000000000
109296  -56.653  5.645  31.677 0.0000000000
110418  -56.273  5.479  32.961 0.0000000000
110410  -56.207  5.549  33.770 0.0000000000
110404  -58.593  5.745  33.628 0.0000000000
111438  -57.232  5.995  34.127 0.0000000000
110402  -56.352  5.545  34.620 0.0000000000
110385  -56.776  5.288  35.896 0.0000000000
98693  -55.418  -5.776  33.007 0.0000000000
99861  -53.441  -4.414  30.964 0.0000000000
99862  -54.539  -4.701  30.992 0.0000000000
98716  -55.800  -5.046  31.794 0.0000000000
100985  -56.060  -3.987  31.046 0.0000000000
102044  -56.704  -2.483  30.358 0.0000000000
104029  -56.308  -0.376  30.549 0.0000000000
105007  -56.014  0.952  31.766 0.0000000000
106035  -55.744  1.942  33.286 0.0000000000
107082  -56.726  2.527  34.572 0.0000000000
109251  -57.819  4.402  37.838 0.0000000000
108154  -57.456  3.580  38.815 0.0000000000
108141  -57.609  3.319  39.777 0.0000000000
108124  -56.808  3.313  40.659 0.0000000000
108112  -56.035  3.815  41.344 0.0000000000
106184  -60.657  1.759  20.780 0.0000000000
107240  -59.709  2.549  20.101 0.0000000000
108359  -59.205  3.075  19.094 0.0000000000
106100  -55.817  1.067  27.931 0.0000000000
105067  -56.257  0.346  26.600 0.0000000000
105095  -53.482  0.254  24.461 0.0000000000
105114  -54.794  0.346  23.421 0.0000000000
106161  -57.109  1.329  22.685 0.0000000000
107222  -57.886  2.525  21.011 0.0000000000
108344  -58.379  3.134  19.596 0.0000000000
108372  -58.165  3.719  18.316 0.0000000000
109435  -57.609  4.154  17.407 0.0000000000
109446  -56.834  4.480  16.952 0.0000000000
109444  -55.000  4.779  16.627 0.0000000000
109416  -53.635  4.763  18.399 0.0000000000
110562  -54.122  5.284  17.418 0.0000000000
110573  -54.093  5.373  16.759 0.0000000000
110572  -53.057  5.718  16.612 0.0000000000
111600  -52.032  6.731  16.409 0.0000000000
112621  -51.453  7.838  16.212 0.0000000000
108160  -50.551  3.571  37.440 0.0000000000
108171  -49.013  3.631  36.118 0.0000000000
108206  -48.396  3.871  33.574 0.0000000000
111451  -49.096  6.038  32.835 0.0000000000
110408  -49.012  5.377  32.133 0.0000000000
108231  -48.560  4.153  31.161 0.0000000000
110457  -49.536  5.409  28.504 0.0000000000
110471  -51.042  5.851  27.119 0.0000000000
110481  -52.002  5.955  26.157 0.0000000000
116369  -53.861  11.037  31.497 0.0000000000
115443  -55.118  10.718  30.945 0.0000000000
114507  -54.921  9.987  30.058 0.0000000000
116407  -56.842  11.527  28.118 0.0000000000
114516  -55.914  10.118  28.952 0.0000000000
113499  -54.053  8.783  28.682 0.0000000000
112520  -54.198  8.221  27.165 0.0000000000
111510  -53.426  6.783  26.019 0.0000000000
110502  -53.198  5.926  25.028 0.0000000000
111536  -53.476  6.347  23.709 0.0000000000
112584  -54.252  7.841  21.235 0.0000000000
113574  -56.498  9.252  21.119 0.0000000000
113585  -55.760  8.834  20.079 0.0000000000
113594  -53.834  8.310  19.181 0.0000000000
113614  -53.011  8.468  17.191 0.0000000000
113624  -52.548  8.742  16.649 0.0000000000
115578  -53.835  10.881  20.070 0.0000000000
119812  -53.611  16.285  19.467 0.0000000000
119827  -52.632  16.027  18.214 0.0000000000
118970  -50.677  15.098  17.903 0.0000000000
120711  -49.539  16.588  18.426 0.0000000000
118980  -49.625  15.036  17.322 0.0000000000
118170  -50.397  13.891  19.421 0.0000000000
118152  -48.874  13.414  19.818 0.0000000000
117342  -48.266  12.177  21.870 0.0000000000
116475  -47.381  11.210  22.778 0.0000000000
118151  -44.370  13.682  20.705 0.0000000000
117351  -43.400  12.848  21.603 0.0000000000
123368  -49.332  19.468  25.055 0.0000000000
123377  -48.024  18.966  24.585 0.0000000000
122532  -47.133  18.163  25.356 0.0000000000
120643  -45.995  16.831  25.409 0.0000000000
120642  -44.709  15.881  24.846 0.0000000000
108178  -55.153  3.626  37.084 0.0000000000
108177  -54.516  3.646  36.729 0.0000000000
108163  -53.559  3.309  37.554 0.0000000000
104031  -58.700  -0.239  30.343 0.0000000000
104030  -57.662  -0.357  30.118 0.0000000000
103965  -53.354  -0.293  37.041 0.0000000000
108263  -57.046  3.051  28.784 0.0000000000
107139  -56.718  2.906  28.972 0.0000000000
108302  -52.039  4.239  25.300 0.0000000000
108309  -52.095  3.704  24.925 0.0000000000
109371  -52.336  4.393  24.774 0.0000000000
109380  -52.575  4.816  24.558 0.0000000000
110501  -52.859  5.309  24.748 0.0000000000
115428  -51.614  10.313  32.321 0.0000000000
114491  -52.515  9.430  32.599 0.0000000000
116367  -52.343  10.531  31.667 0.0000000000
118136  -54.754  13.578  22.214 0.0000000000
117344  -55.332  13.248  22.374 0.0000000000
118137  -55.520  13.790  21.716 0.0000000000
118939  -55.156  14.728  20.890 0.0000000000
119804  -54.955  15.434  20.177 0.0000000000
119791  -54.729  15.287  20.571 0.0000000000
122547  -47.639  19.067  22.910 0.0000000000
122546  -47.344  18.372  23.335 0.0000000000
122541  -47.595  18.923  23.659 0.0000000000
108219  -54.157  3.732  32.774 0.0000000000
107094  -49.504  2.756  32.130 0.0000000000
107095  -50.389  2.486  32.295 0.0000000000
107114  -49.408  2.926  30.128 0.0000000000
108232  -48.810  3.607  30.798 0.0000000000
118906  -49.235  14.229  23.753 0.0000000000
118115  -49.717  13.549  23.811 0.0000000000
118122  -50.192  13.777  23.201 0.0000000000
118913  -49.701  14.568  22.934 0.0000000000
122533  -51.130  18.621  24.333 0.0000000000
108383  -54.798  3.659  16.798 0.0000000000
108382  -53.864  3.840  17.158 0.0000000000
109223  -54.103  4.535  41.057 0.0000000000
113434  -51.630  9.031  36.719 0.0000000000
112453  -51.574  8.097  36.979 0.0000000000
114451  -50.393  9.634  35.564 0.0000000000
115454  -47.027  10.023  29.768 0.0000000000
106072  -62.320  2.047  29.745 0.0000000000
108268  -61.926  4.040  29.019 0.0000000000
108269  -62.301  3.713  29.671 0.0000000000
110420  -60.168  5.840  31.623 0.0000000000
110413  -60.161  5.936  32.448 0.0000000000
111456  -59.093  6.429  32.533 0.0000000000
110412  -59.808  5.631  32.929 0.0000000000
108202  -58.503  4.314  35.238 0.0000000000
108190  -58.461  4.100  35.940 0.0000000000
98712  -52.231  -5.403  31.474 0.0000000000
104019  -53.937  -1.546  31.740 0.0000000000
106023  -58.800  1.953  38.085 0.0000000000
106017  -59.311  1.770  38.580 0.0000000000
106016  -58.314  1.554  38.426 0.0000000000
106162  -58.232  1.573  22.427 0.0000000000
105037  -53.023  0.179  28.256 0.0000000000
105052  -53.551  -0.144  27.559 0.0000000000
105051  -52.498  -0.150  27.138 0.0000000000
107218  -53.940  2.376  21.321 0.0000000000
107234  -54.485  2.745  20.597 0.0000000000
107235  -55.233  2.735  20.386 0.0000000000
108340  -54.698  3.267  19.987 0.0000000000
108354  -55.084  3.824  19.219 0.0000000000
108353  -54.227  3.761  19.541 0.0000000000
111573  -52.158  6.413  18.872 0.0000000000
112602  -52.595  7.280  18.514 0.0000000000
110371  -49.293  6.074  37.321 0.0000000000
110370  -48.585  5.304  37.577 0.0000000000
110377  -48.683  5.735  36.381 0.0000000000
112494  -52.339  8.386  29.833 0.0000000000
112493  -51.688  8.050  29.997 0.0000000000
112507  -52.283  8.196  29.090 0.0000000000
112506  -51.310  7.489  28.514 0.0000000000
115505  -52.938  10.636  26.834 0.0000000000
114551  -58.119  9.774  25.139 0.0000000000
114550  -57.377  9.906  26.021 0.0000000000
113535  -57.414  9.233  24.998 0.0000000000
113534  -56.605  8.927  25.362 0.0000000000
113544  -56.542  8.831  24.596 0.0000000000
112556  -56.070  8.173  24.207 0.0000000000
113545  -57.017  9.328  24.182 0.0000000000
116533  -56.179  10.848  18.951 0.0000000000
115597  -56.243  10.519  18.995 0.0000000000
115596  -55.661  10.561  18.799 0.0000000000
114608  -54.978  9.954  18.168 0.0000000000
115595  -54.824  10.482  18.574 0.0000000000
115594  -54.249  10.385  18.710 0.0000000000
115586  -54.726  10.919  19.215 0.0000000000
118172  -52.492  13.999  19.660 0.0000000000
118155  -51.749  13.404  20.197 0.0000000000
118154  -50.737  13.375  20.410 0.0000000000
121666  -50.444  17.122  19.501 0.0000000000
121667  -51.035  17.185  19.124 0.0000000000
119821  -46.140  14.629  19.718 0.0000000000
118967  -47.037  14.677  18.842 0.0000000000
118181  -46.373  14.128  19.093 0.0000000000
118166  -46.382  13.479  19.188 0.0000000000
118165  -45.671  13.811  19.464 0.0000000000
117384  -45.654  13.056  19.654 0.0000000000
118164  -45.318  13.804  20.004 0.0000000000
119770  -43.367  15.298  23.101 0.0000000000
119776  -43.029  14.882  22.793 0.0000000000
108200  -54.097  4.094  34.854 0.0000000000
108175  -52.499  3.374  36.537 0.0000000000
108186  -52.394  3.369  35.524 0.0000000000
108185  -51.391  3.321  35.454 0.0000000000
107072  -50.504  3.065  34.756 0.0000000000
108184  -50.463  3.173  35.315 0.0000000000
118897  -47.375  15.036  25.610 0.0000000000
118905  -48.638  14.569  24.154 0.0000000000
120646  -50.618  17.161  25.906 0.0000000000
121613  -51.314  17.698  25.460 0.0000000000
106227  -57.471  2.000  17.415 0.0000000000
107272  -56.702  2.906  16.976 0.0000000000
111399  -54.581  6.329  41.156 0.0000000000
110344  -54.203  6.046  41.159 0.0000000000
106057  -59.037  1.681  30.185 0.0000000000
108236  -57.622  3.098  31.627 0.0000000000
107108  -56.782  2.042  31.822 0.0000000000
107109  -57.249  2.666  32.042 0.0000000000
103978  -54.031  0.309  36.500 0.0000000000
104985  -55.580  0.863  37.268 0.0000000000
106111  -51.432  1.444  26.375 0.0000000000
106121  -51.935  1.321  25.583 0.0000000000
107186  -51.782  2.470  25.556 0.0000000000
108316  -51.791  3.572  23.980 0.0000000000
107201  -51.925  2.712  23.719 0.0000000000
107207  -52.140  2.673  22.980 0.0000000000
108323  -52.167  2.999  22.385 0.0000000000
108329  -52.112  3.569  22.147 0.0000000000
109393  -52.169  3.831  21.707 0.0000000000
109392  -51.887  4.325  22.119 0.0000000000
110518  -52.359  5.638  23.345 0.0000000000
111545  -51.803  5.820  22.244 0.0000000000
111555  -51.818  6.040  21.783 0.0000000000
111556  -52.261  6.366  21.144 0.0000000000
112562  -53.297  7.218  22.276 0.0000000000
112469  -50.673  7.487  33.717 0.0000000000
112473  -51.821  7.839  33.047 0.0000000000
114492  -53.302  9.491  31.867 0.0000000000
113470  -52.824  8.489  31.954 0.0000000000
113476  -53.081  8.697  30.948 0.0000000000
113471  -53.667  9.108  31.460 0.0000000000
116461  -54.478  11.822  24.399 0.0000000000
117333  -56.169  12.359  23.187 0.0000000000
116463  -56.575  11.880  24.401 0.0000000000
117319  -57.001  11.965  24.030 0.0000000000
116464  -57.309  11.674  24.593 0.0000000000
117335  -57.309  11.846  23.674 0.0000000000
116481  -57.715  11.427  23.299 0.0000000000
117347  -57.214  11.979  22.749 0.0000000000
117377  -56.974  12.789  19.963 0.0000000000
117392  -57.290  11.896  19.742 0.0000000000
118176  -56.315  13.169  19.546 0.0000000000
117390  -55.866  12.455  19.436 0.0000000000
118960  -56.015  14.001  19.476 0.0000000000
119814  -54.484  15.551  19.325 0.0000000000
118973  -53.668  15.372  18.780 0.0000000000
122563  -48.559  18.433  20.581 0.0000000000
122562  -47.949  18.634  20.976 0.0000000000
121643  -47.025  17.830  21.668 0.0000000000
121651  -47.161  17.143  21.058 0.0000000000
120671  -46.124  15.601  21.131 0.0000000000
120659  -46.474  16.947  23.423 0.0000000000
120658  -45.783  16.264  22.957 0.0000000000
120651  -45.846  16.315  24.122 0.0000000000
109303  -55.369  4.336  30.931 0.0000000000
108235  -55.142  3.842  30.470 0.0000000000
108233  -53.705  2.996  31.152 0.0000000000
107118  -53.487  2.580  30.632 0.0000000000
107080  -52.252  3.044  33.737 0.0000000000
108217  -52.715  2.940  32.896 0.0000000000
107088  -52.257  2.881  33.272 0.0000000000
107116  -50.866  1.901  30.581 0.0000000000
106054  -51.247  1.497  29.911 0.0000000000
106067  -50.889  1.272  29.137 0.0000000000
106082  -50.807  1.344  28.273 0.0000000000
106081  -50.383  1.884  28.533 0.0000000000
108276  -49.607  3.466  28.103 0.0000000000
107162  -50.049  2.689  27.771 0.0000000000
108292  -50.719  3.709  26.694 0.0000000000
108278  -50.663  4.293  27.063 0.0000000000
115474  -50.484  10.441  28.984 0.0000000000
115491  -50.701  10.357  27.888 0.0000000000
115503  -50.846  10.495  26.683 0.0000000000
115504  -51.922  10.520  26.824 0.0000000000
116440  -48.682  11.997  25.583 0.0000000000
116457  -50.691  11.884  24.467 0.0000000000
116442  -50.133  11.616  25.030 0.0000000000
116459  -52.190  11.496  24.102 0.0000000000
117315  -51.586  11.958  23.831 0.0000000000
118124  -51.730  13.250  22.932 0.0000000000
118134  -53.003  13.738  22.364 0.0000000000
118924  -52.634  14.401  21.902 0.0000000000
118923  -51.823  14.405  21.970 0.0000000000
120674  -50.658  16.232  20.761 0.0000000000
120673  -50.122  16.642  20.976 0.0000000000
120661  -49.239  16.607  23.177 0.0000000000
122549  -50.289  18.520  22.687 0.0000000000
121636  -49.902  17.612  22.666 0.0000000000
122557  -49.417  18.487  21.337 0.0000000000
123397  -49.788  18.966  22.278 0.0000000000
123379  -49.744  19.505  23.987 0.0000000000
108381  -52.749  3.985  17.335 0.0000000000
108152  -55.475  3.248  38.748 0.0000000000
108137  -53.723  3.312  39.465 0.0000000000
109220  -51.773  4.716  39.876 0.0000000000
110360  -50.403  5.147  39.169 0.0000000000
111414  -50.801  5.695  39.326 0.0000000000
111405  -52.972  6.680  40.307 0.0000000000
112442  -51.220  7.614  37.293 0.0000000000
112451  -50.138  7.576  36.322 0.0000000000
112459  -49.727  7.530  35.650 0.0000000000
114461  -50.224  9.355  34.670 0.0000000000
113451  -50.536  8.569  34.318 0.0000000000
114473  -50.715  9.393  33.759 0.0000000000
115416  -50.383  10.352  32.958 0.0000000000
115399  -49.017  10.235  34.415 0.0000000000
115426  -49.045  10.604  31.815 0.0000000000
115472  -48.349  10.068  28.834 0.0000000000
116415  -46.764  11.504  27.304 0.0000000000
107168  -60.884  2.570  27.584 0.0000000000
109338  -60.795  4.859  28.868 0.0000000000
108266  -60.286  4.129  28.259 0.0000000000
109337  -59.823  4.845  28.947 0.0000000000
109336  -58.588  4.467  28.865 0.0000000000
109323  -59.243  5.159  29.434 0.0000000000
108240  -61.465  3.979  30.572 0.0000000000
108241  -62.072  3.823  30.512 0.0000000000
109309  -61.789  4.782  30.269 0.0000000000
110430  -61.577  5.365  29.950 0.0000000000
111471  -58.772  6.508  31.328 0.0000000000
110427  -58.994  6.099  30.790 0.0000000000
110426  -58.008  5.957  30.946 0.0000000000
109304  -56.782  5.344  30.842 0.0000000000
110425  -57.225  6.148  31.492 0.0000000000
111454  -57.437  6.327  32.937 0.0000000000
110419  -56.721  6.045  32.331 0.0000000000
110411  -56.733  6.024  33.285 0.0000000000
109289  -58.471  4.526  33.063 0.0000000000
110405  -59.168  5.652  33.216 0.0000000000
109284  -58.836  4.959  33.782 0.0000000000
110388  -58.539  5.179  35.060 0.0000000000
110396  -58.109  5.567  34.321 0.0000000000
110395  -57.279  5.712  34.738 0.0000000000
109275  -55.848  4.995  35.266 0.0000000000
110394  -56.621  5.402  35.425 0.0000000000
97569  -54.189  -6.186  32.365 0.0000000000
97559  -54.880  -6.106  33.318 0.0000000000
98703  -54.909  -5.748  32.363 0.0000000000
100983  -52.553  -3.538  31.585 0.0000000000
102041  -54.264  -2.921  30.867 0.0000000000
99869  -54.174  -3.998  30.758 0.0000000000
99870  -54.845  -4.093  30.689 0.0000000000
98715  -55.106  -5.227  31.654 0.0000000000
99863  -55.451  -4.495  31.140 0.0000000000
100994  -55.412  -3.549  30.683 0.0000000000
102043  -55.748  -2.620  30.456 0.0000000000
103011  -56.027  -1.669  30.220 0.0000000000
104022  -55.697  0.440  31.325 0.0000000000
104999  -55.186  1.370  32.990 0.0000000000
106039  -55.640  1.475  32.706 0.0000000000
107081  -56.248  2.476  34.062 0.0000000000
108168  -59.702  3.680  37.972 0.0000000000
108180  -59.405  3.970  37.216 0.0000000000
109252  -58.879  4.621  37.691 0.0000000000
109241  -58.112  4.032  38.661 0.0000000000
109242  -58.789  4.090  38.751 0.0000000000
107059  -60.201  2.276  39.496 0.0000000000
109233  -59.179  3.616  39.291 0.0000000000
104963  -58.608  1.120  39.468 0.0000000000
104945  -58.623  1.039  40.148 0.0000000000
107035  -59.191  1.990  41.140 0.0000000000
108126  -58.375  2.703  40.638 0.0000000000
108115  -58.432  2.475  41.090 0.0000000000
108113  -56.842  3.670  41.558 0.0000000000
106166  -61.073  1.196  21.339 0.0000000000
106165  -60.776  1.641  21.640 0.0000000000
107224  -59.732  2.567  20.837 0.0000000000
107252  -59.269  2.805  19.507 0.0000000000
107150  -54.962  1.705  28.891 0.0000000000
107151  -55.636  1.956  28.851 0.0000000000
104063  -54.611  -0.337  26.513 0.0000000000
105066  -55.413  0.033  26.812 0.0000000000
105094  -52.882  0.621  24.588 0.0000000000
105079  -53.163  0.178  24.966 0.0000000000
105112  -53.122  0.799  23.955 0.0000000000
106159  -55.014  1.355  22.215 0.0000000000
105132  -54.672  0.919  22.669 0.0000000000
105133  -55.448  0.777  22.791 0.0000000000
105134  -56.308  0.836  22.950 0.0000000000
106160  -55.941  1.359  22.357 0.0000000000
106181  -57.500  1.987  21.762 0.0000000000
106180  -56.437  1.844  21.721 0.0000000000
108356  -57.109  3.523  19.261 0.0000000000
108342  -57.279  3.291  19.705 0.0000000000
108357  -57.959  3.486  19.011 0.0000000000
108386  -58.013  3.863  17.531 0.0000000000
108385  -57.700  4.010  17.729 0.0000000000
109433  -56.026  4.597  17.307 0.0000000000
109445  -55.954  4.609  16.794 0.0000000000
109432  -55.050  4.968  17.065 0.0000000000
109407  -53.896  4.275  19.005 0.0000000000
110550  -53.399  5.284  17.891 0.0000000000
111601  -52.513  6.177  16.492 0.0000000000
108148  -51.810  3.515  38.320 0.0000000000
108161  -51.629  3.415  37.456 0.0000000000
109264  -48.380  4.637  35.420 0.0000000000
109256  -49.032  3.859  36.667 0.0000000000
108182  -48.771  3.737  35.427 0.0000000000
108194  -48.501  3.826  34.500 0.0000000000
111445  -50.438  6.734  32.738 0.0000000000
111443  -48.838  6.283  33.579 0.0000000000
111452  -49.734  6.161  32.240 0.0000000000
111468  -49.582  6.305  30.242 0.0000000000
110409  -49.352  5.739  31.530 0.0000000000
110417  -49.270  5.740  30.800 0.0000000000
109293  -48.719  4.629  31.542 0.0000000000
110423  -48.924  5.210  30.439 0.0000000000
109319  -48.969  4.555  29.597 0.0000000000
110441  -49.311  5.677  29.208 0.0000000000
111495  -51.069  6.781  27.684 0.0000000000
110459  -50.621  6.350  27.710 0.0000000000
110472  -51.659  6.347  26.771 0.0000000000
110480  -51.499  5.433  26.567 0.0000000000
111509  -52.613  6.795  26.265 0.0000000000
115459  -52.190  11.157  29.764 0.0000000000
116376  -53.078  11.361  31.065 0.0000000000
116390  -53.118  11.548  30.121 0.0000000000
116392  -55.114  11.577  29.689 0.0000000000
116378  -55.024  11.353  30.622 0.0000000000
115444  -55.589  11.051  30.486 0.0000000000
114508  -55.642  10.536  29.854 0.0000000000
116434  -56.262  11.809  26.514 0.0000000000
116420  -56.176  11.903  27.522 0.0000000000
116421  -56.981  11.627  27.300 0.0000000000
114524  -56.176  9.623  27.631 0.0000000000
114525  -57.067  10.340  28.167 0.0000000000
113501  -55.437  9.320  27.880 0.0000000000
113500  -54.856  9.192  28.446 0.0000000000
113509  -54.178  8.447  27.834 0.0000000000
113510  -54.786  8.591  27.335 0.0000000000
112540  -55.334  7.819  25.474 0.0000000000
112539  -54.552  7.389  25.612 0.0000000000
111511  -54.116  7.035  25.676 0.0000000000
111517  -53.664  6.540  25.330 0.0000000000
111518  -54.510  6.963  25.112 0.0000000000
111525  -53.799  6.410  24.643 0.0000000000
111526  -54.555  7.019  24.220 0.0000000000
112565  -55.523  7.860  23.043 0.0000000000
112564  -54.694  7.539  22.674 0.0000000000
113560  -54.736  7.932  22.134 0.0000000000
113572  -54.767  8.130  21.550 0.0000000000
114586  -57.598  9.866  21.695 0.0000000000
113563  -56.911  9.330  22.244 0.0000000000
113575  -56.999  9.708  21.579 0.0000000000
113596  -55.816  9.449  19.163 0.0000000000
113584  -54.567  8.339  20.383 0.0000000000
113603  -53.158  8.109  18.201 0.0000000000
113604  -53.870  9.119  18.104 0.0000000000
114618  -52.983  9.399  17.268 0.0000000000
114627  -52.823  9.112  16.789 0.0000000000
114626  -52.244  9.299  16.596 0.0000000000
113622  -51.125  8.666  16.209 0.0000000000
114604  -51.304  9.479  16.939 0.0000000000
117376  -54.365  12.147  19.753 0.0000000000
115579  -54.328  11.083  19.692 0.0000000000
116520  -54.072  11.657  19.906 0.0000000000
117360  -52.387  11.798  21.154 0.0000000000
116512  -52.740  11.388  20.973 0.0000000000
119801  -53.161  16.020  19.864 0.0000000000
120685  -52.664  16.343  19.613 0.0000000000
120713  -51.297  16.719  18.294 0.0000000000
120714  -52.251  16.509  18.500 0.0000000000
119826  -51.489  16.042  17.837 0.0000000000
118971  -51.837  15.386  18.380 0.0000000000
119825  -50.871  15.690  17.648 0.0000000000
121673  -48.681  16.878  19.241 0.0000000000
120710  -48.471  16.287  18.749 0.0000000000
118968  -48.154  14.780  18.194 0.0000000000
118979  -49.009  15.000  17.549 0.0000000000
118969  -49.352  14.445  18.058 0.0000000000
118954  -50.097  14.319  18.572 0.0000000000
118169  -49.369  13.814  19.052 0.0000000000
118153  -49.587  13.394  20.318 0.0000000000
117369  -47.401  12.641  20.515 0.0000000000
117355  -47.702  12.280  21.395 0.0000000000
116493  -48.006  11.750  22.363 0.0000000000
116507  -47.293  11.865  21.860 0.0000000000
116504  -44.808  11.719  20.774 0.0000000000
116490  -45.009  11.135  21.607 0.0000000000
116489  -44.164  11.428  21.621 0.0000000000
119796  -44.608  14.651  20.779 0.0000000000
118950  -44.655  14.163  20.485 0.0000000000
118944  -44.161  14.252  21.109 0.0000000000
118142  -43.041  13.571  21.986 0.0000000000
123366  -47.600  18.834  25.622 0.0000000000
123376  -47.521  18.630  25.009 0.0000000000
122525  -46.541  18.060  26.074 0.0000000000
108176  -53.472  3.511  36.615 0.0000000000
119746  -48.757  16.027  26.453 0.0000000000
120634  -49.334  16.473  26.464 0.0000000000
120635  -50.018  16.793  26.731 0.0000000000
120636  -51.515  17.258  26.278 0.0000000000
107273  -57.536  3.365  17.052 0.0000000000
111408  -55.326  7.100  41.219 0.0000000000
111407  -54.884  6.953  40.920 0.0000000000
106056  -57.867  1.636  30.364 0.0000000000
107121  -57.385  2.500  31.095 0.0000000000
106055  -56.918  1.541  30.806 0.0000000000
106046  -56.442  1.482  31.479 0.0000000000
107153  -57.457  2.666  28.309 0.0000000000
107164  -57.156  1.790  27.986 0.0000000000
106101  -56.556  1.368  27.836 0.0000000000
109386  -51.814  4.365  23.290 0.0000000000
110509  -52.158  5.026  23.564 0.0000000000
111535  -52.745  5.976  23.493 0.0000000000
113466  -52.085  8.600  33.232 0.0000000000
112474  -52.247  8.262  32.935 0.0000000000
117331  -54.018  12.592  23.431 0.0000000000
117317  -54.928  12.056  23.876 0.0000000000
117332  -55.122  12.480  23.109 0.0000000000
117346  -56.528  12.690  22.204 0.0000000000
118138  -56.040  13.317  21.956 0.0000000000
118147  -56.193  13.489  21.310 0.0000000000
118158  -55.842  14.255  20.203 0.0000000000
118946  -55.781  14.285  19.868 0.0000000000
118945  -55.359  14.689  20.158 0.0000000000
119815  -54.954  15.277  19.776 0.0000000000
120701  -54.324  16.044  19.367 0.0000000000
123403  -48.695  19.375  21.905 0.0000000000
122555  -47.862  18.837  21.860 0.0000000000
121635  -46.822  17.766  22.848 0.0000000000
121627  -47.129  17.605  23.848 0.0000000000
109294  -54.782  4.270  31.943 0.0000000000
108226  -53.637  3.231  31.609 0.0000000000
107098  -53.122  3.080  31.995 0.0000000000
107096  -51.411  2.597  32.327 0.0000000000
107104  -50.206  2.330  31.322 0.0000000000
107115  -50.063  2.273  30.362 0.0000000000
106052  -50.201  2.064  29.813 0.0000000000
107134  -49.850  2.404  29.605 0.0000000000
107133  -49.192  2.856  29.165 0.0000000000
108261  -49.375  3.820  28.655 0.0000000000
115501  -49.128  10.627  27.077 0.0000000000
117305  -49.567  12.314  24.807 0.0000000000
117312  -49.467  12.953  24.459 0.0000000000
117314  -50.981  12.433  23.696 0.0000000000
118123  -50.882  13.427  22.938 0.0000000000
118132  -51.490  13.837  22.489 0.0000000000
118922  -50.956  14.326  22.058 0.0000000000
119779  -49.727  15.607  21.905 0.0000000000
123398  -50.208  18.877  22.585 0.0000000000
108139  -55.646  3.144  39.718 0.0000000000
108121  -53.891  3.679  40.348 0.0000000000
110350  -51.680  5.253  40.026 0.0000000000
112433  -52.581  7.784  38.557 0.0000000000
111422  -52.165  7.286  38.566 0.0000000000
112443  -51.865  7.839  37.580 0.0000000000
112452  -50.838  7.910  36.653 0.0000000000
115413  -47.806  10.166  32.391 0.0000000000
115414  -48.505  10.416  32.517 0.0000000000
115455  -48.034  9.987  29.842 0.0000000000
107169  -61.416  2.800  28.256 0.0000000000
108283  -61.514  3.524  28.527 0.0000000000
110462  -61.129  5.239  29.330 0.0000000000
108239  -60.475  3.932  30.584 0.0000000000
111473  -60.014  6.207  31.380 0.0000000000
111472  -59.568  6.419  31.291 0.0000000000
111463  -58.607  6.374  31.990 0.0000000000
111455  -58.315  6.255  32.686 0.0000000000
111447  -58.046  6.061  33.487 0.0000000000
109276  -58.444  4.499  34.161 0.0000000000
102026  -53.140  -2.350  31.961 0.0000000000
102033  -53.068  -2.930  31.693 0.0000000000
102034  -53.689  -2.647  31.322 0.0000000000
102035  -54.309  -2.442  31.034 0.0000000000
102042  -54.865  -2.704  30.671 0.0000000000
103009  -54.617  -1.959  30.958 0.0000000000
104027  -54.882  -1.552  30.880 0.0000000000
104021  -55.165  -0.274  31.351 0.0000000000
105005  -54.953  0.764  32.629 0.0000000000
104996  -55.163  1.479  33.937 0.0000000000
107061  -58.725  2.550  37.227 0.0000000000
107062  -59.271  2.459  37.771 0.0000000000
107063  -60.056  2.838  38.143 0.0000000000
108156  -59.764  3.529  38.742 0.0000000000
107064  -60.165  2.728  38.808 0.0000000000
107058  -60.074  2.215  38.702 0.0000000000
106019  -60.074  1.762  39.682 0.0000000000
107212  -60.194  2.261  21.371 0.0000000000
106183  -59.014  2.225  21.641 0.0000000000
107223  -58.951  2.508  21.095 0.0000000000
105039  -54.648  0.658  28.141 0.0000000000
105038  -53.951  0.373  28.267 0.0000000000
104049  -54.030  -0.297  26.996 0.0000000000
104079  -54.177  -0.472  25.672 0.0000000000
106157  -53.332  1.627  22.519 0.0000000000
106145  -53.627  1.150  22.852 0.0000000000
106178  -54.642  1.815  21.655 0.0000000000
107220  -55.830  2.380  21.033 0.0000000000
108355  -56.121  3.518  19.332 0.0000000000
109419  -56.793  3.892  17.965 0.0000000000
108369  -55.755  3.997  18.630 0.0000000000
110542  -52.201  5.663  19.274 0.0000000000
109415  -53.070  5.078  18.463 0.0000000000
110541  -52.135  5.863  18.724 0.0000000000
110560  -52.493  6.166  17.606 0.0000000000
109240  -49.859  4.520  38.226 0.0000000000
109248  -49.842  3.919  37.589 0.0000000000
109246  -48.110  4.887  37.825 0.0000000000
109255  -48.596  4.447  36.646 0.0000000000
112476  -51.172  7.202  31.523 0.0000000000
112481  -50.902  7.462  30.526 0.0000000000
111469  -50.221  6.877  29.909 0.0000000000
111484  -50.015  6.847  28.878 0.0000000000
112505  -50.582  7.218  28.708 0.0000000000
115477  -53.320  11.204  28.599 0.0000000000
116403  -53.482  11.500  29.337 0.0000000000
116404  -54.204  11.618  28.893 0.0000000000
116405  -55.241  11.732  28.720 0.0000000000
116436  -57.596  11.151  26.107 0.0000000000
116422  -57.630  11.314  27.100 0.0000000000
115508  -57.803  10.741  26.730 0.0000000000
114535  -56.852  9.822  26.993 0.0000000000
114534  -56.015  9.376  26.608 0.0000000000
113521  -55.030  8.404  26.607 0.0000000000
114548  -55.958  9.092  26.069 0.0000000000
112541  -56.097  8.313  25.361 0.0000000000
112548  -55.555  7.619  24.534 0.0000000000
111527  -55.085  7.333  24.416 0.0000000000
112566  -55.945  8.242  23.491 0.0000000000
113562  -56.177  8.632  22.549 0.0000000000
115581  -57.474  10.720  19.903 0.0000000000
114591  -56.724  9.885  20.430 0.0000000000
114599  -56.549  9.996  19.676 0.0000000000
114598  -56.175  9.845  19.214 0.0000000000
113605  -55.280  9.446  18.493 0.0000000000
114606  -52.678  9.560  17.700 0.0000000000
114596  -53.096  9.927  18.792 0.0000000000
118157  -53.248  12.964  20.207 0.0000000000
120684  -52.062  16.509  19.584 0.0000000000
121676  -50.858  17.120  18.803 0.0000000000
120712  -50.442  16.712  18.286 0.0000000000
120709  -47.482  15.767  19.281 0.0000000000
119823  -47.630  15.426  18.657 0.0000000000
118183  -48.136  13.813  18.477 0.0000000000
118168  -48.227  13.279  19.342 0.0000000000
118167  -47.228  13.204  18.965 0.0000000000
116518  -46.085  11.777  20.798 0.0000000000
117367  -45.677  12.383  20.036 0.0000000000
116516  -45.215  12.095  20.339 0.0000000000
119778  -44.370  15.454  21.856 0.0000000000
119777  -43.522  15.126  22.220 0.0000000000
118920  -43.088  14.604  22.443 0.0000000000
118131  -42.263  13.675  22.594 0.0000000000
118918  -41.896  14.171  23.088 0.0000000000
108210  -54.152  3.882  33.821 0.0000000000
108198  -52.296  3.238  34.363 0.0000000000
107078  -50.822  2.890  34.216 0.0000000000
107085  -49.575  2.842  33.293 0.0000000000
117297  -47.519  12.773  26.034 0.0000000000
118107  -48.437  13.675  24.907 0.0000000000
120660  -48.692  16.512  24.003 0.0000000000
121628  -48.764  17.047  24.389 0.0000000000
121611  -49.708  17.213  25.165 0.0000000000
121621  -49.931  17.551  24.665 0.0000000000
121622  -50.693  17.989  24.804 0.0000000000
122526  -51.244  18.266  24.914 0.0000000000
122527  -51.812  18.413  24.888 0.0000000000
108384  -55.480  3.732  16.642 0.0000000000
110353  -54.131  5.168  41.120 0.0000000000
112406  -53.029  7.382  39.564 0.0000000000
112407  -53.764  7.789  39.962 0.0000000000
112420  -52.855  7.568  39.060 0.0000000000
108238  -59.358  3.790  30.713 0.0000000000
109297  -59.146  4.623  31.816 0.0000000000
108229  -58.473  4.190  32.339 0.0000000000
108220  -57.989  3.908  33.080 0.0000000000
108211  -58.017  3.927  34.034 0.0000000000
107083  -57.729  3.301  34.826 0.0000000000
100974  -51.649  -3.491  32.021 0.0000000000
102024  -51.872  -2.728  32.379 0.0000000000
102996  -52.408  -2.003  32.638 0.0000000000
102997  -52.923  -1.678  32.626 0.0000000000
104979  -57.652  1.280  38.463 0.0000000000
105063  -51.924  0.564  26.286 0.0000000000
105077  -52.281  0.660  25.620 0.0000000000
107197  -52.299  1.985  24.310 0.0000000000
107208  -52.739  2.300  22.465 0.0000000000
107217  -53.154  2.582  21.687 0.0000000000
108331  -53.244  2.986  21.075 0.0000000000
108338  -52.914  3.595  20.452 0.0000000000
109398  -52.135  4.223  20.987 0.0000000000
110533  -51.799  4.829  21.126 0.0000000000
110534  -52.007  5.348  20.545 0.0000000000
112582  -52.844  7.082  20.412 0.0000000000
112458  -49.286  7.232  35.370 0.0000000000
111436  -48.776  6.607  34.551 0.0000000000
112468  -49.827  7.095  33.895 0.0000000000
112478  -52.351  8.117  32.572 0.0000000000
112477  -52.060  7.645  32.078 0.0000000000
113486  -52.455  8.493  30.356 0.0000000000
115516  -54.122  10.904  25.973 0.0000000000
115507  -54.550  11.305  26.570 0.0000000000
115517  -54.738  11.282  26.026 0.0000000000
116448  -56.383  11.716  25.442 0.0000000000
116462  -55.575  11.855  24.337 0.0000000000
115519  -58.413  10.515  24.841 0.0000000000
114565  -58.339  9.779  24.228 0.0000000000
113546  -57.600  9.478  23.726 0.0000000000
115535  -58.297  10.548  23.858 0.0000000000
116498  -57.885  10.922  22.773 0.0000000000
115564  -57.803  10.927  21.489 0.0000000000
117362  -57.242  12.140  21.653 0.0000000000
116513  -57.534  11.412  21.171 0.0000000000
116522  -57.566  11.327  20.296 0.0000000000
116529  -57.474  11.262  19.613 0.0000000000
116528  -57.069  11.370  19.111 0.0000000000
116527  -56.129  11.381  19.121 0.0000000000
116526  -55.317  11.676  19.390 0.0000000000
117389  -54.862  12.650  19.590 0.0000000000
118174  -54.652  13.785  19.490 0.0000000000
117388  -54.286  13.196  19.710 0.0000000000
118173  -53.598  13.687  19.703 0.0000000000
118956  -52.185  14.700  18.971 0.0000000000
121665  -49.485  17.589  19.609 0.0000000000
122571  -49.011  18.085  19.703 0.0000000000
121664  -48.513  17.494  19.656 0.0000000000
121663  -47.917  17.224  19.958 0.0000000000
121652  -47.717  17.719  20.526 0.0000000000
120681  -47.647  16.993  20.142 0.0000000000
120695  -47.872  16.563  19.697 0.0000000000
120694  -47.029  15.715  19.820 0.0000000000
120693  -46.707  15.464  19.959 0.0000000000
119809  -45.695  14.544  20.190 0.0000000000
119798  -46.124  14.894  20.638 0.0000000000
119784  -45.674  14.991  21.118 0.0000000000
120664  -45.235  15.580  21.608 0.0000000000
120665  -45.780  16.216  21.950 0.0000000000
119764  -44.027  15.461  23.769 0.0000000000
109321  -56.299  4.206  30.224 0.0000000000
108251  -55.470  3.346  30.090 0.0000000000
107137  -54.639  2.215  29.696 0.0000000000
108234  -54.467  3.381  30.815 0.0000000000
107119  -54.326  2.811  30.326 0.0000000000
106070  -53.778  1.380  29.422 0.0000000000
106069  -52.954  1.159  29.425 0.0000000000
106083  -52.671  0.669  28.887 0.0000000000
107106  -52.297  2.527  31.426 0.0000000000
106068  -51.947  1.022  29.411 0.0000000000
105035  -51.230  0.864  28.100 0.0000000000
106099  -50.998  1.528  27.376 0.0000000000
107163  -50.590  2.268  27.292 0.0000000000
109362  -51.211  4.288  26.169 0.0000000000
109363  -51.823  4.799  25.834 0.0000000000
116375  -52.070  11.018  31.285 0.0000000000
115458  -51.391  10.816  30.122 0.0000000000
115493  -52.700  10.739  27.852 0.0000000000
116431  -50.624  10.978  25.716 0.0000000000
115514  -52.085  10.698  25.714 0.0000000000
115515  -53.214  10.770  25.810 0.0000000000
115534  -53.189  10.982  25.131 0.0000000000
116460  -53.355  11.389  24.564 0.0000000000
116477  -53.632  12.166  23.989 0.0000000000
117329  -52.015  12.435  23.464 0.0000000000
117330  -53.066  12.566  23.416 0.0000000000
118126  -53.436  13.104  22.839 0.0000000000
118135  -53.842  13.677  22.258 0.0000000000
118926  -54.223  14.300  21.679 0.0000000000
118937  -53.871  15.005  21.259 0.0000000000
118936  -53.101  15.107  21.399 0.0000000000
119788  -52.750  15.606  20.705 0.0000000000
119787  -51.937  15.516  20.658 0.0000000000
118934  -51.452  14.957  21.324 0.0000000000
119799  -51.710  16.155  20.211 0.0000000000
120683  -50.976  16.760  20.041 0.0000000000
119773  -49.305  15.645  22.852 0.0000000000
123404  -49.254  19.208  21.747 0.0000000000
123378  -48.725  19.426  24.234 0.0000000000
108164  -54.475  3.353  37.687 0.0000000000
108150  -53.604  3.229  38.522 0.0000000000
108135  -51.932  3.667  39.109 0.0000000000
109232  -52.051  3.989  39.560 0.0000000000
109230  -50.702  4.311  38.922 0.0000000000
110351  -52.592  5.452  40.432 0.0000000000
111415  -51.335  6.161  39.472 0.0000000000
111421  -51.594  6.939  38.325 0.0000000000
111420  -50.728  6.089  38.702 0.0000000000
111424  -49.834  6.543  37.252 0.0000000000
113460  -51.210  8.470  33.758 0.0000000000
114483  -51.681  9.458  33.189 0.0000000000
115401  -50.101  10.044  35.061 0.0000000000
114472  -50.159  9.825  33.801 0.0000000000
115415  -49.371  10.472  32.761 0.0000000000
115473  -49.409  10.166  28.916 0.0000000000
115489  -48.627  10.430  27.734 0.0000000000
116427  -47.342  11.920  26.543 0.0000000000
108282  -60.833  3.381  27.908 0.0000000000
109335  -57.883  4.259  28.898 0.0000000000
108253  -57.537  4.056  28.999 0.0000000000
110447  -61.498  5.245  29.635 0.0000000000
110445  -60.161  5.521  29.780 0.0000000000
109295  -55.841  5.113  32.099 0.0000000000
109288  -55.555  5.091  33.362 0.0000000000
110397  -58.572  5.254  34.054 0.0000000000
111439  -57.585  5.900  34.046 0.0000000000
110403  -56.815  5.942  34.051 0.0000000000
109282  -55.589  5.104  34.367 0.0000000000
109266  -56.327  4.898  36.076 0.0000000000
109265  -55.267  4.375  36.078 0.0000000000
109249  -56.053  3.806  37.491 0.0000000000
102045  -57.865  -2.419  30.793 0.0000000000
97549  -55.730  -6.155  34.237 0.0000000000
97560  -55.536  -5.909  33.502 0.0000000000
98694  -56.121  -5.534  33.460 0.0000000000
99860  -52.453  -4.550  31.341 0.0000000000
100984  -53.345  -3.427  31.140 0.0000000000
98704  -55.638  -5.468  32.423 0.0000000000
98705  -56.282  -5.027  32.483 0.0000000000
99864  -56.248  -4.523  31.666 0.0000000000
100986  -56.802  -3.838  31.456 0.0000000000
100995  -56.307  -3.311  30.713 0.0000000000
100996  -57.103  -3.173  30.846 0.0000000000
103012  -57.150  -1.461  30.084 0.0000000000
105012  -56.291  0.852  30.890 0.0000000000
104014  -55.646  0.702  31.888 0.0000000000
106040  -56.157  1.596  32.388 0.0000000000
107090  -56.536  2.455  33.482 0.0000000000
104995  -54.501  1.157  34.469 0.0000000000
106029  -55.888  1.877  35.330 0.0000000000
106033  -56.212  2.204  34.941 0.0000000000
107073  -57.152  2.787  35.579 0.0000000000
107074  -58.041  3.211  35.819 0.0000000000
109250  -56.635  4.124  37.526 0.0000000000
108166  -56.166  3.591  38.032 0.0000000000
108153  -56.399  3.343  38.829 0.0000000000
109234  -59.407  3.773  38.932 0.0000000000
108155  -58.165  3.741  39.188 0.0000000000
108123  -55.883  3.352  40.606 0.0000000000
106009  -58.694  1.249  38.998 0.0000000000
106010  -59.186  1.314  39.480 0.0000000000
107052  -58.722  2.577  40.208 0.0000000000
108125  -57.697  3.109  40.639 0.0000000000
109215  -55.417  4.616  41.489 0.0000000000
110346  -55.536  5.639  41.747 0.0000000000
107033  -57.890  2.286  41.865 0.0000000000
109216  -55.960  4.726  41.869 0.0000000000
106198  -60.078  1.483  20.241 0.0000000000
107225  -60.355  2.330  20.782 0.0000000000
107241  -60.048  2.193  20.099 0.0000000000
107254  -59.768  2.284  19.761 0.0000000000
107253  -59.461  2.483  19.374 0.0000000000
107266  -59.055  2.790  18.697 0.0000000000
106087  -56.001  1.631  28.282 0.0000000000
105054  -55.197  0.510  27.625 0.0000000000
105055  -55.990  0.695  27.331 0.0000000000
104061  -53.039  -0.295  26.287 0.0000000000
104078  -53.357  -0.193  25.520 0.0000000000
104094  -54.531  -0.260  25.067 0.0000000000
105113  -53.742  0.621  23.550 0.0000000000
105115  -55.988  0.465  23.667 0.0000000000
107221  -56.851  2.316  20.901 0.0000000000
107238  -58.231  2.873  20.259 0.0000000000
108358  -58.743  3.217  19.112 0.0000000000
108373  -58.659  3.220  18.461 0.0000000000
108387  -58.462  3.354  17.861 0.0000000000
108395  -57.403  4.160  16.840 0.0000000000
109434  -57.044  4.189  17.490 0.0000000000
108394  -56.717  4.256  16.637 0.0000000000
108393  -55.879  4.201  16.557 0.0000000000
108392  -54.917  4.301  16.498 0.0000000000
110551  -53.995  4.967  17.875 0.0000000000
109443  -53.942  4.911  16.463 0.0000000000
109442  -52.843  5.338  16.671 0.0000000000
111591  -52.639  6.271  16.691 0.0000000000
109441  -52.195  5.573  16.692 0.0000000000
110570  -51.439  5.892  16.579 0.0000000000
108173  -50.544  3.296  36.396 0.0000000000
108172  -49.606  3.437  36.368 0.0000000000
108183  -49.555  3.218  35.264 0.0000000000
108207  -48.864  3.372  33.736 0.0000000000
108216  -48.897  3.283  32.875 0.0000000000
110393  -48.263  5.528  33.990 0.0000000000
110392  -48.119  5.130  33.829 0.0000000000
109280  -48.254  4.662  33.407 0.0000000000
109286  -48.602  4.638  32.436 0.0000000000
108224  -48.655  4.015  31.742 0.0000000000
109301  -48.694  4.020  30.139 0.0000000000
108262  -49.666  4.512  28.152 0.0000000000
110458  -49.922  5.940  28.044 0.0000000000
109348  -50.625  4.823  27.315 0.0000000000
109356  -51.661  5.226  26.316 0.0000000000
110491  -52.597  5.435  25.426 0.0000000000
116368  -52.985  10.722  31.481 0.0000000000
116377  -54.038  11.460  30.860 0.0000000000
116370  -54.632  11.131  31.289 0.0000000000
115431  -54.386  10.514  31.429 0.0000000000
113478  -54.331  9.486  30.970 0.0000000000
114506  -54.325  9.466  30.307 0.0000000000
113488  -54.008  9.128  29.684 0.0000000000
116419  -55.353  11.752  27.781 0.0000000000
116406  -56.093  11.646  28.416 0.0000000000
115462  -56.813  11.140  29.293 0.0000000000
115480  -57.583  11.116  28.452 0.0000000000
115479  -57.278  10.831  28.878 0.0000000000
114515  -55.103  9.644  29.204 0.0000000000
113489  -54.594  9.343  29.228 0.0000000000
113498  -53.185  8.479  28.823 0.0000000000
113508  -53.443  8.344  27.997 0.0000000000
112530  -53.093  7.447  26.604 0.0000000000
112531  -54.312  7.777  26.354 0.0000000000
110482  -52.808  6.352  26.036 0.0000000000
110492  -53.009  6.098  25.688 0.0000000000
110511  -53.226  5.859  24.426 0.0000000000
112554  -54.959  7.458  23.558 0.0000000000
112583  -53.640  7.705  20.711 0.0000000000
112593  -53.360  7.629  19.765 0.0000000000
113552  -56.799  9.341  23.258 0.0000000000
113573  -55.522  8.566  21.311 0.0000000000
113583  -53.801  8.088  20.015 0.0000000000
113593  -53.011  7.801  19.034 0.0000000000
113625  -52.949  8.855  16.828 0.0000000000
116519  -53.475  11.573  20.481 0.0000000000
115577  -53.039  10.706  20.453 0.0000000000
119790  -54.256  15.459  20.619 0.0000000000
120686  -54.146  16.146  19.516 0.0000000000
120716  -54.018  16.094  18.827 0.0000000000
120699  -52.892  16.609  19.180 0.0000000000
120715  -53.266  16.331  18.631 0.0000000000
119828  -53.526  15.905  18.450 0.0000000000
118972  -52.895  15.390  18.551 0.0000000000
118955  -51.121  14.561  18.754 0.0000000000
120724  -49.951  16.206  17.802 0.0000000000
120722  -48.665  15.851  18.145 0.0000000000
119835  -49.474  15.547  17.598 0.0000000000
119836  -50.310  15.601  17.548 0.0000000000
117371  -49.152  12.892  20.890 0.0000000000
117370  -48.431  12.910  20.475 0.0000000000
117356  -48.828  12.389  21.480 0.0000000000
117343  -48.586  12.029  22.015 0.0000000000
116505  -45.660  11.466  21.125 0.0000000000
116491  -45.891  11.214  22.157 0.0000000000
118163  -44.900  13.799  20.269 0.0000000000
117365  -44.721  13.341  20.293 0.0000000000
117352  -44.190  12.835  20.944 0.0000000000
118143  -43.843  13.589  21.434 0.0000000000
116502  -43.713  12.400  21.399 0.0000000000
117340  -41.823  12.839  22.818 0.0000000000
122528  -52.571  18.650  24.898 0.0000000000
123370  -51.789  19.437  24.852 0.0000000000
123369  -50.527  19.496  24.879 0.0000000000
123355  -48.784  19.489  26.156 0.0000000000
123367  -48.358  19.208  25.305 0.0000000000
123387  -47.717  18.931  24.203 0.0000000000
121619  -47.036  17.659  24.808 0.0000000000
123365  -46.974  18.458  26.054 0.0000000000
121610  -46.611  17.616  25.524 0.0000000000
120644  -46.630  17.255  25.100 0.0000000000
99868  -53.707  -3.807  30.872 0.0000000000
100975  -52.158  -3.099  32.089 0.0000000000
103003  -53.563  -1.891  31.887 0.0000000000
104050  -54.466  -0.163  27.052 0.0000000000
104062  -53.760  -0.442  26.322 0.0000000000
104077  -52.896  -0.051  25.789 0.0000000000
104092  -53.444  -0.032  24.965 0.0000000000
104093  -53.844  -0.257  24.950 0.0000000000
105006  -55.598  0.985  32.376 0.0000000000
105025  -51.074  1.043  28.581 0.0000000000
105065  -54.823  -0.011  27.127 0.0000000000
105078  -52.754  0.323  25.334 0.0000000000
105131  -54.154  0.870  22.914 0.0000000000
106036  -56.240  2.107  32.912 0.0000000000
106066  -50.283  1.923  29.318 0.0000000000
106086  -55.232  1.270  28.347 0.0000000000
106122  -52.398  1.134  24.914 0.0000000000
106144  -53.004  1.324  23.205 0.0000000000
106212  -59.835  2.049  19.696 0.0000000000
107045  -58.786  2.374  40.643 0.0000000000
107069  -59.618  3.251  37.590 0.0000000000
107071  -50.247  2.971  34.779 0.0000000000
107087  -51.568  2.695  33.251 0.0000000000
107089  -55.982  2.369  33.756 0.0000000000
107148  -49.444  2.997  28.314 0.0000000000
107154  -61.959  3.080  28.998 0.0000000000
107155  -62.280  2.881  29.585 0.0000000000
107161  -49.695  3.235  27.878 0.0000000000
107210  -59.256  2.243  21.590 0.0000000000
107237  -57.242  2.957  20.137 0.0000000000
107250  -56.737  3.255  19.727 0.0000000000
107251  -57.032  3.292  19.725 0.0000000000
107274  -58.240  3.245  17.531 0.0000000000
107280  -57.180  3.941  16.602 0.0000000000
108111  -55.382  3.852  41.160 0.0000000000
108134  -51.273  3.840  38.941 0.0000000000
108159  -49.886  3.545  37.109 0.0000000000
108167  -56.939  3.725  38.124 0.0000000000
108169  -60.030  3.186  38.558 0.0000000000
108195  -49.175  3.270  34.420 0.0000000000
108196  -50.739  3.140  34.723 0.0000000000
108208  -52.718  3.067  33.406 0.0000000000
108215  -48.553  3.921  32.648 0.0000000000
108221  -58.484  4.442  32.817 0.0000000000
108254  -62.282  3.706  30.256 0.0000000000
108291  -50.254  3.272  27.222 0.0000000000
108310  -52.280  4.257  25.028 0.0000000000
108343  -57.717  3.255  19.667 0.0000000000
108370  -56.563  3.824  18.553 0.0000000000
108374  -59.201  2.972  18.879 0.0000000000
109221  -52.267  4.418  40.019 0.0000000000
109237  -47.975  5.326  38.233 0.0000000000
109238  -48.174  5.344  38.097 0.0000000000
109239  -48.679  4.882  38.237 0.0000000000
109245  -47.952  5.316  37.985 0.0000000000
109272  -48.056  4.921  33.933 0.0000000000
109279  -48.129  4.920  33.695 0.0000000000
109291  -59.831  5.494  32.626 0.0000000000
109300  -48.682  4.521  30.603 0.0000000000
109318  -48.815  4.870  30.107 0.0000000000
109333  -49.386  4.845  28.695 0.0000000000
109334  -49.679  5.134  28.194 0.0000000000
109339  -61.582  4.799  29.243 0.0000000000
109347  -50.027  4.943  27.748 0.0000000000
109431  -53.854  4.420  16.676 0.0000000000
109447  -57.452  4.276  17.177 0.0000000000
110347  -55.805  5.337  41.938 0.0000000000
110364  -48.233  5.343  38.267 0.0000000000
110365  -48.421  5.314  38.125 0.0000000000
110369  -48.179  5.348  38.042 0.0000000000
110372  -49.904  6.310  37.562 0.0000000000
110378  -49.118  6.324  36.686 0.0000000000
110400  -48.215  5.130  33.603 0.0000000000
110401  -48.545  5.400  33.125 0.0000000000
110406  -59.954  6.108  33.065 0.0000000000
110416  -48.967  5.199  31.177 0.0000000000
110440  -48.946  5.214  29.863 0.0000000000
110442  -49.770  6.202  28.896 0.0000000000
110443  -58.374  5.612  30.424 0.0000000000
110446  -61.046  5.491  29.706 0.0000000000
110460  -60.115  5.256  29.382 0.0000000000
110461  -60.532  5.274  29.336 0.0000000000
110470  -50.408  5.380  27.518 0.0000000000
110525  -51.756  5.265  21.661 0.0000000000
110548  -52.202  5.894  18.484 0.0000000000
110571  -52.370  5.937  16.473 0.0000000000
111430  -50.292  7.305  36.768 0.0000000000
111432  -48.939  6.683  35.669 0.0000000000
111433  -49.375  7.126  35.828 0.0000000000
111444  -49.736  6.624  33.305 0.0000000000
111449  -59.474  6.288  33.008 0.0000000000
111457  -59.797  6.436  32.516 0.0000000000
111461  -50.362  6.790  30.910 0.0000000000
111465  -60.005  6.392  31.847 0.0000000000
111483  -49.729  6.422  29.419 0.0000000000
111502  -51.590  6.802  27.215 0.0000000000
111572  -52.070  6.070  18.617 0.0000000000
111582  -52.178  6.122  18.398 0.0000000000
112432  -52.113  7.571  38.191 0.0000000000
112434  -53.013  7.923  38.795 0.0000000000
112444  -52.342  8.096  37.979 0.0000000000
112462  -48.977  7.151  35.057 0.0000000000
112517  -51.556  7.218  27.714 0.0000000000
112519  -53.579  8.020  27.222 0.0000000000
112529  -52.510  7.216  26.748 0.0000000000
112547  -55.137  7.456  24.128 0.0000000000
113461  -51.702  8.286  33.443 0.0000000000
113465  -51.639  8.768  33.459 0.0000000000
113472  -54.170  9.457  31.223 0.0000000000
113475  -52.257  8.387  31.058 0.0000000000
113522  -55.477  8.701  26.166 0.0000000000
113533  -55.983  8.709  25.695 0.0000000000
113564  -57.398  9.530  22.047 0.0000000000
113576  -57.260  9.776  21.624 0.0000000000
113597  -56.242  9.684  19.489 0.0000000000
113606  -55.652  9.624  18.717 0.0000000000
113623  -51.844  8.657  16.308 0.0000000000
114474  -51.085  9.735  33.430 0.0000000000
114484  -52.308  9.053  33.066 0.0000000000
114498  -54.433  9.592  30.667 0.0000000000
114499  -54.578  9.925  31.090 0.0000000000
114517  -56.790  10.552  28.852 0.0000000000
114536  -57.546  10.425  27.321 0.0000000000
114571  -58.110  9.780  23.271 0.0000000000
114578  -57.938  9.761  22.436 0.0000000000
114584  -56.893  9.991  21.031 0.0000000000
114585  -57.186  10.027  21.387 0.0000000000
114597  -53.783  10.210  18.655 0.0000000000
114605  -51.747  9.586  17.296 0.0000000000
114610  -56.341  10.184  19.177 0.0000000000
115404  -48.157  10.281  32.900 0.0000000000
115408  -50.850  9.869  33.520 0.0000000000
115430  -53.649  10.284  31.733 0.0000000000
115460  -55.558  10.728  30.347 0.0000000000
115463  -57.274  11.222  28.889 0.0000000000
115478  -56.654  10.766  29.215 0.0000000000
115495  -57.594  10.799  28.309 0.0000000000
115496  -57.839  10.951  27.767 0.0000000000
115549  -58.050  10.433  22.957 0.0000000000
115565  -57.963  10.469  21.933 0.0000000000
115572  -56.946  10.219  20.651 0.0000000000
115574  -57.500  10.164  21.421 0.0000000000
115580  -56.991  10.322  20.160 0.0000000000
115589  -57.361  10.948  19.380 0.0000000000
116379  -55.633  11.273  30.090 0.0000000000
116393  -55.982  11.291  29.286 0.0000000000
116394  -56.788  11.391  28.817 0.0000000000
116395  -57.284  11.341  28.503 0.0000000000
116408  -57.499  11.352  27.939 0.0000000000
116432  -54.729  11.479  27.196 0.0000000000
116444  -51.803  11.076  24.748 0.0000000000
116445  -53.632  10.997  25.323 0.0000000000
116450  -57.907  11.250  25.112 0.0000000000
116465  -57.778  11.556  24.219 0.0000000000
116466  -58.109  11.170  23.858 0.0000000000
116480  -56.352  12.077  23.770 0.0000000000
116482  -58.007  10.913  23.374 0.0000000000
116503  -44.044  12.053  21.159 0.0000000000
116534  -56.574  10.941  18.946 0.0000000000
117316  -54.532  12.260  23.768 0.0000000000
117318  -56.601  12.052  23.746 0.0000000000
117320  -57.356  11.782  24.179 0.0000000000
117354  -46.982  12.352  20.973 0.0000000000
117366  -44.907  12.588  20.220 0.0000000000
117383  -45.229  13.415  19.961 0.0000000000
117387  -47.807  12.900  19.998 0.0000000000
118180  -45.995  14.194  19.296 0.0000000000
118911  -42.091  14.633  23.505 0.0000000000
118931  -42.879  14.135  22.378 0.0000000000
118938  -54.547  14.905  21.128 0.0000000000
118951  -45.206  14.055  20.142 0.0000000000
118952  -45.405  14.013  19.727 0.0000000000
118953  -49.610  14.180  18.516 0.0000000000
118964  -45.494  14.290  19.843 0.0000000000
118966  -46.291  14.540  19.307 0.0000000000
118974  -53.977  15.362  18.905 0.0000000000
118981  -50.064  14.911  17.385 0.0000000000
119783  -44.917  15.072  21.221 0.0000000000
119797  -45.348  14.718  20.710 0.0000000000
119802  -54.032  16.042  19.956 0.0000000000
119810  -46.498  15.137  19.930 0.0000000000
119811  -46.849  15.375  19.630 0.0000000000
119813  -53.900  16.237  19.456 0.0000000000
119820  -45.725  14.467  19.802 0.0000000000
119822  -46.811  15.162  19.323 0.0000000000
119834  -48.773  15.463  17.853 0.0000000000
119837  -50.892  15.955  17.613 0.0000000000
120687  -54.537  16.013  19.788 0.0000000000
120688  -54.875  15.875  20.005 0.0000000000
120700  -53.800  16.335  19.155 0.0000000000
120702  -54.738  15.793  19.744 0.0000000000
120723  -49.119  16.048  17.972 0.0000000000
121620  -49.209  17.175  24.820 0.0000000000
121655  -50.354  17.101  20.011 0.0000000000
122570  -48.709  18.208  19.968 0.0000000000
