#!ascii label  , from subject 3060 vox2ras=TkReg
1776
64659  -44.986  -34.548  58.636 0.0000000000
44080  -36.222  -51.852  58.440 0.0000000000
69971  -51.576  -31.191  49.501 0.0000000000
64866  -45.695  -33.595  47.805 0.0000000000
63476  -51.199  -34.325  56.154 0.0000000000
54278  -42.106  -43.121  59.415 0.0000000000
54422  -34.502  -43.735  49.439 0.0000000000
60056  -40.777  -38.264  47.114 0.0000000000
44051  -26.331  -50.518  60.214 0.0000000000
76973  -56.367  -23.879  46.162 0.0000000000
46675  -27.231  -50.073  46.720 0.0000000000
66043  -44.758  -33.683  53.126 0.0000000000
64759  -48.346  -33.672  52.042 0.0000000000
68519  -46.859  -31.005  57.001 0.0000000000
58945  -45.656  -39.247  58.699 0.0000000000
56756  -42.219  -40.608  54.319 0.0000000000
61135  -43.743  -37.885  52.429 0.0000000000
63623  -42.371  -35.295  46.889 0.0000000000
78291  -57.783  -23.776  40.479 0.0000000000
42907  -31.390  -52.850  58.923 0.0000000000
45343  -27.772  -50.196  53.481 0.0000000000
44164  -31.403  -50.902  53.129 0.0000000000
68560  -54.794  -30.685  53.665 0.0000000000
50060  -39.223  -46.825  59.677 0.0000000000
50130  -34.839  -47.402  54.348 0.0000000000
53283  -38.066  -43.289  55.954 0.0000000000
56835  -37.804  -41.083  49.087 0.0000000000
46418  -21.656  -50.314  62.758 0.0000000000
74485  -50.363  -26.629  57.391 0.0000000000
74561  -49.264  -26.411  53.703 0.0000000000
78080  -54.545  -23.232  50.354 0.0000000000
73492  -50.285  -27.135  47.488 0.0000000000
74724  -50.707  -26.691  41.544 0.0000000000
45320  -22.904  -50.326  54.901 0.0000000000
51386  -30.481  -46.672  48.042 0.0000000000
64704  -44.526  -34.288  55.333 0.0000000000
67310  -45.676  -32.227  54.276 0.0000000000
67270  -45.095  -32.090  57.405 0.0000000000
62230  -45.134  -36.865  59.098 0.0000000000
59982  -44.649  -38.672  55.823 0.0000000000
62257  -44.449  -36.876  55.593 0.0000000000
62306  -43.665  -35.945  52.100 0.0000000000
70004  -52.562  -31.454  47.520 0.0000000000
68616  -49.104  -31.440  47.385 0.0000000000
42910  -34.113  -53.087  58.664 0.0000000000
42966  -31.941  -51.646  55.775 0.0000000000
44131  -34.225  -51.257  56.191 0.0000000000
63625  -47.119  -34.672  47.034 0.0000000000
63504  -49.994  -34.534  54.425 0.0000000000
62307  -50.092  -35.006  51.725 0.0000000000
61085  -51.661  -34.940  53.642 0.0000000000
64740  -53.720  -33.555  52.665 0.0000000000
66013  -52.406  -32.554  54.680 0.0000000000
51171  -41.176  -45.476  60.484 0.0000000000
52289  -38.616  -44.866  58.150 0.0000000000
53253  -40.121  -43.292  58.401 0.0000000000
57977  -42.005  -40.091  50.842 0.0000000000
56797  -39.610  -41.059  51.713 0.0000000000
59030  -39.486  -39.858  48.350 0.0000000000
64881  -43.487  -34.012  46.893 0.0000000000
74521  -50.504  -26.546  56.007 0.0000000000
75791  -52.349  -25.419  49.852 0.0000000000
75819  -53.005  -24.681  46.704 0.0000000000
74683  -50.573  -26.477  44.731 0.0000000000
75868  -53.226  -24.968  43.625 0.0000000000
77098  -54.743  -24.654  38.671 0.0000000000
45216  -23.812  -50.432  61.685 0.0000000000
45256  -23.035  -50.304  58.727 0.0000000000
44088  -24.476  -51.072  57.549 0.0000000000
46621  -27.464  -50.250  49.613 0.0000000000
47800  -24.613  -49.233  50.218 0.0000000000
45439  -25.216  -51.284  46.724 0.0000000000
52396  -34.355  -45.485  52.126 0.0000000000
50164  -32.870  -47.177  51.745 0.0000000000
52433  -32.346  -44.868  49.108 0.0000000000
66121  -44.656  -33.111  50.173 0.0000000000
64825  -47.127  -33.516  49.497 0.0000000000
67365  -46.372  -32.537  51.726 0.0000000000
67313  -48.082  -32.763  54.218 0.0000000000
65979  -49.101  -33.199  56.870 0.0000000000
56643  -43.109  -40.956  58.577 0.0000000000
55502  -42.625  -42.234  57.491 0.0000000000
56694  -43.948  -40.679  56.692 0.0000000000
58989  -43.576  -39.320  53.166 0.0000000000
59023  -42.640  -38.826  50.072 0.0000000000
61198  -41.532  -37.250  47.608 0.0000000000
62343  -43.143  -36.889  50.574 0.0000000000
63572  -43.915  -34.756  50.082 0.0000000000
77045  -56.465  -24.456  43.499 0.0000000000
78234  -60.749  -23.044  42.819 0.0000000000
44077  -29.075  -51.916  59.052 0.0000000000
45294  -27.095  -50.848  56.373 0.0000000000
44128  -29.652  -51.084  55.744 0.0000000000
44177  -29.404  -50.758  52.647 0.0000000000
46623  -28.983  -49.901  49.748 0.0000000000
63574  -48.973  -34.474  49.365 0.0000000000
67355  -55.627  -32.047  51.171 0.0000000000
71158  -53.633  -30.366  51.738 0.0000000000
46498  -37.557  -49.967  58.510 0.0000000000
46533  -35.679  -50.153  56.562 0.0000000000
50092  -37.244  -47.724  57.452 0.0000000000
52332  -36.246  -45.634  54.990 0.0000000000
53322  -36.163  -44.020  52.716 0.0000000000
55556  -39.732  -42.082  54.947 0.0000000000
55604  -38.130  -42.043  52.161 0.0000000000
55644  -35.904  -42.216  48.987 0.0000000000
67223  -44.517  -32.106  60.252 0.0000000000
46449  -36.427  -49.906  60.594 0.0000000000
52237  -39.420  -45.017  61.383 0.0000000000
54253  -39.683  -43.198  61.738 0.0000000000
69840  -45.025  -29.843  59.624 0.0000000000
69842  -47.135  -30.155  60.230 0.0000000000
68484  -49.013  -31.131  59.166 0.0000000000
74437  -48.762  -27.392  58.749 0.0000000000
69878  -50.502  -30.275  57.204 0.0000000000
72223  -52.695  -29.034  56.448 0.0000000000
72264  -50.984  -28.358  54.439 0.0000000000
71154  -49.238  -30.004  51.770 0.0000000000
75744  -52.413  -25.167  52.176 0.0000000000
73442  -49.808  -27.316  50.601 0.0000000000
71192  -48.369  -29.422  49.208 0.0000000000
71235  -47.776  -28.883  46.190 0.0000000000
75911  -53.969  -24.774  41.309 0.0000000000
46478  -20.259  -49.801  59.848 0.0000000000
45357  -20.512  -50.978  52.335 0.0000000000
45322  -24.966  -50.331  54.941 0.0000000000
46588  -22.962  -49.843  50.751 0.0000000000
46561  -33.723  -49.931  54.058 0.0000000000
47803  -30.992  -48.866  50.863 0.0000000000
48955  -29.221  -48.652  47.158 0.0000000000
47902  -30.687  -49.048  44.391 0.0000000000
63493  -44.626  -34.500  56.104 0.0000000000
65994  -44.804  -33.019  56.568 0.0000000000
65978  -44.731  -33.118  57.579 0.0000000000
63465  -45.206  -35.682  58.784 0.0000000000
62248  -44.600  -36.393  56.699 0.0000000000
63482  -44.516  -35.820  56.282 0.0000000000
63492  -44.535  -35.323  55.727 0.0000000000
69972  -52.716  -31.321  49.554 0.0000000000
69987  -52.062  -31.484  48.543 0.0000000000
68618  -50.930  -31.534  47.022 0.0000000000
68606  -49.697  -31.334  48.004 0.0000000000
42911  -35.079  -52.308  58.207 0.0000000000
42927  -34.157  -52.393  57.471 0.0000000000
44118  -34.879  -51.498  57.020 0.0000000000
63645  -46.258  -34.596  45.446 0.0000000000
64884  -46.505  -34.441  46.955 0.0000000000
63485  -50.495  -34.531  55.712 0.0000000000
61095  -50.901  -35.503  53.969 0.0000000000
62260  -51.412  -34.933  54.827 0.0000000000
63497  -52.327  -34.251  54.598 0.0000000000
64694  -51.931  -33.652  55.420 0.0000000000
53222  -41.207  -43.928  60.046 0.0000000000
52275  -40.450  -44.108  59.466 0.0000000000
53240  -41.775  -43.216  58.639 0.0000000000
59032  -41.154  -39.129  48.569 0.0000000000
59020  -40.356  -39.811  49.178 0.0000000000
59042  -40.272  -38.956  47.645 0.0000000000
59049  -39.442  -39.016  46.675 0.0000000000
64882  -44.971  -33.623  46.859 0.0000000000
64901  -44.569  -33.785  45.870 0.0000000000
64922  -45.310  -34.357  45.150 0.0000000000
76949  -53.594  -24.279  47.559 0.0000000000
76971  -54.024  -24.159  46.183 0.0000000000
75847  -52.398  -25.034  45.165 0.0000000000
76995  -54.845  -24.304  45.182 0.0000000000
44037  -25.545  -50.559  60.822 0.0000000000
44049  -24.449  -50.441  59.388 0.0000000000
44062  -25.056  -50.342  58.847 0.0000000000
46650  -27.312  -49.807  47.818 0.0000000000
46635  -26.523  -49.675  48.782 0.0000000000
46674  -26.171  -50.723  46.349 0.0000000000
44251  -25.926  -52.186  45.717 0.0000000000
45479  -26.803  -51.271  45.444 0.0000000000
53363  -34.474  -44.405  50.738 0.0000000000
52422  -33.267  -45.123  50.377 0.0000000000
53389  -33.596  -44.378  49.250 0.0000000000
66103  -44.835  -33.176  51.070 0.0000000000
66104  -45.569  -32.863  50.557 0.0000000000
66067  -45.373  -32.798  52.345 0.0000000000
68544  -46.437  -31.600  55.647 0.0000000000
67311  -46.590  -31.931  54.183 0.0000000000
67293  -47.276  -31.930  55.341 0.0000000000
67281  -48.374  -32.479  55.845 0.0000000000
67271  -48.091  -31.981  57.486 0.0000000000
57839  -44.549  -39.947  58.433 0.0000000000
56665  -44.140  -40.756  57.722 0.0000000000
57869  -44.462  -40.122  57.612 0.0000000000
59989  -44.245  -38.507  54.591 0.0000000000
58981  -44.053  -39.035  53.946 0.0000000000
58990  -43.824  -38.670  53.186 0.0000000000
59004  -43.544  -39.011  51.917 0.0000000000
60030  -42.953  -38.019  51.013 0.0000000000
60040  -42.865  -37.976  50.452 0.0000000000
61152  -43.262  -37.373  51.092 0.0000000000
63525  -44.083  -35.157  52.888 0.0000000000
63556  -43.952  -34.966  50.832 0.0000000000
64780  -44.386  -33.886  51.645 0.0000000000
64824  -44.011  -34.019  49.878 0.0000000000
42905  -29.821  -52.737  59.238 0.0000000000
44092  -28.772  -51.423  57.786 0.0000000000
44116  -30.665  -51.760  57.305 0.0000000000
44149  -31.496  -51.097  53.999 0.0000000000
44148  -30.802  -50.793  54.370 0.0000000000
44163  -30.683  -50.836  53.279 0.0000000000
45391  -28.925  -50.725  51.075 0.0000000000
45393  -30.324  -50.087  51.505 0.0000000000
64805  -47.932  -33.759  50.281 0.0000000000
63573  -48.415  -34.121  49.662 0.0000000000
64806  -48.554  -34.156  50.487 0.0000000000
62309  -51.287  -35.106  51.204 0.0000000000
62325  -50.734  -35.240  50.354 0.0000000000
62326  -51.578  -35.484  49.931 0.0000000000
67352  -54.670  -32.150  52.794 0.0000000000
66071  -54.915  -32.781  51.803 0.0000000000
68569  -55.432  -31.177  52.240 0.0000000000
69948  -55.299  -30.777  51.574 0.0000000000
71129  -55.287  -30.027  53.066 0.0000000000
48844  -38.309  -48.126  59.074 0.0000000000
48854  -37.750  -48.333  58.457 0.0000000000
50094  -38.336  -47.028  58.623 0.0000000000
53267  -38.354  -43.935  56.726 0.0000000000
52306  -37.763  -45.090  57.246 0.0000000000
52333  -36.926  -44.540  55.165 0.0000000000
52350  -36.106  -44.839  54.110 0.0000000000
53305  -36.873  -43.712  54.154 0.0000000000
56712  -42.101  -41.052  55.483 0.0000000000
54346  -41.001  -41.948  56.421 0.0000000000
55574  -40.830  -41.413  54.690 0.0000000000
57973  -38.689  -40.794  49.882 0.0000000000
56773  -38.888  -41.532  52.526 0.0000000000
56812  -37.550  -41.676  50.235 0.0000000000
55619  -37.375  -42.156  50.930 0.0000000000
62385  -41.964  -36.202  47.810 0.0000000000
53200  -39.688  -44.288  61.570 0.0000000000
58925  -41.949  -39.431  60.486 0.0000000000
68480  -44.254  -31.208  60.098 0.0000000000
71033  -46.545  -29.176  60.878 0.0000000000
69812  -47.731  -29.587  61.411 0.0000000000
68482  -48.498  -30.904  59.761 0.0000000000
69827  -48.556  -30.049  60.514 0.0000000000
74453  -49.504  -27.367  58.198 0.0000000000
71072  -49.855  -29.788  57.980 0.0000000000
72209  -50.976  -28.661  57.298 0.0000000000
71085  -51.936  -29.527  57.023 0.0000000000
73326  -52.217  -27.904  57.213 0.0000000000
74539  -49.957  -26.408  54.967 0.0000000000
73385  -51.430  -27.730  55.137 0.0000000000
72263  -49.781  -28.114  54.486 0.0000000000
71126  -50.929  -29.529  53.280 0.0000000000
72277  -49.246  -28.194  53.766 0.0000000000
76891  -53.522  -24.498  51.735 0.0000000000
74640  -51.430  -26.443  48.875 0.0000000000
74624  -51.394  -26.525  49.868 0.0000000000
73458  -50.812  -27.007  49.237 0.0000000000
73456  -48.958  -27.823  50.015 0.0000000000
72330  -48.976  -27.822  48.232 0.0000000000
72343  -48.389  -28.652  47.412 0.0000000000
73506  -49.531  -27.720  47.005 0.0000000000
74696  -50.537  -26.392  43.629 0.0000000000
73546  -49.137  -27.215  43.686 0.0000000000
73562  -49.090  -27.218  42.539 0.0000000000
77084  -57.192  -24.189  41.966 0.0000000000
77064  -55.627  -24.493  41.906 0.0000000000
77082  -55.566  -24.354  40.977 0.0000000000
45289  -22.741  -50.571  56.553 0.0000000000
45288  -21.953  -50.427  57.067 0.0000000000
45303  -21.881  -50.664  55.991 0.0000000000
46541  -21.054  -50.357  54.445 0.0000000000
45337  -21.512  -50.718  53.482 0.0000000000
45309  -27.528  -50.796  55.453 0.0000000000
45307  -25.494  -50.435  55.773 0.0000000000
45342  -26.552  -49.848  54.052 0.0000000000
47787  -23.890  -49.342  51.013 0.0000000000
43031  -24.022  -53.373  48.355 0.0000000000
47749  -35.438  -49.222  56.005 0.0000000000
46543  -34.596  -50.050  55.384 0.0000000000
48887  -34.328  -48.647  54.239 0.0000000000
50193  -31.901  -47.147  50.245 0.0000000000
48926  -31.837  -48.055  50.718 0.0000000000
48934  -30.711  -48.222  49.439 0.0000000000
47832  -30.000  -48.836  48.976 0.0000000000
48956  -29.699  -47.936  47.256 0.0000000000
46720  -30.259  -49.954  44.624 0.0000000000
64720  -44.471  -34.195  54.366 0.0000000000
66044  -45.218  -32.834  53.346 0.0000000000
66009  -44.830  -33.185  55.432 0.0000000000
67279  -45.313  -32.201  56.283 0.0000000000
68518  -45.882  -31.193  57.098 0.0000000000
59957  -45.762  -38.454  58.736 0.0000000000
58950  -45.269  -39.218  58.045 0.0000000000
61052  -44.825  -38.175  57.461 0.0000000000
61081  -44.490  -37.756  55.109 0.0000000000
61094  -44.164  -37.663  54.074 0.0000000000
61111  -43.760  -36.792  52.631 0.0000000000
62275  -44.251  -36.180  54.189 0.0000000000
63513  -44.215  -35.257  53.830 0.0000000000
68653  -48.194  -31.434  45.666 0.0000000000
42909  -33.061  -52.747  58.675 0.0000000000
42943  -31.903  -51.979  57.337 0.0000000000
42944  -32.623  -52.061  57.039 0.0000000000
42957  -33.253  -51.546  55.974 0.0000000000
42977  -32.593  -51.079  54.562 0.0000000000
64739  -49.213  -34.420  53.141 0.0000000000
63542  -49.161  -34.586  51.576 0.0000000000
63515  -50.104  -35.067  53.084 0.0000000000
61114  -51.093  -35.135  52.685 0.0000000000
62293  -52.189  -35.177  52.225 0.0000000000
62295  -53.326  -34.921  51.895 0.0000000000
63516  -52.750  -34.548  52.957 0.0000000000
64725  -53.042  -33.552  53.545 0.0000000000
67315  -53.928  -31.308  54.054 0.0000000000
51185  -39.855  -46.157  59.809 0.0000000000
50095  -38.718  -46.212  58.908 0.0000000000
52274  -39.864  -44.693  59.185 0.0000000000
52290  -39.422  -44.266  58.682 0.0000000000
53268  -38.979  -43.137  57.094 0.0000000000
57941  -41.975  -40.044  52.798 0.0000000000
56776  -41.177  -40.709  53.106 0.0000000000
57961  -41.179  -40.373  51.612 0.0000000000
57985  -39.263  -40.375  49.434 0.0000000000
57995  -38.180  -40.597  48.413 0.0000000000
58004  -37.341  -40.464  47.117 0.0000000000
58014  -37.907  -39.913  46.568 0.0000000000
63624  -42.812  -34.685  47.081 0.0000000000
64900  -43.639  -33.920  45.639 0.0000000000
75660  -50.027  -25.479  57.072 0.0000000000
74500  -50.518  -26.509  56.816 0.0000000000
76825  -50.185  -24.609  56.472 0.0000000000
76848  -50.417  -24.571  55.028 0.0000000000
76859  -50.485  -24.583  54.231 0.0000000000
78105  -54.885  -23.281  49.549 0.0000000000
76921  -53.405  -24.191  49.840 0.0000000000
76932  -53.529  -24.224  48.756 0.0000000000
75808  -52.409  -25.396  48.010 0.0000000000
74662  -51.394  -26.199  47.116 0.0000000000
74672  -50.732  -26.689  45.755 0.0000000000
74685  -51.948  -25.746  45.680 0.0000000000
74698  -51.829  -25.557  44.676 0.0000000000
74726  -52.071  -25.852  42.619 0.0000000000
78300  -57.648  -23.880  39.387 0.0000000000
77100  -56.164  -24.155  39.531 0.0000000000
77117  -56.053  -23.895  38.122 0.0000000000
45215  -23.014  -50.262  61.650 0.0000000000
45245  -22.070  -50.475  60.383 0.0000000000
45246  -22.903  -50.885  59.806 0.0000000000
45257  -23.788  -50.487  58.266 0.0000000000
44110  -23.714  -50.654  56.685 0.0000000000
46592  -27.338  -50.181  51.395 0.0000000000
46577  -26.258  -49.653  52.449 0.0000000000
47802  -26.285  -49.687  50.215 0.0000000000
47828  -24.883  -49.831  48.539 0.0000000000
45422  -24.044  -51.365  48.065 0.0000000000
43048  -24.402  -53.453  47.618 0.0000000000
44233  -25.001  -52.970  46.728 0.0000000000
51313  -34.866  -46.503  53.718 0.0000000000
50143  -34.100  -47.203  53.094 0.0000000000
51343  -33.570  -46.299  51.811 0.0000000000
51369  -32.422  -46.029  50.397 0.0000000000
51406  -31.385  -45.802  48.253 0.0000000000
66139  -45.539  -33.287  48.666 0.0000000000
66140  -46.207  -33.433  48.623 0.0000000000
66122  -45.546  -33.070  49.631 0.0000000000
66105  -46.591  -33.167  50.147 0.0000000000
66068  -47.858  -33.241  52.236 0.0000000000
67330  -45.968  -32.202  53.564 0.0000000000
67332  -47.363  -32.540  52.822 0.0000000000
66046  -48.465  -33.424  52.848 0.0000000000
64706  -49.252  -33.638  54.369 0.0000000000
66011  -49.605  -33.762  55.594 0.0000000000
64660  -49.949  -34.011  57.347 0.0000000000
55467  -42.619  -41.897  58.903 0.0000000000
54301  -42.766  -42.744  58.301 0.0000000000
54287  -43.246  -42.178  58.181 0.0000000000
55520  -43.391  -41.002  56.740 0.0000000000
56734  -43.136  -40.494  55.066 0.0000000000
57908  -44.513  -40.004  55.925 0.0000000000
57920  -43.972  -40.224  54.974 0.0000000000
57931  -43.015  -40.137  54.109 0.0000000000
57963  -42.554  -39.803  52.041 0.0000000000
59011  -42.244  -39.683  50.552 0.0000000000
59033  -41.880  -38.759  48.845 0.0000000000
60057  -41.360  -37.906  47.306 0.0000000000
60048  -42.033  -37.971  48.524 0.0000000000
61183  -41.903  -36.937  48.431 0.0000000000
62366  -42.408  -36.280  48.714 0.0000000000
62322  -43.457  -36.299  50.910 0.0000000000
62321  -43.382  -35.868  50.332 0.0000000000
63588  -43.031  -35.223  49.058 0.0000000000
64864  -43.477  -34.252  48.307 0.0000000000
64843  -44.084  -33.725  48.849 0.0000000000
77022  -56.606  -24.362  44.547 0.0000000000
78231  -58.739  -23.883  44.405 0.0000000000
78248  -58.354  -23.882  43.284 0.0000000000
78267  -59.496  -23.462  41.781 0.0000000000
78292  -58.589  -23.539  40.045 0.0000000000
78301  -58.482  -23.531  38.942 0.0000000000
44065  -27.994  -51.605  59.775 0.0000000000
44075  -26.720  -50.855  58.385 0.0000000000
44076  -27.830  -51.339  58.638 0.0000000000
44114  -28.563  -51.114  56.459 0.0000000000
45325  -28.130  -50.650  54.624 0.0000000000
44139  -30.715  -51.090  55.444 0.0000000000
45345  -29.497  -50.797  54.307 0.0000000000
45361  -28.789  -50.621  52.865 0.0000000000
45375  -28.115  -50.660  51.179 0.0000000000
45407  -28.095  -50.431  49.508 0.0000000000
46651  -28.136  -49.742  48.070 0.0000000000
63589  -47.481  -33.869  48.323 0.0000000000
63610  -48.095  -34.369  47.619 0.0000000000
62323  -49.637  -34.682  50.382 0.0000000000
71170  -53.864  -31.067  50.857 0.0000000000
69958  -52.312  -31.145  50.610 0.0000000000
45249  -37.470  -50.509  58.693 0.0000000000
45296  -35.981  -50.719  57.336 0.0000000000
46508  -36.996  -50.214  57.625 0.0000000000
47734  -36.539  -49.294  56.890 0.0000000000
50105  -36.235  -47.741  56.277 0.0000000000
51235  -37.692  -46.386  57.875 0.0000000000
52304  -36.895  -46.470  56.617 0.0000000000
51293  -35.895  -46.457  55.166 0.0000000000
52349  -35.571  -45.656  54.050 0.0000000000
53321  -35.554  -44.577  52.469 0.0000000000
54406  -35.443  -43.642  50.891 0.0000000000
54314  -41.472  -42.583  57.774 0.0000000000
54345  -40.323  -42.220  56.348 0.0000000000
54356  -39.042  -42.420  55.059 0.0000000000
56753  -39.757  -41.454  53.302 0.0000000000
55571  -38.818  -42.058  53.590 0.0000000000
54367  -38.027  -42.538  53.892 0.0000000000
54377  -37.019  -42.940  52.544 0.0000000000
54407  -36.031  -43.243  51.059 0.0000000000
61221  -40.865  -36.992  45.653 0.0000000000
64651  -45.058  -34.757  59.565 0.0000000000
65944  -44.888  -33.713  59.517 0.0000000000
46420  -23.438  -50.207  62.637 0.0000000000
44039  -27.140  -51.502  61.401 0.0000000000
44053  -28.106  -51.965  60.841 0.0000000000
42895  -29.122  -52.552  60.385 0.0000000000
41758  -33.339  -53.243  59.413 0.0000000000
42899  -34.473  -53.224  59.713 0.0000000000
42892  -35.648  -52.538  59.481 0.0000000000
44068  -36.574  -51.492  59.642 0.0000000000
46470  -37.311  -49.863  59.812 0.0000000000
47667  -37.969  -48.377  59.976 0.0000000000
48818  -38.731  -47.199  60.288 0.0000000000
49986  -39.059  -46.392  61.052 0.0000000000
50011  -39.970  -46.054  60.362 0.0000000000
52254  -41.225  -45.900  61.308 0.0000000000
53208  -40.802  -44.407  61.060 0.0000000000
54266  -41.351  -43.346  60.406 0.0000000000
55449  -41.397  -42.223  59.706 0.0000000000
57836  -42.035  -40.233  59.378 0.0000000000
58937  -43.210  -39.189  59.811 0.0000000000
63460  -45.336  -36.252  59.684 0.0000000000
67259  -44.726  -32.111  58.549 0.0000000000
68509  -45.185  -31.012  58.379 0.0000000000
69875  -46.032  -30.195  58.095 0.0000000000
71032  -44.992  -28.832  60.077 0.0000000000
71071  -46.096  -29.500  59.682 0.0000000000
69877  -47.482  -30.982  58.326 0.0000000000
67243  -48.346  -31.868  58.404 0.0000000000
65946  -49.436  -32.923  58.939 0.0000000000
65965  -50.441  -33.066  57.931 0.0000000000
71056  -48.974  -29.723  59.470 0.0000000000
68500  -50.248  -31.222  58.442 0.0000000000
67273  -50.867  -32.333  57.079 0.0000000000
67282  -51.727  -31.644  55.701 0.0000000000
68533  -52.618  -30.770  55.194 0.0000000000
71102  -54.001  -29.891  55.144 0.0000000000
73342  -51.870  -27.422  56.249 0.0000000000
72250  -53.454  -28.914  55.314 0.0000000000
72282  -54.295  -29.208  53.769 0.0000000000
72293  -52.687  -29.394  52.953 0.0000000000
71156  -51.427  -30.270  51.877 0.0000000000
69946  -50.738  -30.608  51.237 0.0000000000
76861  -52.291  -24.309  53.409 0.0000000000
75742  -50.610  -25.797  52.580 0.0000000000
75765  -52.616  -25.295  51.208 0.0000000000
74609  -51.260  -26.459  51.085 0.0000000000
73419  -49.973  -26.892  52.113 0.0000000000
72306  -48.795  -28.244  51.721 0.0000000000
69954  -48.554  -30.044  50.550 0.0000000000
69969  -49.382  -30.730  49.747 0.0000000000
68604  -48.522  -30.793  48.042 0.0000000000
70016  -47.571  -30.185  46.452 0.0000000000
71258  -46.963  -29.699  45.139 0.0000000000
73532  -49.148  -27.284  44.795 0.0000000000
72397  -47.874  -28.144  44.857 0.0000000000
71305  -47.041  -29.870  42.695 0.0000000000
75870  -54.718  -24.875  43.143 0.0000000000
75890  -53.934  -24.928  42.434 0.0000000000
74746  -52.347  -25.959  41.532 0.0000000000
75923  -53.914  -24.941  40.091 0.0000000000
75921  -52.539  -25.647  40.357 0.0000000000
74745  -51.292  -26.484  40.855 0.0000000000
46494  -21.089  -50.141  58.985 0.0000000000
45272  -25.608  -50.773  57.147 0.0000000000
45306  -24.463  -50.517  55.830 0.0000000000
45321  -23.954  -50.485  54.944 0.0000000000
46589  -24.984  -49.718  51.933 0.0000000000
46556  -23.920  -49.995  53.173 0.0000000000
46554  -22.524  -50.702  52.991 0.0000000000
45374  -21.804  -50.637  52.154 0.0000000000
45312  -34.823  -50.665  56.394 0.0000000000
45347  -33.871  -50.401  54.714 0.0000000000
45362  -32.311  -50.439  52.994 0.0000000000
47777  -32.639  -48.732  52.350 0.0000000000
46594  -32.205  -49.586  52.522 0.0000000000
45394  -30.997  -49.792  51.729 0.0000000000
46624  -29.869  -49.535  50.326 0.0000000000
47831  -29.319  -49.311  48.554 0.0000000000
47861  -28.160  -49.641  46.580 0.0000000000
52459  -31.507  -45.072  46.369 0.0000000000
51436  -30.892  -46.207  45.341 0.0000000000
50257  -30.119  -47.378  45.752 0.0000000000
49001  -29.503  -48.368  44.835 0.0000000000
47900  -28.942  -49.164  44.931 0.0000000000
46717  -27.773  -50.644  45.063 0.0000000000
64674  -44.791  -34.267  57.666 0.0000000000
64690  -44.648  -33.959  56.771 0.0000000000
63473  -45.003  -35.444  57.724 0.0000000000
63483  -44.614  -35.110  56.713 0.0000000000
69986  -50.724  -31.331  48.362 0.0000000000
42912  -35.750  -52.229  58.353 0.0000000000
44095  -35.317  -51.801  57.586 0.0000000000
44096  -35.944  -51.661  57.797 0.0000000000
64883  -45.876  -34.245  46.969 0.0000000000
64903  -46.443  -34.476  46.401 0.0000000000
63474  -50.874  -34.743  56.067 0.0000000000
62250  -51.119  -34.978  55.474 0.0000000000
62251  -51.267  -34.795  55.572 0.0000000000
64693  -51.710  -33.952  55.556 0.0000000000
64678  -51.362  -33.650  56.156 0.0000000000
53214  -41.892  -43.612  59.985 0.0000000000
53230  -41.256  -43.839  59.169 0.0000000000
53223  -41.905  -43.294  59.384 0.0000000000
64902  -45.576  -34.164  46.103 0.0000000000
76952  -56.708  -23.538  46.955 0.0000000000
76951  -55.779  -23.608  46.966 0.0000000000
76972  -55.283  -23.881  46.114 0.0000000000
76996  -55.939  -24.135  45.234 0.0000000000
44050  -25.187  -50.337  59.943 0.0000000000
44063  -26.065  -50.408  59.137 0.0000000000
46649  -26.299  -50.104  47.420 0.0000000000
46696  -26.556  -50.905  45.753 0.0000000000
46697  -27.285  -50.393  45.622 0.0000000000
53378  -34.322  -44.327  50.177 0.0000000000
66066  -44.852  -33.426  52.467 0.0000000000
66084  -45.013  -33.216  51.797 0.0000000000
68530  -46.523  -31.365  56.324 0.0000000000
68545  -46.885  -31.530  55.903 0.0000000000
68531  -47.203  -31.437  56.365 0.0000000000
67280  -47.791  -32.014  56.566 0.0000000000
68520  -47.567  -31.351  57.257 0.0000000000
58940  -45.349  -39.383  59.113 0.0000000000
57855  -44.551  -40.132  58.069 0.0000000000
57856  -44.978  -39.640  58.124 0.0000000000
59995  -44.030  -38.261  53.576 0.0000000000
60005  -43.888  -38.189  52.821 0.0000000000
60004  -43.692  -38.606  52.516 0.0000000000
60019  -43.465  -38.166  51.819 0.0000000000
64758  -44.415  -34.207  52.598 0.0000000000
63541  -43.987  -34.796  52.016 0.0000000000
42906  -30.582  -52.996  58.974 0.0000000000
44093  -29.997  -52.002  58.094 0.0000000000
42923  -30.797  -52.574  58.250 0.0000000000
44179  -30.506  -50.530  52.376 0.0000000000
45377  -30.949  -50.227  52.103 0.0000000000
64781  -48.148  -33.727  51.495 0.0000000000
64782  -48.610  -34.202  51.088 0.0000000000
62310  -52.070  -35.298  51.324 0.0000000000
67335  -54.743  -31.373  52.988 0.0000000000
68568  -54.969  -30.640  52.984 0.0000000000
69929  -55.272  -30.513  52.694 0.0000000000
69928  -55.317  -30.253  53.264 0.0000000000
50059  -38.676  -47.448  59.542 0.0000000000
48855  -38.302  -47.862  58.822 0.0000000000
50079  -38.629  -47.100  58.996 0.0000000000
52319  -37.753  -44.289  56.318 0.0000000000
53282  -37.494  -44.061  55.568 0.0000000000
53294  -37.288  -43.604  54.730 0.0000000000
56733  -42.476  -40.851  55.005 0.0000000000
56732  -41.866  -41.144  55.024 0.0000000000
56755  -41.254  -41.104  54.228 0.0000000000
56825  -38.015  -41.226  49.756 0.0000000000
56813  -38.344  -41.335  50.656 0.0000000000
56834  -37.111  -41.157  48.571 0.0000000000
63607  -42.376  -35.606  47.618 0.0000000000
69826  -48.282  -29.910  61.310 0.0000000000
75644  -49.817  -25.978  57.741 0.0000000000
75632  -49.248  -26.282  58.281 0.0000000000
74470  -49.956  -26.918  57.723 0.0000000000
73296  -50.688  -28.114  57.684 0.0000000000
74471  -50.723  -27.410  57.643 0.0000000000
73311  -51.519  -27.978  57.611 0.0000000000
74486  -51.155  -27.263  57.300 0.0000000000
74538  -49.436  -26.449  54.323 0.0000000000
73384  -50.301  -27.624  55.066 0.0000000000
73383  -49.461  -27.289  54.299 0.0000000000
73404  -49.168  -27.257  53.337 0.0000000000
79293  -53.970  -23.146  50.782 0.0000000000
78066  -53.836  -23.653  51.792 0.0000000000
76874  -53.740  -24.121  52.212 0.0000000000
76892  -53.940  -24.053  51.114 0.0000000000
73475  -50.845  -26.788  48.295 0.0000000000
73474  -50.113  -27.240  48.568 0.0000000000
73473  -49.185  -27.638  48.885 0.0000000000
73491  -49.497  -27.562  47.949 0.0000000000
72344  -48.950  -28.037  47.630 0.0000000000
74709  -50.642  -26.538  42.552 0.0000000000
73547  -49.868  -26.827  43.093 0.0000000000
73563  -49.985  -27.055  42.008 0.0000000000
73580  -50.183  -27.175  40.941 0.0000000000
77093  -57.093  -24.111  40.953 0.0000000000
77083  -56.378  -24.314  41.450 0.0000000000
77092  -56.264  -24.154  40.477 0.0000000000
46442  -21.448  -50.275  61.957 0.0000000000
45304  -22.728  -50.828  55.794 0.0000000000
45319  -21.839  -50.754  54.716 0.0000000000
45338  -22.474  -50.726  53.706 0.0000000000
45324  -27.110  -50.437  54.693 0.0000000000
43017  -23.635  -53.262  49.075 0.0000000000
48877  -35.350  -48.551  55.491 0.0000000000
48888  -34.845  -48.470  54.739 0.0000000000
50210  -31.321  -46.988  49.065 0.0000000000
50192  -31.369  -47.512  49.598 0.0000000000
50209  -30.654  -47.255  48.591 0.0000000000
48942  -30.235  -48.105  48.489 0.0000000000
50227  -30.164  -47.129  47.630 0.0000000000
64721  -44.687  -33.553  54.298 0.0000000000
66008  -44.535  -33.778  54.948 0.0000000000
61023  -45.432  -37.621  59.137 0.0000000000
59966  -45.101  -38.667  57.840 0.0000000000
61038  -45.073  -37.628  58.281 0.0000000000
61066  -44.676  -37.606  56.173 0.0000000000
62266  -44.289  -36.958  54.591 0.0000000000
62276  -44.164  -36.965  53.712 0.0000000000
62265  -44.335  -36.129  55.107 0.0000000000
63503  -44.464  -35.247  54.736 0.0000000000
68617  -50.117  -31.416  47.297 0.0000000000
68633  -49.245  -31.526  46.494 0.0000000000
42925  -32.477  -52.347  57.920 0.0000000000
42926  -33.344  -52.412  57.751 0.0000000000
42946  -33.847  -51.935  56.645 0.0000000000
42945  -33.345  -52.047  56.815 0.0000000000
42968  -32.709  -51.288  55.230 0.0000000000
44140  -33.269  -51.070  55.093 0.0000000000
64723  -49.593  -34.160  54.007 0.0000000000
63514  -49.773  -34.739  53.514 0.0000000000
61096  -51.106  -35.350  53.642 0.0000000000
61113  -50.855  -35.271  53.307 0.0000000000
61097  -51.477  -35.066  53.173 0.0000000000
61115  -51.664  -35.155  52.236 0.0000000000
61098  -51.886  -34.933  53.177 0.0000000000
62279  -52.366  -34.865  52.817 0.0000000000
62270  -52.022  -34.749  53.593 0.0000000000
64708  -52.488  -33.539  54.449 0.0000000000
64709  -52.720  -33.858  53.823 0.0000000000
64724  -52.675  -33.060  54.112 0.0000000000
66047  -53.760  -32.301  53.625 0.0000000000
67296  -52.804  -31.573  54.667 0.0000000000
51170  -40.535  -45.921  60.422 0.0000000000
51209  -39.802  -45.537  59.418 0.0000000000
51210  -40.278  -44.930  59.523 0.0000000000
53239  -40.774  -43.437  58.875 0.0000000000
53238  -39.973  -43.790  59.120 0.0000000000
53252  -39.244  -43.764  57.921 0.0000000000
53269  -39.879  -42.818  57.691 0.0000000000
57962  -41.956  -40.153  51.797 0.0000000000
57976  -41.109  -40.181  50.796 0.0000000000
59031  -40.049  -39.715  48.669 0.0000000000
57986  -40.136  -40.078  49.557 0.0000000000
57997  -39.655  -40.055  49.071 0.0000000000
57996  -39.158  -40.164  48.610 0.0000000000
58005  -38.302  -40.099  47.542 0.0000000000
59040  -38.773  -39.839  47.412 0.0000000000
64880  -42.823  -34.553  46.690 0.0000000000
76814  -50.034  -24.371  57.006 0.0000000000
78022  -51.630  -23.466  55.211 0.0000000000
76837  -51.038  -23.913  55.327 0.0000000000
76849  -51.154  -24.195  54.603 0.0000000000
78151  -56.339  -22.943  48.113 0.0000000000
78131  -56.537  -22.684  48.702 0.0000000000
78130  -55.750  -23.152  48.909 0.0000000000
76922  -54.169  -23.662  49.237 0.0000000000
78129  -54.993  -23.368  48.763 0.0000000000
75818  -52.366  -25.264  47.111 0.0000000000
74663  -51.929  -25.826  47.567 0.0000000000
74674  -51.918  -25.761  46.636 0.0000000000
74673  -51.400  -26.253  46.190 0.0000000000
75831  -52.473  -25.237  46.163 0.0000000000
75848  -53.265  -24.751  44.587 0.0000000000
75867  -52.415  -25.045  44.092 0.0000000000
74711  -51.893  -25.626  43.617 0.0000000000
75888  -52.609  -25.412  43.164 0.0000000000
78311  -57.140  -23.807  38.123 0.0000000000
77108  -56.762  -24.005  39.001 0.0000000000
45232  -22.773  -50.601  61.029 0.0000000000
45233  -24.075  -50.908  60.370 0.0000000000
44061  -24.335  -50.572  58.606 0.0000000000
44072  -24.132  -50.926  57.965 0.0000000000
44087  -23.882  -50.733  57.309 0.0000000000
44111  -24.250  -51.041  56.969 0.0000000000
46606  -27.369  -50.403  50.491 0.0000000000
46605  -26.517  -49.983  50.746 0.0000000000
46620  -26.691  -50.007  49.903 0.0000000000
46648  -25.351  -50.765  47.052 0.0000000000
46634  -25.353  -50.087  48.043 0.0000000000
46647  -24.661  -50.758  47.604 0.0000000000
46633  -24.446  -50.266  48.274 0.0000000000
45438  -24.617  -51.671  46.944 0.0000000000
44249  -24.835  -52.408  46.655 0.0000000000
45455  -24.990  -52.051  46.491 0.0000000000
43090  -27.151  -52.867  45.297 0.0000000000
43070  -26.200  -53.287  45.794 0.0000000000
52374  -34.470  -45.806  52.544 0.0000000000
51329  -34.249  -46.368  52.625 0.0000000000
52434  -32.930  -44.832  49.732 0.0000000000
51370  -32.921  -45.768  50.809 0.0000000000
51389  -32.222  -45.738  49.670 0.0000000000
51388  -31.745  -46.054  49.079 0.0000000000
52432  -31.746  -45.300  48.513 0.0000000000
66138  -44.670  -33.257  49.260 0.0000000000
66086  -46.364  -32.789  51.037 0.0000000000
67366  -46.778  -32.748  51.427 0.0000000000
66087  -47.275  -33.157  51.089 0.0000000000
67351  -47.073  -32.682  51.935 0.0000000000
67312  -47.668  -32.460  53.927 0.0000000000
67331  -46.693  -32.246  53.288 0.0000000000
66045  -47.935  -32.981  53.268 0.0000000000
66025  -47.979  -32.910  53.734 0.0000000000
66026  -48.479  -33.142  53.928 0.0000000000
65995  -48.876  -33.068  56.257 0.0000000000
66010  -49.053  -33.244  55.251 0.0000000000
65996  -49.535  -33.536  56.240 0.0000000000
64675  -49.903  -34.128  56.638 0.0000000000
65980  -49.600  -33.524  57.139 0.0000000000
55468  -43.125  -41.885  58.461 0.0000000000
55469  -43.607  -41.693  58.134 0.0000000000
56680  -44.214  -40.531  57.211 0.0000000000
56679  -43.931  -41.021  57.424 0.0000000000
56714  -43.163  -40.511  56.282 0.0000000000
56715  -43.780  -40.379  55.864 0.0000000000
58966  -44.603  -39.095  56.508 0.0000000000
58959  -44.619  -39.398  57.145 0.0000000000
58965  -44.605  -39.543  56.252 0.0000000000
58980  -43.970  -39.677  54.319 0.0000000000
58973  -44.151  -39.867  54.734 0.0000000000
57932  -43.615  -39.887  54.100 0.0000000000
57919  -43.493  -40.205  54.529 0.0000000000
57943  -43.343  -39.749  53.608 0.0000000000
57942  -42.939  -39.722  53.054 0.0000000000
58988  -43.275  -39.476  52.827 0.0000000000
60029  -42.870  -38.451  50.607 0.0000000000
59012  -42.745  -39.384  51.037 0.0000000000
60038  -42.324  -38.549  49.350 0.0000000000
60049  -42.352  -38.021  49.209 0.0000000000
61169  -42.866  -37.413  50.409 0.0000000000
61184  -42.312  -37.421  49.090 0.0000000000
61168  -42.497  -37.096  49.703 0.0000000000
62342  -43.012  -36.304  49.972 0.0000000000
63555  -43.581  -35.601  50.506 0.0000000000
63571  -43.629  -35.277  49.942 0.0000000000
64842  -43.643  -34.495  49.299 0.0000000000
66152  -44.737  -33.358  48.547 0.0000000000
78232  -59.361  -23.543  43.896 0.0000000000
78249  -59.427  -23.532  42.821 0.0000000000
78266  -58.609  -23.675  42.168 0.0000000000
78280  -59.513  -23.346  40.748 0.0000000000
78281  -60.430  -23.121  40.417 0.0000000000
78293  -59.496  -23.208  39.697 0.0000000000
44115  -29.748  -51.375  56.983 0.0000000000
45310  -28.412  -51.026  55.456 0.0000000000
45311  -29.065  -51.030  55.311 0.0000000000
42955  -32.006  -51.815  56.493 0.0000000000
42954  -31.369  -51.733  56.837 0.0000000000
42965  -31.408  -51.587  56.004 0.0000000000
44162  -30.037  -50.864  53.325 0.0000000000
44147  -29.929  -50.822  53.929 0.0000000000
44161  -29.477  -50.785  53.359 0.0000000000
45344  -28.920  -50.649  53.858 0.0000000000
45360  -28.110  -50.301  52.147 0.0000000000
45376  -28.803  -50.702  51.932 0.0000000000
45409  -29.214  -50.163  50.582 0.0000000000
45408  -28.557  -50.335  49.919 0.0000000000
45423  -28.175  -50.306  49.216 0.0000000000
46637  -28.428  -50.029  49.171 0.0000000000
64845  -46.797  -33.779  48.475 0.0000000000
64846  -47.541  -33.802  48.608 0.0000000000
63590  -48.160  -33.957  48.577 0.0000000000
63543  -49.653  -34.748  51.218 0.0000000000
62324  -50.073  -34.817  50.645 0.0000000000
63517  -53.255  -34.348  52.685 0.0000000000
63529  -53.787  -34.133  51.758 0.0000000000
67354  -55.455  -32.063  51.703 0.0000000000
68583  -55.819  -31.744  51.116 0.0000000000
71159  -54.537  -30.522  51.559 0.0000000000
71160  -55.202  -30.816  51.296 0.0000000000
71169  -53.180  -31.003  51.158 0.0000000000
46497  -37.330  -50.311  58.172 0.0000000000
46509  -37.406  -49.903  58.092 0.0000000000
48853  -37.367  -48.331  57.829 0.0000000000
48867  -36.860  -48.691  57.309 0.0000000000
48866  -36.378  -48.627  56.676 0.0000000000
50106  -36.771  -47.768  56.885 0.0000000000
51236  -38.371  -45.912  58.511 0.0000000000
52288  -38.057  -45.550  58.004 0.0000000000
52318  -37.008  -45.030  56.099 0.0000000000
52305  -37.115  -45.931  56.781 0.0000000000
52317  -36.579  -46.114  56.164 0.0000000000
51276  -36.227  -46.825  55.649 0.0000000000
52331  -35.766  -45.921  54.570 0.0000000000
53303  -35.740  -44.719  53.333 0.0000000000
53345  -35.977  -44.070  52.145 0.0000000000
53344  -35.504  -44.170  51.682 0.0000000000
54391  -35.865  -43.589  51.358 0.0000000000
54316  -42.897  -42.355  57.723 0.0000000000
54300  -42.344  -42.977  58.391 0.0000000000
54331  -41.842  -42.258  57.252 0.0000000000
55539  -40.814  -41.787  55.820 0.0000000000
55538  -40.098  -42.083  55.645 0.0000000000
54344  -39.069  -42.531  56.014 0.0000000000
56798  -40.401  -40.828  52.042 0.0000000000
56775  -40.404  -40.988  52.840 0.0000000000
56774  -39.747  -41.227  52.560 0.0000000000
55586  -38.289  -42.122  52.873 0.0000000000
55570  -37.966  -42.406  53.382 0.0000000000
55585  -37.595  -42.447  52.777 0.0000000000
55631  -37.027  -42.195  50.227 0.0000000000
55618  -36.554  -42.718  50.803 0.0000000000
55630  -36.288  -42.528  49.771 0.0000000000
54424  -36.031  -43.217  50.433 0.0000000000
55629  -35.501  -42.709  49.311 0.0000000000
61197  -41.388  -37.403  47.035 0.0000000000
60064  -41.058  -37.881  46.765 0.0000000000
61208  -41.225  -37.223  46.386 0.0000000000
46395  -22.925  -50.157  63.474 0.0000000000
44040  -27.846  -52.026  61.611 0.0000000000
41747  -32.650  -53.283  60.123 0.0000000000
45238  -37.115  -50.873  59.975 0.0000000000
46483  -37.404  -50.578  59.514 0.0000000000
45223  -37.011  -50.354  60.095 0.0000000000
48817  -38.321  -47.861  60.149 0.0000000000
48804  -38.744  -47.063  60.404 0.0000000000
52236  -38.863  -45.365  61.602 0.0000000000
51141  -38.464  -45.844  61.687 0.0000000000
51142  -39.059  -45.682  61.407 0.0000000000
50010  -39.274  -46.629  60.649 0.0000000000
51148  -39.495  -45.881  61.014 0.0000000000
51157  -40.534  -46.101  60.880 0.0000000000
52245  -39.882  -45.403  60.931 0.0000000000
54242  -39.894  -43.819  61.614 0.0000000000
53207  -40.258  -44.399  61.313 0.0000000000
54254  -40.401  -43.715  61.293 0.0000000000
54255  -40.923  -43.780  60.850 0.0000000000
54265  -40.805  -43.220  60.986 0.0000000000
55448  -40.545  -42.166  60.092 0.0000000000
56622  -40.273  -41.276  59.980 0.0000000000
56641  -41.559  -41.192  59.445 0.0000000000
57835  -41.261  -40.345  59.777 0.0000000000
58936  -42.441  -39.478  59.798 0.0000000000
58926  -42.833  -38.985  60.676 0.0000000000
58938  -43.925  -39.357  59.521 0.0000000000
63459  -45.204  -35.645  59.622 0.0000000000
67224  -44.907  -32.960  60.360 0.0000000000
67242  -44.726  -32.672  59.450 0.0000000000
69839  -44.556  -30.248  59.913 0.0000000000
68495  -44.642  -30.968  59.215 0.0000000000
68496  -44.966  -30.475  58.946 0.0000000000
69860  -45.413  -29.882  59.009 0.0000000000
71055  -46.829  -29.609  60.662 0.0000000000
71054  -46.426  -29.546  60.144 0.0000000000
69841  -46.653  -29.902  59.932 0.0000000000
69861  -46.468  -29.891  59.310 0.0000000000
69862  -47.391  -30.539  59.127 0.0000000000
68497  -47.999  -31.406  58.908 0.0000000000
68481  -47.843  -30.998  59.746 0.0000000000
67226  -49.065  -31.543  59.500 0.0000000000
67225  -48.890  -31.703  59.487 0.0000000000
65947  -49.735  -32.679  59.152 0.0000000000
65964  -50.139  -33.159  58.624 0.0000000000
67246  -49.781  -32.040  59.086 0.0000000000
75617  -48.346  -26.479  58.775 0.0000000000
72186  -48.575  -29.019  59.705 0.0000000000
72187  -49.104  -28.971  59.064 0.0000000000
71073  -50.392  -29.570  57.397 0.0000000000
68511  -50.536  -31.170  57.742 0.0000000000
68512  -50.732  -31.054  56.886 0.0000000000
67274  -51.276  -31.889  56.580 0.0000000000
68521  -51.356  -30.896  56.221 0.0000000000
71094  -52.366  -29.397  56.421 0.0000000000
69903  -52.358  -30.229  55.546 0.0000000000
71095  -52.913  -29.456  55.925 0.0000000000
69913  -53.589  -30.281  54.858 0.0000000000
71101  -53.578  -29.533  55.355 0.0000000000
74501  -51.317  -27.128  56.662 0.0000000000
74522  -51.322  -27.078  56.019 0.0000000000
73386  -51.993  -27.783  55.351 0.0000000000
72265  -52.502  -28.290  54.842 0.0000000000
72266  -53.746  -28.842  54.546 0.0000000000
72281  -53.363  -28.695  53.774 0.0000000000
72295  -53.880  -29.022  53.275 0.0000000000
72280  -52.053  -28.995  53.496 0.0000000000
71139  -50.055  -29.754  52.709 0.0000000000
71140  -51.086  -29.994  52.659 0.0000000000
71155  -50.388  -30.192  51.930 0.0000000000
69945  -49.790  -30.475  51.322 0.0000000000
76872  -52.688  -24.656  52.859 0.0000000000
78051  -52.805  -23.995  53.486 0.0000000000
75726  -52.275  -24.768  52.873 0.0000000000
75725  -51.603  -24.858  52.971 0.0000000000
75743  -51.234  -25.503  52.469 0.0000000000
75792  -52.888  -24.833  49.364 0.0000000000
75780  -52.922  -24.957  50.473 0.0000000000
73443  -50.635  -26.968  50.244 0.0000000000
73432  -50.425  -26.981  51.073 0.0000000000
74608  -50.473  -26.757  51.789 0.0000000000
73431  -49.794  -27.228  51.590 0.0000000000
73430  -49.197  -27.690  51.924 0.0000000000
73441  -49.167  -27.722  51.117 0.0000000000
72322  -48.528  -28.530  49.737 0.0000000000
72313  -48.308  -28.845  50.618 0.0000000000
71180  -48.340  -29.512  50.194 0.0000000000
69968  -48.596  -30.220  49.907 0.0000000000
69984  -48.611  -30.485  48.747 0.0000000000
72362  -48.220  -28.514  46.591 0.0000000000
71217  -47.866  -29.539  46.895 0.0000000000
71234  -47.449  -29.639  46.067 0.0000000000
70033  -47.231  -30.641  45.769 0.0000000000
72380  -47.489  -28.822  45.457 0.0000000000
73520  -49.965  -27.101  45.297 0.0000000000
73561  -48.371  -27.663  43.191 0.0000000000
73545  -48.443  -27.646  44.265 0.0000000000
72418  -47.718  -28.163  43.816 0.0000000000
72417  -47.175  -28.899  43.360 0.0000000000
77046  -57.319  -24.295  43.960 0.0000000000
77021  -55.397  -24.590  44.099 0.0000000000
75891  -54.795  -24.676  42.206 0.0000000000
75910  -53.210  -25.526  41.752 0.0000000000
74747  -52.864  -25.830  41.218 0.0000000000
77099  -55.457  -24.432  39.120 0.0000000000
77090  -54.729  -24.666  39.576 0.0000000000
75927  -54.061  -25.131  39.062 0.0000000000
75925  -52.473  -25.560  39.908 0.0000000000
74759  -52.133  -25.842  40.492 0.0000000000
45255  -22.071  -50.384  59.353 0.0000000000
46523  -21.021  -50.295  56.478 0.0000000000
46507  -20.869  -50.124  57.731 0.0000000000
46531  -20.363  -49.812  55.874 0.0000000000
45336  -20.905  -50.698  52.945 0.0000000000
46552  -20.671  -50.434  53.584 0.0000000000
45372  -20.353  -51.703  51.425 0.0000000000
44090  -26.158  -50.814  57.621 0.0000000000
45273  -26.474  -50.789  57.039 0.0000000000
45340  -24.471  -50.406  54.027 0.0000000000
47789  -25.539  -49.629  51.154 0.0000000000
46576  -25.362  -49.768  52.504 0.0000000000
47788  -24.890  -49.523  51.262 0.0000000000
46574  -23.348  -49.832  52.020 0.0000000000
46555  -23.073  -50.469  53.024 0.0000000000
46573  -22.476  -50.479  52.406 0.0000000000
46587  -22.137  -50.412  51.359 0.0000000000
41883  -25.253  -54.395  47.056 0.0000000000
41865  -24.748  -54.603  47.615 0.0000000000
46524  -35.968  -50.396  57.012 0.0000000000
45313  -35.220  -50.690  56.752 0.0000000000
45330  -35.123  -50.429  56.339 0.0000000000
46542  -34.195  -49.964  54.699 0.0000000000
45328  -34.314  -50.455  55.249 0.0000000000
45346  -33.237  -50.293  54.087 0.0000000000
46560  -33.080  -49.781  53.556 0.0000000000
50154  -33.069  -47.510  52.169 0.0000000000
48908  -33.365  -48.270  52.957 0.0000000000
48907  -32.904  -48.032  52.328 0.0000000000
47819  -31.339  -48.577  50.568 0.0000000000
47790  -32.228  -48.891  52.003 0.0000000000
47804  -31.598  -48.698  51.323 0.0000000000
46593  -31.711  -49.341  52.043 0.0000000000
46609  -31.147  -49.247  51.525 0.0000000000
46608  -30.555  -49.308  50.914 0.0000000000
46625  -30.534  -49.328  50.159 0.0000000000
47846  -29.562  -48.707  47.998 0.0000000000
47845  -28.765  -49.306  47.595 0.0000000000
47862  -28.827  -49.003  46.718 0.0000000000
52472  -31.422  -45.378  45.159 0.0000000000
52443  -30.980  -45.574  46.730 0.0000000000
49003  -31.193  -48.174  44.281 0.0000000000
50273  -30.802  -47.345  44.484 0.0000000000
50272  -30.009  -47.505  44.965 0.0000000000
50256  -29.660  -47.830  45.556 0.0000000000
49002  -30.287  -48.234  44.498 0.0000000000
45508  -29.846  -50.723  44.753 0.0000000000
46719  -29.308  -49.978  44.698 0.0000000000
46718  -28.271  -50.126  45.034 0.0000000000
45507  -28.908  -50.821  44.727 0.0000000000
64705  -44.686  -33.787  56.033 0.0000000000
62229  -45.147  -36.448  58.753 0.0000000000
61037  -44.898  -37.259  57.893 0.0000000000
62237  -45.070  -36.654  57.974 0.0000000000
62256  -44.429  -36.129  55.951 0.0000000000
69973  -53.649  -31.403  49.722 0.0000000000
69988  -53.177  -31.409  48.658 0.0000000000
70003  -51.470  -31.588  47.665 0.0000000000
68619  -51.711  -31.558  46.993 0.0000000000
70002  -50.804  -31.465  47.578 0.0000000000
42928  -34.712  -51.991  57.241 0.0000000000
44117  -34.484  -51.478  56.656 0.0000000000
63495  -50.488  -34.739  54.815 0.0000000000
63505  -50.166  -35.022  53.963 0.0000000000
62258  -50.875  -34.915  55.175 0.0000000000
61067  -50.978  -35.428  54.741 0.0000000000
62269  -51.731  -34.832  54.181 0.0000000000
63506  -52.095  -34.600  54.178 0.0000000000
63496  -51.945  -34.622  54.813 0.0000000000
65998  -52.041  -32.959  55.297 0.0000000000
52263  -40.985  -44.559  60.182 0.0000000000
52268  -40.735  -44.730  59.782 0.0000000000
52269  -40.869  -44.007  59.786 0.0000000000
52276  -40.790  -43.672  58.997 0.0000000000
57988  -41.540  -39.904  50.404 0.0000000000
57987  -40.990  -39.899  50.084 0.0000000000
59021  -40.811  -39.693  49.303 0.0000000000
59041  -39.235  -39.741  47.761 0.0000000000
64865  -44.450  -33.539  47.886 0.0000000000
78150  -55.621  -23.214  48.262 0.0000000000
78149  -55.093  -23.430  48.254 0.0000000000
76950  -54.704  -23.746  47.119 0.0000000000
75832  -53.198  -24.753  45.660 0.0000000000
76994  -53.939  -24.484  45.088 0.0000000000
75849  -53.900  -24.817  44.039 0.0000000000
45217  -24.824  -50.663  61.214 0.0000000000
45234  -24.884  -50.523  60.630 0.0000000000
44073  -24.791  -50.799  58.130 0.0000000000
46673  -25.510  -51.072  46.584 0.0000000000
45456  -25.435  -51.597  46.307 0.0000000000
45457  -26.171  -51.389  45.792 0.0000000000
44272  -26.457  -51.846  45.479 0.0000000000
44274  -27.865  -52.269  45.056 0.0000000000
52412  -34.781  -44.807  51.608 0.0000000000
52411  -34.090  -45.050  51.126 0.0000000000
66085  -45.575  -32.708  51.498 0.0000000000
67364  -45.898  -32.442  52.160 0.0000000000
68543  -45.926  -31.706  55.441 0.0000000000
67292  -46.189  -31.775  54.982 0.0000000000
67294  -48.193  -32.610  54.744 0.0000000000
67272  -48.621  -32.541  56.954 0.0000000000
57838  -43.855  -39.971  58.651 0.0000000000
56644  -43.764  -40.903  58.205 0.0000000000
56695  -44.211  -40.431  56.946 0.0000000000
58974  -44.231  -39.515  55.113 0.0000000000
59003  -43.152  -39.438  52.324 0.0000000000
59013  -43.215  -38.622  51.251 0.0000000000
60039  -42.684  -38.000  49.832 0.0000000000
64823  -43.840  -34.656  49.778 0.0000000000
64803  -44.272  -33.774  50.723 0.0000000000
44078  -29.780  -52.343  58.765 0.0000000000
42975  -31.721  -51.206  55.001 0.0000000000
42974  -31.388  -51.243  55.341 0.0000000000
44178  -29.903  -50.704  52.584 0.0000000000
44189  -29.313  -50.692  51.997 0.0000000000
44190  -29.631  -50.559  51.873 0.0000000000
45392  -29.556  -50.322  51.342 0.0000000000
64804  -47.293  -33.378  49.993 0.0000000000
64826  -47.712  -33.740  49.152 0.0000000000
63558  -49.114  -34.438  50.434 0.0000000000
62308  -50.638  -34.960  51.401 0.0000000000
66048  -54.237  -32.748  52.901 0.0000000000
64762  -54.342  -33.248  51.909 0.0000000000
66070  -54.698  -32.612  52.304 0.0000000000
67353  -55.089  -32.105  52.357 0.0000000000
68575  -55.526  -31.561  51.429 0.0000000000
69937  -55.457  -30.795  52.007 0.0000000000
71144  -55.225  -30.406  51.999 0.0000000000
71143  -54.286  -29.746  52.721 0.0000000000
47707  -37.742  -48.860  58.866 0.0000000000
47720  -37.471  -49.324  58.404 0.0000000000
48843  -38.049  -48.317  58.851 0.0000000000
50093  -37.619  -47.504  58.020 0.0000000000
53293  -36.606  -44.351  54.486 0.0000000000
53304  -36.476  -43.915  53.630 0.0000000000
54365  -36.811  -43.481  53.433 0.0000000000
55518  -42.386  -41.970  57.006 0.0000000000
55517  -41.793  -42.088  56.884 0.0000000000
55540  -41.758  -41.623  56.118 0.0000000000
55558  -41.164  -41.368  55.177 0.0000000000
55557  -40.487  -41.659  55.113 0.0000000000
56814  -39.180  -41.038  51.048 0.0000000000
56796  -38.669  -41.449  51.595 0.0000000000
55620  -37.949  -41.905  51.435 0.0000000000
62401  -41.776  -36.459  46.608 0.0000000000
47665  -36.911  -49.254  60.500 0.0000000000
47653  -36.746  -48.992  60.925 0.0000000000
52231  -38.946  -44.524  61.814 0.0000000000
53199  -39.172  -44.181  61.835 0.0000000000
57817  -40.875  -40.144  60.401 0.0000000000
68466  -44.344  -31.598  61.122 0.0000000000
69824  -43.967  -30.528  60.738 0.0000000000
71034  -47.210  -29.496  61.134 0.0000000000
69825  -47.776  -30.132  60.982 0.0000000000
68468  -47.893  -30.662  60.367 0.0000000000
68469  -48.343  -30.507  60.638 0.0000000000
68470  -48.524  -30.299  60.685 0.0000000000
69843  -48.702  -30.320  59.689 0.0000000000
76787  -48.950  -25.481  58.213 0.0000000000
73283  -49.255  -28.185  58.586 0.0000000000
73295  -49.861  -28.234  57.831 0.0000000000
72198  -50.235  -28.899  57.661 0.0000000000
71084  -51.062  -29.270  56.870 0.0000000000
69879  -51.085  -30.051  56.600 0.0000000000
72210  -51.773  -28.783  57.413 0.0000000000
72222  -52.365  -28.797  57.074 0.0000000000
72236  -52.594  -28.494  56.557 0.0000000000
73363  -50.905  -27.124  55.495 0.0000000000
72279  -50.790  -28.970  53.756 0.0000000000
72278  -49.967  -28.739  54.054 0.0000000000
71124  -49.460  -28.869  53.587 0.0000000000
71138  -48.904  -29.191  52.926 0.0000000000
78053  -53.448  -23.520  52.993 0.0000000000
75745  -53.141  -24.845  51.999 0.0000000000
74641  -52.051  -26.092  49.390 0.0000000000
73457  -49.920  -27.309  49.586 0.0000000000
72329  -48.534  -28.370  48.562 0.0000000000
71204  -48.169  -29.440  48.114 0.0000000000
72363  -48.872  -28.210  46.779 0.0000000000
72382  -48.606  -28.109  46.302 0.0000000000
73533  -49.917  -26.950  44.208 0.0000000000
73578  -48.332  -27.833  42.109 0.0000000000
77066  -57.386  -24.089  43.029 0.0000000000
77065  -56.460  -24.439  42.449 0.0000000000
75912  -54.937  -24.541  41.404 0.0000000000
75931  -54.010  -24.799  38.178 0.0000000000
75930  -53.250  -25.298  38.466 0.0000000000
46461  -20.426  -49.863  60.917 0.0000000000
45269  -23.229  -50.128  57.499 0.0000000000
45268  -22.092  -49.944  58.204 0.0000000000
46532  -21.092  -50.290  55.348 0.0000000000
46553  -21.329  -50.525  54.033 0.0000000000
45358  -21.308  -50.758  52.553 0.0000000000
45293  -26.054  -50.477  56.527 0.0000000000
45308  -26.556  -50.593  55.605 0.0000000000
45323  -26.017  -50.343  54.853 0.0000000000
45341  -25.472  -50.127  54.076 0.0000000000
47813  -24.375  -49.566  49.074 0.0000000000
46603  -22.897  -50.102  49.793 0.0000000000
46602  -22.250  -50.562  50.306 0.0000000000
44201  -22.509  -52.349  49.518 0.0000000000
41847  -23.628  -53.749  49.473 0.0000000000
41848  -24.055  -54.137  49.035 0.0000000000
40761  -24.269  -54.682  48.544 0.0000000000
47760  -35.425  -49.766  56.117 0.0000000000
46544  -35.080  -50.151  55.973 0.0000000000
47759  -35.023  -49.439  55.483 0.0000000000
47758  -34.522  -49.358  54.737 0.0000000000
47767  -34.050  -49.230  53.984 0.0000000000
50176  -32.245  -47.434  50.911 0.0000000000
48916  -32.295  -48.013  51.455 0.0000000000
48935  -31.430  -48.162  50.048 0.0000000000
47833  -30.548  -48.835  49.414 0.0000000000
48943  -30.354  -48.541  49.122 0.0000000000
46721  -31.143  -49.821  44.590 0.0000000000
64737  -44.742  -33.583  53.814 0.0000000000
66024  -44.997  -32.966  54.431 0.0000000000
67291  -45.482  -32.185  55.247 0.0000000000
68529  -45.860  -31.626  55.985 0.0000000000
59949  -45.778  -38.620  59.612 0.0000000000
59975  -44.709  -38.248  56.679 0.0000000000
61051  -44.727  -37.451  57.322 0.0000000000
61112  -44.047  -37.409  53.056 0.0000000000
62289  -44.096  -36.997  53.343 0.0000000000
62288  -43.913  -36.390  53.283 0.0000000000
64736  -44.458  -34.347  53.431 0.0000000000
68635  -51.230  -31.640  46.317 0.0000000000
42908  -32.188  -52.637  58.722 0.0000000000
42924  -31.631  -52.519  58.068 0.0000000000
42956  -32.567  -51.761  56.294 0.0000000000
42967  -32.363  -51.501  55.558 0.0000000000
42976  -32.161  -51.266  54.696 0.0000000000
44150  -32.150  -51.198  53.784 0.0000000000
64760  -48.815  -34.196  52.265 0.0000000000
64761  -49.209  -34.552  52.613 0.0000000000
63527  -49.652  -34.845  52.380 0.0000000000
62290  -50.063  -35.107  52.197 0.0000000000
62277  -50.584  -35.244  53.555 0.0000000000
62291  -50.430  -35.127  52.497 0.0000000000
62292  -50.948  -35.108  51.947 0.0000000000
61137  -51.576  -35.178  51.666 0.0000000000
62294  -52.718  -35.220  52.020 0.0000000000
62280  -52.924  -34.851  52.470 0.0000000000
63507  -52.434  -34.486  53.646 0.0000000000
66028  -53.581  -32.982  53.345 0.0000000000
67334  -54.309  -31.873  53.474 0.0000000000
67316  -54.424  -31.163  53.683 0.0000000000
51169  -39.778  -46.503  60.090 0.0000000000
50080  -39.086  -46.365  59.271 0.0000000000
51237  -39.163  -45.445  58.879 0.0000000000
52307  -38.632  -44.206  57.396 0.0000000000
53284  -38.569  -43.205  56.499 0.0000000000
56777  -41.779  -40.471  53.624 0.0000000000
57940  -41.415  -40.330  52.318 0.0000000000
56799  -40.907  -40.637  52.362 0.0000000000
57960  -40.424  -40.550  51.288 0.0000000000
57975  -40.328  -40.315  50.510 0.0000000000
57959  -39.779  -40.647  51.003 0.0000000000
57974  -39.373  -40.580  50.321 0.0000000000
57984  -38.535  -40.724  49.184 0.0000000000
57994  -37.544  -40.686  47.855 0.0000000000
58030  -37.511  -39.764  45.757 0.0000000000
59048  -38.707  -39.659  46.948 0.0000000000
64899  -42.747  -34.453  45.879 0.0000000000
64920  -43.368  -34.164  44.756 0.0000000000
75643  -49.513  -25.171  57.509 0.0000000000
75672  -50.168  -25.555  56.301 0.0000000000
76826  -50.664  -23.893  55.915 0.0000000000
76836  -50.325  -24.611  55.785 0.0000000000
75689  -50.049  -25.438  55.497 0.0000000000
75706  -49.763  -25.126  54.578 0.0000000000
75705  -49.410  -25.764  54.121 0.0000000000
76913  -54.037  -23.697  50.232 0.0000000000
76933  -54.444  -23.691  48.201 0.0000000000
75801  -52.904  -24.828  48.364 0.0000000000
75800  -52.490  -25.494  48.904 0.0000000000
74653  -52.032  -26.003  48.455 0.0000000000
74652  -51.440  -26.306  47.990 0.0000000000
73493  -50.927  -26.576  47.542 0.0000000000
74661  -50.791  -26.652  46.740 0.0000000000
74684  -51.309  -26.129  45.212 0.0000000000
74697  -51.166  -25.880  44.163 0.0000000000
74710  -51.311  -26.106  43.087 0.0000000000
74725  -51.413  -26.267  42.024 0.0000000000
77101  -56.938  -23.924  39.954 0.0000000000
77107  -56.077  -24.155  38.732 0.0000000000
77106  -55.402  -24.278  38.312 0.0000000000
46463  -22.019  -50.335  61.380 0.0000000000
45247  -23.776  -50.643  59.176 0.0000000000
44109  -23.179  -50.683  56.366 0.0000000000
44125  -23.184  -50.812  56.101 0.0000000000
46578  -27.245  -49.755  52.352 0.0000000000
46559  -26.794  -49.690  53.162 0.0000000000
46591  -26.533  -49.740  51.620 0.0000000000
46604  -25.986  -49.685  51.150 0.0000000000
47801  -25.681  -49.470  50.507 0.0000000000
47830  -25.842  -49.491  49.202 0.0000000000
47814  -25.340  -49.327  49.558 0.0000000000
44232  -24.587  -52.778  47.094 0.0000000000
43049  -24.828  -53.560  47.037 0.0000000000
44250  -25.341  -52.582  46.261 0.0000000000
48897  -34.359  -47.973  54.190 0.0000000000
50155  -33.464  -47.320  52.470 0.0000000000
50165  -33.271  -46.902  52.008 0.0000000000
51355  -33.318  -45.823  51.103 0.0000000000
51342  -33.118  -46.382  51.435 0.0000000000
51354  -32.730  -46.370  51.107 0.0000000000
51368  -31.962  -46.340  49.828 0.0000000000
50211  -31.686  -46.809  49.581 0.0000000000
51387  -31.039  -46.463  48.478 0.0000000000
64844  -46.077  -33.497  48.359 0.0000000000
66123  -46.319  -33.321  49.144 0.0000000000
66106  -47.316  -33.305  50.335 0.0000000000
67349  -45.910  -32.401  52.853 0.0000000000
67350  -46.562  -32.425  52.460 0.0000000000
66069  -48.427  -33.586  52.316 0.0000000000
64738  -48.804  -33.840  53.200 0.0000000000
64722  -49.030  -33.905  53.761 0.0000000000
64707  -49.679  -34.017  54.977 0.0000000000
63484  -50.025  -34.383  55.581 0.0000000000
64692  -50.228  -34.346  56.245 0.0000000000
64676  -50.476  -34.306  56.686 0.0000000000
55450  -42.087  -42.614  59.407 0.0000000000
54286  -42.787  -42.669  58.725 0.0000000000
54302  -43.278  -42.120  57.823 0.0000000000
55470  -44.001  -41.238  58.090 0.0000000000
55504  -43.440  -41.424  57.387 0.0000000000
55503  -42.953  -42.037  57.251 0.0000000000
55541  -42.549  -41.110  56.534 0.0000000000
56713  -42.460  -40.816  55.770 0.0000000000
56757  -42.724  -40.530  54.616 0.0000000000
57870  -44.676  -39.679  57.548 0.0000000000
57890  -44.526  -39.743  57.207 0.0000000000
57888  -44.274  -40.219  56.307 0.0000000000
57921  -44.294  -40.039  55.440 0.0000000000
57907  -44.141  -40.241  55.855 0.0000000000
56735  -43.525  -40.368  55.533 0.0000000000
57930  -42.382  -40.128  53.599 0.0000000000
57978  -42.368  -39.929  51.395 0.0000000000
59022  -41.954  -39.522  49.821 0.0000000000
59043  -41.074  -38.554  47.745 0.0000000000
60047  -41.565  -38.378  48.143 0.0000000000
60058  -41.703  -37.935  47.861 0.0000000000
62386  -42.339  -35.776  48.000 0.0000000000
61134  -43.532  -37.180  52.028 0.0000000000
63608  -42.697  -35.076  47.833 0.0000000000
66153  -45.098  -33.353  48.185 0.0000000000
76997  -56.965  -24.253  45.502 0.0000000000
76998  -57.874  -24.245  45.741 0.0000000000
77023  -57.569  -24.319  44.863 0.0000000000
77067  -57.794  -24.159  43.609 0.0000000000
78247  -57.862  -23.935  42.931 0.0000000000
78265  -57.855  -23.879  42.483 0.0000000000
78278  -57.826  -23.771  41.528 0.0000000000
78279  -58.628  -23.531  41.120 0.0000000000
78251  -60.983  -22.955  42.087 0.0000000000
78302  -59.501  -23.148  38.636 0.0000000000
78312  -58.468  -23.354  37.894 0.0000000000
44052  -27.212  -51.225  60.516 0.0000000000
44064  -27.110  -50.928  59.438 0.0000000000
44091  -27.411  -51.049  57.371 0.0000000000
44113  -27.743  -50.965  56.576 0.0000000000
45295  -27.871  -50.947  56.057 0.0000000000
42942  -31.200  -52.131  57.614 0.0000000000
44129  -30.643  -51.435  56.370 0.0000000000
44138  -30.031  -50.868  54.760 0.0000000000
45327  -29.444  -50.932  54.949 0.0000000000
45326  -28.919  -50.887  54.729 0.0000000000
45390  -28.107  -50.588  50.261 0.0000000000
46636  -27.754  -50.158  48.844 0.0000000000
46676  -27.877  -49.974  47.276 0.0000000000
54437  -33.434  -43.827  48.280 0.0000000000
64867  -46.562  -34.181  47.475 0.0000000000
63609  -47.364  -34.113  47.845 0.0000000000
62344  -49.607  -34.699  49.931 0.0000000000
62367  -49.546  -34.791  49.191 0.0000000000
71173  -55.017  -31.014  51.108 0.0000000000
71171  -54.670  -31.209  50.825 0.0000000000
71181  -54.329  -31.446  49.991 0.0000000000
69959  -53.215  -31.270  50.391 0.0000000000
45259  -36.888  -50.897  58.288 0.0000000000
45258  -36.288  -51.375  58.088 0.0000000000
45297  -36.468  -50.433  57.285 0.0000000000
46525  -36.442  -50.105  56.984 0.0000000000
47719  -37.177  -49.260  57.903 0.0000000000
47735  -36.786  -49.615  57.220 0.0000000000
47751  -36.451  -49.742  56.842 0.0000000000
47750  -35.969  -49.468  56.543 0.0000000000
48878  -35.769  -48.576  56.179 0.0000000000
50120  -35.722  -47.711  55.666 0.0000000000
51234  -37.433  -47.121  57.623 0.0000000000
51260  -37.457  -46.077  57.246 0.0000000000
51259  -37.212  -46.826  57.084 0.0000000000
51258  -36.728  -46.979  56.393 0.0000000000
51275  -35.682  -46.991  55.264 0.0000000000
50119  -35.309  -47.614  55.015 0.0000000000
52375  -34.887  -45.563  52.916 0.0000000000
52397  -35.056  -44.951  52.121 0.0000000000
53379  -34.828  -43.992  50.572 0.0000000000
53231  -42.337  -43.284  58.833 0.0000000000
53255  -41.735  -42.856  58.292 0.0000000000
53254  -41.216  -42.793  58.202 0.0000000000
54330  -41.084  -42.397  57.219 0.0000000000
53270  -40.567  -42.742  57.923 0.0000000000
54329  -39.722  -42.482  56.938 0.0000000000
54343  -38.384  -42.796  55.650 0.0000000000
56754  -40.490  -41.329  53.644 0.0000000000
55572  -39.769  -41.868  54.038 0.0000000000
56752  -39.295  -41.508  53.011 0.0000000000
55555  -39.137  -42.285  54.474 0.0000000000
54355  -38.181  -42.776  54.822 0.0000000000
54366  -37.269  -43.080  53.721 0.0000000000
54376  -36.690  -43.450  52.977 0.0000000000
55603  -37.222  -42.467  51.906 0.0000000000
54393  -36.870  -42.874  52.101 0.0000000000
54392  -36.422  -43.277  51.868 0.0000000000
54423  -35.272  -43.425  49.959 0.0000000000
54439  -34.986  -43.162  49.151 0.0000000000
63644  -41.985  -35.535  45.621 0.0000000000
46419  -22.561  -50.266  62.758 0.0000000000
46444  -23.053  -50.175  62.124 0.0000000000
45193  -24.206  -50.278  62.460 0.0000000000
44026  -25.641  -50.611  61.488 0.0000000000
44038  -26.422  -50.795  61.138 0.0000000000
44027  -26.274  -50.751  61.905 0.0000000000
44066  -28.737  -52.082  60.110 0.0000000000
44054  -28.663  -52.343  60.612 0.0000000000
42904  -29.307  -52.454  59.761 0.0000000000
42897  -30.468  -53.182  59.749 0.0000000000
42898  -31.027  -53.209  59.423 0.0000000000
41745  -31.041  -53.369  59.833 0.0000000000
41756  -31.945  -52.767  59.276 0.0000000000
41757  -32.539  -52.899  59.393 0.0000000000
42900  -35.192  -53.026  59.109 0.0000000000
42901  -35.771  -52.453  58.797 0.0000000000
44067  -36.246  -52.114  59.270 0.0000000000
44081  -36.727  -51.524  58.973 0.0000000000
45248  -37.266  -50.939  59.192 0.0000000000
46484  -37.626  -49.948  59.229 0.0000000000
47666  -37.458  -48.871  60.204 0.0000000000
47682  -37.647  -49.064  59.612 0.0000000000
47695  -37.739  -48.936  59.238 0.0000000000
47683  -38.028  -48.435  59.555 0.0000000000
50034  -38.628  -47.575  59.781 0.0000000000
50035  -39.130  -47.076  60.074 0.0000000000
50036  -39.871  -46.279  60.326 0.0000000000
51158  -41.292  -46.048  60.776 0.0000000000
52238  -40.003  -44.756  61.257 0.0000000000
52246  -40.566  -45.271  61.168 0.0000000000
52255  -41.194  -45.139  60.746 0.0000000000
53213  -41.090  -44.106  60.385 0.0000000000
54277  -41.732  -42.966  59.808 0.0000000000
55409  -39.683  -42.811  61.434 0.0000000000
55427  -40.185  -42.692  60.825 0.0000000000
55428  -41.106  -42.717  60.472 0.0000000000
55429  -41.583  -42.871  59.958 0.0000000000
55466  -42.074  -41.835  59.328 0.0000000000
56642  -42.407  -41.038  59.063 0.0000000000
58935  -41.743  -39.726  59.824 0.0000000000
57837  -43.039  -40.047  59.251 0.0000000000
58939  -44.714  -39.452  59.287 0.0000000000
58929  -45.294  -39.064  59.926 0.0000000000
58918  -44.315  -38.446  60.673 0.0000000000
58919  -44.904  -38.574  60.360 0.0000000000
59950  -45.590  -38.040  59.882 0.0000000000
61010  -45.530  -37.827  59.747 0.0000000000
63466  -45.274  -36.183  59.214 0.0000000000
65961  -44.786  -33.402  58.568 0.0000000000
67241  -44.504  -31.770  59.419 0.0000000000
68508  -44.770  -31.396  58.769 0.0000000000
69890  -46.577  -30.713  57.637 0.0000000000
71031  -44.407  -29.355  60.311 0.0000000000
71052  -44.834  -29.649  59.904 0.0000000000
72184  -45.556  -28.757  60.372 0.0000000000
71053  -45.478  -29.299  59.863 0.0000000000
71070  -45.884  -29.566  59.439 0.0000000000
69876  -46.917  -30.394  58.308 0.0000000000
69891  -47.171  -30.893  57.711 0.0000000000
69892  -47.524  -31.180  57.834 0.0000000000
67260  -48.253  -31.928  57.992 0.0000000000
67261  -48.576  -32.391  58.013 0.0000000000
68498  -48.552  -31.293  59.293 0.0000000000
67244  -48.734  -32.201  58.981 0.0000000000
65945  -49.011  -32.943  58.420 0.0000000000
65963  -49.711  -33.309  57.996 0.0000000000
64661  -50.292  -33.807  57.704 0.0000000000
64677  -50.687  -33.759  56.985 0.0000000000
72167  -48.023  -29.005  60.174 0.0000000000
69844  -49.280  -30.491  59.088 0.0000000000
71057  -49.491  -29.765  58.784 0.0000000000
69863  -49.836  -30.561  58.541 0.0000000000
68499  -49.763  -31.250  58.855 0.0000000000
67263  -50.295  -32.111  58.008 0.0000000000
65981  -50.813  -32.955  57.101 0.0000000000
65982  -51.420  -32.842  56.457 0.0000000000
65997  -51.625  -32.468  55.865 0.0000000000
67295  -52.157  -31.856  55.089 0.0000000000
68532  -52.015  -30.799  55.682 0.0000000000
68546  -53.188  -30.720  54.751 0.0000000000
68547  -53.780  -30.736  54.543 0.0000000000
69922  -54.779  -30.224  54.318 0.0000000000
74487  -51.734  -27.452  57.144 0.0000000000
74502  -52.000  -27.463  56.806 0.0000000000
73364  -51.661  -27.469  55.678 0.0000000000
73365  -52.229  -27.821  55.748 0.0000000000
72237  -53.122  -28.975  56.031 0.0000000000
71108  -53.938  -29.329  55.219 0.0000000000
72267  -54.333  -29.335  54.473 0.0000000000
71116  -55.092  -29.673  54.036 0.0000000000
71128  -54.809  -29.653  53.435 0.0000000000
71142  -53.126  -29.902  52.590 0.0000000000
71127  -51.567  -29.643  53.077 0.0000000000
71141  -52.100  -29.865  52.676 0.0000000000
71157  -52.521  -30.484  51.710 0.0000000000
69947  -51.633  -30.788  51.227 0.0000000000
69957  -51.131  -30.933  50.446 0.0000000000
76860  -51.252  -24.429  53.760 0.0000000000
75724  -50.242  -25.264  53.306 0.0000000000
74562  -49.638  -26.022  53.192 0.0000000000
76912  -53.496  -24.361  50.859 0.0000000000
75766  -53.134  -24.962  51.438 0.0000000000
74625  -52.053  -26.095  50.369 0.0000000000
74610  -52.140  -25.823  51.254 0.0000000000
74587  -51.645  -25.885  51.845 0.0000000000
74586  -50.924  -26.169  52.082 0.0000000000
74585  -50.058  -26.298  52.534 0.0000000000
74584  -49.378  -26.572  53.013 0.0000000000
72292  -48.852  -28.055  52.674 0.0000000000
71153  -48.607  -29.336  52.037 0.0000000000
72314  -48.671  -28.280  50.870 0.0000000000
72305  -48.372  -28.850  51.471 0.0000000000
71168  -48.922  -30.081  51.278 0.0000000000
69955  -49.148  -30.300  50.850 0.0000000000
69956  -50.047  -30.882  50.582 0.0000000000
69970  -50.414  -31.044  49.567 0.0000000000
69985  -49.649  -30.990  48.752 0.0000000000
68605  -48.950  -31.149  48.126 0.0000000000
68615  -48.451  -31.014  47.517 0.0000000000
70001  -48.139  -30.352  47.745 0.0000000000
70017  -47.923  -30.593  46.987 0.0000000000
68632  -48.408  -31.247  46.744 0.0000000000
70034  -47.744  -30.936  46.372 0.0000000000
68652  -47.423  -31.206  45.204 0.0000000000
73507  -50.121  -27.239  46.358 0.0000000000
73519  -49.093  -27.715  45.924 0.0000000000
73518  -48.597  -27.792  45.696 0.0000000000
73531  -48.519  -27.696  45.246 0.0000000000
72396  -47.179  -28.817  44.459 0.0000000000
71282  -47.044  -29.804  43.986 0.0000000000
75850  -54.507  -24.874  43.814 0.0000000000
77044  -55.596  -24.665  42.889 0.0000000000
75869  -53.949  -25.018  43.316 0.0000000000
75889  -53.294  -25.293  42.779 0.0000000000
75909  -52.740  -25.665  42.366 0.0000000000
77091  -55.471  -24.326  40.028 0.0000000000
77081  -54.753  -24.569  40.560 0.0000000000
75926  -53.213  -25.384  39.504 0.0000000000
75922  -53.030  -25.561  40.629 0.0000000000
74760  -52.676  -25.898  40.982 0.0000000000
74744  -50.748  -26.839  40.937 0.0000000000
46462  -21.437  -50.119  61.076 0.0000000000
46479  -21.232  -50.137  60.087 0.0000000000
46551  -19.638  -50.222  53.578 0.0000000000
44074  -25.644  -50.678  58.247 0.0000000000
44089  -25.197  -51.000  57.587 0.0000000000
45292  -24.956  -50.815  56.661 0.0000000000
44112  -24.774  -51.115  57.189 0.0000000000
45291  -24.063  -50.705  56.460 0.0000000000
45305  -23.514  -50.702  55.879 0.0000000000
46558  -25.895  -49.782  53.277 0.0000000000
46557  -24.936  -50.031  53.228 0.0000000000
47775  -24.227  -49.412  51.744 0.0000000000
46575  -24.473  -49.647  52.389 0.0000000000
45339  -23.470  -50.467  53.967 0.0000000000
45359  -22.025  -50.813  52.866 0.0000000000
45373  -21.178  -50.845  51.577 0.0000000000
46586  -21.491  -50.746  50.970 0.0000000000
44119  -35.483  -51.231  57.340 0.0000000000
44133  -35.156  -50.927  57.050 0.0000000000
44142  -34.391  -50.921  56.067 0.0000000000
45329  -34.664  -50.605  56.022 0.0000000000
44141  -34.076  -50.881  55.446 0.0000000000
44152  -33.440  -50.613  54.709 0.0000000000
44151  -32.700  -50.688  54.003 0.0000000000
44165  -32.099  -50.760  53.005 0.0000000000
48896  -33.816  -48.062  53.616 0.0000000000
47779  -33.604  -48.829  53.399 0.0000000000
47778  -33.117  -49.074  52.882 0.0000000000
48906  -32.504  -48.331  51.996 0.0000000000
47791  -32.548  -49.228  52.548 0.0000000000
46579  -32.611  -49.704  52.990 0.0000000000
45380  -32.344  -50.090  52.876 0.0000000000
45379  -31.921  -50.083  52.564 0.0000000000
45378  -31.413  -50.100  52.327 0.0000000000
46607  -30.094  -49.593  51.014 0.0000000000
47817  -30.346  -49.195  49.673 0.0000000000
47816  -29.605  -49.419  49.385 0.0000000000
46638  -28.980  -49.655  49.081 0.0000000000
46652  -28.716  -49.624  48.489 0.0000000000
47844  -28.235  -49.712  47.346 0.0000000000
47860  -27.585  -49.953  46.176 0.0000000000
53388  -32.956  -44.297  48.661 0.0000000000
53398  -32.078  -44.647  47.382 0.0000000000
52444  -31.614  -45.084  47.540 0.0000000000
51405  -30.730  -46.164  47.502 0.0000000000
51449  -30.619  -46.792  44.897 0.0000000000
51435  -30.453  -46.883  45.501 0.0000000000
50242  -30.391  -46.725  47.003 0.0000000000
50241  -30.145  -47.247  46.553 0.0000000000
48967  -29.714  -47.737  46.540 0.0000000000
48966  -29.241  -48.260  46.258 0.0000000000
47901  -29.791  -49.113  44.559 0.0000000000
49000  -29.125  -48.626  45.120 0.0000000000
48979  -28.887  -48.767  45.538 0.0000000000
47881  -28.296  -49.438  45.617 0.0000000000
46698  -27.928  -49.966  45.549 0.0000000000
45480  -27.564  -51.276  45.045 0.0000000000
41748  -33.409  -53.399  60.162 0.0000000000
41882  -24.663  -54.085  47.449 0.0000000000
42922  -30.205  -52.558  58.666 0.0000000000
42947  -34.540  -51.808  56.899 0.0000000000
42958  -33.873  -51.474  56.169 0.0000000000
43089  -26.521  -52.447  45.439 0.0000000000
44079  -35.713  -52.033  58.043 0.0000000000
44086  -23.417  -50.470  56.828 0.0000000000
44094  -30.704  -52.144  57.825 0.0000000000
44126  -23.422  -50.701  56.305 0.0000000000
44127  -28.913  -51.096  55.729 0.0000000000
44130  -33.811  -51.273  55.772 0.0000000000
44132  -34.648  -50.995  56.546 0.0000000000
44146  -29.515  -50.749  53.812 0.0000000000
44166  -32.438  -50.584  53.311 0.0000000000
44180  -31.381  -50.526  52.584 0.0000000000
44181  -31.745  -50.406  52.624 0.0000000000
44191  -29.966  -50.438  51.779 0.0000000000
44273  -27.040  -51.991  45.264 0.0000000000
45231  -22.082  -50.379  60.954 0.0000000000
45239  -37.248  -50.386  59.900 0.0000000000
45260  -37.395  -50.450  58.393 0.0000000000
45270  -23.833  -50.587  57.733 0.0000000000
45271  -25.119  -51.070  57.144 0.0000000000
45274  -36.206  -51.107  57.733 0.0000000000
45275  -36.577  -50.685  57.603 0.0000000000
45290  -23.650  -50.685  56.394 0.0000000000
45363  -32.638  -50.267  53.402 0.0000000000
45395  -31.402  -49.671  52.094 0.0000000000
45410  -29.725  -49.857  51.034 0.0000000000
45424  -28.292  -50.263  49.456 0.0000000000
45506  -28.147  -50.872  44.799 0.0000000000
45509  -30.400  -50.604  44.798 0.0000000000
46450  -36.842  -49.832  60.195 0.0000000000
46469  -37.387  -50.357  59.674 0.0000000000
46534  -36.178  -49.904  56.764 0.0000000000
46572  -20.518  -50.684  52.903 0.0000000000
46590  -25.651  -49.657  51.727 0.0000000000
46622  -28.579  -50.116  49.632 0.0000000000
47696  -38.040  -48.470  59.159 0.0000000000
47708  -37.988  -48.461  58.934 0.0000000000
47766  -33.511  -49.393  53.594 0.0000000000
47776  -24.631  -49.564  51.839 0.0000000000
47815  -26.106  -49.493  49.687 0.0000000000
47818  -30.966  -48.990  50.019 0.0000000000
47829  -25.386  -49.605  48.842 0.0000000000
47880  -27.799  -49.825  45.879 0.0000000000
48831  -38.388  -48.002  59.507 0.0000000000
48917  -32.612  -47.898  51.869 0.0000000000
48933  -30.525  -47.794  48.997 0.0000000000
48965  -28.635  -48.988  46.129 0.0000000000
48980  -29.280  -48.265  45.362 0.0000000000
50009  -38.604  -46.933  60.565 0.0000000000
50144  -34.402  -47.338  53.687 0.0000000000
50163  -32.466  -47.419  51.302 0.0000000000
50177  -32.524  -47.037  51.152 0.0000000000
50191  -30.889  -47.557  49.198 0.0000000000
50194  -32.353  -46.803  50.761 0.0000000000
50228  -30.355  -46.654  47.339 0.0000000000
50240  -29.811  -47.698  46.113 0.0000000000
50271  -29.557  -47.950  45.117 0.0000000000
51147  -38.933  -46.154  61.307 0.0000000000
51149  -40.008  -45.582  60.672 0.0000000000
51156  -39.871  -45.906  60.562 0.0000000000
51186  -40.367  -45.421  59.886 0.0000000000
51292  -35.502  -46.509  54.649 0.0000000000
51312  -34.410  -46.746  53.248 0.0000000000
51330  -34.576  -46.292  53.124 0.0000000000
51404  -30.388  -46.643  47.620 0.0000000000
51421  -30.442  -47.046  46.005 0.0000000000
51422  -30.667  -46.456  46.301 0.0000000000
52247  -41.088  -44.821  60.970 0.0000000000
52262  -40.917  -45.186  60.120 0.0000000000
52421  -32.627  -45.321  49.892 0.0000000000
52445  -31.964  -44.823  48.295 0.0000000000
52458  -31.125  -45.618  45.916 0.0000000000
52473  -31.472  -45.173  45.726 0.0000000000
53241  -42.417  -43.108  58.588 0.0000000000
53295  -37.728  -43.418  55.279 0.0000000000
53364  -34.811  -44.316  51.120 0.0000000000
53409  -32.149  -44.558  46.780 0.0000000000
54264  -40.202  -43.152  61.318 0.0000000000
54267  -41.579  -43.463  60.034 0.0000000000
54315  -42.051  -42.543  57.902 0.0000000000
54317  -43.202  -42.026  57.554 0.0000000000
54328  -39.207  -42.661  56.751 0.0000000000
54354  -37.560  -43.139  54.434 0.0000000000
55451  -42.705  -42.569  59.020 0.0000000000
55487  -43.678  -41.488  57.837 0.0000000000
55488  -44.129  -41.098  57.948 0.0000000000
55519  -42.892  -41.152  56.917 0.0000000000
55542  -42.882  -40.789  56.721 0.0000000000
55573  -40.437  -41.604  54.407 0.0000000000
55602  -36.881  -42.642  51.365 0.0000000000
56623  -40.920  -41.599  59.737 0.0000000000
56640  -40.890  -41.004  59.686 0.0000000000
56645  -44.109  -40.800  57.990 0.0000000000
56664  -43.962  -41.072  57.833 0.0000000000
56693  -43.431  -40.790  56.823 0.0000000000
57834  -40.659  -40.632  60.006 0.0000000000
57840  -45.070  -39.618  58.513 0.0000000000
57889  -44.405  -40.009  56.853 0.0000000000
58006  -38.734  -40.157  48.082 0.0000000000
58924  -41.371  -39.798  60.269 0.0000000000
58958  -44.522  -39.657  56.693 0.0000000000
59976  -44.636  -38.745  57.047 0.0000000000
59983  -44.649  -38.728  56.473 0.0000000000
60020  -43.696  -38.225  52.399 0.0000000000
61068  -51.167  -35.313  54.638 0.0000000000
61082  -50.937  -35.483  54.296 0.0000000000
61083  -51.060  -35.474  54.431 0.0000000000
61084  -51.377  -35.211  54.098 0.0000000000
61136  -51.292  -35.123  51.936 0.0000000000
61209  -41.469  -37.093  46.908 0.0000000000
62238  -45.022  -36.903  58.535 0.0000000000
62239  -50.937  -35.099  55.811 0.0000000000
62240  -51.108  -34.862  55.920 0.0000000000
62241  -51.182  -34.691  56.081 0.0000000000
62247  -44.507  -36.133  56.327 0.0000000000
62249  -50.901  -34.866  55.661 0.0000000000
62259  -51.048  -35.232  54.927 0.0000000000
62267  -50.797  -35.273  54.438 0.0000000000
62268  -50.953  -35.364  54.638 0.0000000000
62278  -51.930  -35.064  52.717 0.0000000000
62365  -42.054  -36.466  48.347 0.0000000000
63443  -45.184  -35.763  60.073 0.0000000000
63475  -50.989  -34.548  56.416 0.0000000000
63486  -51.767  -34.178  55.438 0.0000000000
63487  -52.037  -34.219  55.253 0.0000000000
63494  -50.075  -34.412  55.213 0.0000000000
63498  -52.577  -34.091  53.987 0.0000000000
63508  -52.823  -34.194  53.429 0.0000000000
63526  -49.208  -34.600  52.075 0.0000000000
63528  -50.066  -35.105  52.654 0.0000000000
63557  -48.526  -34.138  50.191 0.0000000000
63559  -49.647  -34.689  50.643 0.0000000000
64662  -50.436  -33.518  57.899 0.0000000000
64679  -51.544  -33.307  55.954 0.0000000000
64691  -49.904  -34.238  55.819 0.0000000000
65962  -49.017  -33.107  57.621 0.0000000000
65983  -51.674  -33.062  55.804 0.0000000000
66012  -51.911  -32.301  55.303 0.0000000000
66023  -44.672  -33.518  54.680 0.0000000000
66027  -53.078  -32.547  53.992 0.0000000000
67227  -49.085  -31.356  59.412 0.0000000000
67245  -49.332  -32.246  59.316 0.0000000000
67247  -50.026  -31.655  58.666 0.0000000000
67258  -44.628  -31.555  58.986 0.0000000000
67262  -50.255  -32.660  58.553 0.0000000000
67264  -50.704  -31.757  57.285 0.0000000000
67283  -52.280  -31.329  55.298 0.0000000000
67297  -53.464  -31.240  54.478 0.0000000000
67314  -53.498  -31.805  54.153 0.0000000000
67333  -53.867  -31.811  53.846 0.0000000000
67336  -55.246  -31.475  52.473 0.0000000000
67367  -55.355  -32.678  51.034 0.0000000000
68483  -48.548  -30.670  59.842 0.0000000000
68510  -47.890  -31.534  58.042 0.0000000000
68559  -54.299  -30.683  54.185 0.0000000000
68576  -56.046  -31.777  50.912 0.0000000000
69813  -47.697  -29.436  61.573 0.0000000000
69859  -44.882  -30.247  59.336 0.0000000000
69864  -50.257  -30.483  57.942 0.0000000000
69893  -51.722  -29.869  55.982 0.0000000000
69894  -52.453  -29.716  55.768 0.0000000000
69904  -53.019  -29.990  55.201 0.0000000000
69905  -53.722  -29.983  55.124 0.0000000000
69914  -54.114  -30.218  54.786 0.0000000000
69923  -55.235  -30.256  53.714 0.0000000000
69936  -55.360  -30.634  51.846 0.0000000000
69944  -49.387  -30.274  51.314 0.0000000000
69949  -55.277  -31.151  51.252 0.0000000000
71036  -48.480  -29.644  60.099 0.0000000000
71109  -54.292  -29.690  54.851 0.0000000000
71117  -55.413  -30.027  53.570 0.0000000000
71125  -49.986  -29.209  53.415 0.0000000000
71130  -55.305  -30.477  52.435 0.0000000000
71137  -48.620  -29.133  52.436 0.0000000000
71145  -55.353  -30.555  52.154 0.0000000000
71161  -55.231  -31.002  50.995 0.0000000000
71167  -48.501  -29.744  51.149 0.0000000000
71172  -54.876  -31.194  50.921 0.0000000000
71216  -47.616  -29.787  46.470 0.0000000000
72185  -45.981  -29.119  60.230 0.0000000000
72197  -49.606  -29.001  58.259 0.0000000000
72249  -52.711  -28.411  55.851 0.0000000000
72251  -54.066  -29.172  54.963 0.0000000000
72262  -49.467  -27.871  54.204 0.0000000000
72291  -48.591  -28.810  52.246 0.0000000000
72294  -53.278  -29.029  52.979 0.0000000000
72323  -48.602  -28.349  50.300 0.0000000000
72381  -48.152  -28.056  45.852 0.0000000000
73312  -52.067  -28.337  57.468 0.0000000000
73325  -51.696  -27.641  57.373 0.0000000000
73343  -52.352  -27.860  56.449 0.0000000000
73418  -49.428  -27.123  52.449 0.0000000000
73455  -48.693  -28.086  49.707 0.0000000000
73472  -48.700  -28.016  49.369 0.0000000000
74454  -50.166  -27.633  57.690 0.0000000000
75618  -48.960  -26.880  58.500 0.0000000000
75659  -49.754  -24.858  57.222 0.0000000000
75723  -49.558  -25.803  53.557 0.0000000000
75779  -52.368  -25.484  50.639 0.0000000000
75809  -52.782  -24.828  47.564 0.0000000000
76862  -53.002  -24.268  53.152 0.0000000000
76873  -53.212  -24.561  52.479 0.0000000000
76934  -55.306  -23.467  47.747 0.0000000000
77019  -53.897  -24.660  44.530 0.0000000000
77020  -54.432  -24.640  44.447 0.0000000000
77047  -58.079  -24.209  44.190 0.0000000000
77118  -56.521  -23.965  38.471 0.0000000000
78250  -60.264  -23.268  42.398 0.0000000000
79347  -56.662  -22.253  48.985 0.0000000000
