#!ascii label  , from subject 3060 vox2ras=TkReg
1010
61148  -34.984  -37.866  50.397 0.0000000000
53297  -18.682  -44.398  52.882 0.0000000000
55640  -28.174  -42.656  47.502 0.0000000000
86330  -49.579  -16.350  36.086 0.0000000000
87477  -55.665  -15.045  30.572 0.0000000000
53235  -11.234  -43.656  57.332 0.0000000000
83155  -45.645  -18.263  37.767 0.0000000000
63570  -39.118  -35.817  49.097 0.0000000000
60037  -31.074  -38.988  49.164 0.0000000000
54337  -15.011  -43.318  55.039 0.0000000000
51194  -15.437  -47.184  57.983 0.0000000000
64857  -31.437  -33.927  46.643 0.0000000000
64894  -33.986  -34.783  45.201 0.0000000000
52408  -23.946  -45.347  50.430 0.0000000000
64833  -26.320  -34.118  49.211 0.0000000000
74755  -41.690  -26.562  39.546 0.0000000000
78290  -45.251  -23.434  38.738 0.0000000000
80788  -49.971  -22.922  36.228 0.0000000000
48821  -6.979  -48.640  59.247 0.0000000000
46405  -4.137  -50.377  61.786 0.0000000000
68674  -35.372  -32.077  44.106 0.0000000000
72409  -34.597  -28.880  42.725 0.0000000000
72463  -37.949  -28.589  40.311 0.0000000000
48837  -10.557  -48.497  58.269 0.0000000000
52301  -18.926  -46.322  55.558 0.0000000000
52324  -21.009  -46.548  53.881 0.0000000000
61146  -32.834  -38.106  50.446 0.0000000000
56739  -17.256  -42.056  53.106 0.0000000000
53286  -16.838  -44.320  53.511 0.0000000000
52298  -16.285  -46.472  55.278 0.0000000000
64795  -31.383  -33.100  50.584 0.0000000000
66145  -28.521  -33.206  47.800 0.0000000000
78285  -40.477  -23.115  39.529 0.0000000000
78273  -42.887  -24.500  39.217 0.0000000000
80757  -42.651  -21.352  38.640 0.0000000000
82022  -46.749  -20.255  35.761 0.0000000000
83177  -48.915  -19.074  35.244 0.0000000000
82026  -51.344  -21.157  35.321 0.0000000000
84253  -50.627  -18.134  34.329 0.0000000000
86346  -52.637  -17.145  33.500 0.0000000000
67387  -35.350  -31.979  48.452 0.0000000000
66172  -35.370  -33.844  45.094 0.0000000000
70013  -33.870  -30.783  47.059 0.0000000000
73542  -32.287  -27.558  43.437 0.0000000000
75880  -33.620  -25.497  42.026 0.0000000000
72449  -36.142  -28.800  40.982 0.0000000000
75915  -36.636  -25.660  40.479 0.0000000000
74737  -38.099  -25.791  40.655 0.0000000000
53377  -26.557  -44.783  48.759 0.0000000000
52265  -8.916  -45.445  58.652 0.0000000000
51213  -10.399  -46.014  57.260 0.0000000000
44021  -3.565  -52.777  62.150 0.0000000000
43988  -1.652  -52.635  63.251 0.0000000000
83111  -43.726  -19.017  40.527 0.0000000000
66120  -40.658  -33.842  48.746 0.0000000000
57993  -30.198  -41.032  48.105 0.0000000000
54309  -13.148  -43.048  56.324 0.0000000000
51240  -13.014  -46.104  56.029 0.0000000000
52285  -14.939  -46.365  56.260 0.0000000000
87491  -57.404  -14.755  29.686 0.0000000000
62360  -32.330  -37.391  47.385 0.0000000000
61194  -34.220  -37.299  46.884 0.0000000000
64874  -32.894  -34.874  46.166 0.0000000000
55593  -19.173  -42.928  51.524 0.0000000000
53316  -21.256  -45.214  51.660 0.0000000000
55611  -21.551  -43.030  50.104 0.0000000000
55625  -23.691  -42.516  48.791 0.0000000000
55652  -25.806  -41.709  46.992 0.0000000000
60026  -24.660  -37.582  49.355 0.0000000000
60053  -26.700  -38.801  46.648 0.0000000000
62356  -28.313  -36.580  46.753 0.0000000000
62376  -30.204  -36.092  46.756 0.0000000000
72434  -42.992  -29.463  41.718 0.0000000000
80772  -44.615  -21.221  37.737 0.0000000000
79493  -47.156  -23.383  37.525 0.0000000000
86353  -53.670  -16.993  32.722 0.0000000000
47657  -5.129  -49.503  60.574 0.0000000000
45186  -5.368  -52.131  61.517 0.0000000000
62415  -36.394  -36.126  46.141 0.0000000000
64878  -38.445  -34.281  46.202 0.0000000000
68650  -38.258  -31.595  45.192 0.0000000000
71246  -31.705  -29.733  44.676 0.0000000000
71248  -34.348  -30.113  43.425 0.0000000000
71226  -36.960  -29.438  45.136 0.0000000000
72391  -37.370  -28.992  44.338 0.0000000000
71278  -39.250  -30.536  43.573 0.0000000000
70091  -41.293  -30.555  42.309 0.0000000000
73588  -40.367  -27.662  40.008 0.0000000000
75906  -39.374  -24.401  40.824 0.0000000000
51307  -23.626  -46.603  53.285 0.0000000000
51162  -7.553  -45.895  59.719 0.0000000000
48823  -8.968  -48.528  58.442 0.0000000000
50066  -12.723  -47.997  57.962 0.0000000000
44002  -0.010  -52.414  63.602 0.0000000000
52321  -18.672  -45.779  54.130 0.0000000000
52313  -19.979  -46.387  54.918 0.0000000000
52338  -19.524  -45.685  53.405 0.0000000000
61147  -33.826  -37.860  50.428 0.0000000000
54360  -17.797  -43.459  53.083 0.0000000000
55547  -16.799  -42.635  53.341 0.0000000000
54350  -17.818  -44.124  53.303 0.0000000000
53278  -17.653  -45.582  53.847 0.0000000000
80742  -40.030  -21.386  40.366 0.0000000000
79472  -41.189  -22.498  39.139 0.0000000000
81988  -41.253  -20.487  39.940 0.0000000000
85235  -48.815  -16.560  37.140 0.0000000000
84241  -47.732  -18.082  36.116 0.0000000000
84252  -49.362  -17.973  34.852 0.0000000000
83191  -49.933  -19.174  34.637 0.0000000000
85268  -50.079  -17.128  34.894 0.0000000000
85281  -50.813  -17.070  34.372 0.0000000000
68611  -34.327  -31.025  47.375 0.0000000000
77033  -33.002  -24.626  42.976 0.0000000000
75901  -35.209  -25.506  41.138 0.0000000000
77076  -35.523  -24.362  41.761 0.0000000000
75882  -36.995  -23.884  42.360 0.0000000000
54420  -27.236  -44.196  48.312 0.0000000000
53340  -27.320  -45.355  50.126 0.0000000000
53362  -28.537  -44.636  49.598 0.0000000000
52272  -9.728  -45.072  57.597 0.0000000000
53246  -11.102  -44.441  57.002 0.0000000000
86365  -55.446  -16.154  30.689 0.0000000000
43989  -2.453  -52.891  62.832 0.0000000000
62305  -39.979  -36.368  51.862 0.0000000000
64821  -40.220  -35.071  48.740 0.0000000000
60046  -29.891  -39.032  47.861 0.0000000000
59010  -31.259  -39.913  49.986 0.0000000000
55528  -15.128  -42.232  54.716 0.0000000000
55508  -14.194  -42.055  55.769 0.0000000000
55507  -13.576  -42.334  56.242 0.0000000000
54322  -13.804  -43.191  56.031 0.0000000000
53261  -13.841  -44.435  55.817 0.0000000000
53262  -14.893  -44.571  55.138 0.0000000000
51244  -17.954  -46.870  56.305 0.0000000000
51243  -17.029  -46.917  56.262 0.0000000000
63603  -31.418  -35.319  45.948 0.0000000000
63618  -32.221  -35.577  45.732 0.0000000000
64873  -32.124  -34.692  46.129 0.0000000000
56787  -19.971  -41.669  51.165 0.0000000000
55595  -20.725  -42.680  50.672 0.0000000000
56788  -20.747  -41.203  50.935 0.0000000000
55613  -23.206  -41.029  49.793 0.0000000000
56819  -24.695  -41.585  48.596 0.0000000000
55637  -25.107  -42.472  47.916 0.0000000000
56820  -24.630  -40.306  49.117 0.0000000000
63552  -26.203  -33.809  51.169 0.0000000000
62333  -25.293  -35.597  49.038 0.0000000000
60034  -25.107  -37.982  47.973 0.0000000000
61175  -26.164  -37.350  47.239 0.0000000000
61191  -27.091  -38.140  46.677 0.0000000000
62355  -26.948  -36.167  46.785 0.0000000000
66147  -29.988  -33.551  47.104 0.0000000000
64855  -29.303  -34.212  46.917 0.0000000000
63602  -30.487  -35.153  46.025 0.0000000000
62359  -31.428  -37.178  47.295 0.0000000000
73576  -42.743  -28.256  40.701 0.0000000000
73559  -44.215  -28.703  41.472 0.0000000000
74741  -43.170  -27.174  40.380 0.0000000000
78288  -43.471  -23.533  39.026 0.0000000000
78262  -44.990  -25.069  39.525 0.0000000000
83126  -44.408  -18.780  39.677 0.0000000000
83138  -43.766  -19.842  38.772 0.0000000000
83154  -45.064  -19.490  37.664 0.0000000000
80800  -47.928  -21.799  35.622 0.0000000000
80785  -46.081  -21.471  36.202 0.0000000000
79511  -47.775  -22.942  36.541 0.0000000000
79494  -48.297  -23.580  37.735 0.0000000000
86352  -52.975  -16.526  32.874 0.0000000000
87472  -53.000  -15.374  32.389 0.0000000000
87473  -53.472  -15.409  31.882 0.0000000000
50014  -6.499  -47.185  59.642 0.0000000000
48795  -6.010  -48.089  60.930 0.0000000000
47671  -6.294  -49.569  59.901 0.0000000000
45187  -6.262  -52.311  61.475 0.0000000000
44006  -5.376  -53.702  62.967 0.0000000000
62411  -33.820  -36.018  45.221 0.0000000000
62397  -35.190  -36.892  46.518 0.0000000000
63639  -35.021  -35.552  44.863 0.0000000000
67420  -35.734  -33.103  44.265 0.0000000000
66183  -36.537  -34.105  44.572 0.0000000000
67422  -37.383  -33.411  44.611 0.0000000000
66174  -38.672  -33.466  45.698 0.0000000000
68676  -37.456  -32.236  44.309 0.0000000000
73513  -31.246  -27.712  45.779 0.0000000000
72428  -33.483  -28.276  42.474 0.0000000000
71273  -32.703  -29.599  43.370 0.0000000000
71275  -34.946  -29.286  43.134 0.0000000000
71250  -36.391  -29.878  43.756 0.0000000000
72389  -35.750  -29.268  43.384 0.0000000000
72352  -37.242  -28.949  45.624 0.0000000000
72411  -36.273  -29.050  43.055 0.0000000000
72462  -37.163  -28.653  40.503 0.0000000000
71299  -37.604  -29.629  42.361 0.0000000000
71321  -38.436  -30.092  41.453 0.0000000000
70068  -39.815  -30.766  42.932 0.0000000000
71337  -39.836  -29.787  41.008 0.0000000000
72451  -40.845  -29.580  40.939 0.0000000000
73587  -39.344  -27.789  40.104 0.0000000000
75884  -38.688  -23.826  41.844 0.0000000000
75905  -38.940  -24.624  41.029 0.0000000000
75885  -39.092  -24.016  41.734 0.0000000000
52390  -22.445  -45.555  51.362 0.0000000000
52367  -22.265  -45.923  52.168 0.0000000000
52369  -24.158  -46.154  51.902 0.0000000000
50064  -10.058  -47.482  57.910 0.0000000000
48835  -9.140  -47.785  58.437 0.0000000000
48824  -10.288  -49.089  58.726 0.0000000000
51216  -13.656  -46.822  56.569 0.0000000000
51191  -12.733  -47.478  57.293 0.0000000000
50068  -14.264  -47.754  58.646 0.0000000000
51246  -19.546  -46.720  56.301 0.0000000000
51247  -20.372  -46.921  56.012 0.0000000000
51248  -21.461  -47.176  56.018 0.0000000000
51265  -22.963  -46.993  55.068 0.0000000000
61161  -31.231  -38.431  48.989 0.0000000000
60016  -32.026  -39.477  50.358 0.0000000000
56704  -16.272  -41.205  53.894 0.0000000000
55529  -15.875  -42.333  54.204 0.0000000000
53276  -15.636  -44.308  54.567 0.0000000000
53263  -15.766  -45.427  54.827 0.0000000000
52309  -16.713  -46.183  54.615 0.0000000000
52300  -18.157  -46.473  55.442 0.0000000000
66116  -30.848  -33.183  48.647 0.0000000000
64837  -32.489  -34.068  48.127 0.0000000000
66094  -27.516  -32.864  51.132 0.0000000000
64834  -27.045  -33.789  48.422 0.0000000000
66097  -30.260  -32.824  50.143 0.0000000000
75918  -40.982  -25.403  39.358 0.0000000000
75919  -42.232  -25.888  39.102 0.0000000000
77097  -41.991  -24.442  38.934 0.0000000000
79473  -42.348  -22.514  38.754 0.0000000000
79474  -43.512  -22.500  38.523 0.0000000000
83162  -45.871  -19.117  36.443 0.0000000000
83163  -46.891  -18.704  36.204 0.0000000000
82038  -47.363  -19.673  35.737 0.0000000000
82024  -48.668  -20.503  35.316 0.0000000000
80802  -50.552  -22.268  35.539 0.0000000000
82040  -50.538  -20.222  34.804 0.0000000000
83192  -51.028  -19.383  34.525 0.0000000000
84255  -52.550  -19.130  34.557 0.0000000000
84267  -51.573  -17.910  34.167 0.0000000000
86344  -51.123  -16.173  34.163 0.0000000000
47673  -8.287  -50.435  59.513 0.0000000000
46455  -7.676  -50.867  59.983 0.0000000000
46433  -8.204  -51.545  60.966 0.0000000000
66149  -35.147  -33.109  47.030 0.0000000000
66171  -34.997  -34.231  45.378 0.0000000000
67401  -35.268  -32.583  46.183 0.0000000000
68629  -34.925  -31.746  46.428 0.0000000000
68648  -34.117  -31.340  45.412 0.0000000000
74679  -31.364  -26.795  45.022 0.0000000000
75839  -32.478  -25.071  44.477 0.0000000000
74719  -33.312  -26.547  42.295 0.0000000000
73557  -33.709  -27.439  42.052 0.0000000000
72431  -35.963  -28.835  42.102 0.0000000000
73573  -35.240  -27.429  41.195 0.0000000000
73583  -35.807  -27.265  40.707 0.0000000000
74750  -36.994  -26.731  40.250 0.0000000000
74751  -37.842  -26.775  40.277 0.0000000000
75916  -37.410  -25.917  40.378 0.0000000000
53359  -25.243  -45.111  49.623 0.0000000000
52393  -25.601  -45.870  51.041 0.0000000000
52394  -26.718  -45.700  50.773 0.0000000000
52271  -9.301  -45.617  58.014 0.0000000000
50084  -10.757  -47.047  57.409 0.0000000000
45166  -3.825  -50.982  62.150 0.0000000000
46382  -3.673  -50.175  62.715 0.0000000000
45165  -3.213  -51.487  62.453 0.0000000000
45148  -2.121  -51.064  63.432 0.0000000000
45147  -1.144  -51.589  63.787 0.0000000000
68595  -41.033  -31.957  48.511 0.0000000000
56830  -28.928  -41.730  47.281 0.0000000000
55615  -29.765  -43.353  48.755 0.0000000000
55478  -12.779  -41.537  57.539 0.0000000000
54308  -12.283  -42.946  56.707 0.0000000000
53247  -11.817  -44.149  56.672 0.0000000000
53248  -12.956  -44.257  56.339 0.0000000000
52283  -13.733  -46.399  55.946 0.0000000000
51217  -14.736  -46.840  56.971 0.0000000000
52297  -15.440  -46.013  55.776 0.0000000000
51218  -15.698  -46.866  56.910 0.0000000000
51195  -16.391  -46.981  58.098 0.0000000000
88605  -56.771  -14.095  30.266 0.0000000000
61164  -34.021  -37.789  48.955 0.0000000000
61180  -35.004  -37.673  48.296 0.0000000000
62380  -33.628  -37.383  46.963 0.0000000000
62395  -33.530  -36.500  45.629 0.0000000000
64875  -33.648  -34.761  45.947 0.0000000000
64838  -33.419  -34.249  48.085 0.0000000000
64839  -34.208  -34.169  47.946 0.0000000000
64840  -34.735  -33.626  47.613 0.0000000000
66134  -35.240  -32.804  48.428 0.0000000000
54362  -18.550  -44.052  52.327 0.0000000000
53299  -20.093  -45.393  52.472 0.0000000000
54373  -19.804  -44.048  51.675 0.0000000000
54387  -20.930  -43.883  50.667 0.0000000000
54401  -22.177  -43.816  49.777 0.0000000000
55597  -22.324  -40.735  50.547 0.0000000000
55624  -23.160  -43.344  48.957 0.0000000000
53374  -23.707  -44.415  49.263 0.0000000000
54418  -24.754  -43.596  48.306 0.0000000000
54435  -26.420  -43.444  47.574 0.0000000000
55639  -26.898  -42.759  47.117 0.0000000000
59008  -24.760  -38.328  50.295 0.0000000000
59017  -24.700  -38.685  48.828 0.0000000000
58000  -26.537  -40.427  46.511 0.0000000000
58001  -27.678  -40.651  46.355 0.0000000000
59039  -28.630  -39.778  46.422 0.0000000000
60045  -29.078  -38.993  47.337 0.0000000000
61159  -29.626  -37.887  47.548 0.0000000000
63599  -27.840  -34.648  47.200 0.0000000000
63585  -28.765  -35.838  46.583 0.0000000000
62334  -30.069  -37.449  47.640 0.0000000000
62336  -31.288  -37.760  48.132 0.0000000000
62337  -32.077  -37.631  48.368 0.0000000000
56762  -18.447  -42.419  52.441 0.0000000000
75907  -44.266  -26.272  40.067 0.0000000000
81990  -43.236  -20.252  38.763 0.0000000000
80758  -43.818  -21.411  38.182 0.0000000000
80759  -44.383  -21.832  37.863 0.0000000000
82012  -45.509  -20.391  36.543 0.0000000000
79509  -45.668  -22.249  36.964 0.0000000000
79476  -45.653  -23.188  38.190 0.0000000000
79478  -47.616  -23.709  38.603 0.0000000000
85303  -54.641  -17.153  31.595 0.0000000000
86364  -54.644  -16.249  31.262 0.0000000000
88599  -54.731  -14.233  31.504 0.0000000000
48780  -5.373  -48.150  61.604 0.0000000000
47646  -4.606  -49.288  61.382 0.0000000000
46431  -5.826  -50.745  60.244 0.0000000000
45206  -5.632  -51.477  61.088 0.0000000000
46429  -4.442  -51.026  61.286 0.0000000000
44022  -4.372  -53.178  62.176 0.0000000000
61181  -36.057  -37.590  48.552 0.0000000000
62363  -37.130  -37.304  48.529 0.0000000000
62384  -38.072  -36.241  47.696 0.0000000000
63660  -35.755  -35.313  44.815 0.0000000000
63642  -37.314  -35.256  45.978 0.0000000000
63606  -38.865  -34.966  47.682 0.0000000000
66136  -39.964  -33.889  47.815 0.0000000000
67394  -39.770  -32.274  47.127 0.0000000000
68613  -39.511  -31.561  46.935 0.0000000000
71225  -32.579  -30.226  45.949 0.0000000000
68647  -33.489  -31.054  44.778 0.0000000000
72388  -31.664  -28.742  44.324 0.0000000000
71247  -32.061  -30.115  43.956 0.0000000000
70050  -35.265  -30.866  43.870 0.0000000000
70051  -36.271  -31.144  43.817 0.0000000000
70014  -38.053  -30.534  45.685 0.0000000000
72432  -36.742  -29.213  42.517 0.0000000000
71251  -38.734  -29.542  44.201 0.0000000000
71303  -42.240  -30.136  42.200 0.0000000000
73575  -41.831  -28.420  40.536 0.0000000000
73589  -41.527  -27.572  40.049 0.0000000000
74753  -39.468  -26.536  40.106 0.0000000000
74754  -40.307  -26.165  39.780 0.0000000000
77077  -39.585  -23.617  40.687 0.0000000000
79446  -39.830  -21.623  41.063 0.0000000000
52340  -21.098  -46.323  52.919 0.0000000000
52326  -22.513  -46.570  53.539 0.0000000000
52344  -24.776  -46.532  52.712 0.0000000000
50038  -6.959  -47.906  58.690 0.0000000000
51163  -8.166  -45.786  59.434 0.0000000000
50039  -7.631  -47.195  58.797 0.0000000000
48822  -7.836  -48.649  58.737 0.0000000000
47687  -8.758  -49.757  58.969 0.0000000000
52281  -11.528  -45.388  56.615 0.0000000000
50085  -11.802  -47.423  57.270 0.0000000000
50065  -11.459  -48.319  58.045 0.0000000000
42838  -1.541  -53.704  63.130 0.0000000000
43987  -0.965  -52.643  63.825 0.0000000000
46360  -0.442  -50.837  64.229 0.0000000000
61149  -36.157  -37.829  50.455 0.0000000000
53288  -18.441  -44.994  53.470 0.0000000000
52322  -19.256  -45.820  54.004 0.0000000000
53289  -19.179  -45.252  53.452 0.0000000000
54361  -18.263  -43.912  52.915 0.0000000000
81970  -40.973  -20.303  41.571 0.0000000000
80743  -40.465  -20.986  40.121 0.0000000000
81979  -41.100  -20.458  40.995 0.0000000000
85253  -49.189  -16.559  36.294 0.0000000000
84242  -48.367  -17.558  35.996 0.0000000000
85267  -49.337  -16.981  35.533 0.0000000000
86338  -49.933  -16.323  35.671 0.0000000000
77055  -34.958  -24.259  42.114 0.0000000000
54421  -28.311  -43.730  48.248 0.0000000000
54403  -28.177  -44.255  48.993 0.0000000000
54293  -11.192  -42.564  58.080 0.0000000000
53234  -10.495  -43.952  57.677 0.0000000000
86374  -56.189  -16.087  30.184 0.0000000000
87479  -56.239  -15.009  30.221 0.0000000000
63553  -39.909  -35.921  50.135 0.0000000000
64801  -40.708  -34.737  50.228 0.0000000000
64800  -40.048  -35.482  49.506 0.0000000000
60036  -30.502  -38.964  48.544 0.0000000000
59018  -30.998  -39.879  49.045 0.0000000000
60027  -31.131  -39.449  49.309 0.0000000000
55527  -14.657  -42.565  55.217 0.0000000000
54323  -14.338  -43.364  55.429 0.0000000000
56809  -24.194  -39.607  50.536 0.0000000000
56808  -23.970  -40.528  49.806 0.0000000000
64792  -26.151  -33.865  50.660 0.0000000000
63551  -25.791  -34.419  50.776 0.0000000000
63568  -25.813  -34.749  49.668 0.0000000000
62354  -25.855  -35.825  47.712 0.0000000000
63582  -26.069  -34.749  48.491 0.0000000000
66148  -30.597  -33.711  46.887 0.0000000000
64856  -30.193  -34.246  46.558 0.0000000000
73590  -42.379  -27.215  40.123 0.0000000000
74756  -42.720  -26.574  39.858 0.0000000000
78289  -44.483  -23.388  38.926 0.0000000000
78275  -44.664  -24.225  39.538 0.0000000000
83140  -45.057  -18.547  38.759 0.0000000000
80801  -49.229  -21.954  35.935 0.0000000000
79524  -47.986  -22.625  35.881 0.0000000000
79512  -49.048  -22.952  36.888 0.0000000000
88589  -52.799  -14.629  32.577 0.0000000000
48809  -6.324  -48.522  60.206 0.0000000000
47672  -7.061  -49.784  59.447 0.0000000000
63638  -34.097  -35.490  44.999 0.0000000000
62412  -34.289  -36.144  45.277 0.0000000000
67421  -36.587  -33.233  44.137 0.0000000000
68675  -36.417  -32.237  43.886 0.0000000000
71297  -33.925  -28.843  42.644 0.0000000000
72390  -36.658  -29.234  43.800 0.0000000000
72410  -35.415  -28.878  42.832 0.0000000000
71334  -37.646  -29.075  40.539 0.0000000000
71335  -38.221  -29.355  40.646 0.0000000000
71322  -39.439  -30.195  41.463 0.0000000000
71336  -39.170  -29.643  40.803 0.0000000000
72464  -38.886  -28.747  40.364 0.0000000000
53339  -23.182  -45.086  50.580 0.0000000000
52391  -23.440  -45.546  51.066 0.0000000000
48836  -9.714  -48.124  58.325 0.0000000000
48825  -11.276  -49.090  58.842 0.0000000000
51193  -14.434  -47.562  57.922 0.0000000000
47645  -4.299  -49.513  61.865 0.0000000000
47633  -4.070  -49.192  62.576 0.0000000000
62319  -38.194  -37.150  50.374 0.0000000000
52302  -19.570  -46.477  55.537 0.0000000000
52314  -20.682  -46.670  54.573 0.0000000000
51263  -20.807  -46.922  55.278 0.0000000000
51264  -21.693  -46.952  54.895 0.0000000000
51249  -22.523  -47.266  55.993 0.0000000000
61145  -32.206  -38.646  50.084 0.0000000000
56720  -17.397  -40.903  53.150 0.0000000000
56719  -17.002  -41.402  53.420 0.0000000000
54348  -16.514  -43.711  53.607 0.0000000000
55546  -16.258  -42.866  53.781 0.0000000000
54339  -16.038  -43.597  54.174 0.0000000000
53277  -16.516  -45.061  54.032 0.0000000000
52311  -18.313  -45.975  54.640 0.0000000000
52310  -17.434  -46.152  54.512 0.0000000000
51245  -18.776  -46.661  56.363 0.0000000000
66098  -30.859  -33.051  49.586 0.0000000000
64816  -31.640  -33.326  49.514 0.0000000000
66095  -28.352  -32.529  50.663 0.0000000000
64794  -30.723  -32.853  51.039 0.0000000000
77086  -40.455  -24.038  39.505 0.0000000000
77087  -41.619  -24.811  39.121 0.0000000000
77095  -40.829  -23.636  39.322 0.0000000000
80756  -41.377  -21.309  39.139 0.0000000000
84228  -46.922  -17.881  36.551 0.0000000000
83164  -47.338  -18.188  36.144 0.0000000000
83176  -47.698  -19.091  35.752 0.0000000000
82025  -49.952  -21.094  35.135 0.0000000000
82039  -49.608  -20.019  35.060 0.0000000000
84254  -51.664  -18.778  34.384 0.0000000000
87466  -50.721  -15.117  34.748 0.0000000000
67393  -35.274  -32.262  47.386 0.0000000000
68628  -34.334  -31.193  46.690 0.0000000000
68649  -34.940  -32.045  45.241 0.0000000000
70030  -33.839  -30.793  46.177 0.0000000000
75879  -33.008  -25.796  42.595 0.0000000000
74720  -33.995  -26.518  41.689 0.0000000000
73572  -34.443  -27.395  41.590 0.0000000000
74735  -34.822  -26.500  41.332 0.0000000000
75914  -35.873  -25.718  40.686 0.0000000000
74736  -35.495  -26.495  40.854 0.0000000000
74749  -36.198  -26.598  40.484 0.0000000000
75903  -37.401  -24.896  41.164 0.0000000000
53376  -25.577  -44.632  48.851 0.0000000000
52410  -25.774  -45.389  50.347 0.0000000000
53360  -26.390  -45.019  49.761 0.0000000000
53317  -28.640  -45.601  50.883 0.0000000000
52395  -27.745  -45.665  50.689 0.0000000000
51190  -9.804  -46.311  57.571 0.0000000000
45184  -3.730  -52.361  61.898 0.0000000000
45164  -2.622  -52.166  62.691 0.0000000000
66101  -41.018  -33.767  49.719 0.0000000000
67373  -41.238  -33.303  49.275 0.0000000000
67374  -41.713  -32.697  49.959 0.0000000000
67381  -41.247  -32.630  48.804 0.0000000000
57992  -29.562  -40.724  47.168 0.0000000000
56831  -29.765  -41.798  47.889 0.0000000000
55493  -12.964  -41.773  56.685 0.0000000000
55492  -12.281  -41.977  57.172 0.0000000000
52296  -14.502  -45.563  55.791 0.0000000000
52295  -13.654  -45.715  55.896 0.0000000000
52284  -14.233  -46.435  55.983 0.0000000000
51219  -16.745  -46.942  57.182 0.0000000000
62338  -32.873  -37.564  48.389 0.0000000000
62361  -33.285  -37.506  47.631 0.0000000000
62394  -32.587  -36.415  45.687 0.0000000000
63619  -33.073  -35.629  45.511 0.0000000000
64859  -33.551  -34.443  47.001 0.0000000000
64817  -32.467  -33.776  49.385 0.0000000000
64818  -33.269  -34.099  49.274 0.0000000000
64799  -34.557  -33.489  50.068 0.0000000000
64820  -34.649  -33.519  48.810 0.0000000000
54372  -19.102  -43.932  51.791 0.0000000000
54385  -19.553  -43.523  51.358 0.0000000000
55610  -21.173  -43.415  50.419 0.0000000000
54400  -21.526  -44.042  50.283 0.0000000000
53356  -22.118  -44.492  50.338 0.0000000000
54416  -23.286  -44.014  48.978 0.0000000000
54417  -23.831  -43.785  48.774 0.0000000000
53375  -24.536  -44.540  48.986 0.0000000000
56828  -25.320  -41.933  47.917 0.0000000000
54434  -25.416  -43.232  47.707 0.0000000000
55638  -25.665  -42.429  47.171 0.0000000000
55653  -26.405  -41.983  46.721 0.0000000000
62301  -24.902  -35.584  51.540 0.0000000000
62302  -25.334  -35.263  52.503 0.0000000000
61124  -24.518  -36.137  51.029 0.0000000000
60014  -24.634  -37.286  51.079 0.0000000000
60044  -25.922  -38.481  47.122 0.0000000000
59037  -26.074  -39.433  46.690 0.0000000000
59038  -27.208  -39.668  46.471 0.0000000000
58002  -28.569  -40.904  46.796 0.0000000000
60054  -27.710  -38.926  46.490 0.0000000000
61176  -27.604  -37.386  46.789 0.0000000000
61192  -28.147  -38.352  46.829 0.0000000000
61177  -29.081  -37.777  46.992 0.0000000000
64835  -27.813  -33.422  47.793 0.0000000000
64853  -27.506  -34.043  47.505 0.0000000000
63601  -29.544  -35.320  46.469 0.0000000000
62357  -29.672  -36.885  47.202 0.0000000000
62335  -30.480  -37.607  47.822 0.0000000000
62358  -30.607  -36.969  47.297 0.0000000000
56763  -18.984  -41.856  51.867 0.0000000000
55580  -18.699  -43.055  52.254 0.0000000000
72414  -43.588  -29.826  42.398 0.0000000000
74721  -44.479  -27.449  41.261 0.0000000000
73560  -44.813  -27.741  41.975 0.0000000000
77088  -42.742  -24.986  39.147 0.0000000000
75920  -43.497  -26.167  39.536 0.0000000000
77089  -43.641  -25.415  39.378 0.0000000000
81981  -42.820  -19.566  39.962 0.0000000000
82001  -44.308  -20.384  38.106 0.0000000000
82000  -43.840  -20.596  38.286 0.0000000000
80771  -44.139  -20.903  38.092 0.0000000000
83161  -45.310  -19.803  36.920 0.0000000000
82021  -46.093  -20.306  36.025 0.0000000000
79510  -46.505  -22.863  36.513 0.0000000000
79492  -46.075  -23.151  37.414 0.0000000000
79491  -45.247  -22.596  37.530 0.0000000000
79477  -46.615  -23.542  38.340 0.0000000000
79479  -48.646  -23.724  38.931 0.0000000000
85284  -53.191  -18.142  33.563 0.0000000000
85296  -54.253  -17.690  32.750 0.0000000000
86359  -53.787  -16.499  32.004 0.0000000000
88598  -53.894  -14.670  31.678 0.0000000000
87475  -54.177  -15.415  31.443 0.0000000000
87476  -55.005  -15.244  31.023 0.0000000000
48794  -5.699  -48.656  60.787 0.0000000000
49989  -5.803  -47.926  61.360 0.0000000000
48793  -5.015  -48.669  61.131 0.0000000000
46432  -7.086  -51.312  60.461 0.0000000000
46454  -6.646  -50.470  59.832 0.0000000000
45205  -4.903  -51.383  61.295 0.0000000000
45185  -4.209  -51.820  61.527 0.0000000000
44023  -5.256  -52.874  62.037 0.0000000000
44005  -4.759  -53.695  62.583 0.0000000000
61195  -34.982  -37.325  47.333 0.0000000000
62398  -36.292  -36.595  46.597 0.0000000000
62382  -35.931  -36.987  47.642 0.0000000000
62383  -37.296  -36.532  47.331 0.0000000000
62364  -38.084  -36.652  48.215 0.0000000000
64914  -35.186  -35.007  44.664 0.0000000000
64896  -35.470  -34.287  44.822 0.0000000000
66184  -37.201  -34.339  44.939 0.0000000000
64917  -37.026  -34.822  45.115 0.0000000000
64898  -37.455  -34.797  45.569 0.0000000000
63605  -38.312  -35.623  47.146 0.0000000000
64862  -38.403  -34.869  46.698 0.0000000000
64863  -38.977  -34.426  47.184 0.0000000000
68651  -38.627  -32.171  45.380 0.0000000000
67402  -39.390  -32.513  46.421 0.0000000000
68631  -38.911  -31.617  46.044 0.0000000000
72350  -31.698  -28.840  46.495 0.0000000000
71209  -32.026  -29.407  46.418 0.0000000000
71224  -32.035  -29.598  45.828 0.0000000000
70029  -33.206  -30.717  45.400 0.0000000000
70028  -32.192  -30.490  45.101 0.0000000000
73528  -31.706  -27.385  43.992 0.0000000000
73527  -31.395  -27.802  44.636 0.0000000000
73541  -31.925  -28.028  44.055 0.0000000000
71274  -33.965  -29.684  43.229 0.0000000000
70066  -33.531  -30.385  43.551 0.0000000000
70048  -32.857  -30.841  44.022 0.0000000000
70049  -34.124  -30.708  43.625 0.0000000000
71227  -37.516  -30.068  45.127 0.0000000000
70015  -38.601  -30.731  46.249 0.0000000000
69998  -38.368  -30.015  46.642 0.0000000000
72372  -37.676  -28.866  45.276 0.0000000000
72448  -35.478  -28.302  41.453 0.0000000000
71298  -36.704  -29.256  41.648 0.0000000000
71300  -38.398  -30.186  42.399 0.0000000000
71277  -38.408  -29.668  43.456 0.0000000000
70069  -40.785  -30.721  43.086 0.0000000000
70054  -41.179  -30.661  44.005 0.0000000000
70070  -41.924  -30.609  43.156 0.0000000000
71279  -42.374  -30.403  42.849 0.0000000000
72465  -40.249  -29.235  40.324 0.0000000000
72452  -41.724  -29.317  41.166 0.0000000000
72466  -41.221  -28.549  40.191 0.0000000000
74752  -38.656  -26.692  40.204 0.0000000000
74738  -38.787  -25.585  40.496 0.0000000000
74739  -39.357  -25.384  40.296 0.0000000000
74740  -39.636  -25.182  40.084 0.0000000000
75917  -39.879  -24.800  39.839 0.0000000000
78259  -39.232  -22.437  41.638 0.0000000000
53315  -20.456  -44.821  51.841 0.0000000000
52365  -20.569  -45.740  52.425 0.0000000000
52366  -21.300  -45.784  52.146 0.0000000000
52342  -22.977  -46.357  52.964 0.0000000000
51284  -23.438  -46.720  54.018 0.0000000000
52370  -25.231  -46.154  51.927 0.0000000000
52345  -25.865  -46.540  52.799 0.0000000000
54388  -30.088  -44.475  49.665 0.0000000000
51161  -6.784  -46.096  59.995 0.0000000000
50015  -7.068  -46.518  59.460 0.0000000000
52259  -8.542  -45.157  59.659 0.0000000000
51174  -8.492  -46.182  58.645 0.0000000000
50040  -8.530  -47.228  58.435 0.0000000000
47688  -9.891  -49.714  59.198 0.0000000000
52282  -12.429  -45.331  56.313 0.0000000000
50086  -12.418  -47.485  57.252 0.0000000000
88609  -57.293  -14.064  29.954 0.0000000000
42836  -0.426  -53.262  63.572 0.0000000000
42837  -0.747  -53.417  63.532 0.0000000000
43986  -0.334  -52.531  63.992 0.0000000000
45146  -0.569  -51.640  64.025 0.0000000000
52312  -19.137  -45.973  54.870 0.0000000000
52323  -20.150  -46.037  54.028 0.0000000000
55562  -17.497  -42.711  53.033 0.0000000000
54349  -17.181  -43.687  53.240 0.0000000000
53287  -17.373  -44.671  53.492 0.0000000000
53279  -18.241  -45.697  53.927 0.0000000000
64773  -31.367  -32.800  51.530 0.0000000000
79457  -40.224  -22.069  39.769 0.0000000000
79471  -40.708  -22.758  39.373 0.0000000000
79458  -40.735  -21.685  39.474 0.0000000000
86343  -50.456  -16.223  34.812 0.0000000000
68612  -34.722  -31.479  47.752 0.0000000000
69997  -34.559  -31.121  48.507 0.0000000000
69996  -34.170  -30.708  48.052 0.0000000000
69995  -33.271  -30.430  47.573 0.0000000000
77054  -34.370  -24.821  41.745 0.0000000000
75900  -34.457  -25.657  41.520 0.0000000000
77075  -35.121  -24.693  41.471 0.0000000000
75902  -36.089  -24.596  41.281 0.0000000000
75881  -36.354  -24.180  41.980 0.0000000000
53361  -27.517  -44.888  49.340 0.0000000000
53341  -28.214  -45.208  50.135 0.0000000000
53342  -29.447  -44.864  50.194 0.0000000000
52280  -10.657  -45.188  57.041 0.0000000000
86373  -55.765  -16.633  30.473 0.0000000000
85326  -55.974  -16.797  30.384 0.0000000000
42849  -3.615  -53.413  62.486 0.0000000000
44004  -3.065  -52.659  62.434 0.0000000000
43990  -3.007  -53.242  62.634 0.0000000000
42839  -2.542  -53.911  63.077 0.0000000000
64822  -40.661  -34.349  49.371 0.0000000000
59029  -30.069  -39.874  48.022 0.0000000000
57982  -30.690  -40.838  48.907 0.0000000000
59019  -31.089  -40.519  49.520 0.0000000000
57957  -31.818  -40.707  50.703 0.0000000000
56702  -15.051  -41.236  54.981 0.0000000000
55509  -14.677  -41.763  55.185 0.0000000000
56682  -14.324  -40.809  56.358 0.0000000000
53249  -13.391  -43.736  56.059 0.0000000000
51220  -17.677  -46.878  57.247 0.0000000000
62378  -31.857  -36.557  46.315 0.0000000000
64858  -32.710  -34.184  46.924 0.0000000000
56786  -19.455  -42.308  51.380 0.0000000000
55594  -19.750  -42.816  51.020 0.0000000000
55596  -21.560  -41.750  50.456 0.0000000000
56807  -23.996  -41.565  49.159 0.0000000000
56818  -24.205  -42.052  48.631 0.0000000000
55626  -24.488  -42.525  48.221 0.0000000000
56829  -25.369  -41.154  47.748 0.0000000000
63537  -25.886  -34.194  51.951 0.0000000000
62317  -25.081  -35.370  50.466 0.0000000000
61143  -24.712  -36.429  49.860 0.0000000000
61158  -25.075  -36.754  48.412 0.0000000000
61190  -26.428  -38.188  46.858 0.0000000000
66146  -29.220  -33.425  47.478 0.0000000000
64854  -28.368  -33.931  47.282 0.0000000000
62377  -30.894  -36.268  46.476 0.0000000000
73558  -43.155  -28.893  41.230 0.0000000000
73577  -43.733  -27.650  40.893 0.0000000000
74742  -43.987  -26.740  40.602 0.0000000000
78274  -43.695  -24.686  39.497 0.0000000000
78261  -44.446  -25.179  39.524 0.0000000000
83125  -43.670  -19.440  39.333 0.0000000000
83139  -44.344  -19.564  38.577 0.0000000000
83153  -44.663  -19.976  38.043 0.0000000000
82002  -44.757  -20.369  37.681 0.0000000000
80799  -46.902  -21.199  35.641 0.0000000000
80798  -46.388  -20.826  35.786 0.0000000000
80786  -47.016  -22.338  35.743 0.0000000000
79495  -49.423  -23.539  38.060 0.0000000000
86345  -52.036  -16.353  33.560 0.0000000000
86351  -52.307  -15.866  33.046 0.0000000000
86358  -53.280  -15.973  32.277 0.0000000000
88590  -53.321  -14.397  32.079 0.0000000000
48808  -6.116  -49.103  60.373 0.0000000000
47658  -5.821  -49.574  60.231 0.0000000000
62396  -34.367  -36.674  45.838 0.0000000000
61206  -34.636  -37.099  46.788 0.0000000000
62413  -35.095  -36.417  45.420 0.0000000000
62414  -35.919  -36.340  45.839 0.0000000000
67410  -35.275  -32.882  45.087 0.0000000000
66182  -35.888  -33.902  44.526 0.0000000000
66173  -38.004  -33.633  45.511 0.0000000000
66161  -38.543  -33.742  45.867 0.0000000000
67411  -38.154  -32.653  45.016 0.0000000000
72370  -31.627  -28.740  45.290 0.0000000000
73556  -33.001  -27.475  42.629 0.0000000000
72408  -32.730  -28.462  42.916 0.0000000000
71296  -33.340  -29.015  42.851 0.0000000000
71249  -34.984  -29.977  43.357 0.0000000000
71211  -37.217  -29.207  45.638 0.0000000000
72371  -36.778  -28.902  44.763 0.0000000000
72450  -36.750  -29.019  40.766 0.0000000000
71320  -37.315  -29.495  40.993 0.0000000000
70067  -38.947  -30.599  42.752 0.0000000000
70089  -39.571  -30.498  42.080 0.0000000000
70107  -40.580  -30.411  41.746 0.0000000000
71324  -41.370  -30.240  41.671 0.0000000000
71323  -40.489  -30.086  41.393 0.0000000000
75904  -38.360  -24.780  41.243 0.0000000000
52389  -21.721  -45.541  51.595 0.0000000000
52368  -23.193  -45.949  52.052 0.0000000000
52343  -23.826  -46.455  52.707 0.0000000000
51189  -9.158  -46.403  58.047 0.0000000000
50063  -9.179  -47.228  58.295 0.0000000000
51215  -12.395  -46.745  56.714 0.0000000000
51192  -13.302  -47.509  57.421 0.0000000000
50067  -13.764  -47.920  58.398 0.0000000000
62320  -39.292  -36.770  50.132 0.0000000000
62341  -39.222  -36.336  49.594 0.0000000000
51222  -19.419  -46.848  57.194 0.0000000000
51223  -20.243  -47.034  57.069 0.0000000000
51224  -21.145  -47.350  56.958 0.0000000000
60028  -31.512  -39.230  49.626 0.0000000000
55530  -16.439  -42.085  53.754 0.0000000000
54338  -15.575  -43.277  54.695 0.0000000000
53275  -15.272  -43.867  54.837 0.0000000000
53264  -16.276  -45.834  54.629 0.0000000000
52299  -17.284  -46.765  55.290 0.0000000000
66133  -30.780  -33.355  47.524 0.0000000000
64836  -31.708  -33.442  48.266 0.0000000000
64771  -26.858  -33.420  51.740 0.0000000000
64793  -26.611  -33.320  50.639 0.0000000000
64815  -26.775  -33.465  49.580 0.0000000000
66112  -27.522  -33.071  50.162 0.0000000000
66129  -27.565  -33.278  49.291 0.0000000000
66130  -28.206  -33.126  48.653 0.0000000000
66114  -29.237  -32.885  49.354 0.0000000000
66131  -29.216  -33.107  48.364 0.0000000000
66115  -30.057  -33.217  49.043 0.0000000000
78286  -41.101  -23.325  39.173 0.0000000000
78287  -42.292  -23.850  38.964 0.0000000000
84215  -46.297  -17.928  36.995 0.0000000000
84227  -46.471  -18.355  36.427 0.0000000000
83175  -46.932  -19.485  35.969 0.0000000000
83190  -47.351  -19.448  35.882 0.0000000000
82037  -47.136  -19.881  35.772 0.0000000000
82023  -47.474  -20.345  35.549 0.0000000000
82041  -51.456  -20.208  34.844 0.0000000000
84268  -52.341  -18.374  34.138 0.0000000000
85283  -52.192  -17.551  33.768 0.0000000000
85282  -51.468  -17.118  33.995 0.0000000000
47686  -7.782  -49.507  59.097 0.0000000000
64861  -34.727  -33.719  46.512 0.0000000000
64876  -34.488  -34.207  45.742 0.0000000000
64877  -34.865  -33.857  45.963 0.0000000000
66160  -35.131  -33.445  45.933 0.0000000000
74692  -31.926  -26.377  44.014 0.0000000000
75859  -32.557  -25.321  43.256 0.0000000000
74706  -32.588  -26.508  42.934 0.0000000000
72429  -34.275  -28.237  42.129 0.0000000000
72430  -35.083  -28.529  42.134 0.0000000000
72447  -34.850  -28.049  41.605 0.0000000000
73574  -35.774  -27.955  40.886 0.0000000000
73584  -36.499  -27.803  40.511 0.0000000000
73585  -37.461  -27.728  40.245 0.0000000000
73586  -38.357  -27.742  40.122 0.0000000000
75883  -38.028  -23.784  41.933 0.0000000000
75863  -38.833  -23.447  42.909 0.0000000000
53358  -24.256  -44.955  49.765 0.0000000000
52392  -24.531  -45.895  51.072 0.0000000000
52409  -24.889  -45.569  50.309 0.0000000000
52371  -26.408  -46.000  51.942 0.0000000000
52266  -9.333  -44.930  58.450 0.0000000000
51176  -15.196  -47.493  58.986 0.0000000000
46381  -3.149  -50.328  63.009 0.0000000000
45149  -2.778  -50.646  63.107 0.0000000000
45132  -1.710  -50.282  63.923 0.0000000000
45131  -1.264  -50.618  63.909 0.0000000000
83127  -45.203  -17.839  40.037 0.0000000000
83141  -46.152  -17.708  39.095 0.0000000000
68596  -41.077  -31.420  49.021 0.0000000000
55641  -29.291  -42.521  47.754 0.0000000000
55627  -29.239  -43.310  48.168 0.0000000000
55628  -29.880  -42.725  48.409 0.0000000000
55616  -30.455  -43.233  49.268 0.0000000000
59001  -31.849  -39.968  50.564 0.0000000000
55477  -12.254  -41.784  58.004 0.0000000000
54294  -11.820  -42.433  57.376 0.0000000000
54307  -11.623  -43.159  57.225 0.0000000000
53260  -13.468  -44.951  56.224 0.0000000000
52294  -13.136  -45.291  56.234 0.0000000000
51242  -16.233  -46.708  56.299 0.0000000000
61165  -35.432  -37.837  49.370 0.0000000000
61179  -34.169  -37.609  47.653 0.0000000000
62379  -32.899  -37.202  46.419 0.0000000000
61193  -33.724  -37.105  46.330 0.0000000000
63620  -33.617  -35.313  45.323 0.0000000000
64819  -34.102  -34.082  49.132 0.0000000000
64860  -34.249  -34.207  46.818 0.0000000000
66118  -35.232  -32.320  49.440 0.0000000000
53298  -19.377  -44.861  52.684 0.0000000000
53314  -19.626  -44.445  51.947 0.0000000000
54386  -20.222  -43.779  51.093 0.0000000000
53336  -20.768  -44.336  51.123 0.0000000000
53337  -21.530  -44.785  50.963 0.0000000000
53338  -22.645  -45.038  50.700 0.0000000000
53357  -23.156  -44.646  49.996 0.0000000000
56789  -21.532  -40.604  51.105 0.0000000000
55612  -22.481  -42.463  49.592 0.0000000000
54402  -22.788  -43.840  49.274 0.0000000000
53373  -23.211  -44.279  49.329 0.0000000000
54433  -24.881  -42.993  47.894 0.0000000000
54419  -26.005  -43.965  48.276 0.0000000000
54436  -27.415  -43.370  47.750 0.0000000000
55654  -27.295  -42.136  46.790 0.0000000000
57971  -24.533  -39.248  49.746 0.0000000000
57981  -25.096  -39.798  48.401 0.0000000000
59027  -25.383  -39.109  47.655 0.0000000000
57991  -25.546  -40.199  47.093 0.0000000000
56841  -26.070  -41.162  46.837 0.0000000000
56842  -26.968  -41.386  46.422 0.0000000000
56843  -27.942  -41.583  46.857 0.0000000000
60055  -28.441  -38.959  46.676 0.0000000000
59028  -29.588  -39.734  46.986 0.0000000000
63583  -26.895  -34.864  47.423 0.0000000000
63584  -27.868  -35.482  46.904 0.0000000000
63600  -28.590  -34.886  46.808 0.0000000000
61178  -29.627  -37.587  47.449 0.0000000000
61160  -30.125  -37.897  47.856 0.0000000000
61162  -31.932  -37.825  49.402 0.0000000000
61163  -32.863  -37.695  49.401 0.0000000000
57924  -17.691  -40.660  53.094 0.0000000000
56740  -17.894  -41.538  52.760 0.0000000000
55563  -18.184  -42.919  52.711 0.0000000000
55564  -18.404  -43.510  52.528 0.0000000000
73543  -44.651  -28.857  42.206 0.0000000000
74757  -43.335  -26.619  40.153 0.0000000000
74743  -44.812  -26.979  40.916 0.0000000000
77078  -44.504  -25.715  39.569 0.0000000000
81980  -41.840  -19.898  40.611 0.0000000000
81989  -42.039  -20.292  39.307 0.0000000000
79475  -44.580  -22.600  38.125 0.0000000000
82011  -45.082  -20.347  37.192 0.0000000000
80773  -44.929  -20.799  37.442 0.0000000000
80784  -45.254  -21.240  37.131 0.0000000000
80783  -44.962  -21.506  37.484 0.0000000000
79490  -44.727  -22.004  37.619 0.0000000000
79460  -47.025  -23.772  39.295 0.0000000000
85310  -55.096  -16.749  31.145 0.0000000000
88600  -55.614  -14.181  31.148 0.0000000000
89767  -55.655  -13.349  31.848 0.0000000000
48779  -4.821  -48.420  61.867 0.0000000000
47634  -4.408  -48.853  62.078 0.0000000000
46453  -6.049  -50.103  59.860 0.0000000000
45207  -6.579  -51.746  60.989 0.0000000000
46430  -4.799  -50.478  61.029 0.0000000000
42862  -4.070  -53.489  62.388 0.0000000000
62362  -36.354  -37.318  48.220 0.0000000000
63569  -38.612  -36.368  48.656 0.0000000000
64895  -34.859  -34.643  44.907 0.0000000000
63659  -35.399  -35.152  44.717 0.0000000000
63661  -36.200  -35.492  45.039 0.0000000000
64916  -36.508  -34.967  44.911 0.0000000000
63641  -36.681  -35.595  45.631 0.0000000000
62399  -36.818  -35.974  46.554 0.0000000000
63604  -37.438  -35.955  46.836 0.0000000000
63587  -38.949  -35.263  48.223 0.0000000000
66119  -40.194  -34.460  48.176 0.0000000000
64879  -38.987  -33.864  46.672 0.0000000000
66150  -39.620  -33.294  47.055 0.0000000000
66137  -40.642  -33.131  48.050 0.0000000000
67395  -40.317  -32.470  47.623 0.0000000000
68614  -40.002  -31.531  47.559 0.0000000000
72351  -32.030  -29.033  47.194 0.0000000000
71210  -32.245  -29.844  46.949 0.0000000000
70012  -33.174  -30.488  46.517 0.0000000000
68673  -34.518  -31.542  44.347 0.0000000000
72407  -32.109  -28.644  43.589 0.0000000000
71272  -31.842  -29.422  43.863 0.0000000000
68672  -33.744  -31.288  44.373 0.0000000000
70052  -36.998  -31.401  44.096 0.0000000000
70032  -37.629  -31.007  44.692 0.0000000000
70031  -37.034  -30.411  44.307 0.0000000000
68630  -38.467  -31.108  45.778 0.0000000000
70000  -39.673  -31.000  47.423 0.0000000000
69982  -40.026  -30.455  48.069 0.0000000000
72412  -37.303  -29.278  43.352 0.0000000000
71276  -37.782  -29.475  43.055 0.0000000000
71304  -42.914  -29.890  42.404 0.0000000000
72433  -42.342  -29.694  41.651 0.0000000000
72453  -42.642  -28.948  41.251 0.0000000000
78272  -39.840  -22.816  40.294 0.0000000000
80729  -40.441  -20.648  41.650 0.0000000000
52339  -20.099  -46.054  53.008 0.0000000000
52341  -22.000  -46.157  52.944 0.0000000000
52325  -21.782  -46.597  53.589 0.0000000000
51283  -22.357  -46.765  54.224 0.0000000000
51310  -26.256  -46.770  53.702 0.0000000000
51309  -25.256  -46.629  53.610 0.0000000000
51285  -24.657  -46.781  54.347 0.0000000000
54404  -29.381  -44.031  49.145 0.0000000000
51152  -6.509  -46.193  60.852 0.0000000000
51173  -8.051  -46.428  58.988 0.0000000000
51214  -11.257  -46.316  57.055 0.0000000000
51175  -14.589  -47.640  58.891 0.0000000000
50042  -12.581  -48.821  59.181 0.0000000000
50041  -11.837  -48.862  58.857 0.0000000000
87480  -56.913  -15.124  29.999 0.0000000000
41700  -1.475  -54.433  62.960 0.0000000000
45130  -0.790  -50.976  64.149 0.0000000000
45163  0.036  -51.420  63.362 0.0000000000
45145  -0.102  -51.351  64.055 0.0000000000
42861  -3.886  -53.257  62.251 0.0000000000
44003  -2.748  -52.755  62.644 0.0000000000
46406  -4.419  -49.904  61.488 0.0000000000
51241  -13.473  -46.313  55.982 0.0000000000
51282  -21.711  -46.767  54.145 0.0000000000
51308  -24.270  -46.678  53.450 0.0000000000
52407  -23.440  -45.154  50.523 0.0000000000
53355  -21.726  -44.445  50.520 0.0000000000
54405  -30.267  -44.061  49.520 0.0000000000
55579  -18.458  -42.792  52.503 0.0000000000
59009  -30.967  -39.872  49.389 0.0000000000
60035  -29.711  -38.405  47.718 0.0000000000
61126  -32.085  -39.238  50.274 0.0000000000
61196  -35.472  -37.419  47.951 0.0000000000
61204  -33.949  -36.814  46.043 0.0000000000
61205  -34.320  -37.011  46.377 0.0000000000
62381  -35.316  -37.032  47.177 0.0000000000
63536  -25.423  -35.003  51.451 0.0000000000
63586  -38.545  -36.012  48.165 0.0000000000
63621  -37.399  -35.608  46.382 0.0000000000
63622  -37.817  -35.031  46.368 0.0000000000
63637  -33.580  -35.821  45.280 0.0000000000
63640  -35.784  -35.860  45.170 0.0000000000
64814  -26.189  -33.967  50.071 0.0000000000
64841  -39.501  -34.719  47.941 0.0000000000
64897  -36.915  -35.077  45.258 0.0000000000
64915  -35.684  -34.679  44.710 0.0000000000
66096  -29.282  -32.580  50.351 0.0000000000
66132  -30.010  -33.371  48.036 0.0000000000
66151  -40.164  -33.222  47.618 0.0000000000
66159  -35.031  -33.966  45.647 0.0000000000
66162  -38.989  -33.460  46.174 0.0000000000
67389  -40.846  -32.342  48.181 0.0000000000
67412  -38.877  -32.833  45.567 0.0000000000
68602  -40.629  -31.488  48.211 0.0000000000
70047  -32.068  -30.408  44.413 0.0000000000
70065  -33.242  -30.163  43.479 0.0000000000
70088  -38.881  -30.474  41.999 0.0000000000
70090  -40.429  -30.556  42.130 0.0000000000
70105  -38.971  -30.346  41.656 0.0000000000
70106  -39.202  -30.398  41.802 0.0000000000
70108  -40.853  -30.471  41.789 0.0000000000
71280  -42.803  -30.174  43.247 0.0000000000
71301  -39.891  -30.279  41.706 0.0000000000
71302  -40.093  -30.358  41.831 0.0000000000
71319  -36.683  -29.225  41.053 0.0000000000
72461  -36.629  -28.587  40.663 0.0000000000
74691  -31.417  -27.056  44.318 0.0000000000
75860  -33.088  -25.045  42.594 0.0000000000
77056  -35.939  -24.033  42.321 0.0000000000
77074  -34.756  -25.123  41.383 0.0000000000
77096  -41.370  -24.026  39.142 0.0000000000
79507  -44.823  -21.685  37.574 0.0000000000
79508  -45.111  -21.889  37.385 0.0000000000
79525  -48.460  -22.603  36.058 0.0000000000
80728  -40.025  -21.055  40.741 0.0000000000
80787  -47.647  -22.593  35.782 0.0000000000
81991  -43.888  -20.128  38.493 0.0000000000
83174  -46.376  -19.747  35.931 0.0000000000
83189  -47.190  -19.638  35.905 0.0000000000
84266  -51.138  -17.560  34.250 0.0000000000
86337  -49.489  -16.554  35.892 0.0000000000
86366  -55.852  -15.597  30.329 0.0000000000
