#!ascii label  , from subject 3060 vox2ras=TkReg
846
86984  -25.199  -15.780  -9.515 0.5555555820
87996  -26.163  -14.895  -10.066 0.6666666865
89135  -26.623  -14.380  -10.466 0.7777777910
89136  -27.457  -14.528  -10.457 0.7777777910
90332  -26.734  -13.030  -11.326 0.8888888955
91457  -28.637  -12.593  -11.606 0.8888888955
86969  -25.005  -16.259  -9.074 0.5555555820
87980  -24.849  -15.391  -9.544 0.5555555820
89134  -25.687  -14.303  -10.264 0.6666666865
89133  -25.235  -13.909  -10.230 0.8888888955
90315  -27.250  -13.920  -10.921 0.8888888955
91456  -27.759  -12.640  -11.565 0.8888888955
91473  -28.205  -12.028  -12.046 1.0000000000
91458  -29.604  -12.497  -11.792 0.8888888955
92548  -29.273  -11.028  -12.436 1.0000000000
90299  -24.735  -13.825  -9.874 0.7777777910
91453  -25.364  -12.634  -10.950 1.0000000000
92529  -25.931  -11.722  -11.849 1.0000000000
92530  -26.493  -12.080  -11.943 1.0000000000
92545  -26.914  -11.623  -12.426 1.0000000000
93616  -27.652  -10.745  -12.571 1.0000000000
93615  -26.879  -10.691  -12.725 1.0000000000
94743  -28.292  -10.020  -12.706 1.0000000000
92562  -29.641  -10.416  -12.554 1.0000000000
93632  -29.713  -9.879  -12.680 1.0000000000
95835  -29.781  -8.373  -13.747 1.0000000000
94762  -30.327  -9.297  -13.236 0.7777777910
93601  -24.324  -10.894  -11.299 0.8888888955
93602  -25.239  -10.862  -11.727 1.0000000000
94742  -27.548  -9.924  -12.735 1.0000000000
94740  -25.346  -9.815  -12.290 1.0000000000
94741  -26.713  -9.643  -12.791 1.0000000000
94760  -28.228  -9.315  -13.105 1.0000000000
95834  -28.842  -8.685  -13.656 1.0000000000
96965  -29.231  -8.080  -13.817 1.0000000000
95836  -30.712  -8.188  -13.807 0.8888888955
95849  -30.288  -7.917  -13.910 1.0000000000
96966  -30.877  -7.633  -14.143 0.7777777910
96967  -31.313  -7.461  -14.030 0.7777777910
94739  -24.496  -9.203  -11.943 0.5555555820
96948  -25.285  -7.571  -12.607 0.7777777910
95819  -25.263  -8.634  -12.428 0.8888888955
95832  -27.037  -8.694  -13.290 1.0000000000
94759  -27.453  -9.248  -13.099 1.0000000000
96962  -26.306  -7.625  -13.239 0.8888888955
96963  -27.610  -7.507  -13.942 1.0000000000
96964  -28.661  -7.889  -13.882 1.0000000000
96981  -29.557  -7.459  -14.177 1.0000000000
96982  -30.507  -7.475  -14.247 0.8888888955
98112  -30.206  -6.552  -14.688 1.0000000000
99293  -31.610  -5.800  -14.597 0.7777777910
98098  -32.106  -6.582  -13.873 0.6666666865
99279  -32.301  -5.469  -14.234 0.6666666865
96946  -23.625  -7.427  -11.626 0.4444444478
98094  -25.160  -6.526  -12.983 0.6666666865
98095  -25.981  -6.610  -13.442 0.7777777910
98096  -26.775  -6.609  -13.845 0.8888888955
96979  -28.025  -6.847  -14.342 0.8888888955
96980  -28.582  -7.079  -14.285 1.0000000000
98109  -27.563  -6.403  -14.325 1.0000000000
98110  -28.332  -6.284  -14.566 1.0000000000
98111  -29.239  -6.326  -14.498 1.0000000000
99291  -29.786  -5.293  -14.983 0.8888888955
99292  -30.818  -5.708  -15.147 0.7777777910
99280  -32.915  -5.635  -13.711 0.5555555820
100406  -31.238  -4.715  -14.955 0.7777777910
100407  -31.999  -4.599  -14.592 0.6666666865
99276  -24.806  -5.659  -13.470 0.6666666865
98093  -24.578  -6.122  -13.012 0.6666666865
99277  -25.508  -5.962  -13.745 0.7777777910
99286  -25.279  -5.315  -13.884 0.7777777910
99278  -26.191  -6.024  -13.924 0.8888888955
99288  -26.807  -5.564  -14.311 0.8888888955
99289  -27.802  -5.481  -14.649 1.0000000000
99290  -28.776  -5.329  -14.721 1.0000000000
99303  -29.491  -4.653  -15.230 0.8888888955
100405  -30.526  -4.585  -15.154 0.8888888955
100415  -29.092  -4.203  -15.481 0.8888888955
100416  -29.825  -4.262  -15.320 0.7777777910
101511  -30.882  -4.037  -14.930 0.7777777910
101513  -32.543  -3.455  -14.395 0.6666666865
100374  -23.974  -5.063  -12.726 0.6666666865
99275  -24.292  -5.636  -12.892 0.5555555820
100389  -24.909  -4.961  -13.747 0.7777777910
100400  -25.275  -4.620  -14.189 0.8888888955
100401  -26.157  -4.568  -14.545 0.8888888955
100402  -27.219  -4.484  -14.687 1.0000000000
100414  -28.320  -4.052  -15.340 1.0000000000
100404  -28.721  -4.615  -15.112 0.8888888955
101523  -30.475  -3.400  -15.293 0.7777777910
102574  -30.644  -2.262  -15.438 0.7777777910
102559  -32.032  -2.415  -14.947 0.6666666865
102560  -32.638  -2.304  -14.463 0.5555555820
101514  -32.980  -2.841  -14.184 0.5555555820
100388  -24.368  -4.772  -13.307 0.7777777910
101494  -23.806  -3.946  -13.351 0.6666666865
101509  -26.471  -3.516  -14.789 1.0000000000
101510  -27.254  -3.666  -14.982 1.0000000000
101521  -28.600  -3.274  -15.483 0.8888888955
102572  -28.948  -2.327  -15.329 0.8888888955
101522  -29.479  -3.317  -15.480 0.8888888955
103574  -30.970  -1.370  -15.556 0.7777777910
102575  -31.296  -2.297  -15.232 0.7777777910
103572  -29.277  -1.307  -15.446 0.7777777910
103556  -31.626  -1.431  -15.163 0.5555555820
103557  -32.264  -1.446  -14.769 0.5555555820
104561  -31.223  -0.457  -15.236 0.6666666865
101473  -22.683  -3.580  -12.123 0.4444444478
101474  -23.282  -3.897  -12.645 0.5555555820
102556  -24.476  -2.733  -14.332 0.7777777910
101508  -25.435  -3.675  -14.523 1.0000000000
101507  -24.646  -3.893  -14.219 0.8888888955
102557  -25.680  -2.635  -14.660 1.0000000000
102570  -27.189  -2.371  -15.365 0.8888888955
102571  -28.043  -2.351  -15.439 0.8888888955
103571  -28.369  -1.366  -15.455 0.8888888955
104560  -30.474  -0.381  -15.493 0.6666666865
104542  -31.862  -0.538  -14.860 0.5555555820
104524  -23.053  -0.850  -13.651 0.6666666865
103552  -23.471  -1.585  -13.823 0.6666666865
103553  -24.105  -1.562  -14.369 0.7777777910
103568  -25.789  -1.177  -15.025 0.8888888955
104555  -26.038  -0.485  -15.344 0.7777777910
103569  -26.529  -1.482  -15.285 0.8888888955
104556  -26.889  -0.517  -15.562 0.7777777910
103570  -27.461  -1.429  -15.490 0.8888888955
104557  -27.794  -0.476  -15.656 0.7777777910
104558  -28.678  -0.372  -15.720 0.7777777910
104559  -29.522  -0.216  -15.638 0.6666666865
106627  -28.124  1.199  -15.606 0.6666666865
105596  -29.349  0.666  -15.643 0.6666666865
106612  -29.601  1.450  -15.538 0.6666666865
106614  -31.208  1.548  -15.309 0.5555555820
105580  -31.629  0.546  -14.994 0.4444444478
106613  -30.416  1.521  -15.486 0.5555555820
106578  -20.846  1.599  -12.046 0.3333333433
105539  -21.174  1.196  -12.447 0.3333333433
105541  -22.906  0.232  -13.730 0.5555555820
106595  -23.312  1.384  -14.182 0.5555555820
105557  -24.761  0.391  -14.782 0.7777777910
105558  -25.551  0.407  -15.219 0.7777777910
106597  -25.185  1.298  -14.799 0.6666666865
105574  -26.384  0.398  -15.494 0.6666666865
106610  -26.782  1.267  -15.481 0.6666666865
106611  -27.566  1.195  -15.571 0.6666666865
107647  -28.020  2.351  -15.493 0.6666666865
107648  -28.858  2.198  -15.487 0.6666666865
107650  -30.740  2.514  -15.445 0.5555555820
107649  -29.835  2.443  -15.425 0.6666666865
106579  -21.494  1.982  -12.620 0.4444444478
106555  -20.677  2.286  -11.871 0.4444444478
106580  -22.363  1.517  -13.536 0.4444444478
107610  -22.194  2.447  -13.292 0.5555555820
106596  -24.301  1.332  -14.481 0.6666666865
107646  -27.257  2.115  -15.486 0.6666666865
108789  -29.165  3.327  -15.855 0.6666666865
108790  -30.113  3.491  -15.608 0.5555555820
107609  -21.846  3.092  -12.871 0.4444444478
108772  -24.316  3.106  -14.382 0.6666666865
107630  -24.798  2.209  -14.412 0.6666666865
108773  -25.171  3.059  -14.577 0.6666666865
107645  -26.347  2.163  -15.334 0.6666666865
107644  -25.600  2.176  -14.852 0.6666666865
108788  -28.295  3.193  -15.686 0.6666666865
90314  -26.442  -13.483  -10.857 0.8888888955
90313  -25.558  -13.368  -10.601 1.0000000000
91454  -26.302  -12.654  -11.379 1.0000000000
91471  -26.825  -12.245  -11.930 1.0000000000
92547  -28.559  -11.437  -12.333 1.0000000000
98082  -24.306  -6.501  -12.368 0.5555555820
100387  -23.781  -4.502  -12.880 0.5555555820
102519  -22.926  -3.162  -12.535 0.5555555820
101519  -26.991  -3.097  -15.218 1.0000000000
102573  -29.849  -2.330  -15.493 0.8888888955
101450  -22.367  -3.104  -11.552 0.2222222239
105579  -30.815  0.565  -15.277 0.4444444478
107629  -23.871  2.320  -14.210 0.6666666865
108771  -23.559  3.351  -13.940 0.6666666865
98081  -23.671  -6.366  -11.677 0.4444444478
99270  -23.808  -5.640  -12.312 0.4444444478
108791  -31.136  3.572  -15.348 0.5555555820
108792  -31.574  3.169  -15.160 0.5555555820
107588  -20.187  2.748  -11.340 0.2222222239
107589  -20.936  3.123  -12.044 0.3333333433
85862  -25.596  -16.988  -8.921 0.5555555820
86986  -26.631  -16.366  -9.500 0.5555555820
87982  -26.288  -15.586  -9.771 0.6666666865
87997  -26.877  -15.089  -10.088 0.5555555820
87998  -27.787  -15.392  -10.082 0.5555555820
89151  -28.736  -13.874  -11.106 0.7777777910
90335  -29.095  -13.278  -11.254 0.8888888955
90316  -27.803  -14.105  -10.800 0.6666666865
90334  -28.108  -13.520  -11.162 0.8888888955
91476  -30.538  -11.469  -12.447 0.8888888955
86968  -24.338  -16.387  -8.438 0.4444444478
89108  -24.477  -14.448  -9.102 0.5555555820
92549  -30.203  -10.728  -12.551 1.0000000000
90285  -24.409  -13.327  -8.939 0.2222222239
90311  -24.391  -13.092  -10.406 0.6666666865
93619  -30.917  -9.898  -12.676 0.8888888955
94745  -31.001  -9.334  -13.136 0.6666666865
95837  -31.492  -8.387  -13.568 0.7777777910
95838  -31.918  -8.332  -13.411 0.6666666865
92513  -24.028  -11.806  -10.475 0.5555555820
96968  -31.956  -7.763  -13.544 0.6666666865
93600  -23.915  -10.382  -11.305 0.4444444478
98084  -32.730  -6.653  -13.390 0.5555555820
99271  -33.517  -5.301  -13.241 0.5555555820
95805  -23.016  -8.364  -11.219 0.2222222239
100391  -33.219  -4.556  -13.634 0.5555555820
96935  -23.294  -7.084  -11.188 0.4444444478
101496  -33.015  -4.005  -14.007 0.5555555820
98074  -23.426  -6.216  -11.152 0.3333333433
101497  -33.404  -3.347  -13.654 0.5555555820
103541  -33.450  -1.345  -13.835 0.4444444478
100353  -22.755  -4.086  -11.524 0.3333333433
104543  -32.526  -0.541  -14.590 0.5555555820
105559  -32.212  0.168  -14.758 0.4444444478
105517  -20.801  0.672  -11.929 0.3333333433
105518  -21.168  -0.008  -12.445 0.3333333433
104505  -21.596  -0.631  -12.683 0.4444444478
106615  -31.990  1.520  -15.230 0.4444444478
107651  -31.570  2.562  -15.251 0.4444444478
108774  -31.538  4.146  -15.134 0.2222222239
108770  -22.867  3.363  -13.606 0.6666666865
108786  -26.767  2.952  -15.212 0.6666666865
109848  -27.797  3.905  -15.412 0.6666666865
109849  -28.448  4.285  -15.863 0.6666666865
109850  -29.446  4.406  -15.967 0.6666666865
109851  -30.375  4.538  -15.840 0.4444444478
109828  -24.115  3.672  -14.021 0.5555555820
87981  -25.468  -15.177  -9.845 0.6666666865
86985  -25.679  -16.233  -9.447 0.6666666865
89122  -25.315  -14.665  -10.037 0.6666666865
91455  -27.029  -12.674  -11.634 1.0000000000
90333  -27.203  -13.241  -11.297 0.8888888955
86970  -25.416  -16.486  -9.122 0.5555555820
87966  -24.421  -15.514  -9.055 0.4444444478
89109  -24.563  -14.974  -9.466 0.5555555820
89121  -24.935  -14.443  -9.867 0.6666666865
91437  -26.083  -13.034  -10.816 0.8888888955
91474  -29.025  -11.935  -12.224 1.0000000000
91472  -27.423  -12.126  -12.046 1.0000000000
92546  -27.861  -11.458  -12.362 1.0000000000
91475  -29.911  -11.735  -12.457 1.0000000000
90298  -24.341  -13.458  -9.809 0.5555555820
90312  -24.830  -13.556  -10.297 0.8888888955
89120  -24.714  -13.982  -9.594 0.6666666865
91436  -25.839  -12.874  -10.870 1.0000000000
91452  -24.673  -12.558  -10.697 0.8888888955
92528  -24.746  -11.788  -11.078 0.8888888955
90330  -24.772  -13.002  -10.624 1.0000000000
92544  -26.451  -11.203  -12.401 1.0000000000
93617  -28.484  -10.702  -12.469 1.0000000000
93614  -26.076  -10.684  -12.379 1.0000000000
94744  -28.744  -10.085  -12.671 1.0000000000
92563  -29.935  -10.226  -12.568 0.8888888955
94761  -29.129  -9.515  -13.116 1.0000000000
94763  -31.069  -8.987  -13.550 0.7777777910
94725  -24.811  -10.415  -11.763 1.0000000000
93586  -24.044  -11.222  -10.834 0.6666666865
93585  -23.822  -10.749  -10.637 0.5555555820
94758  -27.080  -9.233  -13.111 1.0000000000
95833  -28.000  -8.548  -13.467 1.0000000000
95848  -30.056  -7.781  -14.001 1.0000000000
96983  -30.974  -7.404  -14.371 0.8888888955
98097  -31.509  -6.873  -14.263 0.7777777910
94723  -23.682  -9.634  -11.299 0.5555555820
94738  -23.994  -8.706  -11.553 0.6666666865
94724  -24.368  -10.077  -11.700 0.7777777910
95818  -24.489  -8.300  -12.192 0.7777777910
98083  -24.823  -6.988  -12.476 0.6666666865
96961  -25.790  -7.012  -12.935 0.8888888955
96949  -25.757  -8.151  -12.780 0.8888888955
95820  -26.089  -8.771  -12.816 0.8888888955
98113  -31.123  -6.822  -14.661 0.7777777910
98114  -31.580  -6.546  -14.383 0.7777777910
98099  -32.818  -6.340  -13.517 0.5555555820
96947  -24.371  -7.480  -12.213 0.5555555820
96934  -23.079  -7.814  -11.177 0.3333333433
96945  -23.236  -7.950  -11.333 0.3333333433
95817  -23.922  -8.076  -11.734 0.4444444478
100390  -32.677  -4.623  -14.106 0.5555555820
99287  -25.852  -5.369  -14.179 0.8888888955
100403  -28.128  -4.644  -14.859 1.0000000000
101524  -30.988  -2.859  -15.262 0.7777777910
101512  -31.442  -3.473  -14.951 0.7777777910
100413  -27.727  -4.047  -15.094 1.0000000000
101520  -27.719  -3.288  -15.361 0.8888888955
102561  -33.078  -2.233  -13.901 0.5555555820
102541  -24.024  -3.517  -13.917 0.6666666865
103573  -30.158  -1.323  -15.652 0.8888888955
102540  -23.430  -2.685  -13.251 0.5555555820
102555  -23.738  -2.184  -14.117 0.7777777910
103555  -25.970  -1.851  -14.834 0.8888888955
104523  -22.269  -0.680  -13.358 0.5555555820
103540  -22.809  -1.593  -13.360 0.5555555820
104539  -23.668  -0.659  -14.071 0.6666666865
102539  -22.607  -2.104  -12.997 0.6666666865
104541  -25.295  -0.497  -14.928 0.7777777910
103554  -25.147  -1.564  -14.603 0.7777777910
105575  -27.254  0.388  -15.599 0.6666666865
104572  -28.963  0.102  -15.874 0.6666666865
105576  -28.148  0.447  -15.681 0.6666666865
107664  -28.659  1.613  -15.486 0.6666666865
106629  -28.961  1.286  -15.497 0.6666666865
105578  -30.058  0.597  -15.618 0.5555555820
105540  -21.638  0.526  -12.971 0.4444444478
105556  -23.896  0.355  -14.341 0.6666666865
107628  -22.926  2.504  -13.795 0.6666666865
108787  -27.562  3.038  -15.362 0.6666666865
100373  -23.465  -4.853  -12.415 0.4444444478
102518  -22.210  -2.500  -12.329 0.3333333433
99269  -23.347  -5.372  -11.719 0.4444444478
108775  -32.035  3.425  -14.877 0.3333333433
109852  -31.150  4.732  -15.445 0.3333333433
89152  -29.339  -14.108  -11.095 0.6666666865
85861  -24.841  -17.270  -8.517 0.5555555820
95821  -31.874  -8.634  -13.352 0.6666666865
92527  -24.351  -12.314  -10.582 0.7777777910
94737  -23.675  -8.414  -11.472 0.3333333433
94707  -22.957  -9.098  -10.985 0.3333333433
94689  -23.385  -8.933  -10.318 0.1111111119
95790  -22.892  -8.332  -10.788 0.1111111119
100372  -23.026  -4.459  -11.998 0.3333333433
103523  -21.660  -1.408  -12.174 0.3333333433
85897  -29.548  -17.766  -10.483 0.4444444478
84826  -30.914  -18.646  -10.893 0.2222222239
85880  -26.937  -17.268  -9.404 0.4444444478
85881  -27.805  -17.638  -9.597 0.4444444478
86987  -27.691  -16.519  -9.733 0.4444444478
87005  -28.791  -16.673  -10.277 0.4444444478
87006  -29.983  -16.707  -10.769 0.4444444478
85899  -31.481  -17.604  -11.087 0.2222222239
87004  -28.239  -16.022  -10.083 0.4444444478
88000  -29.515  -15.805  -10.658 0.4444444478
87008  -32.029  -16.664  -11.221 0.1111111119
88001  -30.294  -15.731  -11.063 0.3333333433
87999  -28.715  -15.528  -10.327 0.4444444478
88016  -31.011  -15.431  -11.366 0.3333333433
87027  -31.817  -15.929  -11.369 0.2222222239
89138  -29.407  -14.935  -10.691 0.4444444478
89139  -29.886  -15.267  -10.890 0.3333333433
89137  -28.434  -14.469  -10.648 0.5555555820
89154  -31.342  -14.560  -11.397 0.2222222239
89155  -31.951  -14.645  -11.243 0.1111111119
89140  -32.575  -14.275  -10.900 0.1111111119
90337  -31.109  -13.517  -11.499 0.3333333433
90336  -30.069  -13.341  -11.380 0.4444444478
91459  -30.801  -12.242  -12.026 0.5555555820
91461  -32.817  -11.972  -11.531 0.4444444478
93604  -33.338  -10.537  -11.623 0.3333333433
92550  -31.168  -11.056  -12.518 0.6666666865
93621  -32.403  -10.452  -12.390 0.5555555820
93620  -31.794  -10.207  -12.644 0.5555555820
94747  -32.517  -9.538  -12.498 0.5555555820
93603  -32.916  -10.153  -12.098 0.4444444478
94748  -33.018  -9.340  -12.195 0.3333333433
96951  -33.140  -7.699  -12.637 0.4444444478
96950  -32.617  -7.271  -13.252 0.5555555820
95822  -32.357  -8.434  -13.060 0.4444444478
98085  -33.423  -6.430  -13.008 0.4444444478
108785  -25.953  3.015  -15.016 0.5555555820
109830  -25.645  3.951  -14.602 0.5555555820
109847  -27.145  3.701  -14.945 0.5555555820
109833  -27.902  4.534  -15.477 0.5555555820
110939  -28.800  5.336  -15.973 0.5555555820
84814  -29.054  -18.786  -10.399 0.4444444478
87026  -31.402  -15.800  -11.370 0.2222222239
88017  -31.639  -15.284  -11.358 0.2222222239
88018  -32.221  -15.246  -11.207 0.1111111119
91460  -32.086  -12.515  -11.674 0.3333333433
92531  -31.762  -11.627  -12.164 0.6666666865
95823  -33.009  -8.765  -12.330 0.3333333433
109831  -26.571  4.297  -14.649 0.5555555820
109810  -26.010  4.836  -14.138 0.5555555820
87983  -27.056  -15.747  -9.715 0.4444444478
83729  -27.602  -19.576  -9.721 0.4444444478
83730  -28.486  -19.719  -10.295 0.4444444478
83750  -29.418  -19.814  -10.781 0.4444444478
83751  -30.323  -19.729  -10.756 0.2222222239
83752  -31.033  -19.231  -10.305 0.2222222239
84811  -26.223  -17.768  -9.221 0.4444444478
84812  -27.058  -18.444  -9.541 0.4444444478
85900  -32.294  -17.400  -10.876 0.1111111119
83753  -31.768  -18.547  -10.143 0.1111111119
87009  -32.848  -16.317  -10.818 0.1111111119
87028  -32.385  -15.925  -11.185 0.1111111119
88003  -33.576  -15.400  -10.518 0.1111111119
90318  -33.327  -13.332  -10.602 0.1111111119
91439  -33.264  -12.109  -10.896 0.2222222239
92533  -33.203  -11.398  -11.479 0.2222222239
94727  -33.444  -9.362  -11.699 0.2222222239
95806  -33.624  -8.162  -11.961 0.2222222239
99272  -33.981  -5.380  -12.549 0.3333333433
100375  -33.713  -4.392  -13.035 0.3333333433
103539  -21.986  -1.609  -13.040 0.4444444478
103558  -32.820  -1.389  -14.277 0.4444444478
108754  -22.331  3.852  -13.304 0.4444444478
110940  -29.710  5.433  -16.238 0.5555555820
109808  -23.833  4.434  -13.754 0.5555555820
109809  -24.996  4.723  -14.000 0.5555555820
109832  -27.426  4.674  -14.906 0.5555555820
110925  -27.999  5.250  -15.451 0.5555555820
85879  -26.188  -16.933  -9.322 0.4444444478
94746  -31.646  -9.213  -13.115 0.5555555820
107631  -32.210  2.256  -15.022 0.3333333433
89153  -30.311  -14.617  -11.193 0.3333333433
85882  -28.653  -17.786  -9.938 0.4444444478
84825  -30.010  -18.808  -10.832 0.4444444478
84813  -28.121  -18.666  -9.866 0.4444444478
86988  -28.234  -17.156  -9.843 0.4444444478
85898  -30.550  -17.713  -10.911 0.4444444478
87007  -31.077  -16.487  -11.275 0.4444444478
90338  -31.958  -13.780  -11.313 0.2222222239
90317  -32.658  -13.089  -11.132 0.1111111119
89141  -33.433  -14.430  -10.538 0.1111111119
92532  -32.656  -11.266  -12.061 0.3333333433
91438  -32.728  -12.444  -11.341 0.3333333433
92551  -32.005  -10.974  -12.473 0.5555555820
94726  -32.995  -9.618  -12.145 0.3333333433
98075  -33.841  -6.436  -12.316 0.4444444478
88002  -32.862  -15.297  -10.929 0.1111111119
110907  -26.430  5.595  -13.958 0.5555555820
84796  -26.245  -18.707  -9.220 0.4444444478
84827  -31.685  -18.294  -10.707 0.1111111119
74155  -29.474  -27.060  -8.213 0.1111111119
78963  -26.678  -23.949  -8.519 0.3333333433
76531  -28.541  -25.690  -9.350 0.2222222239
74177  -29.010  -27.289  -9.203 0.2222222239
74178  -29.445  -26.672  -8.974 0.1111111119
81417  -24.989  -21.681  -7.799 0.3333333433
80170  -25.726  -22.700  -8.029 0.3333333433
78950  -26.076  -23.929  -8.012 0.3333333433
78964  -27.457  -23.808  -8.977 0.3333333433
78965  -28.160  -24.096  -9.247 0.3333333433
77746  -29.002  -24.576  -9.513 0.2222222239
75382  -29.205  -25.855  -9.435 0.2222222239
75368  -29.315  -25.977  -9.034 0.1111111119
76546  -29.250  -25.276  -9.351 0.2222222239
83708  -24.375  -19.530  -8.009 0.2222222239
82605  -24.802  -20.600  -8.114 0.2222222239
81428  -25.640  -21.503  -8.313 0.3333333433
80184  -26.735  -22.741  -8.522 0.3333333433
77747  -29.184  -24.552  -9.313 0.1111111119
84794  -24.514  -18.415  -8.189 0.2222222239
83709  -25.067  -19.480  -8.551 0.3333333433
82606  -25.739  -20.482  -8.627 0.3333333433
83710  -25.936  -19.483  -8.952 0.3333333433
82627  -26.496  -20.392  -9.057 0.3333333433
81429  -26.575  -21.452  -8.720 0.3333333433
81446  -26.892  -20.979  -9.215 0.3333333433
80199  -28.219  -22.588  -9.544 0.3333333433
81447  -27.475  -21.581  -9.418 0.3333333433
80200  -29.028  -22.585  -10.043 0.3333333433
81448  -28.450  -21.677  -10.097 0.3333333433
78982  -29.118  -23.657  -9.271 0.1111111119
80201  -29.406  -22.513  -9.575 0.2222222239
85860  -24.122  -17.357  -7.992 0.2222222239
84795  -25.457  -18.300  -8.818 0.3333333433
83728  -26.742  -19.511  -9.324 0.3333333433
82628  -27.207  -20.445  -9.430 0.3333333433
82629  -27.980  -20.642  -9.993 0.3333333433
80218  -29.219  -22.081  -10.177 0.3333333433
82647  -28.888  -20.739  -10.429 0.3333333433
82648  -29.737  -20.741  -10.469 0.3333333433
96936  -33.757  -7.060  -12.183 0.2222222239
98086  -33.906  -6.107  -12.404 0.2222222239
102542  -33.704  -2.191  -13.432 0.3333333433
101498  -34.045  -2.836  -13.068 0.2222222239
77729  -27.344  -24.910  -8.601 0.3333333433
77730  -28.011  -24.869  -9.102 0.3333333433
75367  -29.103  -26.259  -9.540 0.2222222239
76532  -29.530  -25.365  -8.588 0.1111111119
81430  -27.127  -22.090  -8.864 0.3333333433
78981  -28.640  -23.657  -9.370 0.3333333433
81468  -29.751  -21.400  -10.203 0.3333333433
74154  -28.655  -27.738  -8.405 0.1111111119
74126  -29.174  -27.382  -7.364 0.1111111119
78949  -25.220  -23.815  -7.769 0.3333333433
77716  -26.561  -24.959  -8.189 0.3333333433
76529  -27.135  -25.999  -8.417 0.3333333433
76530  -27.843  -25.905  -8.991 0.3333333433
75366  -28.353  -26.738  -9.380 0.3333333433
74156  -30.072  -26.615  -7.677 0.1111111119
75345  -29.739  -26.149  -8.232 0.1111111119
82604  -24.300  -20.127  -7.761 0.2222222239
76514  -29.689  -25.442  -8.011 0.1111111119
84776  -24.017  -18.862  -7.691 0.2222222239
78966  -29.421  -23.696  -8.431 0.1111111119
80186  -29.387  -22.941  -8.912 0.1111111119
84793  -23.894  -18.133  -7.692 0.2222222239
81431  -29.622  -22.012  -8.923 0.1111111119
81449  -29.732  -21.751  -9.774 0.1111111119
82649  -30.391  -20.618  -10.152 0.1111111119
86951  -23.914  -16.489  -7.714 0.1111111119
103542  -34.074  -1.309  -13.359 0.2222222239
102543  -34.365  -2.094  -12.972 0.2222222239
87965  -24.019  -15.479  -8.320 0.2222222239
91435  -24.066  -12.708  -10.303 0.5555555820
100376  -34.333  -4.219  -12.427 0.2222222239
80171  -26.305  -23.315  -8.250 0.3333333433
82581  -24.616  -21.136  -7.690 0.2222222239
81416  -24.395  -21.598  -7.468 0.2222222239
80169  -24.621  -22.656  -7.421 0.3333333433
77731  -28.616  -24.735  -9.381 0.3333333433
80185  -27.509  -22.691  -9.102 0.3333333433
78980  -28.018  -23.366  -9.246 0.3333333433
76545  -29.001  -25.400  -9.708 0.2222222239
80183  -26.190  -22.076  -8.336 0.3333333433
77732  -29.379  -24.558  -8.861 0.1111111119
81467  -29.238  -21.626  -10.255 0.3333333433
85843  -23.612  -17.474  -7.361 0.2222222239
81469  -30.089  -21.283  -10.072 0.1111111119
74125  -28.101  -27.569  -7.398 0.1111111119
74176  -28.051  -27.697  -9.174 0.2222222239
77715  -25.774  -24.929  -7.797 0.3333333433
75365  -27.506  -26.930  -9.040 0.3333333433
98076  -34.338  -6.152  -11.718 0.1111111119
98067  -35.450  -6.068  -10.734 0.1111111119
98077  -34.936  -5.918  -11.235 0.1111111119
100361  -34.943  -3.975  -11.674 0.1111111119
100362  -35.574  -4.218  -11.122 0.1111111119
101480  -34.018  -3.550  -12.888 0.1111111119
101481  -34.761  -2.980  -12.427 0.1111111119
101459  -35.232  -3.232  -11.836 0.1111111119
104544  -33.201  -0.484  -14.242 0.2222222239
106599  -33.046  1.353  -14.120 0.1111111119
105581  -32.313  0.822  -15.007 0.2222222239
107632  -32.534  2.332  -14.299 0.1111111119
105561  -33.547  0.418  -14.057 0.1111111119
107611  -33.401  2.365  -13.679 0.1111111119
109829  -24.686  3.828  -14.202 0.4444444478
110904  -23.274  5.460  -13.058 0.4444444478
109812  -27.195  5.257  -14.638 0.4444444478
110941  -30.506  5.571  -15.742 0.3333333433
109834  -31.847  4.852  -14.842 0.1111111119
110927  -32.378  5.600  -14.129 0.1111111119
110908  -27.127  5.636  -14.244 0.4444444478
111931  -26.985  6.059  -13.716 0.4444444478
111949  -27.415  6.376  -14.419 0.4444444478
110924  -27.500  5.549  -14.803 0.4444444478
111967  -28.273  6.272  -15.596 0.4444444478
111968  -28.995  6.361  -16.316 0.4444444478
111969  -29.932  6.479  -16.077 0.4444444478
111970  -30.745  6.567  -15.512 0.2222222239
111951  -31.505  6.609  -14.926 0.2222222239
117652  -30.413  11.360  -16.122 0.1111111119
115894  -31.716  10.259  -15.271 0.1111111119
113969  -32.409  8.225  -14.463 0.1111111119
111928  -24.088  6.235  -12.827 0.4444444478
111929  -25.166  6.315  -13.250 0.4444444478
111930  -26.167  6.315  -13.675 0.3333333433
112971  -27.960  6.921  -15.383 0.4444444478
112972  -28.424  7.343  -15.768 0.4444444478
112973  -29.310  7.400  -16.317 0.4444444478
113983  -28.163  8.386  -15.922 0.3333333433
112985  -29.623  8.070  -16.450 0.3333333433
113985  -30.131  8.484  -16.236 0.1111111119
112974  -30.298  7.545  -16.016 0.1111111119
113986  -30.800  8.381  -15.520 0.1111111119
112975  -31.199  7.474  -15.316 0.2222222239
113968  -31.606  8.290  -14.909 0.1111111119
114946  -31.374  9.261  -15.186 0.1111111119
111948  -26.985  6.582  -13.723 0.3333333433
112956  -27.248  6.916  -14.047 0.3333333433
112958  -28.208  7.904  -15.319 0.3333333433
113984  -28.744  8.079  -16.321 0.4444444478
113998  -28.170  8.613  -16.890 0.2222222239
113999  -29.084  8.494  -16.719 0.2222222239
114000  -29.620  8.546  -16.509 0.2222222239
114945  -30.417  9.207  -15.793 0.1111111119
114961  -28.648  9.319  -17.056 0.1111111119
115909  -29.257  10.239  -16.772 0.1111111119
115893  -30.808  10.054  -15.655 0.1111111119
116805  -30.214  10.645  -16.130 0.1111111119
115892  -30.102  9.864  -16.199 0.1111111119
112943  -25.892  6.646  -13.330 0.3333333433
112944  -26.615  7.083  -13.497 0.3333333433
112945  -27.000  8.073  -13.412 0.3333333433
112957  -27.585  7.436  -14.686 0.3333333433
114960  -27.652  9.569  -17.206 0.1111111119
116819  -28.378  11.276  -17.367 0.1111111119
116820  -29.600  11.270  -16.585 0.1111111119
118458  -29.402  12.689  -16.781 0.1111111119
113946  -26.235  8.290  -11.489 0.1111111119
113947  -26.638  8.818  -12.171 0.1111111119
112933  -26.664  8.444  -12.784 0.2222222239
113957  -26.831  8.942  -13.151 0.2222222239
113966  -27.318  8.746  -14.294 0.3333333433
114932  -27.082  9.718  -14.702 0.2222222239
113967  -27.891  8.328  -15.104 0.3333333433
114944  -27.290  9.865  -15.817 0.2222222239
115920  -26.741  10.708  -17.101 0.1111111119
114959  -27.107  10.008  -16.855 0.1111111119
114973  -27.165  10.164  -17.335 0.1111111119
115908  -28.134  10.205  -17.317 0.1111111119
116836  -27.685  11.935  -17.513 0.1111111119
118459  -30.272  13.113  -16.486 0.1111111119
117664  -31.300  12.378  -16.100 0.1111111119
114908  -27.256  9.461  -11.618 0.1111111119
114912  -27.071  9.609  -12.517 0.1111111119
115882  -27.080  10.503  -13.908 0.1111111119
115891  -27.126  10.627  -15.019 0.1111111119
116817  -26.874  11.571  -16.496 0.1111111119
116834  -26.719  11.489  -17.436 0.1111111119
116835  -27.166  11.523  -17.872 0.1111111119
115857  -27.725  10.173  -11.625 0.1111111119
115863  -27.909  10.623  -11.824 0.1111111119
115872  -27.771  11.080  -12.510 0.1111111119
116786  -27.466  11.124  -13.287 0.1111111119
117628  -27.512  11.737  -13.570 0.1111111119
116797  -27.145  11.316  -14.193 0.1111111119
117641  -27.005  12.304  -14.233 0.1111111119
117651  -26.762  12.630  -15.717 0.1111111119
116787  -28.195  11.492  -12.937 0.1111111119
116779  -29.238  11.200  -12.502 0.1111111119
98066  -34.854  -6.246  -11.162 0.1111111119
99262  -34.542  -4.990  -11.943 0.1111111119
99263  -35.136  -5.190  -11.339 0.1111111119
99243  -35.911  -4.866  -10.632 0.1111111119
103524  -34.599  -1.241  -12.808 0.1111111119
102526  -34.870  -1.943  -12.573 0.1111111119
110905  -24.398  5.561  -13.543 0.4444444478
110942  -31.199  5.689  -15.132 0.2222222239
110926  -31.706  5.856  -14.537 0.1111111119
109835  -32.560  4.486  -14.088 0.1111111119
111950  -27.807  6.029  -15.089 0.4444444478
114947  -32.331  9.609  -14.911 0.1111111119
114922  -26.977  9.683  -13.564 0.2222222239
115871  -27.378  10.414  -12.778 0.1111111119
117661  -26.474  12.298  -16.910 0.1111111119
117629  -28.174  12.253  -13.541 0.1111111119
116788  -28.891  11.887  -12.968 0.1111111119
99244  -36.409  -5.546  -9.918 0.1111111119
105560  -32.832  0.447  -14.618 0.2222222239
108776  -32.924  3.395  -13.965 0.1111111119
109807  -22.813  4.635  -13.389 0.4444444478
110906  -25.488  5.604  -13.797 0.4444444478
111966  -27.748  6.620  -15.122 0.4444444478
112984  -29.182  8.012  -16.468 0.2222222239
115856  -27.549  9.929  -11.598 0.1111111119
114914  -28.308  10.160  -11.478 0.1111111119
116778  -28.404  10.998  -12.260 0.1111111119
98068  -36.074  -6.603  -9.980 0.1111111119
96937  -34.248  -7.466  -11.544 0.1111111119
96927  -34.738  -6.828  -10.986 0.1111111119
99245  -37.273  -5.182  -9.586 0.1111111119
98049  -36.807  -6.227  -9.622 0.1111111119
100340  -36.834  -4.307  -10.049 0.1111111119
101460  -35.735  -3.169  -11.229 0.1111111119
101461  -36.310  -2.835  -10.750 0.1111111119
101482  -35.388  -2.737  -11.869 0.1111111119
104506  -34.871  -0.344  -12.501 0.1111111119
103525  -35.130  -1.245  -12.303 0.1111111119
102527  -35.306  -2.077  -12.127 0.1111111119
104526  -34.226  -0.448  -13.038 0.1111111119
106582  -34.431  1.143  -13.038 0.1111111119
110928  -33.296  5.390  -13.598 0.1111111119
110894  -23.212  5.478  -12.205 0.4444444478
112961  -33.782  7.316  -13.990 0.1111111119
114934  -32.869  8.981  -14.551 0.1111111119
111917  -24.860  6.493  -12.345 0.2222222239
112931  -25.698  6.870  -12.777 0.2222222239
115895  -32.686  10.394  -15.214 0.1111111119
112929  -25.698  7.624  -11.204 0.1111111119
112932  -26.105  7.869  -12.455 0.2222222239
116821  -31.520  11.620  -15.747 0.1111111119
117665  -32.434  12.609  -16.343 0.1111111119
113943  -26.248  8.085  -10.459 0.1111111119
114903  -27.717  8.963  -10.979 0.1111111119
114904  -28.218  9.265  -10.336 0.1111111119
114905  -29.064  9.513  -10.073 0.1111111119
117678  -26.547  12.487  -17.655 0.1111111119
117679  -27.243  12.539  -17.810 0.1111111119
118474  -27.649  13.563  -17.667 0.1111111119
119283  -28.122  14.656  -17.851 0.1111111119
115864  -29.076  10.295  -11.730 0.1111111119
118449  -26.549  13.315  -15.939 0.1111111119
106598  -32.501  1.433  -14.784 0.2222222239
100339  -36.136  -3.835  -10.665 0.1111111119
106581  -33.849  1.333  -13.590 0.1111111119
112959  -31.941  7.436  -14.665 0.2222222239
111952  -32.184  6.573  -14.326 0.1111111119
117653  -30.879  11.736  -15.890 0.1111111119
117663  -30.173  12.093  -16.382 0.1111111119
116806  -31.042  11.016  -15.585 0.1111111119
116807  -32.045  11.105  -15.403 0.1111111119
113970  -33.319  8.233  -14.276 0.1111111119
112960  -32.746  7.398  -14.161 0.1111111119
114933  -32.078  8.909  -14.675 0.2222222239
114962  -29.621  9.157  -16.506 0.2222222239
113982  -27.530  9.003  -15.427 0.2222222239
113997  -27.570  9.163  -16.450 0.1111111119
115907  -27.443  10.258  -17.450 0.1111111119
117662  -29.232  11.962  -16.964 0.1111111119
117680  -28.369  12.503  -17.365 0.1111111119
118475  -29.074  13.641  -17.199 0.1111111119
115906  -27.247  10.760  -16.164 0.1111111119
115921  -26.932  10.647  -17.680 0.1111111119
116818  -27.544  10.746  -17.657 0.1111111119
113944  -27.023  8.545  -11.186 0.1111111119
115862  -27.365  10.152  -11.906 0.1111111119
116804  -26.986  11.542  -15.287 0.1111111119
117660  -26.389  12.912  -16.416 0.1111111119
114909  -27.958  9.736  -11.310 0.1111111119
96928  -35.327  -7.208  -10.355 0.1111111119
104525  -33.854  -0.478  -13.765 0.1111111119
117677  -26.131  12.888  -17.084 0.1111111119
117642  -27.768  12.900  -14.055 0.1111111119
114910  -28.681  9.859  -10.918 0.1111111119
105542  -34.048  0.380  -13.390 0.1111111119
111953  -33.020  6.459  -13.905 0.1111111119
114948  -33.323  9.670  -14.985 0.1111111119
116808  -32.988  11.174  -15.562 0.1111111119
112922  -25.795  7.060  -10.119 0.1111111119
116822  -32.281  11.802  -15.873 0.1111111119
118450  -26.792  13.614  -15.268 0.1111111119
76513  -26.216  -26.022  -8.147 0.2222222239
92498  -23.678  -11.607  -9.750 0.2222222239
93565  -23.798  -10.648  -9.749 0.2222222239
109793  -22.358  4.523  -12.856 0.3333333433
109781  -22.312  4.350  -12.071 0.2222222239
111915  -23.597  5.946  -11.801 0.1111111119
111916  -23.987  6.504  -11.986 0.1111111119
111927  -23.592  5.968  -12.366 0.2222222239
104503  -20.702  -0.878  -11.291 0.2222222239
102517  -21.571  -1.934  -11.922 0.1111111119
91423  -23.806  -12.601  -9.740 0.2222222239
103496  -21.080  -1.468  -11.016 0.1111111119
107572  -19.763  1.738  -9.899 0.1111111119
108715  -20.801  2.833  -9.142 0.1111111119
109766  -22.351  4.373  -11.323 0.1111111119
110870  -23.481  5.192  -11.559 0.1111111119
111907  -23.724  5.732  -11.457 0.1111111119
111908  -24.145  6.188  -11.401 0.1111111119
108740  -21.775  3.852  -12.485 0.2222222239
108728  -20.528  3.768  -10.192 0.1111111119
89087  -23.880  -14.423  -8.103 0.2222222239
108729  -21.427  3.808  -11.316 0.1111111119
96920  -23.113  -7.632  -10.751 0.1111111119
96921  -23.396  -6.977  -10.635 0.3333333433
110903  -22.693  5.005  -13.016 0.3333333433
110893  -22.713  5.032  -12.529 0.3333333433
91407  -23.931  -12.346  -8.986 0.2222222239
110869  -22.902  4.930  -11.465 0.1111111119
150377  -21.951  3.127  -9.459 0.1111111119
110884  -22.760  4.989  -11.841 0.1111111119
108716  -21.732  4.112  -10.118 0.1111111119
109782  -22.901  3.911  -11.128 0.1111111119
109767  -22.798  4.360  -11.234 0.1111111119
76512  -25.463  -25.984  -7.581 0.1111111119
75344  -26.769  -26.976  -8.378 0.1111111119
77698  -23.618  -24.600  -6.437 0.1111111119
77714  -24.937  -24.859  -7.513 0.1111111119
78948  -24.564  -23.812  -7.225 0.1111111119
80168  -24.062  -22.060  -7.321 0.1111111119
89058  -24.132  -14.687  -6.836 0.1111111119
99268  -23.004  -4.767  -11.472 0.2222222239
99255  -22.824  -4.587  -11.140 0.2222222239
100331  -22.596  -3.940  -10.958 0.2222222239
77699  -24.334  -24.737  -6.898 0.1111111119
94708  -23.577  -9.790  -10.466 0.1111111119
76490  -23.962  -25.659  -6.585 0.1111111119
75342  -24.879  -26.942  -7.676 0.1111111119
75343  -25.774  -27.056  -8.068 0.1111111119
78932  -23.980  -23.713  -6.743 0.1111111119
80150  -23.737  -22.522  -6.816 0.1111111119
81415  -23.821  -21.428  -7.115 0.1111111119
82579  -23.594  -20.459  -6.921 0.1111111119
82580  -24.237  -20.701  -7.453 0.1111111119
83692  -23.917  -19.675  -7.370 0.1111111119
90231  -24.674  -13.788  -7.057 0.1111111119
93544  -24.058  -10.553  -8.997 0.1111111119
99232  -23.428  -5.137  -10.575 0.2222222239
100315  -22.863  -3.428  -10.740 0.2222222239
101423  -22.411  -2.987  -11.068 0.1111111119
101449  -22.041  -2.592  -11.472 0.1111111119
99256  -23.133  -5.302  -11.048 0.2222222239
84775  -23.558  -18.581  -7.113 0.1111111119
87949  -23.934  -15.609  -7.369 0.1111111119
80151  -24.256  -23.158  -7.013 0.1111111119
91378  -24.256  -12.047  -8.603 0.1111111119
76511  -24.681  -25.832  -7.162 0.1111111119
78931  -23.234  -23.531  -6.240 0.1111111119
99231  -22.941  -4.687  -10.789 0.1111111119
81398  -23.180  -21.288  -6.449 0.1111111119
90257  -24.301  -13.206  -7.972 0.1111111119
101408  -22.361  -2.556  -10.784 0.1111111119
104482  -20.311  -0.388  -10.863 0.1111111119
98057  -23.593  -6.120  -10.594 0.1111111119
103495  -20.415  -1.012  -10.609 0.1111111119
105503  -20.023  0.509  -9.900 0.1111111119
106538  -19.845  1.470  -10.120 0.1111111119
74175  -27.267  -27.573  -8.715 0.1111111119
75381  -29.128  -25.716  -9.602 0.2222222239
80219  -29.424  -22.008  -10.056 0.3333333433
81486  -29.765  -21.209  -10.325 0.1111111119
81487  -29.982  -21.261  -10.228 0.1111111119
82667  -29.924  -21.024  -10.340 0.1111111119
82668  -30.123  -21.090  -10.256 0.1111111119
90329  -24.517  -12.862  -10.564 0.8888888955
90331  -25.100  -13.154  -10.637 1.0000000000
91451  -24.334  -12.704  -10.502 0.8888888955
92514  -24.251  -11.430  -10.920 0.6666666865
93618  -29.144  -10.248  -12.611 1.0000000000
93633  -30.219  -9.945  -12.619 0.8888888955
94722  -23.408  -8.733  -11.293 0.3333333433
95773  -23.326  -8.056  -10.241 0.1111111119
95816  -23.438  -8.156  -11.409 0.3333333433
99219  -36.953  -5.704  -9.565 0.1111111119
99302  -29.197  -4.812  -15.085 0.8888888955
100399  -24.694  -4.481  -13.880 0.8888888955
101407  -21.938  -2.432  -10.925 0.1111111119
101422  -21.984  -2.548  -11.242 0.1111111119
101495  -24.284  -4.137  -13.782 0.7777777910
102498  -21.636  -2.185  -11.529 0.1111111119
102499  -22.053  -2.611  -11.720 0.1111111119
102558  -26.483  -2.494  -15.022 1.0000000000
103521  -20.583  -1.108  -11.086 0.1111111119
103522  -21.283  -1.307  -11.448 0.1111111119
104483  -20.508  0.094  -11.371 0.1111111119
104504  -21.027  -0.485  -11.755 0.2222222239
104540  -24.488  -0.584  -14.514 0.7777777910
104573  -29.149  0.284  -15.739 0.6666666865
105504  -20.219  0.686  -10.845 0.3333333433
105577  -28.640  0.192  -15.810 0.6666666865
105594  -28.381  0.863  -15.630 0.6666666865
105595  -28.762  0.612  -15.658 0.6666666865
106554  -20.163  1.776  -11.230 0.1111111119
106609  -25.934  1.302  -15.302 0.6666666865
106628  -28.525  1.214  -15.555 0.6666666865
107564  -19.829  2.081  -9.518 0.1111111119
107573  -19.936  2.600  -10.238 0.1111111119
107574  -20.371  3.388  -11.035 0.2222222239
107627  -22.440  3.069  -13.375 0.5555555820
107662  -27.850  1.728  -15.538 0.6666666865
107663  -28.326  1.726  -15.509 0.6666666865
108755  -23.039  3.964  -13.655 0.4444444478
109811  -26.770  5.081  -14.475 0.4444444478
109846  -26.392  3.607  -14.953 0.5555555820
110885  -23.313  5.381  -11.719 0.1111111119
114913  -27.959  10.217  -11.549 0.1111111119
114972  -26.938  10.351  -17.324 0.1111111119
117650  -26.590  12.948  -16.053 0.1111111119
119252  -26.729  14.035  -15.119 0.1111111119
