#!ascii label  , from subject 3060 vox2ras=TkReg
775
75367  -29.103  -26.259  -9.540 0.4285714328
77747  -29.184  -24.552  -9.313 0.2857142985
76546  -29.250  -25.276  -9.351 0.4285714328
77732  -29.379  -24.558  -8.861 0.4285714328
78951  -29.612  -23.513  -7.428 0.4285714328
78982  -29.118  -23.657  -9.271 0.2857142985
80186  -29.387  -22.941  -8.912 0.4285714328
80172  -29.439  -22.746  -8.076 0.4285714328
81449  -29.732  -21.751  -9.774 0.4285714328
81450  -30.059  -21.262  -9.507 0.4285714328
82649  -30.391  -20.618  -10.152 0.4285714328
83751  -30.323  -19.729  -10.756 0.4285714328
84825  -30.010  -18.808  -10.832 0.5714285970
83752  -31.033  -19.231  -10.305 0.4285714328
83753  -31.768  -18.547  -10.143 0.2857142985
84826  -30.914  -18.646  -10.893 0.7142857313
85900  -32.294  -17.400  -10.876 0.7142857313
85899  -31.481  -17.604  -11.087 0.7142857313
84827  -31.685  -18.294  -10.707 0.5714285970
87009  -32.848  -16.317  -10.818 0.5714285970
87008  -32.029  -16.664  -11.221 0.5714285970
87028  -32.385  -15.925  -11.185 0.5714285970
88002  -32.862  -15.297  -10.929 0.5714285970
87027  -31.817  -15.929  -11.369 0.5714285970
88003  -33.576  -15.400  -10.518 0.4285714328
89141  -33.433  -14.430  -10.538 0.5714285970
90319  -34.158  -13.573  -10.140 0.5714285970
89155  -31.951  -14.645  -11.243 0.7142857313
90318  -33.327  -13.332  -10.602 0.7142857313
89140  -32.575  -14.275  -10.900 0.5714285970
89154  -31.342  -14.560  -11.397 0.5714285970
90317  -32.658  -13.089  -11.132 0.8571428657
91440  -34.069  -12.474  -10.228 0.7142857313
91460  -32.086  -12.515  -11.674 0.7142857313
90337  -31.109  -13.517  -11.499 0.5714285970
92516  -34.190  -11.340  -10.375 0.7142857313
92517  -34.830  -11.683  -9.755 0.5714285970
91438  -32.728  -12.444  -11.341 0.7142857313
91439  -33.264  -12.109  -10.896 0.7142857313
93588  -34.288  -10.214  -10.451 0.5714285970
93589  -34.842  -10.539  -9.745 0.5714285970
91461  -32.817  -11.972  -11.531 0.5714285970
92533  -33.203  -11.398  -11.479 0.7142857313
92515  -33.639  -10.920  -10.955 0.7142857313
94710  -34.386  -9.115  -10.771 0.7142857313
93604  -33.338  -10.537  -11.623 0.7142857313
93587  -33.865  -9.944  -11.141 0.7142857313
94709  -33.904  -9.391  -11.196 0.7142857313
95794  -34.693  -7.924  -10.856 0.7142857313
94727  -33.444  -9.362  -11.699 0.7142857313
92532  -32.656  -11.266  -12.061 0.5714285970
96928  -35.327  -7.208  -10.355 0.5714285970
94726  -32.995  -9.618  -12.145 0.8571428657
96927  -34.738  -6.828  -10.986 0.7142857313
96937  -34.248  -7.466  -11.544 0.7142857313
95806  -33.624  -8.162  -11.961 0.8571428657
99272  -33.981  -5.380  -12.549 0.8571428657
98077  -34.936  -5.918  -11.235 0.5714285970
98075  -33.841  -6.436  -12.316 0.8571428657
96936  -33.757  -7.060  -12.183 0.8571428657
100375  -33.713  -4.392  -13.035 0.8571428657
101480  -34.018  -3.550  -12.888 0.8571428657
102542  -33.704  -2.191  -13.432 0.8571428657
98086  -33.906  -6.107  -12.404 0.8571428657
101497  -33.404  -3.347  -13.654 0.8571428657
101514  -32.980  -2.841  -14.184 1.0000000000
99271  -33.517  -5.301  -13.241 0.8571428657
102561  -33.078  -2.233  -13.901 1.0000000000
101496  -33.015  -4.005  -14.007 1.0000000000
103557  -32.264  -1.446  -14.769 1.0000000000
104561  -31.223  -0.457  -15.236 0.7142857313
102560  -32.638  -2.304  -14.463 1.0000000000
102559  -32.032  -2.415  -14.947 1.0000000000
107650  -30.740  2.514  -15.445 1.0000000000
108790  -30.113  3.491  -15.608 0.8571428657
111969  -29.932  6.479  -16.077 0.8571428657
110940  -29.710  5.433  -16.238 0.8571428657
109851  -30.375  4.538  -15.840 1.0000000000
112985  -29.623  8.070  -16.450 0.8571428657
112974  -30.298  7.545  -16.016 0.8571428657
112984  -29.182  8.012  -16.468 0.7142857313
112972  -28.424  7.343  -15.768 0.5714285970
113998  -28.170  8.613  -16.890 0.7142857313
114961  -28.648  9.319  -17.056 0.5714285970
113967  -27.891  8.328  -15.104 0.5714285970
112958  -28.208  7.904  -15.319 0.5714285970
113982  -27.530  9.003  -15.427 0.4285714328
114944  -27.290  9.865  -15.817 0.4285714328
114959  -27.107  10.008  -16.855 0.4285714328
114922  -26.977  9.683  -13.564 0.2857142985
115882  -27.080  10.503  -13.908 0.2857142985
115871  -27.378  10.414  -12.778 0.2857142985
98066  -34.854  -6.246  -11.162 0.5714285970
95807  -34.051  -8.532  -11.331 0.7142857313
98076  -34.338  -6.152  -11.718 0.8571428657
100376  -34.333  -4.219  -12.427 0.8571428657
101498  -34.045  -2.836  -13.068 0.8571428657
105580  -31.629  0.546  -14.994 0.8571428657
116778  -28.404  10.998  -12.260 0.1428571492
78981  -28.640  -23.657  -9.370 0.2857142985
80200  -29.028  -22.585  -10.043 0.2857142985
80201  -29.406  -22.513  -9.575 0.2857142985
81431  -29.622  -22.012  -8.923 0.4285714328
82630  -30.212  -20.556  -9.171 0.4285714328
81467  -29.238  -21.626  -10.255 0.2857142985
83750  -29.418  -19.814  -10.781 0.5714285970
85898  -30.550  -17.713  -10.911 0.2857142985
87026  -31.402  -15.800  -11.370 0.5714285970
88004  -34.374  -15.399  -10.177 0.4285714328
88017  -31.639  -15.284  -11.358 0.7142857313
89142  -34.222  -14.565  -10.273 0.4285714328
90338  -31.958  -13.780  -11.313 0.5714285970
94711  -35.011  -9.443  -9.953 0.5714285970
94728  -33.932  -9.105  -11.224 0.7142857313
99262  -34.542  -4.990  -11.943 0.5714285970
98085  -33.423  -6.430  -13.008 1.0000000000
103541  -33.450  -1.345  -13.835 1.0000000000
101513  -32.543  -3.455  -14.395 1.0000000000
103556  -31.626  -1.431  -15.163 0.8571428657
105579  -30.815  0.565  -15.277 0.7142857313
106613  -30.416  1.521  -15.486 0.7142857313
106615  -31.990  1.520  -15.230 1.0000000000
105578  -30.058  0.597  -15.618 0.7142857313
112973  -29.310  7.400  -16.317 0.7142857313
113983  -28.163  8.386  -15.922 0.7142857313
115891  -27.126  10.627  -15.019 0.2857142985
114960  -27.652  9.569  -17.206 0.4285714328
115920  -26.741  10.708  -17.101 0.4285714328
87007  -31.077  -16.487  -11.275 0.4285714328
88001  -30.294  -15.731  -11.063 0.4285714328
114932  -27.082  9.718  -14.702 0.2857142985
75382  -29.205  -25.855  -9.435 0.4285714328
76532  -29.530  -25.365  -8.588 0.4285714328
77746  -29.002  -24.576  -9.513 0.2857142985
76545  -29.001  -25.400  -9.708 0.2857142985
77717  -29.614  -24.659  -7.858 0.4285714328
78966  -29.421  -23.696  -8.431 0.4285714328
81468  -29.751  -21.400  -10.203 0.2857142985
81469  -30.089  -21.283  -10.072 0.4285714328
82648  -29.737  -20.741  -10.469 0.4285714328
88018  -32.221  -15.246  -11.207 0.5714285970
93603  -32.916  -10.153  -12.098 0.8571428657
96951  -33.140  -7.699  -12.637 0.8571428657
100391  -33.219  -4.556  -13.634 1.0000000000
104560  -30.474  -0.381  -15.493 0.8571428657
113984  -28.744  8.079  -16.321 0.7142857313
113999  -29.084  8.494  -16.719 0.7142857313
113966  -27.318  8.746  -14.294 0.4285714328
113997  -27.570  9.163  -16.450 0.4285714328
114912  -27.071  9.609  -12.517 0.2857142985
80218  -29.219  -22.081  -10.177 0.2857142985
87006  -29.983  -16.707  -10.769 0.2857142985
106614  -31.208  1.548  -15.309 1.0000000000
118472  -26.305  13.554  -17.328 0.2857142985
118457  -26.270  13.551  -16.545 0.1428571492
116834  -26.719  11.489  -17.436 0.2857142985
117678  -26.547  12.487  -17.655 0.2857142985
117660  -26.389  12.912  -16.416 0.1428571492
119251  -26.445  14.251  -15.482 0.1428571492
116804  -26.986  11.542  -15.287 0.1428571492
116817  -26.874  11.571  -16.496 0.2857142985
117651  -26.762  12.630  -15.717 0.1428571492
117679  -27.243  12.539  -17.810 0.2857142985
117664  -31.300  12.378  -16.100 0.2857142985
117662  -29.232  11.962  -16.964 0.2857142985
118450  -26.792  13.614  -15.268 0.1428571492
115921  -26.932  10.647  -17.680 0.2857142985
116805  -30.214  10.645  -16.130 0.2857142985
116836  -27.685  11.935  -17.513 0.2857142985
115894  -31.716  10.259  -15.271 0.1428571492
116820  -29.600  11.270  -16.585 0.2857142985
116819  -28.378  11.276  -17.367 0.2857142985
116835  -27.166  11.523  -17.872 0.2857142985
114949  -34.551  9.529  -15.295 0.1428571492
115895  -32.686  10.394  -15.214 0.1428571492
116806  -31.042  11.016  -15.585 0.4285714328
111952  -32.184  6.573  -14.326 0.2857142985
113986  -30.800  8.381  -15.520 0.4285714328
114962  -29.621  9.157  -16.506 0.2857142985
111953  -33.020  6.459  -13.905 0.1428571492
113969  -32.409  8.225  -14.463 0.2857142985
114945  -30.417  9.207  -15.793 0.4285714328
112975  -31.199  7.474  -15.316 0.5714285970
113985  -30.131  8.484  -16.236 0.7142857313
110928  -33.296  5.390  -13.598 0.1428571492
110927  -32.378  5.600  -14.129 0.1428571492
111951  -31.505  6.609  -14.926 0.4285714328
108756  -33.815  3.484  -13.378 0.2857142985
108776  -32.924  3.395  -13.965 0.7142857313
111970  -30.745  6.567  -15.512 0.7142857313
108791  -31.136  3.572  -15.348 0.8571428657
109834  -31.847  4.852  -14.842 0.8571428657
110942  -31.199  5.689  -15.132 0.5714285970
107612  -34.434  2.364  -12.968 0.2857142985
110939  -28.800  5.336  -15.973 0.5714285970
107596  -34.843  1.531  -12.624 0.1428571492
100406  -31.238  -4.715  -14.955 0.5714285970
102575  -31.296  -2.297  -15.232 0.8571428657
101524  -30.988  -2.859  -15.262 0.4285714328
105560  -32.832  0.447  -14.618 0.8571428657
107651  -31.570  2.562  -15.251 0.8571428657
105543  -34.495  0.351  -12.799 0.2857142985
106598  -32.501  1.433  -14.784 0.8571428657
107631  -32.210  2.256  -15.022 0.8571428657
109852  -31.150  4.732  -15.445 0.8571428657
105527  -35.371  0.264  -12.191 0.4285714328
106581  -33.849  1.333  -13.590 0.7142857313
107632  -32.534  2.332  -14.299 0.7142857313
99292  -30.818  -5.708  -15.147 0.2857142985
100407  -31.999  -4.599  -14.592 0.5714285970
101511  -30.882  -4.037  -14.930 0.5714285970
104543  -32.526  -0.541  -14.590 0.8571428657
105559  -32.212  0.168  -14.758 0.8571428657
105581  -32.313  0.822  -15.007 0.8571428657
104526  -34.226  -0.448  -13.038 0.4285714328
105561  -33.547  0.418  -14.057 0.8571428657
106599  -33.046  1.353  -14.120 0.8571428657
104506  -34.871  -0.344  -12.501 0.4285714328
93619  -30.917  -9.898  -12.676 0.7142857313
94763  -31.069  -8.987  -13.550 0.4285714328
93620  -31.794  -10.207  -12.644 0.7142857313
95822  -32.357  -8.434  -13.060 0.8571428657
96967  -31.313  -7.461  -14.030 0.5714285970
98113  -31.123  -6.822  -14.661 0.5714285970
98112  -30.206  -6.552  -14.688 0.4285714328
98084  -32.730  -6.653  -13.390 0.8571428657
98114  -31.580  -6.546  -14.383 0.5714285970
99279  -32.301  -5.469  -14.234 0.7142857313
102543  -34.365  -2.094  -12.972 0.7142857313
104544  -33.201  -0.484  -14.242 0.8571428657
102505  -35.798  -2.157  -11.539 0.2857142985
102527  -35.306  -2.077  -12.127 0.4285714328
103525  -35.130  -1.245  -12.303 0.5714285970
92531  -31.762  -11.627  -12.164 0.4285714328
92550  -31.168  -11.056  -12.518 0.4285714328
95823  -33.009  -8.765  -12.330 0.7142857313
98099  -32.818  -6.340  -13.517 0.8571428657
100361  -34.943  -3.975  -11.674 0.7142857313
101460  -35.735  -3.169  -11.229 0.2857142985
101459  -35.232  -3.232  -11.836 0.5714285970
101481  -34.761  -2.980  -12.427 0.5714285970
91459  -30.801  -12.242  -12.026 0.4285714328
91475  -29.911  -11.735  -12.457 0.5714285970
92551  -32.005  -10.974  -12.473 0.5714285970
94748  -33.018  -9.340  -12.195 0.7142857313
98067  -35.450  -6.068  -10.734 0.4285714328
100362  -35.574  -4.218  -11.122 0.4285714328
89153  -30.311  -14.617  -11.193 0.5714285970
91424  -35.560  -12.059  -9.263 0.4285714328
92499  -35.648  -10.875  -9.316 0.4285714328
96929  -35.938  -7.541  -9.836 0.4285714328
95795  -35.456  -8.340  -10.207 0.4285714328
98068  -36.074  -6.603  -9.980 0.4285714328
83731  -30.566  -19.652  -9.162 0.1428571492
94697  -35.802  -8.813  -9.621 0.4285714328
95784  -36.399  -8.026  -9.467 0.4285714328
84815  -32.214  -18.153  -9.445 0.1428571492
87010  -33.735  -16.236  -10.250 0.2857142985
90302  -36.364  -13.629  -8.774 0.2857142985
92501  -37.603  -11.498  -8.534 0.2857142985
91425  -36.378  -12.429  -8.775 0.2857142985
90300  -34.643  -13.927  -9.849 0.4285714328
93573  -37.456  -10.213  -8.737 0.2857142985
92500  -36.455  -11.149  -8.723 0.2857142985
93572  -36.543  -10.034  -9.091 0.2857142985
83732  -31.358  -18.815  -9.371 0.1428571492
85883  -33.254  -17.223  -9.580 0.2857142985
87985  -35.884  -15.530  -9.135 0.2857142985
89125  -36.392  -14.619  -8.857 0.2857142985
89124  -35.674  -14.545  -9.311 0.2857142985
89123  -34.876  -14.566  -9.779 0.2857142985
85885  -34.776  -16.849  -8.858 0.2857142985
84816  -32.787  -17.585  -9.193 0.2857142985
86989  -34.209  -16.502  -9.815 0.2857142985
85884  -34.147  -17.028  -9.380 0.2857142985
84829  -32.671  -17.572  -9.795 0.2857142985
86990  -34.992  -16.327  -9.419 0.2857142985
82607  -30.221  -20.131  -8.193 0.1428571492
81432  -29.887  -21.081  -8.548 0.2857142985
82608  -30.615  -19.642  -7.985 0.1428571492
74178  -29.445  -26.672  -8.974 0.2857142985
74155  -29.474  -27.060  -8.213 0.2857142985
74177  -29.010  -27.289  -9.203 0.2857142985
81418  -29.618  -21.782  -7.742 0.2857142985
75345  -29.739  -26.149  -8.232 0.1428571492
74154  -28.655  -27.738  -8.405 0.1428571492
85863  -33.480  -17.473  -8.852 0.2857142985
87984  -35.065  -15.422  -9.677 0.2857142985
91441  -34.768  -12.779  -9.742 0.4285714328
94699  -37.396  -9.185  -9.062 0.2857142985
95821  -31.874  -8.634  -13.352 0.7142857313
94698  -36.535  -9.013  -9.302 0.4285714328
99263  -35.136  -5.190  -11.339 0.4285714328
100339  -36.136  -3.835  -10.665 0.2857142985
101461  -36.310  -2.835  -10.750 0.2857142985
101482  -35.388  -2.737  -11.869 0.5714285970
109850  -29.446  4.406  -15.967 0.7142857313
103542  -34.074  -1.309  -13.359 0.7142857313
108792  -31.574  3.169  -15.160 0.8571428657
111967  -28.273  6.272  -15.596 0.4285714328
111968  -28.995  6.361  -16.316 0.5714285970
108775  -32.035  3.425  -14.877 0.8571428657
110941  -30.506  5.571  -15.742 0.8571428657
107611  -33.401  2.365  -13.679 0.5714285970
115908  -28.134  10.205  -17.317 0.2857142985
112959  -31.941  7.436  -14.665 0.4285714328
118437  -27.240  13.210  -14.708 0.1428571492
114947  -32.331  9.609  -14.911 0.1428571492
117680  -28.369  12.503  -17.365 0.2857142985
76514  -29.689  -25.442  -8.011 0.1428571492
76531  -28.541  -25.690  -9.350 0.2857142985
81419  -30.115  -20.959  -7.688 0.1428571492
83712  -31.217  -19.256  -8.163 0.1428571492
84777  -32.582  -18.657  -7.548 0.1428571492
84778  -33.409  -18.520  -7.509 0.1428571492
85901  -32.924  -17.048  -10.242 0.2857142985
90303  -37.031  -13.501  -8.596 0.2857142985
92563  -29.935  -10.226  -12.568 0.2857142985
95785  -37.319  -8.216  -9.185 0.2857142985
94746  -31.646  -9.213  -13.115 0.7142857313
94747  -32.517  -9.538  -12.498 0.5714285970
95849  -30.288  -7.917  -13.910 0.4285714328
95837  -31.492  -8.387  -13.568 0.5714285970
99291  -29.786  -5.293  -14.983 0.2857142985
98098  -32.106  -6.582  -13.873 0.7142857313
100405  -30.526  -4.585  -15.154 0.2857142985
98050  -37.395  -6.529  -9.492 0.1428571492
99244  -36.409  -5.546  -9.918 0.4285714328
99243  -35.911  -4.866  -10.632 0.4285714328
100340  -36.834  -4.307  -10.049 0.1428571492
103500  -35.658  -1.299  -11.739 0.2857142985
108774  -31.538  4.146  -15.134 0.8571428657
106545  -35.653  0.661  -11.994 0.2857142985
106564  -35.363  1.103  -12.256 0.1428571492
107613  -35.303  3.147  -12.421 0.1428571492
108757  -34.710  3.765  -12.898 0.1428571492
109836  -33.317  4.294  -13.594 0.1428571492
110926  -31.706  5.856  -14.537 0.5714285970
110909  -34.147  5.693  -13.467 0.1428571492
115893  -30.808  10.054  -15.655 0.2857142985
114946  -31.374  9.261  -15.186 0.2857142985
113970  -33.319  8.233  -14.276 0.1428571492
114935  -33.814  9.004  -14.604 0.1428571492
114948  -33.323  9.670  -14.985 0.1428571492
117653  -30.879  11.736  -15.890 0.2857142985
116821  -31.520  11.620  -15.747 0.2857142985
116822  -32.281  11.802  -15.873 0.1428571492
116808  -32.988  11.174  -15.562 0.1428571492
77700  -30.471  -24.674  -6.657 0.1428571492
83693  -31.393  -19.546  -7.373 0.1428571492
91426  -37.170  -12.822  -8.549 0.2857142985
102506  -36.265  -2.272  -10.998 0.2857142985
116809  -33.779  11.153  -15.836 0.1428571492
117665  -32.434  12.609  -16.343 0.2857142985
75368  -29.315  -25.977  -9.034 0.2857142985
78952  -29.841  -24.241  -7.104 0.1428571492
78933  -29.743  -23.175  -7.039 0.1428571492
81399  -29.738  -21.961  -7.224 0.1428571492
84828  -32.332  -17.928  -10.311 0.2857142985
90320  -34.715  -13.432  -9.765 0.4285714328
93621  -32.403  -10.452  -12.390 0.5714285970
100390  -32.677  -4.623  -14.106 0.8571428657
103558  -32.820  -1.389  -14.277 0.8571428657
104542  -31.862  -0.538  -14.860 0.8571428657
114000  -29.620  8.546  -16.509 0.5714285970
115909  -29.257  10.239  -16.772 0.2857142985
114973  -27.165  10.164  -17.335 0.2857142985
83711  -30.593  -19.617  -8.373 0.1428571492
88016  -31.011  -15.431  -11.366 0.5714285970
93571  -35.725  -9.788  -9.486 0.4285714328
115906  -27.247  10.760  -16.164 0.2857142985
115907  -27.443  10.258  -17.450 0.2857142985
96950  -32.617  -7.271  -13.252 0.8571428657
117677  -26.131  12.888  -17.084 0.2857142985
118449  -26.549  13.315  -15.939 0.1428571492
117661  -26.474  12.298  -16.910 0.2857142985
117652  -30.413  11.360  -16.122 0.2857142985
115892  -30.102  9.864  -16.199 0.2857142985
116818  -27.544  10.746  -17.657 0.2857142985
116807  -32.045  11.105  -15.403 0.1428571492
115896  -33.651  10.421  -15.441 0.1428571492
114933  -32.078  8.909  -14.675 0.1428571492
112960  -32.746  7.398  -14.161 0.1428571492
113968  -31.606  8.290  -14.909 0.4285714328
112961  -33.782  7.316  -13.990 0.1428571492
114934  -32.869  8.981  -14.551 0.2857142985
109835  -32.560  4.486  -14.088 0.4285714328
106582  -34.431  1.143  -13.038 0.4285714328
101512  -31.442  -3.473  -14.951 0.5714285970
102574  -30.644  -2.262  -15.438 0.4285714328
105542  -34.048  0.380  -13.390 0.4285714328
104525  -33.854  -0.478  -13.765 0.7142857313
94745  -31.001  -9.334  -13.136 0.4285714328
95838  -31.918  -8.332  -13.411 0.7142857313
96968  -31.956  -7.763  -13.544 0.7142857313
96966  -30.877  -7.633  -14.143 0.4285714328
98097  -31.509  -6.873  -14.263 0.5714285970
99293  -31.610  -5.800  -14.597 0.5714285970
96983  -30.974  -7.404  -14.371 0.4285714328
96982  -30.507  -7.475  -14.247 0.2857142985
99280  -32.915  -5.635  -13.711 0.8571428657
102526  -34.870  -1.943  -12.573 0.5714285970
103524  -34.599  -1.241  -12.808 0.7142857313
91476  -30.538  -11.469  -12.447 0.5714285970
101431  -36.197  -3.256  -10.727 0.2857142985
95796  -35.901  -8.056  -9.765 0.4285714328
96914  -36.685  -7.054  -9.680 0.4285714328
85902  -33.645  -16.801  -9.880 0.2857142985
87011  -34.488  -16.008  -9.920 0.2857142985
90301  -35.373  -13.426  -9.420 0.2857142985
83713  -31.935  -18.544  -7.849 0.1428571492
84797  -31.788  -18.437  -8.618 0.1428571492
84798  -32.640  -17.941  -8.292 0.1428571492
86971  -35.298  -16.567  -8.772 0.2857142985
74156  -30.072  -26.615  -7.677 0.1428571492
75346  -30.197  -26.165  -7.653 0.1428571492
117641  -27.005  12.304  -14.233 0.1428571492
76515  -30.123  -25.476  -7.457 0.1428571492
78934  -30.024  -23.465  -6.718 0.1428571492
109849  -28.448  4.285  -15.863 0.5714285970
107647  -28.020  2.351  -15.493 0.4285714328
108788  -28.295  3.193  -15.686 0.4285714328
107648  -28.858  2.198  -15.487 0.4285714328
108789  -29.165  3.327  -15.855 0.5714285970
104559  -29.522  -0.216  -15.638 0.4285714328
106612  -29.601  1.450  -15.538 0.4285714328
106629  -28.961  1.286  -15.497 0.4285714328
107649  -29.835  2.443  -15.425 0.5714285970
103574  -30.970  -1.370  -15.556 0.5714285970
92502  -38.686  -11.173  -8.724 0.1428571492
93574  -38.488  -10.305  -8.816 0.1428571492
84814  -29.054  -18.786  -10.399 0.2857142985
91415  -40.015  -12.799  -8.920 0.1428571492
92483  -38.748  -11.885  -8.548 0.1428571492
92504  -40.092  -11.811  -9.314 0.1428571492
92503  -39.431  -11.367  -8.933 0.1428571492
92518  -40.350  -11.949  -10.625 0.1428571492
90287  -37.698  -13.537  -8.379 0.1428571492
90288  -38.742  -13.615  -8.340 0.1428571492
91414  -39.383  -12.858  -8.587 0.1428571492
90304  -40.692  -13.593  -9.809 0.1428571492
90347  -39.551  -13.489  -12.935 0.1428571492
91463  -40.346  -12.783  -11.514 0.1428571492
91477  -39.542  -12.672  -12.558 0.1428571492
83730  -28.486  -19.719  -10.295 0.2857142985
87967  -36.019  -16.008  -8.838 0.1428571492
87968  -36.529  -15.740  -8.558 0.1428571492
89110  -37.088  -14.768  -8.491 0.1428571492
89112  -39.096  -14.471  -8.216 0.1428571492
89111  -38.105  -14.563  -8.167 0.1428571492
90290  -40.276  -13.568  -9.063 0.1428571492
89126  -41.103  -14.414  -9.976 0.1428571492
90339  -40.393  -13.875  -11.652 0.1428571492
90348  -40.083  -14.076  -12.667 0.1428571492
82647  -28.888  -20.739  -10.429 0.2857142985
82629  -27.980  -20.642  -9.993 0.2857142985
85865  -35.270  -17.181  -8.193 0.1428571492
85867  -36.783  -17.069  -7.831 0.1428571492
86973  -36.844  -16.541  -8.129 0.1428571492
87969  -37.572  -15.721  -8.078 0.1428571492
87971  -39.611  -15.348  -8.000 0.1428571492
87987  -41.069  -15.198  -9.431 0.1428571492
89143  -40.862  -14.605  -10.902 0.1428571492
89127  -41.243  -14.950  -9.886 0.1428571492
90363  -39.308  -14.049  -13.542 0.1428571492
85864  -34.344  -17.351  -8.564 0.1428571492
86952  -37.261  -17.027  -7.734 0.1428571492
85846  -36.794  -17.624  -7.514 0.1428571492
86955  -39.597  -16.346  -7.927 0.1428571492
86974  -37.472  -16.467  -7.849 0.1428571492
86975  -40.180  -15.989  -8.352 0.1428571492
87953  -38.276  -16.090  -7.711 0.1428571492
87972  -40.528  -15.207  -8.555 0.1428571492
89156  -40.318  -14.777  -11.888 0.1428571492
88006  -41.055  -15.270  -10.554 0.1428571492
89179  -39.727  -14.856  -13.713 0.1428571492
89166  -39.782  -14.948  -12.815 0.1428571492
85844  -35.123  -17.845  -7.595 0.1428571492
84782  -37.361  -18.509  -7.283 0.1428571492
85845  -35.872  -17.748  -7.552 0.1428571492
86953  -37.989  -16.794  -7.586 0.1428571492
85847  -37.723  -17.640  -7.435 0.1428571492
85866  -36.242  -17.073  -7.906 0.1428571492
84802  -40.694  -17.793  -9.458 0.1428571492
84801  -40.199  -18.148  -8.342 0.1428571492
85869  -41.045  -16.857  -9.341 0.1428571492
87013  -40.996  -15.738  -10.636 0.1428571492
86976  -40.927  -16.063  -8.871 0.1428571492
83700  -37.990  -19.485  -7.329 0.1428571492
84781  -36.405  -18.534  -7.343 0.1428571492
84784  -39.405  -18.382  -7.506 0.1428571492
83701  -38.899  -19.178  -7.551 0.1428571492
87012  -40.680  -16.279  -11.129 0.1428571492
85886  -40.749  -17.031  -10.312 0.1428571492
84783  -38.344  -18.440  -7.311 0.1428571492
86954  -38.860  -16.631  -7.527 0.1428571492
87954  -38.980  -15.925  -7.730 0.1428571492
87986  -36.475  -15.172  -8.792 0.1428571492
90376  -39.138  -13.987  -14.629 0.1428571492
88019  -40.290  -15.688  -12.095 0.1428571492
89190  -39.709  -14.390  -14.243 0.1428571492
91502  -39.808  -13.395  -14.871 0.1428571492
90375  -38.419  -13.465  -14.184 0.1428571492
91478  -40.025  -13.366  -12.289 0.1428571492
90362  -38.857  -13.209  -13.442 0.1428571492
92535  -39.983  -11.954  -11.530 0.1428571492
94700  -38.299  -9.295  -8.990 0.1428571492
109833  -27.902  4.534  -15.477 0.4285714328
118461  -32.572  13.389  -16.942 0.1428571492
118460  -31.459  13.361  -16.592 0.1428571492
92482  -38.259  -11.703  -8.468 0.1428571492
86991  -35.620  -16.177  -8.946 0.1428571492
84800  -34.573  -17.632  -7.890 0.1428571492
84799  -33.777  -17.759  -7.994 0.1428571492
90286  -36.902  -14.017  -8.604 0.1428571492
96915  -37.358  -7.311  -9.405 0.1428571492
91412  -38.011  -12.347  -8.377 0.1428571492
92484  -39.404  -12.125  -8.674 0.1428571492
91427  -40.382  -12.752  -9.672 0.1428571492
91413  -38.658  -12.718  -8.447 0.1428571492
93576  -39.712  -11.097  -9.520 0.1428571492
93591  -39.958  -10.752  -10.330 0.1428571492
90289  -39.599  -13.606  -8.562 0.1428571492
91442  -40.621  -12.912  -10.451 0.1428571492
90321  -40.777  -13.667  -10.715 0.1428571492
86972  -35.974  -16.478  -8.500 0.1428571492
89113  -40.028  -14.389  -8.464 0.1428571492
87970  -38.585  -15.344  -7.958 0.1428571492
89114  -40.642  -14.384  -9.181 0.1428571492
89144  -41.177  -14.904  -10.261 0.1428571492
87952  -37.803  -16.257  -7.771 0.1428571492
87988  -41.274  -15.343  -10.048 0.1428571492
88005  -40.740  -15.401  -11.217 0.1428571492
84780  -35.488  -18.547  -7.362 0.1428571492
85868  -40.341  -16.933  -8.530 0.1428571492
85849  -39.600  -17.305  -7.722 0.1428571492
85848  -38.665  -17.511  -7.376 0.1428571492
86992  -41.202  -16.064  -9.988 0.1428571492
75344  -26.769  -26.976  -8.378 0.1428571492
74176  -28.051  -27.697  -9.174 0.1428571492
76513  -26.216  -26.022  -8.147 0.1428571492
75365  -27.506  -26.930  -9.040 0.1428571492
75366  -28.353  -26.738  -9.380 0.1428571492
76530  -27.843  -25.905  -8.991 0.1428571492
77730  -28.011  -24.869  -9.102 0.1428571492
78965  -28.160  -24.096  -9.247 0.1428571492
78964  -27.457  -23.808  -8.977 0.1428571492
80199  -28.219  -22.588  -9.544 0.1428571492
80184  -26.735  -22.741  -8.522 0.1428571492
81430  -27.127  -22.090  -8.864 0.1428571492
81448  -28.450  -21.677  -10.097 0.1428571492
82628  -27.207  -20.445  -9.430 0.1428571492
83729  -27.602  -19.576  -9.721 0.1428571492
84813  -28.121  -18.666  -9.866 0.2857142985
85897  -29.548  -17.766  -10.483 0.1428571492
85881  -27.805  -17.638  -9.597 0.2857142985
90336  -30.069  -13.341  -11.380 0.4285714328
103572  -29.277  -1.307  -15.446 0.2857142985
107645  -26.347  2.163  -15.334 0.2857142985
108787  -27.562  3.038  -15.362 0.2857142985
109848  -27.797  3.905  -15.412 0.4285714328
85882  -28.653  -17.786  -9.938 0.2857142985
77729  -27.344  -24.910  -8.601 0.1428571492
80185  -27.509  -22.691  -9.102 0.1428571492
81446  -26.892  -20.979  -9.215 0.1428571492
84812  -27.058  -18.444  -9.541 0.1428571492
86987  -27.691  -16.519  -9.733 0.2857142985
87005  -28.791  -16.673  -10.277 0.2857142985
86988  -28.234  -17.156  -9.843 0.2857142985
89139  -29.886  -15.267  -10.890 0.4285714328
90335  -29.095  -13.278  -11.254 0.2857142985
101523  -30.475  -3.400  -15.293 0.2857142985
102573  -29.849  -2.330  -15.493 0.2857142985
103573  -30.158  -1.323  -15.652 0.2857142985
103571  -28.369  -1.366  -15.455 0.2857142985
105596  -29.349  0.666  -15.643 0.2857142985
106611  -27.566  1.195  -15.571 0.2857142985
106610  -26.782  1.267  -15.481 0.2857142985
88000  -29.515  -15.805  -10.658 0.2857142985
101522  -29.479  -3.317  -15.480 0.2857142985
104558  -28.678  -0.372  -15.720 0.2857142985
105575  -27.254  0.388  -15.599 0.2857142985
104572  -28.963  0.102  -15.874 0.2857142985
105576  -28.148  0.447  -15.681 0.2857142985
107664  -28.659  1.613  -15.486 0.2857142985
103570  -27.461  -1.429  -15.490 0.2857142985
104557  -27.794  -0.476  -15.656 0.2857142985
77731  -28.616  -24.735  -9.381 0.1428571492
106627  -28.124  1.199  -15.606 0.2857142985
78980  -28.018  -23.366  -9.246 0.1428571492
81447  -27.475  -21.581  -9.418 0.1428571492
81429  -26.575  -21.452  -8.720 0.1428571492
89152  -29.339  -14.108  -11.095 0.4285714328
107646  -27.257  2.115  -15.486 0.2857142985
89138  -29.407  -14.935  -10.691 0.4285714328
104556  -26.889  -0.517  -15.562 0.2857142985
91458  -29.604  -12.497  -11.792 0.2857142985
92549  -30.203  -10.728  -12.551 0.2857142985
120158  -28.516  15.972  -18.610 0.1428571492
120159  -29.662  15.833  -18.798 0.1428571492
119284  -29.412  14.802  -17.638 0.1428571492
118476  -30.414  14.049  -17.074 0.1428571492
118459  -30.272  13.113  -16.486 0.1428571492
121049  -27.882  16.582  -19.533 0.1428571492
118475  -29.074  13.641  -17.199 0.1428571492
118474  -27.649  13.563  -17.667 0.1428571492
120138  -26.154  15.701  -18.345 0.1428571492
118477  -31.661  14.158  -17.405 0.1428571492
119303  -30.345  15.375  -18.382 0.1428571492
117663  -30.173  12.093  -16.382 0.1428571492
119300  -27.382  15.209  -18.311 0.1428571492
119282  -26.957  14.593  -18.216 0.1428571492
118473  -26.704  13.501  -17.963 0.1428571492
118458  -29.402  12.689  -16.781 0.1428571492
120140  -28.632  15.295  -18.034 0.1428571492
119302  -29.853  15.253  -18.133 0.1428571492
119283  -28.122  14.656  -17.851 0.1428571492
119285  -30.616  14.921  -17.753 0.1428571492
102571  -28.043  -2.351  -15.439 0.1428571492
102572  -28.948  -2.327  -15.329 0.1428571492
105574  -26.384  0.398  -15.494 0.1428571492
105556  -23.896  0.355  -14.341 0.1428571492
106596  -24.301  1.332  -14.481 0.1428571492
105558  -25.551  0.407  -15.219 0.1428571492
107629  -23.871  2.320  -14.210 0.1428571492
108772  -24.316  3.106  -14.382 0.1428571492
108771  -23.559  3.351  -13.940 0.2857142985
95836  -30.712  -8.188  -13.807 0.2857142985
95835  -29.781  -8.373  -13.747 0.1428571492
99303  -29.491  -4.653  -15.230 0.1428571492
101521  -28.600  -3.274  -15.483 0.1428571492
104507  -35.471  -0.486  -11.994 0.1428571492
102570  -27.189  -2.371  -15.365 0.1428571492
108785  -25.953  3.015  -15.016 0.1428571492
108773  -25.171  3.059  -14.577 0.1428571492
109829  -24.686  3.828  -14.202 0.2857142985
109831  -26.571  4.297  -14.649 0.2857142985
112944  -26.615  7.083  -13.497 0.2857142985
112931  -25.698  6.870  -12.777 0.2857142985
112945  -27.000  8.073  -13.412 0.2857142985
116797  -27.145  11.316  -14.193 0.1428571492
115856  -27.549  9.929  -11.598 0.1428571492
109830  -25.645  3.951  -14.602 0.2857142985
109812  -27.195  5.257  -14.638 0.2857142985
111931  -26.985  6.059  -13.716 0.2857142985
111930  -26.167  6.315  -13.675 0.2857142985
112971  -27.960  6.921  -15.383 0.2857142985
111948  -26.985  6.582  -13.723 0.2857142985
112943  -25.892  6.646  -13.330 0.2857142985
112957  -27.585  7.436  -14.686 0.2857142985
113957  -26.831  8.942  -13.151 0.1428571492
112932  -26.105  7.869  -12.455 0.2857142985
116786  -27.466  11.124  -13.287 0.1428571492
116787  -28.195  11.492  -12.937 0.1428571492
111917  -24.860  6.493  -12.345 0.1428571492
111928  -24.088  6.235  -12.827 0.1428571492
109828  -24.115  3.672  -14.021 0.2857142985
112933  -26.664  8.444  -12.784 0.1428571492
113947  -26.638  8.818  -12.171 0.1428571492
107610  -22.194  2.447  -13.292 0.2857142985
112929  -25.698  7.624  -11.204 0.1428571492
114903  -27.717  8.963  -10.979 0.1428571492
113946  -26.235  8.290  -11.489 0.1428571492
107572  -19.763  1.738  -9.899 0.1428571492
105508  -35.860  0.224  -11.823 0.1428571492
100414  -28.320  -4.052  -15.340 0.1428571492
104484  -36.143  -0.489  -11.595 0.1428571492
101520  -27.719  -3.288  -15.361 0.1428571492
103555  -25.970  -1.851  -14.834 0.1428571492
103568  -25.789  -1.177  -15.025 0.1428571492
104555  -26.038  -0.485  -15.344 0.1428571492
105557  -24.761  0.391  -14.782 0.1428571492
106597  -25.185  1.298  -14.799 0.1428571492
107644  -25.600  2.176  -14.852 0.1428571492
108770  -22.867  3.363  -13.606 0.2857142985
109809  -24.996  4.723  -14.000 0.1428571492
110907  -26.430  5.595  -13.958 0.2857142985
111929  -25.166  6.315  -13.250 0.1428571492
110906  -25.488  5.604  -13.797 0.1428571492
112928  -25.431  7.005  -11.868 0.2857142985
114908  -27.256  9.461  -11.618 0.1428571492
103501  -36.432  -1.324  -11.140 0.1428571492
104485  -36.850  -0.351  -11.192 0.1428571492
111966  -27.748  6.620  -15.122 0.2857142985
115862  -27.365  10.152  -11.906 0.1428571492
100416  -29.825  -4.262  -15.320 0.1428571492
101432  -36.782  -3.192  -10.441 0.1428571492
110925  -27.999  5.250  -15.451 0.2857142985
108786  -26.767  2.952  -15.212 0.1428571492
109847  -27.145  3.701  -14.945 0.1428571492
103569  -26.529  -1.482  -15.285 0.1428571492
100415  -29.092  -4.203  -15.481 0.1428571492
107628  -22.926  2.504  -13.795 0.1428571492
107630  -24.798  2.209  -14.412 0.1428571492
100404  -28.721  -4.615  -15.112 0.1428571492
109808  -23.833  4.434  -13.754 0.2857142985
109810  -26.010  4.836  -14.138 0.2857142985
109832  -27.426  4.674  -14.906 0.2857142985
112956  -27.248  6.916  -14.047 0.2857142985
114909  -27.958  9.736  -11.310 0.1428571492
110908  -27.127  5.636  -14.244 0.2857142985
110924  -27.500  5.549  -14.803 0.2857142985
111950  -27.807  6.029  -15.089 0.2857142985
111949  -27.415  6.376  -14.419 0.2857142985
117628  -27.512  11.737  -13.570 0.1428571492
113944  -27.023  8.545  -11.186 0.1428571492
86986  -26.631  -16.366  -9.500 0.1428571492
87004  -28.239  -16.022  -10.083 0.1428571492
87982  -26.288  -15.586  -9.771 0.1428571492
87996  -26.163  -14.895  -10.066 0.1428571492
89135  -26.623  -14.380  -10.466 0.1428571492
87998  -27.787  -15.392  -10.082 0.1428571492
90315  -27.250  -13.920  -10.921 0.1428571492
89136  -27.457  -14.528  -10.457 0.1428571492
87999  -28.715  -15.528  -10.327 0.1428571492
90333  -27.203  -13.241  -11.297 0.1428571492
90334  -28.108  -13.520  -11.162 0.1428571492
89151  -28.736  -13.874  -11.106 0.1428571492
90314  -26.442  -13.483  -10.857 0.1428571492
91456  -27.759  -12.640  -11.565 0.1428571492
91457  -28.637  -12.593  -11.606 0.1428571492
91474  -29.025  -11.935  -12.224 0.1428571492
92562  -29.641  -10.416  -12.554 0.1428571492
93632  -29.713  -9.879  -12.680 0.1428571492
108754  -22.331  3.852  -13.304 0.1428571492
85879  -26.188  -16.933  -9.322 0.1428571492
86985  -25.679  -16.233  -9.447 0.1428571492
87997  -26.877  -15.089  -10.088 0.1428571492
94762  -30.327  -9.297  -13.236 0.1428571492
87983  -27.056  -15.747  -9.715 0.1428571492
89137  -28.434  -14.469  -10.648 0.1428571492
89122  -25.315  -14.665  -10.037 0.1428571492
90316  -27.803  -14.105  -10.800 0.1428571492
90332  -26.734  -13.030  -11.326 0.1428571492
91437  -26.083  -13.034  -10.816 0.1428571492
85862  -25.596  -16.988  -8.921 0.1428571492
74175  -27.267  -27.573  -8.715 0.1428571492
75381  -29.128  -25.716  -9.602 0.4285714328
80152  -29.731  -22.573  -7.116 0.1428571492
80219  -29.424  -22.008  -10.056 0.2857142985
81486  -29.765  -21.209  -10.325 0.4285714328
81487  -29.982  -21.261  -10.228 0.4285714328
82667  -29.924  -21.024  -10.340 0.4285714328
82668  -30.123  -21.090  -10.256 0.4285714328
86993  -41.167  -15.616  -10.303 0.1428571492
89191  -39.993  -14.566  -14.159 0.1428571492
91455  -27.029  -12.674  -11.634 0.1428571492
92485  -39.805  -12.359  -8.781 0.1428571492
93633  -30.219  -9.945  -12.619 0.2857142985
95783  -35.873  -8.310  -9.720 0.4285714328
99302  -29.197  -4.812  -15.085 0.1428571492
101519  -26.991  -3.097  -15.218 0.1428571492
102479  -36.777  -2.317  -10.584 0.1428571492
103478  -36.643  -1.813  -10.753 0.2857142985
104573  -29.149  0.284  -15.739 0.2857142985
105526  -34.980  0.455  -12.487 0.4285714328
105577  -28.640  0.192  -15.810 0.2857142985
105594  -28.381  0.863  -15.630 0.2857142985
105595  -28.762  0.612  -15.658 0.2857142985
106546  -36.044  1.054  -11.720 0.2857142985
106563  -34.829  0.914  -12.665 0.2857142985
106609  -25.934  1.302  -15.302 0.1428571492
106628  -28.525  1.214  -15.555 0.4285714328
107564  -19.829  2.081  -9.518 0.1428571492
107573  -19.936  2.600  -10.238 0.1428571492
107627  -22.440  3.069  -13.375 0.2857142985
107662  -27.850  1.728  -15.538 0.2857142985
107663  -28.326  1.726  -15.509 0.2857142985
108755  -23.039  3.964  -13.655 0.1428571492
109811  -26.770  5.081  -14.475 0.2857142985
109846  -26.392  3.607  -14.953 0.1428571492
114972  -26.938  10.351  -17.324 0.2857142985
117650  -26.590  12.948  -16.053 0.1428571492
119252  -26.729  14.035  -15.119 0.1428571492
120141  -29.214  15.456  -18.178 0.1428571492
