#!ascii label  , from subject 3060 vox2ras=TkReg
290
88002  -32.862  -15.297  -10.929 0.0000000000
92550  -31.168  -11.056  -12.518 0.0000000000
107648  -28.858  2.198  -15.487 0.0000000000
103556  -31.626  -1.431  -15.163 0.0000000000
98086  -33.906  -6.107  -12.404 0.0000000000
92499  -35.648  -10.875  -9.316 0.0000000000
109848  -27.797  3.905  -15.412 0.0000000000
101496  -33.015  -4.005  -14.007 0.0000000000
98114  -31.580  -6.546  -14.383 0.0000000000
91460  -32.086  -12.515  -11.674 0.0000000000
93604  -33.338  -10.537  -11.623 0.0000000000
90319  -34.158  -13.573  -10.140 0.0000000000
83750  -29.418  -19.814  -10.781 0.0000000000
88016  -31.011  -15.431  -11.366 0.0000000000
113982  -27.530  9.003  -15.427 0.0000000000
113984  -28.744  8.079  -16.321 0.0000000000
111969  -29.932  6.479  -16.077 0.0000000000
109851  -30.375  4.538  -15.840 0.0000000000
108775  -32.035  3.425  -14.877 0.0000000000
105579  -30.815  0.565  -15.277 0.0000000000
106599  -33.046  1.353  -14.120 0.0000000000
103542  -34.074  -1.309  -13.359 0.0000000000
101459  -35.232  -3.232  -11.836 0.0000000000
99243  -35.911  -4.866  -10.632 0.0000000000
95822  -32.357  -8.434  -13.060 0.0000000000
95794  -34.693  -7.924  -10.856 0.0000000000
99292  -30.818  -5.708  -15.147 0.0000000000
98112  -30.206  -6.552  -14.688 0.0000000000
89140  -32.575  -14.275  -10.900 0.0000000000
90318  -33.327  -13.332  -10.602 0.0000000000
89141  -33.433  -14.430  -10.538 0.0000000000
77732  -29.379  -24.558  -8.861 0.0000000000
80186  -29.387  -22.941  -8.912 0.0000000000
81431  -29.622  -22.012  -8.923 0.0000000000
89153  -30.311  -14.617  -11.193 0.0000000000
89138  -29.407  -14.935  -10.691 0.0000000000
112973  -29.310  7.400  -16.317 0.0000000000
108788  -28.295  3.193  -15.686 0.0000000000
109850  -29.446  4.406  -15.967 0.0000000000
108790  -30.113  3.491  -15.608 0.0000000000
108774  -31.538  4.146  -15.134 0.0000000000
107650  -30.740  2.514  -15.445 0.0000000000
104561  -31.223  -0.457  -15.236 0.0000000000
105580  -31.629  0.546  -14.994 0.0000000000
104543  -32.526  -0.541  -14.590 0.0000000000
105561  -33.547  0.418  -14.057 0.0000000000
103558  -32.820  -1.389  -14.277 0.0000000000
99271  -33.517  -5.301  -13.241 0.0000000000
101480  -34.018  -3.550  -12.888 0.0000000000
100376  -34.333  -4.219  -12.427 0.0000000000
100362  -35.574  -4.218  -11.122 0.0000000000
98077  -34.936  -5.918  -11.235 0.0000000000
93619  -30.917  -9.898  -12.676 0.0000000000
95821  -31.874  -8.634  -13.352 0.0000000000
93620  -31.794  -10.207  -12.644 0.0000000000
93588  -34.288  -10.214  -10.451 0.0000000000
94709  -33.904  -9.391  -11.196 0.0000000000
94711  -35.011  -9.443  -9.953 0.0000000000
95796  -35.901  -8.056  -9.765 0.0000000000
94697  -35.802  -8.813  -9.621 0.0000000000
83751  -30.323  -19.729  -10.756 0.0000000000
84825  -30.010  -18.808  -10.832 0.0000000000
84826  -30.914  -18.646  -10.893 0.0000000000
85899  -31.481  -17.604  -11.087 0.0000000000
101524  -30.988  -2.859  -15.262 0.0000000000
102560  -32.638  -2.304  -14.463 0.0000000000
100407  -31.999  -4.599  -14.592 0.0000000000
99279  -32.301  -5.469  -14.234 0.0000000000
98099  -32.818  -6.340  -13.517 0.0000000000
92531  -31.762  -11.627  -12.164 0.0000000000
92532  -32.656  -11.266  -12.061 0.0000000000
91461  -32.817  -11.972  -11.531 0.0000000000
91439  -33.264  -12.109  -10.896 0.0000000000
92517  -34.830  -11.683  -9.755 0.0000000000
81450  -30.059  -21.262  -9.507 0.0000000000
91475  -29.911  -11.735  -12.457 0.0000000000
90337  -31.109  -13.517  -11.499 0.0000000000
89154  -31.342  -14.560  -11.397 0.0000000000
88017  -31.639  -15.284  -11.358 0.0000000000
115920  -26.741  10.708  -17.101 0.0000000000
113967  -27.891  8.328  -15.104 0.0000000000
113983  -28.163  8.386  -15.922 0.0000000000
114962  -29.621  9.157  -16.506 0.0000000000
113985  -30.131  8.484  -16.236 0.0000000000
113986  -30.800  8.381  -15.520 0.0000000000
110939  -28.800  5.336  -15.973 0.0000000000
110940  -29.710  5.433  -16.238 0.0000000000
111951  -31.505  6.609  -14.926 0.0000000000
110926  -31.706  5.856  -14.537 0.0000000000
110927  -32.378  5.600  -14.129 0.0000000000
108776  -32.924  3.395  -13.965 0.0000000000
106612  -29.601  1.450  -15.538 0.0000000000
106614  -31.208  1.548  -15.309 0.0000000000
107632  -32.534  2.332  -14.299 0.0000000000
107611  -33.401  2.365  -13.679 0.0000000000
106581  -33.849  1.333  -13.590 0.0000000000
104506  -34.871  -0.344  -12.501 0.0000000000
102542  -33.704  -2.191  -13.432 0.0000000000
102526  -34.870  -1.943  -12.573 0.0000000000
96966  -30.877  -7.633  -14.143 0.0000000000
96968  -31.956  -7.763  -13.544 0.0000000000
96951  -33.140  -7.699  -12.637 0.0000000000
94726  -32.995  -9.618  -12.145 0.0000000000
95806  -33.624  -8.162  -11.961 0.0000000000
96937  -34.248  -7.466  -11.544 0.0000000000
96928  -35.327  -7.208  -10.355 0.0000000000
98068  -36.074  -6.603  -9.980 0.0000000000
87007  -31.077  -16.487  -11.275 0.0000000000
87008  -32.029  -16.664  -11.221 0.0000000000
87009  -32.848  -16.317  -10.818 0.0000000000
88003  -33.576  -15.400  -10.518 0.0000000000
77717  -29.614  -24.659  -7.858 0.0000000000
78966  -29.421  -23.696  -8.431 0.0000000000
78951  -29.612  -23.513  -7.428 0.0000000000
107647  -28.020  2.351  -15.493 0.0000000000
108789  -29.165  3.327  -15.855 0.0000000000
107649  -29.835  2.443  -15.425 0.0000000000
102575  -31.296  -2.297  -15.232 0.0000000000
103574  -30.970  -1.370  -15.556 0.0000000000
104542  -31.862  -0.538  -14.860 0.0000000000
103557  -32.264  -1.446  -14.769 0.0000000000
99272  -33.981  -5.380  -12.549 0.0000000000
100375  -33.713  -4.392  -13.035 0.0000000000
99262  -34.542  -4.990  -11.943 0.0000000000
98076  -34.338  -6.152  -11.718 0.0000000000
93589  -34.842  -10.539  -9.745 0.0000000000
93571  -35.725  -9.788  -9.486 0.0000000000
93572  -36.543  -10.034  -9.091 0.0000000000
83752  -31.033  -19.231  -10.305 0.0000000000
101511  -30.882  -4.037  -14.930 0.0000000000
101512  -31.442  -3.473  -14.951 0.0000000000
99293  -31.610  -5.800  -14.597 0.0000000000
99280  -32.915  -5.635  -13.711 0.0000000000
98098  -32.106  -6.582  -13.873 0.0000000000
91438  -32.728  -12.444  -11.341 0.0000000000
91440  -34.069  -12.474  -10.228 0.0000000000
92516  -34.190  -11.340  -10.375 0.0000000000
91441  -34.768  -12.779  -9.742 0.0000000000
90320  -34.715  -13.432  -9.765 0.0000000000
76546  -29.250  -25.276  -9.351 0.0000000000
75382  -29.205  -25.855  -9.435 0.0000000000
82630  -30.212  -20.556  -9.171 0.0000000000
91459  -30.801  -12.242  -12.026 0.0000000000
87026  -31.402  -15.800  -11.370 0.0000000000
114944  -27.290  9.865  -15.817 0.0000000000
114959  -27.107  10.008  -16.855 0.0000000000
113997  -27.570  9.163  -16.450 0.0000000000
112958  -28.208  7.904  -15.319 0.0000000000
113998  -28.170  8.613  -16.890 0.0000000000
114961  -28.648  9.319  -17.056 0.0000000000
113999  -29.084  8.494  -16.719 0.0000000000
112985  -29.623  8.070  -16.450 0.0000000000
112974  -30.298  7.545  -16.016 0.0000000000
109833  -27.902  4.534  -15.477 0.0000000000
110941  -30.506  5.571  -15.742 0.0000000000
111970  -30.745  6.567  -15.512 0.0000000000
110942  -31.199  5.689  -15.132 0.0000000000
109834  -31.847  4.852  -14.842 0.0000000000
109835  -32.560  4.486  -14.088 0.0000000000
104560  -30.474  -0.381  -15.493 0.0000000000
104559  -29.522  -0.216  -15.638 0.0000000000
105578  -30.058  0.597  -15.618 0.0000000000
106613  -30.416  1.521  -15.486 0.0000000000
105581  -32.313  0.822  -15.007 0.0000000000
106615  -31.990  1.520  -15.230 0.0000000000
106598  -32.501  1.433  -14.784 0.0000000000
104525  -33.854  -0.478  -13.765 0.0000000000
105542  -34.048  0.380  -13.390 0.0000000000
104526  -34.226  -0.448  -13.038 0.0000000000
101514  -32.980  -2.841  -14.184 0.0000000000
102561  -33.078  -2.233  -13.901 0.0000000000
101497  -33.404  -3.347  -13.654 0.0000000000
101481  -34.761  -2.980  -12.427 0.0000000000
101498  -34.045  -2.836  -13.068 0.0000000000
102527  -35.306  -2.077  -12.127 0.0000000000
101482  -35.388  -2.737  -11.869 0.0000000000
99244  -36.409  -5.546  -9.918 0.0000000000
95849  -30.288  -7.917  -13.910 0.0000000000
95838  -31.918  -8.332  -13.411 0.0000000000
96950  -32.617  -7.271  -13.252 0.0000000000
93603  -32.916  -10.153  -12.098 0.0000000000
94710  -34.386  -9.115  -10.771 0.0000000000
94728  -33.932  -9.105  -11.224 0.0000000000
95807  -34.051  -8.532  -11.331 0.0000000000
96927  -34.738  -6.828  -10.986 0.0000000000
95784  -36.399  -8.026  -9.467 0.0000000000
96929  -35.938  -7.541  -9.836 0.0000000000
96914  -36.685  -7.054  -9.680 0.0000000000
84827  -31.685  -18.294  -10.707 0.0000000000
85900  -32.294  -17.400  -10.876 0.0000000000
100406  -31.238  -4.715  -14.955 0.0000000000
98113  -31.123  -6.822  -14.661 0.0000000000
90338  -31.958  -13.780  -11.313 0.0000000000
90317  -32.658  -13.089  -11.132 0.0000000000
89142  -34.222  -14.565  -10.273 0.0000000000
88004  -34.374  -15.399  -10.177 0.0000000000
76532  -29.530  -25.365  -8.588 0.0000000000
80201  -29.406  -22.513  -9.575 0.0000000000
80172  -29.439  -22.746  -8.076 0.0000000000
90336  -30.069  -13.341  -11.380 0.0000000000
89152  -29.339  -14.108  -11.095 0.0000000000
89139  -29.886  -15.267  -10.890 0.0000000000
113966  -27.318  8.746  -14.294 0.0000000000
112972  -28.424  7.343  -15.768 0.0000000000
111967  -28.273  6.272  -15.596 0.0000000000
111968  -28.995  6.361  -16.316 0.0000000000
109849  -28.448  4.285  -15.863 0.0000000000
109852  -31.150  4.732  -15.445 0.0000000000
108791  -31.136  3.572  -15.348 0.0000000000
108792  -31.574  3.169  -15.160 0.0000000000
105559  -32.212  0.168  -14.758 0.0000000000
105560  -32.832  0.447  -14.618 0.0000000000
104544  -33.201  -0.484  -14.242 0.0000000000
103541  -33.450  -1.345  -13.835 0.0000000000
100391  -33.219  -4.556  -13.634 0.0000000000
100361  -34.943  -3.975  -11.674 0.0000000000
99263  -35.136  -5.190  -11.339 0.0000000000
98067  -35.450  -6.068  -10.734 0.0000000000
94763  -31.069  -8.987  -13.550 0.0000000000
94745  -31.001  -9.334  -13.136 0.0000000000
94746  -31.646  -9.213  -13.115 0.0000000000
94747  -32.517  -9.538  -12.498 0.0000000000
92515  -33.639  -10.920  -10.955 0.0000000000
93587  -33.865  -9.944  -11.141 0.0000000000
95795  -35.456  -8.340  -10.207 0.0000000000
94698  -36.535  -9.013  -9.302 0.0000000000
95785  -37.319  -8.216  -9.185 0.0000000000
85898  -30.550  -17.713  -10.911 0.0000000000
102574  -30.644  -2.262  -15.438 0.0000000000
102559  -32.032  -2.415  -14.947 0.0000000000
101513  -32.543  -3.455  -14.395 0.0000000000
100390  -32.677  -4.623  -14.106 0.0000000000
98085  -33.423  -6.430  -13.008 0.0000000000
92551  -32.005  -10.974  -12.473 0.0000000000
92533  -33.203  -11.398  -11.479 0.0000000000
91424  -35.560  -12.059  -9.263 0.0000000000
90300  -34.643  -13.927  -9.849 0.0000000000
75367  -29.103  -26.259  -9.540 0.0000000000
82648  -29.737  -20.741  -10.469 0.0000000000
81449  -29.732  -21.751  -9.774 0.0000000000
81469  -30.089  -21.283  -10.072 0.0000000000
82649  -30.391  -20.618  -10.152 0.0000000000
91476  -30.538  -11.469  -12.447 0.0000000000
89155  -31.951  -14.645  -11.243 0.0000000000
88018  -32.221  -15.246  -11.207 0.0000000000
87028  -32.385  -15.925  -11.185 0.0000000000
115891  -27.126  10.627  -15.019 0.0000000000
114960  -27.652  9.569  -17.206 0.0000000000
112984  -29.182  8.012  -16.468 0.0000000000
114000  -29.620  8.546  -16.509 0.0000000000
114945  -30.417  9.207  -15.793 0.0000000000
113968  -31.606  8.290  -14.909 0.0000000000
112975  -31.199  7.474  -15.316 0.0000000000
112959  -31.941  7.436  -14.665 0.0000000000
111952  -32.184  6.573  -14.326 0.0000000000
106629  -28.961  1.286  -15.497 0.0000000000
107651  -31.570  2.562  -15.251 0.0000000000
107631  -32.210  2.256  -15.022 0.0000000000
106582  -34.431  1.143  -13.038 0.0000000000
106564  -35.363  1.103  -12.256 0.0000000000
105527  -35.371  0.264  -12.191 0.0000000000
102543  -34.365  -2.094  -12.972 0.0000000000
103524  -34.599  -1.241  -12.808 0.0000000000
103525  -35.130  -1.245  -12.303 0.0000000000
101460  -35.735  -3.169  -11.229 0.0000000000
96983  -30.974  -7.404  -14.371 0.0000000000
98097  -31.509  -6.873  -14.263 0.0000000000
95837  -31.492  -8.387  -13.568 0.0000000000
96967  -31.313  -7.461  -14.030 0.0000000000
98084  -32.730  -6.653  -13.390 0.0000000000
98075  -33.841  -6.436  -12.316 0.0000000000
93621  -32.403  -10.452  -12.390 0.0000000000
94748  -33.018  -9.340  -12.195 0.0000000000
94727  -33.444  -9.362  -11.699 0.0000000000
95823  -33.009  -8.765  -12.330 0.0000000000
96936  -33.757  -7.060  -12.183 0.0000000000
98066  -34.854  -6.246  -11.162 0.0000000000
88001  -30.294  -15.731  -11.063 0.0000000000
87027  -31.817  -15.929  -11.369 0.0000000000
74178  -29.445  -26.672  -8.974 0.0000000000
75368  -29.315  -25.977  -9.034 0.0000000000
75381  -29.128  -25.716  -9.602 0.0000000000
81486  -29.765  -21.209  -10.325 0.0000000000
81487  -29.982  -21.261  -10.228 0.0000000000
82667  -29.924  -21.024  -10.340 0.0000000000
82668  -30.123  -21.090  -10.256 0.0000000000
95783  -35.873  -8.310  -9.720 0.0000000000
96982  -30.507  -7.475  -14.247 0.0000000000
105526  -34.980  0.455  -12.487 0.0000000000
106628  -28.525  1.214  -15.555 0.0000000000
