#!ascii label  , from subject 3060 vox2ras=TkReg
1132
65225  29.985  -32.822  45.136 0.0000000000
84049  45.473  -16.158  34.247 0.0000000000
75717  35.403  -23.320  39.195 0.0000000000
55857  12.153  -40.223  57.848 0.0000000000
61673  25.364  -33.917  51.586 0.0000000000
79387  37.682  -19.723  38.938 0.0000000000
61633  17.944  -35.838  52.909 0.0000000000
55914  16.196  -40.461  54.982 0.0000000000
59549  22.074  -37.125  51.254 0.0000000000
82971  50.387  -17.603  32.283 0.0000000000
67617  33.256  -30.505  44.397 0.0000000000
68723  37.669  -29.751  42.155 0.0000000000
64086  37.490  -33.852  47.189 0.0000000000
88204  48.869  -11.832  32.783 0.0000000000
88212  52.579  -12.525  30.923 0.0000000000
84009  41.621  -15.677  36.889 0.0000000000
79436  45.411  -20.760  36.086 0.0000000000
79425  41.113  -20.552  36.647 0.0000000000
74435  40.646  -24.913  39.288 0.0000000000
60570  30.431  -37.256  49.625 0.0000000000
50100  12.683  -46.113  60.231 0.0000000000
48971  8.018  -46.107  62.619 0.0000000000
50028  6.722  -45.026  65.654 0.0000000000
66348  26.107  -31.135  48.121 0.0000000000
58468  26.000  -38.866  48.804 0.0000000000
76875  30.852  -23.377  42.756 0.0000000000
74327  37.732  -25.148  43.722 0.0000000000
91607  56.300  -9.554  29.889 0.0000000000
82959  47.729  -17.091  33.328 0.0000000000
81838  47.295  -18.420  34.364 0.0000000000
66428  31.888  -30.875  44.180 0.0000000000
64156  34.971  -33.678  43.918 0.0000000000
64112  33.461  -34.293  45.247 0.0000000000
86105  45.864  -13.828  35.337 0.0000000000
87128  48.180  -12.373  35.210 0.0000000000
86126  47.084  -14.247  33.656 0.0000000000
86133  49.420  -14.456  31.964 0.0000000000
46051  7.428  -49.497  66.827 0.0000000000
82916  40.770  -17.671  36.724 0.0000000000
81756  39.420  -18.008  38.483 0.0000000000
78109  36.299  -21.107  38.874 0.0000000000
75737  38.936  -22.716  37.916 0.0000000000
74437  38.484  -25.078  39.369 0.0000000000
74397  37.869  -25.119  40.997 0.0000000000
55892  13.948  -40.311  55.966 0.0000000000
54792  16.486  -41.880  57.133 0.0000000000
53685  14.628  -43.508  57.448 0.0000000000
51281  14.675  -44.496  59.751 0.0000000000
52500  11.991  -43.909  58.373 0.0000000000
52446  8.494  -43.555  61.820 0.0000000000
48956  7.408  -46.185  64.267 0.0000000000
64034  25.582  -33.065  49.813 0.0000000000
61744  25.667  -35.789  47.054 0.0000000000
60597  24.465  -36.510  49.097 0.0000000000
59518  21.269  -38.432  52.989 0.0000000000
58400  23.676  -38.854  52.825 0.0000000000
67613  40.047  -30.352  44.544 0.0000000000
70907  37.371  -27.493  42.424 0.0000000000
79363  39.077  -18.705  39.770 0.0000000000
80564  36.178  -18.170  41.054 0.0000000000
80584  34.244  -19.768  40.372 0.0000000000
58382  19.445  -38.644  53.252 0.0000000000
57130  18.860  -40.093  54.718 0.0000000000
58365  17.179  -38.512  54.143 0.0000000000
59469  15.140  -37.620  55.835 0.0000000000
58290  12.796  -38.035  57.966 0.0000000000
60573  23.678  -35.489  50.063 0.0000000000
62817  21.383  -33.914  50.521 0.0000000000
60540  19.586  -36.527  51.595 0.0000000000
69789  33.974  -28.235  46.043 0.0000000000
70893  32.620  -27.994  43.949 0.0000000000
67652  34.946  -30.925  42.057 0.0000000000
66424  38.056  -31.647  43.864 0.0000000000
90445  52.310  -10.357  31.855 0.0000000000
89335  50.663  -11.756  31.962 0.0000000000
86142  50.934  -14.616  31.288 0.0000000000
85113  43.310  -15.359  35.510 0.0000000000
81819  45.408  -18.653  34.761 0.0000000000
81792  43.321  -18.484  35.442 0.0000000000
79438  43.181  -20.191  35.975 0.0000000000
76942  43.762  -22.662  37.117 0.0000000000
79404  38.825  -20.051  37.659 0.0000000000
76933  41.189  -22.878  37.194 0.0000000000
64075  29.136  -34.097  46.437 0.0000000000
64051  32.591  -34.676  48.416 0.0000000000
85081  44.077  -13.797  37.736 0.0000000000
54739  10.812  -41.249  59.628 0.0000000000
52471  10.208  -43.889  59.835 0.0000000000
49002  10.294  -46.745  61.023 0.0000000000
48970  11.374  -47.864  63.236 0.0000000000
46972  9.050  -48.303  64.263 0.0000000000
46964  7.164  -47.900  65.250 0.0000000000
47916  6.338  -47.315  66.109 0.0000000000
47896  5.176  -46.410  67.157 0.0000000000
66384  27.466  -30.825  45.065 0.0000000000
61755  27.588  -35.467  45.970 0.0000000000
58466  28.413  -38.368  48.702 0.0000000000
58444  23.892  -38.314  50.446 0.0000000000
76905  33.240  -22.268  40.214 0.0000000000
72027  32.353  -26.730  42.144 0.0000000000
74376  33.589  -25.283  41.487 0.0000000000
75664  35.723  -24.332  41.020 0.0000000000
62852  36.079  -34.606  49.687 0.0000000000
88233  57.779  -11.918  28.526 0.0000000000
89357  53.890  -11.311  30.111 0.0000000000
88235  55.772  -12.326  28.993 0.0000000000
84061  47.232  -16.236  33.341 0.0000000000
82943  47.656  -17.864  33.712 0.0000000000
82944  46.622  -17.746  34.093 0.0000000000
65268  30.602  -31.700  44.124 0.0000000000
64138  32.186  -33.257  43.942 0.0000000000
64114  31.297  -33.476  44.578 0.0000000000
86119  45.238  -14.689  34.605 0.0000000000
86127  46.534  -14.565  34.012 0.0000000000
85137  46.521  -14.939  33.879 0.0000000000
85135  47.706  -15.425  32.839 0.0000000000
46052  6.666  -49.421  67.068 0.0000000000
81755  40.194  -17.359  38.344 0.0000000000
80597  40.202  -17.978  39.668 0.0000000000
76921  35.837  -22.552  38.538 0.0000000000
76937  36.589  -23.149  38.336 0.0000000000
74449  36.405  -23.970  38.735 0.0000000000
74419  38.302  -25.460  40.470 0.0000000000
74421  36.458  -24.760  40.011 0.0000000000
55872  12.905  -40.429  56.846 0.0000000000
54781  13.911  -41.976  56.376 0.0000000000
53702  12.809  -42.242  56.898 0.0000000000
52499  13.120  -43.955  58.034 0.0000000000
54769  11.560  -42.192  58.010 0.0000000000
62836  25.578  -33.863  50.099 0.0000000000
61714  25.360  -34.598  49.300 0.0000000000
60571  24.781  -35.098  49.590 0.0000000000
59484  21.324  -38.828  54.801 0.0000000000
74308  32.002  -24.782  46.769 0.0000000000
69787  40.808  -28.584  44.989 0.0000000000
80582  35.658  -18.815  40.535 0.0000000000
80565  35.059  -18.411  41.536 0.0000000000
59521  18.458  -37.586  52.822 0.0000000000
58364  17.928  -38.785  53.474 0.0000000000
59505  17.416  -37.592  53.921 0.0000000000
59486  15.937  -37.325  55.150 0.0000000000
59452  14.894  -36.555  56.657 0.0000000000
58304  13.994  -37.679  56.413 0.0000000000
62816  22.554  -33.237  50.716 0.0000000000
61632  18.967  -35.102  53.025 0.0000000000
61655  19.436  -35.139  51.898 0.0000000000
60541  18.919  -36.575  52.268 0.0000000000
59535  19.735  -37.861  51.695 0.0000000000
68709  33.561  -29.547  43.656 0.0000000000
66425  33.409  -30.872  43.469 0.0000000000
64134  36.111  -33.946  45.203 0.0000000000
65288  36.587  -32.451  43.338 0.0000000000
65241  37.255  -32.997  45.061 0.0000000000
66377  38.675  -32.123  45.918 0.0000000000
65191  38.785  -33.017  47.992 0.0000000000
87138  48.008  -12.504  34.232 0.0000000000
89323  50.335  -11.054  32.708 0.0000000000
89324  49.740  -11.747  32.462 0.0000000000
84075  49.114  -16.242  32.199 0.0000000000
86132  50.221  -14.632  31.577 0.0000000000
84073  51.146  -16.741  31.925 0.0000000000
85101  42.716  -15.467  36.085 0.0000000000
82935  42.980  -16.662  35.259 0.0000000000
84020  42.394  -16.365  35.764 0.0000000000
80659  40.439  -19.053  36.548 0.0000000000
80657  41.818  -19.114  36.054 0.0000000000
79424  42.312  -20.814  36.302 0.0000000000
78130  43.007  -21.903  36.669 0.0000000000
78131  41.547  -21.960  36.669 0.0000000000
79364  38.243  -19.100  39.516 0.0000000000
79385  38.403  -19.168  38.487 0.0000000000
79386  38.072  -19.881  38.570 0.0000000000
75713  40.111  -24.080  38.558 0.0000000000
75736  39.657  -23.221  37.818 0.0000000000
75712  41.116  -24.217  38.642 0.0000000000
75711  42.045  -24.283  38.692 0.0000000000
62882  29.309  -35.255  47.483 0.0000000000
62880  30.987  -34.890  48.665 0.0000000000
84002  42.651  -15.200  38.389 0.0000000000
85082  43.226  -14.174  37.270 0.0000000000
86069  43.388  -14.533  36.516 0.0000000000
57108  17.547  -40.636  55.174 0.0000000000
55889  17.772  -40.904  56.143 0.0000000000
50116  13.516  -45.260  59.894 0.0000000000
51255  14.300  -44.699  61.215 0.0000000000
50086  13.305  -45.633  61.077 0.0000000000
50087  12.711  -46.224  61.451 0.0000000000
54721  10.135  -41.617  60.541 0.0000000000
53664  10.227  -42.604  59.856 0.0000000000
53653  9.640  -42.434  60.833 0.0000000000
50078  8.392  -45.572  61.902 0.0000000000
50089  8.969  -46.037  61.024 0.0000000000
49003  9.566  -46.758  61.459 0.0000000000
48986  11.130  -47.611  62.073 0.0000000000
47956  9.734  -47.606  62.433 0.0000000000
46980  10.475  -48.460  63.938 0.0000000000
46982  9.128  -47.833  63.601 0.0000000000
50042  6.701  -45.591  65.057 0.0000000000
47922  7.263  -47.225  64.585 0.0000000000
48942  6.641  -46.330  65.224 0.0000000000
47915  6.598  -47.297  65.748 0.0000000000
48928  6.274  -45.919  65.805 0.0000000000
68651  26.502  -28.746  49.034 0.0000000000
68676  27.095  -28.853  46.719 0.0000000000
67566  26.166  -30.626  46.636 0.0000000000
65228  26.755  -32.492  45.756 0.0000000000
64097  26.371  -33.447  46.132 0.0000000000
59605  26.120  -37.864  47.987 0.0000000000
59617  27.571  -37.868  47.401 0.0000000000
58467  27.359  -38.906  48.833 0.0000000000
60575  22.275  -36.224  50.259 0.0000000000
59586  23.285  -36.940  49.685 0.0000000000
58421  23.372  -37.906  51.089 0.0000000000
58379  25.250  -39.343  53.152 0.0000000000
80670  45.173  -19.439  34.918 0.0000000000
81790  47.385  -19.843  35.322 0.0000000000
80653  46.213  -19.988  35.544 0.0000000000
78064  31.710  -20.731  42.871 0.0000000000
78079  32.251  -21.293  41.611 0.0000000000
78080  31.717  -22.249  41.562 0.0000000000
69815  33.519  -28.390  42.566 0.0000000000
70894  32.118  -27.224  43.608 0.0000000000
69840  34.220  -28.045  41.564 0.0000000000
71993  37.582  -26.343  42.969 0.0000000000
72011  35.790  -26.292  42.321 0.0000000000
74353  35.563  -25.379  42.231 0.0000000000
75640  34.804  -24.759  41.306 0.0000000000
75612  36.649  -24.806  42.675 0.0000000000
75611  37.581  -24.535  42.809 0.0000000000
62854  34.249  -34.704  49.244 0.0000000000
90471  57.290  -10.261  29.262 0.0000000000
90456  52.163  -11.101  31.372 0.0000000000
90467  53.051  -10.880  30.910 0.0000000000
88222  52.913  -11.976  30.733 0.0000000000
87172  54.668  -12.860  29.345 0.0000000000
86156  55.483  -14.746  29.203 0.0000000000
61610  18.501  -34.608  54.151 0.0000000000
60504  17.687  -36.000  54.484 0.0000000000
84059  49.006  -17.057  32.686 0.0000000000
81847  50.108  -18.564  33.137 0.0000000000
81848  49.039  -18.368  33.385 0.0000000000
66427  32.548  -31.136  43.869 0.0000000000
66451  33.560  -31.717  43.394 0.0000000000
65265  32.895  -32.460  43.728 0.0000000000
64136  34.312  -33.987  44.465 0.0000000000
64088  35.825  -34.626  46.689 0.0000000000
86086  48.240  -13.326  37.020 0.0000000000
86104  46.841  -13.260  35.647 0.0000000000
87139  47.332  -13.170  33.666 0.0000000000
87141  47.988  -12.929  33.310 0.0000000000
88209  48.710  -13.079  32.428 0.0000000000
86135  47.763  -14.411  32.851 0.0000000000
84076  48.418  -15.694  32.442 0.0000000000
46050  8.356  -49.704  67.001 0.0000000000
82889  41.731  -15.887  38.624 0.0000000000
82915  41.639  -16.974  36.481 0.0000000000
82903  40.764  -17.077  37.434 0.0000000000
81770  40.118  -17.829  37.224 0.0000000000
80634  39.964  -18.931  37.036 0.0000000000
78094  37.237  -20.061  38.856 0.0000000000
78107  37.959  -20.977  38.118 0.0000000000
76919  38.161  -22.221  38.216 0.0000000000
75714  38.920  -23.876  38.189 0.0000000000
74436  39.647  -24.775  39.155 0.0000000000
73216  39.619  -25.784  40.291 0.0000000000
74395  39.588  -25.516  41.710 0.0000000000
59546  30.388  -38.378  51.115 0.0000000000
57109  15.418  -40.485  55.278 0.0000000000
55890  16.581  -41.347  56.033 0.0000000000
54793  15.591  -42.068  56.422 0.0000000000
53700  15.214  -42.974  56.947 0.0000000000
53684  15.625  -43.185  58.243 0.0000000000
51293  12.981  -44.590  58.445 0.0000000000
51283  12.545  -44.970  58.829 0.0000000000
53637  8.604  -42.467  62.114 0.0000000000
51234  8.167  -44.156  62.725 0.0000000000
50067  7.915  -45.242  63.285 0.0000000000
48972  7.742  -46.382  63.528 0.0000000000
50054  7.575  -45.246  64.041 0.0000000000
50041  6.982  -45.118  64.797 0.0000000000
51199  6.436  -44.100  65.561 0.0000000000
65193  25.669  -31.595  48.670 0.0000000000
64076  25.640  -33.525  47.061 0.0000000000
62883  25.559  -34.211  48.677 0.0000000000
60619  25.459  -36.673  47.850 0.0000000000
59584  24.965  -37.866  48.759 0.0000000000
59533  21.892  -38.057  52.018 0.0000000000
59547  23.184  -38.439  52.384 0.0000000000
59516  22.702  -38.580  53.828 0.0000000000
79421  45.781  -21.516  36.826 0.0000000000
75585  30.888  -23.822  44.199 0.0000000000
68722  38.431  -29.608  42.882 0.0000000000
69812  38.030  -28.709  42.397 0.0000000000
69799  39.486  -28.622  43.708 0.0000000000
70874  39.701  -27.184  44.248 0.0000000000
91599  55.998  -8.636  31.041 0.0000000000
46945  5.521  -47.980  66.503 0.0000000000
79308  39.902  -18.325  41.558 0.0000000000
79337  38.146  -18.696  40.258 0.0000000000
79338  37.058  -18.711  40.457 0.0000000000
79366  35.954  -19.641  39.524 0.0000000000
79389  35.169  -20.631  39.407 0.0000000000
78111  34.562  -21.398  39.494 0.0000000000
58338  20.643  -39.102  55.044 0.0000000000
58317  20.321  -39.621  55.813 0.0000000000
58363  18.995  -39.414  53.717 0.0000000000
57153  18.214  -39.699  54.023 0.0000000000
57132  16.741  -39.663  54.679 0.0000000000
60505  16.856  -36.637  54.637 0.0000000000
58341  15.897  -38.532  54.972 0.0000000000
57133  15.361  -39.436  54.820 0.0000000000
57110  14.469  -39.544  55.653 0.0000000000
57112  13.446  -39.559  56.777 0.0000000000
55856  12.560  -39.865  57.396 0.0000000000
60553  24.303  -34.938  50.687 0.0000000000
61676  23.746  -34.223  51.049 0.0000000000
62838  22.397  -34.128  49.959 0.0000000000
61677  21.614  -35.676  50.179 0.0000000000
63979  20.117  -33.447  52.116 0.0000000000
61679  20.346  -35.530  51.067 0.0000000000
60557  20.817  -36.322  50.776 0.0000000000
59534  20.763  -37.984  51.864 0.0000000000
59519  20.197  -38.501  52.794 0.0000000000
71962  33.591  -26.680  47.013 0.0000000000
71981  32.833  -26.778  46.039 0.0000000000
70892  33.154  -28.228  44.785 0.0000000000
69814  33.933  -29.101  42.368 0.0000000000
68739  35.461  -30.118  41.567 0.0000000000
66450  34.370  -31.755  42.732 0.0000000000
66449  36.490  -32.058  42.755 0.0000000000
67635  37.996  -30.655  42.972 0.0000000000
66400  39.054  -31.558  44.789 0.0000000000
67577  40.454  -30.875  46.255 0.0000000000
89333  52.116  -10.203  32.767 0.0000000000
89334  51.394  -10.758  32.140 0.0000000000
88213  51.607  -12.627  31.282 0.0000000000
87145  50.010  -13.541  31.707 0.0000000000
87144  50.491  -14.073  31.322 0.0000000000
84050  44.783  -15.914  34.436 0.0000000000
82945  45.679  -17.120  34.267 0.0000000000
84037  44.330  -16.537  34.634 0.0000000000
81820  44.232  -18.595  35.117 0.0000000000
80655  43.841  -19.456  35.477 0.0000000000
81793  42.148  -18.265  35.692 0.0000000000
80656  42.761  -19.254  35.757 0.0000000000
79437  44.290  -20.465  36.035 0.0000000000
79422  44.718  -21.384  36.470 0.0000000000
76941  44.456  -22.487  37.126 0.0000000000
80598  39.243  -18.254  39.063 0.0000000000
80612  38.856  -18.702  37.900 0.0000000000
78133  39.623  -20.421  37.198 0.0000000000
78122  38.579  -21.131  37.884 0.0000000000
78121  39.592  -21.385  37.402 0.0000000000
78120  40.587  -22.064  37.030 0.0000000000
76932  42.251  -23.391  37.399 0.0000000000
65209  29.476  -33.453  45.969 0.0000000000
64072  31.618  -34.181  47.125 0.0000000000
64053  30.959  -34.235  47.952 0.0000000000
64032  32.112  -34.561  49.478 0.0000000000
86089  44.882  -13.847  36.017 0.0000000000
86106  44.829  -14.536  35.059 0.0000000000
57066  11.455  -39.182  58.787 0.0000000000
57054  10.786  -38.771  59.635 0.0000000000
54754  11.304  -40.932  58.983 0.0000000000
53676  10.999  -42.617  59.035 0.0000000000
52487  11.019  -43.884  58.997 0.0000000000
51269  10.717  -45.023  59.428 0.0000000000
52472  9.780  -43.774  60.612 0.0000000000
51270  9.843  -44.865  59.979 0.0000000000
49019  11.521  -46.540  60.400 0.0000000000
48985  12.175  -47.022  61.796 0.0000000000
48969  12.110  -47.230  63.098 0.0000000000
46962  9.355  -49.046  65.094 0.0000000000
47931  7.753  -47.164  63.972 0.0000000000
46963  8.066  -48.523  64.894 0.0000000000
46952  8.631  -49.292  65.748 0.0000000000
46953  7.403  -48.803  65.976 0.0000000000
46943  6.667  -48.745  66.437 0.0000000000
47906  6.064  -47.360  66.370 0.0000000000
48915  5.851  -45.816  66.279 0.0000000000
48916  5.457  -46.529  66.544 0.0000000000
47907  5.418  -47.330  66.590 0.0000000000
66406  29.710  -30.623  44.602 0.0000000000
67564  28.788  -28.926  46.122 0.0000000000
65246  28.625  -32.071  44.791 0.0000000000
65227  27.835  -32.318  45.353 0.0000000000
62900  28.743  -34.798  46.636 0.0000000000
61730  28.850  -35.859  47.087 0.0000000000
62920  26.177  -34.817  46.516 0.0000000000
59616  28.290  -37.337  47.061 0.0000000000
59581  29.821  -38.101  48.941 0.0000000000
60598  23.723  -36.428  49.479 0.0000000000
59585  23.843  -37.785  49.461 0.0000000000
58469  24.908  -38.598  49.534 0.0000000000
58420  23.652  -38.458  51.572 0.0000000000
58398  25.242  -39.279  51.865 0.0000000000
57201  25.779  -39.707  51.187 0.0000000000
82931  46.451  -18.302  34.397 0.0000000000
79312  33.313  -19.664  41.711 0.0000000000
79369  33.441  -20.587  40.617 0.0000000000
76904  33.910  -22.215  39.729 0.0000000000
73145  31.919  -26.259  45.564 0.0000000000
73147  31.202  -25.851  43.929 0.0000000000
73184  31.101  -25.465  42.576 0.0000000000
72025  34.420  -26.816  41.922 0.0000000000
73182  32.825  -25.988  41.744 0.0000000000
75641  31.586  -23.893  41.450 0.0000000000
75666  32.930  -23.694  40.482 0.0000000000
75665  34.371  -24.219  40.627 0.0000000000
75690  35.127  -23.936  39.949 0.0000000000
75663  36.678  -24.545  41.207 0.0000000000
62916  33.162  -34.755  46.974 0.0000000000
62896  34.611  -34.678  47.537 0.0000000000
64050  36.303  -34.364  48.196 0.0000000000
64011  37.567  -34.062  50.432 0.0000000000
65178  38.243  -33.820  48.977 0.0000000000
88219  59.525  -11.406  29.408 0.0000000000
91609  54.040  -9.502  30.720 0.0000000000
91608  55.099  -9.313  30.287 0.0000000000
88220  54.305  -12.271  29.613 0.0000000000
89356  55.019  -11.316  29.575 0.0000000000
89366  55.896  -11.184  29.125 0.0000000000
88234  56.715  -12.168  28.857 0.0000000000
87169  57.396  -13.221  28.510 0.0000000000
84048  46.365  -16.514  33.925 0.0000000000
84047  47.119  -17.096  33.691 0.0000000000
65244  30.216  -32.389  44.430 0.0000000000
64115  30.563  -33.028  44.704 0.0000000000
85123  45.989  -15.494  34.120 0.0000000000
86118  45.989  -14.506  34.440 0.0000000000
84062  46.624  -15.683  33.717 0.0000000000
46944  6.059  -48.351  66.825 0.0000000000
75716  35.872  -23.463  38.759 0.0000000000
75739  36.264  -23.388  38.497 0.0000000000
74439  36.047  -24.067  39.207 0.0000000000
55873  12.490  -40.421  57.313 0.0000000000
54783  12.461  -41.154  57.191 0.0000000000
53703  12.182  -41.900  57.326 0.0000000000
54768  11.881  -41.398  58.076 0.0000000000
61695  25.463  -34.220  50.498 0.0000000000
60552  24.873  -34.687  50.636 0.0000000000
59483  21.941  -38.862  55.160 0.0000000000
73118  32.702  -25.582  46.791 0.0000000000
60527  18.248  -36.612  52.752 0.0000000000
59504  17.982  -37.812  53.364 0.0000000000
60516  17.878  -36.737  53.555 0.0000000000
60526  18.535  -36.072  52.566 0.0000000000
59537  18.615  -36.947  52.468 0.0000000000
67616  33.572  -29.981  44.462 0.0000000000
65224  36.861  -33.631  46.124 0.0000000000
65242  36.800  -33.562  45.470 0.0000000000
65223  37.651  -33.148  46.215 0.0000000000
65207  38.146  -33.444  47.422 0.0000000000
88197  48.471  -12.299  33.379 0.0000000000
87137  49.115  -12.037  35.115 0.0000000000
88196  49.035  -11.628  33.781 0.0000000000
89311  49.502  -11.324  33.006 0.0000000000
82972  49.593  -17.089  32.271 0.0000000000
84074  50.127  -16.482  31.930 0.0000000000
46951  9.660  -49.330  66.233 0.0000000000
85084  42.231  -15.444  36.618 0.0000000000
84021  42.037  -15.854  36.308 0.0000000000
80633  40.651  -19.635  36.587 0.0000000000
80632  41.559  -19.845  36.404 0.0000000000
61729  29.492  -36.147  47.961 0.0000000000
61713  29.986  -36.125  48.967 0.0000000000
60569  30.972  -36.744  50.100 0.0000000000
84003  41.941  -15.461  37.724 0.0000000000
85065  42.629  -14.835  37.584 0.0000000000
85066  42.181  -15.231  37.138 0.0000000000
85083  42.675  -14.834  36.772 0.0000000000
55913  16.989  -40.677  55.317 0.0000000000
50117  13.109  -45.529  59.549 0.0000000000
50099  13.352  -45.608  60.229 0.0000000000
54722  9.917  -41.575  61.109 0.0000000000
48988  8.863  -46.903  61.952 0.0000000000
47957  9.124  -47.451  62.586 0.0000000000
47942  9.498  -47.766  63.072 0.0000000000
47943  8.426  -47.344  62.977 0.0000000000
67534  26.129  -29.862  49.545 0.0000000000
68636  26.468  -28.860  50.164 0.0000000000
67549  25.984  -29.831  48.279 0.0000000000
67565  26.184  -29.578  47.037 0.0000000000
67550  26.000  -30.496  47.443 0.0000000000
65229  26.330  -32.522  46.222 0.0000000000
65210  25.911  -32.478  46.742 0.0000000000
58490  26.836  -38.735  47.884 0.0000000000
58441  26.995  -39.547  50.045 0.0000000000
58416  28.043  -39.766  50.633 0.0000000000
60555  22.448  -36.928  50.566 0.0000000000
80654  44.845  -20.183  35.183 0.0000000000
79435  46.579  -20.927  36.545 0.0000000000
76860  30.876  -22.739  43.248 0.0000000000
78051  30.721  -21.196  43.545 0.0000000000
78065  31.362  -21.812  42.467 0.0000000000
76874  31.219  -22.936  42.089 0.0000000000
69827  35.505  -28.989  41.368 0.0000000000
69828  34.486  -28.340  41.553 0.0000000000
73144  37.391  -25.486  43.266 0.0000000000
73160  36.685  -25.432  42.844 0.0000000000
75613  36.041  -24.902  42.329 0.0000000000
75584  37.019  -25.001  43.111 0.0000000000
75583  37.663  -24.804  43.433 0.0000000000
91598  57.514  -9.077  30.532 0.0000000000
90462  58.087  -9.881  29.680 0.0000000000
91613  56.867  -9.995  29.439 0.0000000000
89344  52.609  -11.647  30.980 0.0000000000
61584  18.292  -34.387  54.553 0.0000000000
61585  17.795  -34.621  54.811 0.0000000000
61561  17.469  -34.333  55.339 0.0000000000
84060  48.194  -16.523  32.772 0.0000000000
82957  49.464  -17.867  32.671 0.0000000000
82958  48.471  -17.660  33.189 0.0000000000
81837  48.360  -18.607  34.014 0.0000000000
65266  32.085  -32.056  43.942 0.0000000000
64137  33.286  -33.592  44.141 0.0000000000
64111  34.539  -34.377  45.489 0.0000000000
86088  45.949  -13.613  36.361 0.0000000000
86117  46.839  -13.335  34.516 0.0000000000
87142  47.655  -13.635  33.248 0.0000000000
87147  48.187  -13.550  32.705 0.0000000000
86136  47.595  -14.056  33.211 0.0000000000
46062  7.872  -49.465  66.506 0.0000000000
82890  41.083  -16.713  38.234 0.0000000000
81771  39.489  -18.154  37.689 0.0000000000
80635  39.412  -18.823  37.503 0.0000000000
78095  36.839  -20.169  38.947 0.0000000000
78108  37.374  -20.689  38.606 0.0000000000
76920  36.917  -22.496  38.406 0.0000000000
75715  37.709  -23.732  38.490 0.0000000000
73229  39.589  -25.480  39.662 0.0000000000
73230  39.130  -25.655  39.817 0.0000000000
73200  38.790  -25.544  40.775 0.0000000000
74396  38.705  -25.273  41.395 0.0000000000
74373  39.280  -25.076  42.126 0.0000000000
55891  15.038  -40.924  55.818 0.0000000000
54794  14.272  -41.553  56.128 0.0000000000
53701  14.002  -42.568  56.683 0.0000000000
53711  14.711  -42.390  56.384 0.0000000000
52497  14.997  -43.766  58.394 0.0000000000
52498  14.146  -43.923  58.072 0.0000000000
53687  12.126  -42.792  57.590 0.0000000000
52486  11.812  -44.445  58.782 0.0000000000
51223  7.926  -43.962  63.127 0.0000000000
51235  8.014  -44.544  63.070 0.0000000000
51224  7.683  -44.258  63.618 0.0000000000
50027  6.660  -44.622  65.303 0.0000000000
64018  25.778  -32.706  50.422 0.0000000000
65168  25.876  -31.812  50.651 0.0000000000
66332  25.826  -30.943  50.077 0.0000000000
65179  25.388  -32.122  49.467 0.0000000000
65180  25.258  -32.766  48.714 0.0000000000
64035  25.389  -33.264  49.132 0.0000000000
60596  24.960  -35.829  48.639 0.0000000000
61731  25.477  -35.290  48.163 0.0000000000
59606  25.471  -37.503  48.329 0.0000000000
60620  25.109  -36.927  48.575 0.0000000000
59517  22.105  -38.387  53.379 0.0000000000
59532  22.674  -38.281  52.756 0.0000000000
76845  31.264  -22.262  44.608 0.0000000000
75565  31.032  -23.550  45.529 0.0000000000
68708  39.178  -29.565  43.439 0.0000000000
68707  39.874  -29.572  44.119 0.0000000000
70872  41.259  -27.706  45.157 0.0000000000
70873  40.458  -27.629  44.584 0.0000000000
46934  5.069  -47.092  66.716 0.0000000000
79309  38.912  -18.172  41.016 0.0000000000
79339  36.214  -18.798  40.351 0.0000000000
80583  34.944  -19.263  40.429 0.0000000000
79367  34.800  -20.055  39.839 0.0000000000
79390  34.618  -20.651  39.646 0.0000000000
58362  19.988  -39.040  53.890 0.0000000000
57154  17.496  -39.362  54.198 0.0000000000
57155  17.011  -39.001  54.434 0.0000000000
61586  16.988  -35.444  54.963 0.0000000000
60506  16.129  -36.416  55.073 0.0000000000
59487  15.583  -37.992  55.379 0.0000000000
58342  15.138  -38.423  55.284 0.0000000000
57134  14.638  -38.867  55.142 0.0000000000
58305  13.520  -37.965  56.719 0.0000000000
57094  13.146  -38.750  57.463 0.0000000000
57095  13.101  -39.508  57.100 0.0000000000
57079  12.785  -38.590  57.834 0.0000000000
61675  24.233  -34.551  51.215 0.0000000000
64001  21.862  -33.283  50.942 0.0000000000
62837  23.133  -33.901  50.469 0.0000000000
62839  21.854  -34.464  50.025 0.0000000000
61698  22.070  -35.343  50.137 0.0000000000
61699  21.611  -34.737  50.189 0.0000000000
60558  20.293  -36.375  51.167 0.0000000000
60539  20.379  -37.075  51.312 0.0000000000
59520  19.218  -38.199  52.474 0.0000000000
59503  20.922  -39.003  53.873 0.0000000000
70876  33.588  -27.697  45.983 0.0000000000
71980  33.316  -27.202  46.126 0.0000000000
68725  34.109  -30.034  42.238 0.0000000000
68724  34.673  -29.644  41.619 0.0000000000
68740  34.788  -30.209  41.794 0.0000000000
65290  34.098  -32.564  43.283 0.0000000000
65289  35.330  -33.027  43.155 0.0000000000
65262  37.210  -32.392  44.263 0.0000000000
65287  37.246  -32.015  43.578 0.0000000000
66448  37.138  -31.656  42.793 0.0000000000
67615  38.643  -30.920  43.574 0.0000000000
65205  39.177  -32.097  46.970 0.0000000000
66376  39.600  -31.513  45.823 0.0000000000
87127  48.610  -12.427  35.635 0.0000000000
89321  52.162  -10.144  33.731 0.0000000000
89346  51.256  -12.126  31.616 0.0000000000
88214  50.921  -12.621  31.706 0.0000000000
87146  49.005  -13.584  32.189 0.0000000000
87152  51.026  -13.543  31.307 0.0000000000
85112  44.255  -15.398  34.762 0.0000000000
84038  43.538  -16.189  35.035 0.0000000000
82914  42.724  -17.445  35.463 0.0000000000
82934  43.690  -17.389  35.038 0.0000000000
81821  43.644  -18.094  35.229 0.0000000000
81791  43.804  -18.844  35.395 0.0000000000
81794  41.251  -18.251  36.229 0.0000000000
79439  42.323  -19.855  36.106 0.0000000000
79423  43.616  -21.115  36.416 0.0000000000
80581  39.864  -18.317  39.931 0.0000000000
79427  39.430  -19.491  37.357 0.0000000000
76936  38.748  -22.059  37.946 0.0000000000
75735  40.633  -23.506  37.910 0.0000000000
76934  40.151  -22.552  37.530 0.0000000000
78119  41.056  -22.341  36.865 0.0000000000
64094  29.177  -33.621  46.021 0.0000000000
64074  29.691  -33.734  46.610 0.0000000000
64054  30.180  -34.139  47.396 0.0000000000
62857  31.266  -34.911  49.596 0.0000000000
86067  45.018  -13.726  37.091 0.0000000000
86091  43.402  -14.935  35.921 0.0000000000
86090  44.045  -14.414  35.942 0.0000000000
86107  43.862  -14.905  35.452 0.0000000000
85111  44.661  -14.947  34.687 0.0000000000
57106  19.617  -40.237  55.996 0.0000000000
51267  14.504  -44.601  60.452 0.0000000000
57065  12.002  -38.495  59.107 0.0000000000
55833  10.738  -40.397  60.004 0.0000000000
55818  10.599  -39.645  60.226 0.0000000000
55832  11.179  -40.166  59.508 0.0000000000
54738  11.103  -40.773  59.381 0.0000000000
54755  11.213  -41.843  58.605 0.0000000000
52459  8.918  -43.457  61.107 0.0000000000
50088  9.679  -45.734  60.460 0.0000000000
50102  10.629  -46.028  60.134 0.0000000000
49020  10.980  -46.674  60.608 0.0000000000
49001  11.438  -47.005  61.072 0.0000000000
46971  10.057  -48.846  64.421 0.0000000000
47944  7.974  -47.256  63.537 0.0000000000
46973  8.113  -47.866  64.232 0.0000000000
46061  8.386  -49.501  66.379 0.0000000000
46954  6.501  -47.987  66.023 0.0000000000
50011  6.151  -45.168  66.150 0.0000000000
49996  5.948  -44.478  66.422 0.0000000000
67619  30.373  -30.446  44.690 0.0000000000
67585  26.957  -29.971  46.045 0.0000000000
68675  28.057  -28.680  46.352 0.0000000000
68686  27.600  -29.322  46.013 0.0000000000
67602  28.205  -30.545  44.690 0.0000000000
64096  27.250  -33.597  45.483 0.0000000000
62918  27.826  -34.636  45.958 0.0000000000
61743  28.288  -35.597  46.229 0.0000000000
62901  25.631  -34.551  47.575 0.0000000000
61757  26.274  -36.005  46.411 0.0000000000
58504  27.471  -38.178  47.684 0.0000000000
60632  27.553  -37.008  46.581 0.0000000000
59603  28.436  -37.719  47.940 0.0000000000
60595  28.961  -37.296  48.216 0.0000000000
58465  29.116  -38.187  48.967 0.0000000000
58439  29.204  -38.610  49.501 0.0000000000
60572  24.276  -35.455  49.872 0.0000000000
59562  23.571  -37.983  49.999 0.0000000000
58470  24.311  -38.458  49.908 0.0000000000
58443  24.766  -38.867  50.378 0.0000000000
82933  44.874  -17.583  34.645 0.0000000000
82932  45.869  -18.118  34.331 0.0000000000
80548  33.686  -18.683  42.088 0.0000000000
79284  33.030  -19.446  42.866 0.0000000000
79341  33.014  -20.472  41.204 0.0000000000
78097  33.273  -21.397  40.512 0.0000000000
71995  32.626  -27.398  45.123 0.0000000000
71982  32.337  -26.501  45.722 0.0000000000
71996  32.152  -26.899  44.892 0.0000000000
70911  32.101  -27.131  42.805 0.0000000000
71997  31.621  -26.502  43.829 0.0000000000
72012  31.616  -26.519  42.886 0.0000000000
74330  31.005  -25.316  43.632 0.0000000000
73183  31.526  -25.975  42.139 0.0000000000
70921  35.881  -27.696  41.817 0.0000000000
70908  36.540  -27.162  42.166 0.0000000000
73162  35.096  -25.661  42.256 0.0000000000
73181  34.165  -25.944  42.015 0.0000000000
74377  32.163  -25.092  41.263 0.0000000000
74401  32.342  -24.176  40.871 0.0000000000
74400  33.242  -24.610  40.864 0.0000000000
75639  35.660  -24.761  41.688 0.0000000000
75691  34.251  -23.332  39.824 0.0000000000
75689  35.903  -24.377  40.432 0.0000000000
75637  37.548  -24.485  42.190 0.0000000000
62917  32.734  -34.761  47.090 0.0000000000
64071  32.331  -34.655  47.470 0.0000000000
62853  35.142  -34.685  49.489 0.0000000000
62878  34.081  -34.776  48.335 0.0000000000
62876  35.720  -34.569  48.759 0.0000000000
62895  35.520  -34.562  47.749 0.0000000000
64029  36.376  -34.263  48.970 0.0000000000
64027  38.081  -33.952  49.598 0.0000000000
65177  38.929  -33.612  49.101 0.0000000000
89364  58.156  -10.909  29.100 0.0000000000
89363  58.983  -11.088  29.399 0.0000000000
88232  58.910  -11.749  28.901 0.0000000000
90444  52.941  -9.937  32.361 0.0000000000
90466  53.359  -10.360  30.723 0.0000000000
91610  53.503  -9.645  30.969 0.0000000000
90465  54.443  -10.305  30.067 0.0000000000
88236  55.069  -12.324  29.288 0.0000000000
89367  55.415  -11.780  29.185 0.0000000000
89355  55.486  -10.946  29.412 0.0000000000
65267  31.343  -31.765  44.001 0.0000000000
64139  31.525  -32.733  43.952 0.0000000000
64113  32.353  -33.949  44.945 0.0000000000
86125  47.415  -14.824  33.183 0.0000000000
85136  47.091  -15.223  33.418 0.0000000000
81754  41.236  -16.751  39.087 0.0000000000
81742  40.708  -17.482  39.401 0.0000000000
81743  39.810  -17.822  38.989 0.0000000000
76938  36.376  -22.916  38.304 0.0000000000
75738  36.795  -23.643  38.470 0.0000000000
74438  36.949  -24.636  38.972 0.0000000000
74420  37.464  -25.179  40.043 0.0000000000
74398  37.171  -24.915  40.786 0.0000000000
54795  13.524  -40.742  56.340 0.0000000000
54782  13.347  -41.536  56.529 0.0000000000
53686  13.369  -43.349  57.178 0.0000000000
53688  11.382  -42.823  58.256 0.0000000000
52420  7.572  -43.246  64.173 0.0000000000
62859  25.667  -33.362  50.186 0.0000000000
62860  25.535  -33.759  49.583 0.0000000000
59502  21.656  -38.639  54.130 0.0000000000
59501  22.322  -38.655  54.480 0.0000000000
74309  31.251  -24.254  46.154 0.0000000000
68683  40.726  -30.333  45.609 0.0000000000
68695  40.575  -29.662  45.004 0.0000000000
68694  41.000  -29.172  45.408 0.0000000000
81729  35.692  -17.905  41.555 0.0000000000
80566  34.003  -19.137  41.033 0.0000000000
58383  18.732  -38.462  53.175 0.0000000000
58384  18.301  -38.169  53.246 0.0000000000
60496  15.584  -35.968  55.557 0.0000000000
59468  15.204  -36.746  56.199 0.0000000000
58318  14.327  -38.194  55.916 0.0000000000
64002  21.522  -33.374  51.165 0.0000000000
62774  19.242  -34.277  53.157 0.0000000000
62773  19.579  -34.243  52.520 0.0000000000
61631  19.338  -34.839  52.478 0.0000000000
61656  19.058  -35.896  52.234 0.0000000000
59536  19.064  -37.345  52.143 0.0000000000
68697  33.948  -29.001  45.582 0.0000000000
67636  33.683  -30.528  42.893 0.0000000000
65264  35.534  -33.553  43.992 0.0000000000
65263  36.344  -33.327  44.333 0.0000000000
66401  38.002  -32.325  45.162 0.0000000000
66378  38.111  -32.478  45.918 0.0000000000
65206  38.676  -32.608  46.842 0.0000000000
65190  39.313  -32.289  47.550 0.0000000000
89322  51.130  -10.511  33.460 0.0000000000
89336  49.966  -12.150  32.123 0.0000000000
85150  48.875  -15.213  32.072 0.0000000000
85149  49.761  -15.446  31.839 0.0000000000
85148  50.746  -15.643  31.522 0.0000000000
85147  51.682  -16.196  31.222 0.0000000000
85114  42.942  -15.553  35.680 0.0000000000
84039  42.890  -15.894  35.470 0.0000000000
81795  40.523  -18.453  36.621 0.0000000000
80658  40.992  -19.084  36.317 0.0000000000
76943  42.664  -22.722  37.062 0.0000000000
79336  39.110  -18.554  40.481 0.0000000000
79405  38.387  -20.107  38.138 0.0000000000
75734  41.626  -23.693  38.008 0.0000000000
62899  29.546  -34.503  47.141 0.0000000000
62881  30.278  -35.178  47.990 0.0000000000
62858  30.643  -35.440  49.181 0.0000000000
84001  43.486  -14.903  38.956 0.0000000000
85064  43.344  -14.430  38.139 0.0000000000
86068  44.114  -14.103  36.792 0.0000000000
86070  43.036  -14.961  36.297 0.0000000000
57107  18.498  -40.648  55.649 0.0000000000
55888  18.462  -40.774  56.452 0.0000000000
51282  13.767  -44.846  59.306 0.0000000000
51268  13.742  -45.024  60.567 0.0000000000
51256  13.880  -44.990  61.752 0.0000000000
50076  13.263  -45.607  62.218 0.0000000000
50077  12.788  -46.437  62.603 0.0000000000
55819  10.463  -40.518  60.678 0.0000000000
53652  9.954  -42.177  60.379 0.0000000000
53665  9.867  -43.193  60.262 0.0000000000
51245  8.366  -44.395  62.074 0.0000000000
51258  8.682  -44.961  61.440 0.0000000000
48987  10.011  -47.314  61.819 0.0000000000
47955  10.383  -47.697  62.330 0.0000000000
47941  10.488  -48.032  63.065 0.0000000000
47929  11.116  -48.299  63.960 0.0000000000
46981  9.814  -48.341  63.677 0.0000000000
48941  6.888  -46.074  64.623 0.0000000000
47923  6.865  -47.218  65.202 0.0000000000
47905  6.212  -46.581  66.082 0.0000000000
48908  4.520  -45.719  67.163 0.0000000000
67586  26.481  -30.878  46.107 0.0000000000
66385  26.875  -31.352  45.691 0.0000000000
66386  26.285  -31.671  46.299 0.0000000000
62919  26.915  -34.627  45.806 0.0000000000
60633  26.461  -37.065  47.005 0.0000000000
59618  26.846  -38.130  47.465 0.0000000000
58505  27.243  -38.322  47.640 0.0000000000
58440  28.224  -39.062  49.772 0.0000000000
60574  22.894  -36.251  50.070 0.0000000000
60599  23.330  -36.280  49.748 0.0000000000
59563  23.214  -37.596  50.329 0.0000000000
58445  23.544  -38.037  50.863 0.0000000000
58380  24.262  -39.168  53.551 0.0000000000
58360  24.756  -39.169  54.435 0.0000000000
80669  45.866  -19.233  35.038 0.0000000000
78050  31.009  -19.997  43.915 0.0000000000
79285  32.155  -19.889  43.399 0.0000000000
79313  32.623  -20.264  42.290 0.0000000000
76889  32.525  -22.505  40.757 0.0000000000
70909  33.188  -27.874  42.418 0.0000000000
70924  33.042  -27.401  42.017 0.0000000000
70891  38.181  -26.870  42.999 0.0000000000
72010  36.613  -26.466  42.425 0.0000000000
73161  35.839  -25.734  42.456 0.0000000000
74375  34.889  -25.246  41.753 0.0000000000
74399  34.192  -24.801  41.244 0.0000000000
74374  35.739  -25.129  42.089 0.0000000000
75638  36.638  -24.467  41.985 0.0000000000
64031  33.158  -34.680  49.256 0.0000000000
62879  33.362  -34.789  48.338 0.0000000000
64030  33.704  -34.711  49.336 0.0000000000
62831  34.571  -34.700  50.197 0.0000000000
62830  35.411  -34.633  50.546 0.0000000000
90454  53.056  -10.026  31.538 0.0000000000
90455  52.609  -10.888  31.206 0.0000000000
89358  53.115  -11.350  30.714 0.0000000000
87171  55.295  -13.382  29.144 0.0000000000
87170  56.368  -13.147  28.849 0.0000000000
86155  56.249  -14.048  28.995 0.0000000000
61611  17.955  -35.401  53.749 0.0000000000
62755  19.430  -33.769  53.245 0.0000000000
62756  19.138  -34.071  53.812 0.0000000000
82956  50.052  -18.126  32.587 0.0000000000
81849  48.507  -18.225  33.515 0.0000000000
81836  49.480  -18.909  34.063 0.0000000000
66402  33.095  -30.659  44.900 0.0000000000
66426  33.021  -31.000  43.765 0.0000000000
66452  33.121  -31.731  43.687 0.0000000000
65291  33.488  -32.294  43.569 0.0000000000
64158  33.593  -32.922  43.579 0.0000000000
64135  35.333  -33.903  44.727 0.0000000000
64110  35.498  -34.321  45.736 0.0000000000
64087  36.780  -34.007  46.739 0.0000000000
86116  47.469  -12.697  35.086 0.0000000000
88205  48.519  -12.669  32.764 0.0000000000
86134  48.532  -14.357  32.279 0.0000000000
85151  48.220  -15.022  32.428 0.0000000000
46049  9.094  -49.551  66.857 0.0000000000
82902  41.181  -16.134  37.590 0.0000000000
79426  40.177  -20.023  36.956 0.0000000000
79365  37.343  -19.572  39.379 0.0000000000
73215  40.574  -25.646  40.110 0.0000000000
73198  40.257  -25.823  41.255 0.0000000000
73217  38.881  -25.733  40.240 0.0000000000
73199  39.295  -25.678  40.951 0.0000000000
74394  40.185  -25.585  41.947 0.0000000000
60551  30.489  -37.790  50.403 0.0000000000
60550  30.871  -37.143  50.913 0.0000000000
59545  30.775  -37.802  51.829 0.0000000000
54780  16.117  -42.541  57.536 0.0000000000
52484  14.691  -44.208  59.052 0.0000000000
52485  13.899  -44.373  58.502 0.0000000000
50118  12.342  -45.612  59.387 0.0000000000
50066  8.303  -44.993  62.696 0.0000000000
51211  7.177  -44.165  64.315 0.0000000000
66347  25.829  -30.904  49.046 0.0000000000
65194  25.637  -32.305  47.992 0.0000000000
64055  25.384  -33.467  48.169 0.0000000000
59583  25.654  -38.043  48.477 0.0000000000
59548  22.852  -37.798  51.527 0.0000000000
59531  23.128  -38.665  53.308 0.0000000000
59515  23.053  -38.867  54.131 0.0000000000
58381  23.491  -39.093  53.876 0.0000000000
75614  30.756  -23.499  43.422 0.0000000000
69826  37.068  -28.811  41.734 0.0000000000
69811  38.814  -28.662  43.018 0.0000000000
70906  38.308  -28.061  42.774 0.0000000000
69798  40.157  -28.655  44.411 0.0000000000
70889  39.741  -27.905  44.059 0.0000000000
70890  38.839  -27.503  43.437 0.0000000000
71992  38.411  -26.449  43.675 0.0000000000
71979  39.185  -26.508  44.279 0.0000000000
87151  52.109  -13.536  30.948 0.0000000000
87150  52.734  -13.471  30.564 0.0000000000
79335  39.984  -18.500  40.923 0.0000000000
79388  35.723  -20.717  39.222 0.0000000000
78110  35.428  -21.441  39.076 0.0000000000
76922  35.034  -22.275  39.117 0.0000000000
58339  19.737  -39.581  54.836 0.0000000000
57131  17.859  -40.271  54.547 0.0000000000
60517  17.501  -36.753  54.174 0.0000000000
59485  16.794  -37.709  54.484 0.0000000000
58340  16.586  -38.455  54.630 0.0000000000
58319  14.092  -38.772  56.315 0.0000000000
57111  13.797  -39.308  56.704 0.0000000000
55893  13.361  -39.919  56.502 0.0000000000
60554  24.004  -35.049  50.735 0.0000000000
61696  23.800  -34.912  50.699 0.0000000000
62815  23.472  -33.383  51.053 0.0000000000
61697  23.179  -34.898  50.165 0.0000000000
60556  21.685  -36.310  50.436 0.0000000000
62793  20.872  -33.755  51.088 0.0000000000
62794  20.353  -34.197  51.350 0.0000000000
62818  20.768  -34.713  50.705 0.0000000000
61678  21.202  -35.320  50.305 0.0000000000
60538  21.262  -37.194  51.179 0.0000000000
73130  32.937  -26.068  46.588 0.0000000000
71963  33.240  -26.296  46.682 0.0000000000
70877  33.021  -27.610  45.388 0.0000000000
69800  33.516  -28.736  44.660 0.0000000000
69801  33.303  -28.619  43.690 0.0000000000
69813  34.633  -29.198  41.557 0.0000000000
68738  36.570  -29.885  41.656 0.0000000000
66470  35.224  -31.647  42.385 0.0000000000
65308  36.015  -32.339  42.756 0.0000000000
66469  36.062  -31.691  42.291 0.0000000000
67651  36.206  -30.887  41.689 0.0000000000
67650  37.149  -30.739  42.118 0.0000000000
67614  39.344  -30.609  43.985 0.0000000000
67596  39.735  -30.978  44.688 0.0000000000
66399  39.709  -31.279  45.119 0.0000000000
67595  40.223  -30.786  45.256 0.0000000000
89332  52.912  -9.852  33.255 0.0000000000
90446  52.026  -10.875  31.540 0.0000000000
89345  51.837  -11.544  31.386 0.0000000000
88208  49.288  -12.577  32.182 0.0000000000
88207  50.238  -12.599  31.889 0.0000000000
87153  50.565  -13.055  31.675 0.0000000000
82946  45.038  -16.673  34.449 0.0000000000
80671  44.487  -19.457  35.108 0.0000000000
78128  45.020  -22.034  37.245 0.0000000000
78129  44.124  -22.031  36.705 0.0000000000
81744  39.459  -18.036  38.848 0.0000000000
76935  39.290  -22.169  37.781 0.0000000000
78132  40.385  -21.086  36.890 0.0000000000
76944  41.916  -22.736  37.075 0.0000000000
75733  42.545  -23.740  38.290 0.0000000000
76931  43.412  -23.312  37.993 0.0000000000
64093  30.606  -33.464  45.461 0.0000000000
65208  29.910  -33.357  45.904 0.0000000000
64073  30.631  -33.769  46.680 0.0000000000
64052  31.771  -34.546  48.227 0.0000000000
64033  31.396  -34.501  48.815 0.0000000000
85124  45.061  -15.196  34.440 0.0000000000
57093  19.040  -40.533  56.827 0.0000000000
57080  12.527  -38.963  58.160 0.0000000000
57081  11.956  -39.647  58.347 0.0000000000
55842  11.600  -40.260  58.584 0.0000000000
52501  11.255  -43.344  58.592 0.0000000000
51284  11.597  -45.116  58.886 0.0000000000
50101  11.643  -46.000  59.666 0.0000000000
51257  9.103  -44.699  60.745 0.0000000000
49018  12.066  -46.445  60.214 0.0000000000
49000  12.187  -46.693  60.811 0.0000000000
46970  10.749  -48.526  64.635 0.0000000000
47930  8.457  -47.660  63.782 0.0000000000
46060  8.991  -49.551  66.306 0.0000000000
46942  7.146  -49.088  66.397 0.0000000000
50010  6.255  -44.659  66.133 0.0000000000
48914  6.145  -45.646  66.036 0.0000000000
70875  33.854  -27.714  46.767 0.0000000000
66429  31.047  -30.677  44.473 0.0000000000
66430  30.239  -31.087  44.423 0.0000000000
66431  29.654  -31.355  44.473 0.0000000000
67601  29.028  -30.046  44.822 0.0000000000
66407  28.939  -31.173  44.598 0.0000000000
65245  29.462  -32.136  44.620 0.0000000000
65226  29.099  -33.004  45.358 0.0000000000
64095  28.456  -33.797  45.721 0.0000000000
60617  29.260  -36.642  48.103 0.0000000000
61756  26.834  -35.628  46.035 0.0000000000
60644  26.892  -36.423  46.321 0.0000000000
60643  27.563  -36.208  46.114 0.0000000000
60631  28.293  -36.468  46.539 0.0000000000
60618  28.921  -36.838  47.648 0.0000000000
60594  29.508  -37.027  48.528 0.0000000000
59561  30.035  -38.311  50.015 0.0000000000
58442  25.773  -39.357  50.252 0.0000000000
58419  24.526  -38.924  51.259 0.0000000000
58399  24.441  -39.047  52.362 0.0000000000
58418  25.250  -39.199  50.995 0.0000000000
57222  26.422  -39.661  50.548 0.0000000000
57200  26.683  -39.826  51.152 0.0000000000
81818  46.569  -18.886  34.814 0.0000000000
81817  47.911  -19.012  35.038 0.0000000000
80547  34.360  -18.032  42.689 0.0000000000
79340  33.610  -19.986  40.787 0.0000000000
79368  34.013  -20.614  40.075 0.0000000000
78096  33.913  -21.392  39.916 0.0000000000
76923  34.541  -22.167  39.412 0.0000000000
76903  34.698  -22.877  39.507 0.0000000000
73131  32.353  -25.870  46.179 0.0000000000
73132  31.784  -25.650  45.702 0.0000000000
74319  31.390  -24.810  45.483 0.0000000000
73146  31.252  -26.035  44.975 0.0000000000
74329  31.053  -25.073  44.343 0.0000000000
75586  30.850  -24.670  43.674 0.0000000000
75615  30.659  -24.069  43.053 0.0000000000
70920  36.509  -28.221  41.753 0.0000000000
70922  34.624  -27.604  41.643 0.0000000000
72026  33.322  -26.816  41.798 0.0000000000
72024  35.534  -26.863  42.079 0.0000000000
74378  31.037  -24.829  42.102 0.0000000000
75642  31.042  -23.807  42.277 0.0000000000
76890  31.741  -22.967  41.264 0.0000000000
75667  32.157  -23.436  40.889 0.0000000000
76888  33.397  -23.078  40.009 0.0000000000
74440  35.570  -23.925  39.546 0.0000000000
74422  35.771  -24.282  39.819 0.0000000000
75662  37.644  -24.715  41.537 0.0000000000
75636  38.529  -24.705  42.319 0.0000000000
64092  31.518  -33.832  45.890 0.0000000000
64091  32.601  -34.394  46.383 0.0000000000
64090  33.796  -34.573  46.433 0.0000000000
62898  32.968  -34.849  47.623 0.0000000000
62897  33.750  -34.709  47.468 0.0000000000
62914  35.109  -34.725  47.110 0.0000000000
64068  36.321  -34.510  47.396 0.0000000000
64067  36.984  -34.294  47.679 0.0000000000
62829  36.203  -34.514  50.376 0.0000000000
62851  36.482  -34.429  50.127 0.0000000000
64028  36.913  -33.987  49.633 0.0000000000
64048  37.653  -33.848  48.876 0.0000000000
64066  37.636  -33.960  48.024 0.0000000000
65192  38.249  -33.634  48.395 0.0000000000
65176  39.421  -32.569  48.588 0.0000000000
91602  53.292  -9.800  31.165 0.0000000000
91600  54.704  -8.932  31.416 0.0000000000
90463  56.089  -10.051  29.595 0.0000000000
88211  53.003  -12.957  30.544 0.0000000000
88221  53.346  -12.400  30.246 0.0000000000
90464  55.604  -10.364  29.578 0.0000000000
90472  56.403  -10.323  29.395 0.0000000000
89365  57.025  -11.089  28.878 0.0000000000
51244  8.628  -44.193  61.405 0.0000000000
51292  13.465  -44.502  58.504 0.0000000000
52435  8.121  -43.521  62.961 0.0000000000
53712  14.200  -42.138  56.358 0.0000000000
57223  26.164  -39.729  50.775 0.0000000000
58488  28.074  -38.058  48.174 0.0000000000
58489  27.601  -38.325  48.015 0.0000000000
59582  29.036  -37.753  48.589 0.0000000000
59604  27.915  -37.974  47.905 0.0000000000
60542  18.562  -36.550  52.519 0.0000000000
60642  28.039  -36.023  45.945 0.0000000000
62828  36.459  -34.430  50.374 0.0000000000
62855  33.695  -34.717  48.903 0.0000000000
62877  34.873  -34.658  48.518 0.0000000000
62915  34.780  -34.691  47.059 0.0000000000
64015  33.778  -34.710  49.924 0.0000000000
64049  36.939  -34.013  48.577 0.0000000000
64069  34.553  -34.647  47.037 0.0000000000
64070  34.293  -34.592  47.013 0.0000000000
64089  34.795  -34.624  46.552 0.0000000000
64109  36.285  -33.947  46.015 0.0000000000
64157  34.261  -33.390  43.652 0.0000000000
65222  38.282  -32.579  46.228 0.0000000000
65243  30.884  -32.597  44.169 0.0000000000
65269  30.000  -31.748  44.292 0.0000000000
65309  35.423  -32.120  42.630 0.0000000000
66358  39.138  -31.967  46.513 0.0000000000
66364  25.845  -31.420  47.173 0.0000000000
66408  28.107  -31.392  44.720 0.0000000000
66423  38.834  -31.242  44.015 0.0000000000
66468  36.687  -31.279  42.178 0.0000000000
67584  28.101  -29.580  45.480 0.0000000000
67600  30.068  -29.893  45.211 0.0000000000
67634  38.747  -30.269  43.334 0.0000000000
68687  27.399  -29.156  46.236 0.0000000000
69829  33.793  -28.070  41.714 0.0000000000
69841  34.060  -27.860  41.596 0.0000000000
70860  33.729  -27.280  47.040 0.0000000000
70895  31.832  -26.900  43.280 0.0000000000
70910  32.558  -27.571  42.822 0.0000000000
70923  33.795  -27.523  41.694 0.0000000000
70925  32.599  -27.241  42.281 0.0000000000
70934  34.364  -27.865  41.580 0.0000000000
70935  34.242  -27.695  41.630 0.0000000000
70936  32.999  -27.221  41.869 0.0000000000
70937  32.836  -27.274  42.047 0.0000000000
71994  37.102  -25.878  42.831 0.0000000000
71998  31.371  -26.130  43.573 0.0000000000
72009  37.187  -26.773  42.628 0.0000000000
72013  31.448  -26.266  43.360 0.0000000000
72023  36.165  -27.046  42.132 0.0000000000
72036  33.170  -27.083  41.752 0.0000000000
72037  32.846  -27.075  41.905 0.0000000000
73143  38.062  -25.642  43.858 0.0000000000
73163  31.431  -26.139  42.705 0.0000000000
73164  31.211  -25.896  43.093 0.0000000000
73180  35.121  -26.202  42.310 0.0000000000
74307  32.725  -25.289  47.206 0.0000000000
74318  31.950  -25.263  46.029 0.0000000000
74328  37.122  -25.091  43.326 0.0000000000
74351  36.665  -25.024  43.002 0.0000000000
74352  36.098  -25.107  42.641 0.0000000000
74354  30.891  -25.057  43.027 0.0000000000
74450  36.139  -23.747  38.791 0.0000000000
75661  38.175  -24.908  41.577 0.0000000000
76861  30.749  -23.415  43.128 0.0000000000
81839  46.734  -18.347  34.413 0.0000000000
81856  50.356  -18.202  32.604 0.0000000000
82913  43.337  -17.875  35.269 0.0000000000
82942  48.223  -18.130  33.573 0.0000000000
85100  43.127  -15.230  35.911 0.0000000000
85102  42.311  -15.595  36.362 0.0000000000
85125  44.666  -15.483  34.491 0.0000000000
86092  43.066  -15.134  36.123 0.0000000000
86108  43.503  -15.054  35.619 0.0000000000
87148  47.782  -13.910  32.995 0.0000000000
90473  55.964  -10.620  29.364 0.0000000000
91606  57.133  -9.665  29.654 0.0000000000
91614  56.667  -9.855  29.579 0.0000000000
