#!ascii label  , from subject 3060 vox2ras=TkReg
2047
70903  46.896  -26.811  43.361 0.0000000000
59397  39.054  -37.490  60.819 0.0000000000
49098  27.844  -44.550  55.812 0.0000000000
53661  20.867  -41.641  60.225 0.0000000000
50045  35.596  -44.204  63.465 0.0000000000
52574  34.260  -42.737  53.526 0.0000000000
62874  46.495  -34.300  49.183 0.0000000000
75747  56.487  -23.354  37.640 0.0000000000
67440  50.865  -30.819  53.566 0.0000000000
58434  41.806  -38.385  51.383 0.0000000000
55972  39.630  -40.478  51.352 0.0000000000
51229  28.213  -43.686  63.299 0.0000000000
52492  24.706  -42.372  58.324 0.0000000000
55753  25.491  -40.171  64.498 0.0000000000
49011  32.292  -45.453  60.543 0.0000000000
74222  49.915  -24.501  53.074 0.0000000000
61466  39.711  -35.420  63.319 0.0000000000
61490  42.620  -34.263  60.543 0.0000000000
63895  44.401  -32.108  56.354 0.0000000000
62727  39.976  -34.820  55.099 0.0000000000
55905  40.711  -40.227  55.295 0.0000000000
59461  36.803  -37.790  55.688 0.0000000000
53814  30.019  -42.307  48.667 0.0000000000
57284  33.411  -39.286  46.805 0.0000000000
74410  51.726  -23.623  40.629 0.0000000000
74482  51.376  -24.145  35.794 0.0000000000
49213  27.449  -44.472  49.445 0.0000000000
51440  23.907  -43.869  50.767 0.0000000000
53625  38.328  -41.662  61.991 0.0000000000
54774  35.240  -41.333  57.869 0.0000000000
49040  35.291  -45.301  58.522 0.0000000000
50224  31.438  -44.748  53.862 0.0000000000
68670  44.127  -29.443  46.907 0.0000000000
55721  21.294  -40.190  67.250 0.0000000000
51231  18.159  -43.798  63.322 0.0000000000
74326  53.707  -24.723  44.589 0.0000000000
73095  50.232  -25.091  47.032 0.0000000000
71915  47.095  -26.754  50.346 0.0000000000
65163  49.205  -32.536  51.265 0.0000000000
60499  48.560  -36.831  54.840 0.0000000000
68511  48.289  -28.660  57.638 0.0000000000
63963  46.895  -33.525  52.121 0.0000000000
54832  45.787  -41.336  52.653 0.0000000000
51311  42.601  -44.264  56.270 0.0000000000
58395  35.327  -38.926  52.296 0.0000000000
52382  27.853  -42.490  66.151 0.0000000000
53598  26.439  -41.825  63.839 0.0000000000
55718  26.808  -40.044  65.827 0.0000000000
50034  30.141  -44.828  64.771 0.0000000000
58220  40.443  -37.425  61.947 0.0000000000
59394  41.412  -36.087  60.299 0.0000000000
61533  41.954  -34.670  57.713 0.0000000000
60481  39.942  -35.564  58.197 0.0000000000
61554  38.356  -35.625  56.253 0.0000000000
59427  37.525  -36.927  58.155 0.0000000000
53859  28.541  -42.881  46.204 0.0000000000
54941  30.306  -41.325  45.666 0.0000000000
73175  49.121  -25.356  42.219 0.0000000000
74432  48.853  -24.387  39.207 0.0000000000
72046  46.415  -26.326  40.858 0.0000000000
50260  27.474  -44.367  52.748 0.0000000000
51439  25.422  -44.457  49.639 0.0000000000
50230  26.388  -43.793  53.613 0.0000000000
53681  22.664  -41.856  58.521 0.0000000000
52542  22.163  -42.790  55.255 0.0000000000
52529  20.169  -43.109  55.897 0.0000000000
52496  19.514  -43.288  58.061 0.0000000000
54655  38.075  -40.933  63.839 0.0000000000
51227  37.600  -43.095  62.541 0.0000000000
51273  37.048  -43.780  60.544 0.0000000000
48992  36.075  -45.064  61.046 0.0000000000
49046  29.740  -44.796  58.762 0.0000000000
50144  31.737  -44.553  57.491 0.0000000000
50210  28.829  -44.444  54.857 0.0000000000
49180  29.225  -44.405  52.072 0.0000000000
66355  45.193  -31.512  48.124 0.0000000000
65220  43.510  -32.289  46.257 0.0000000000
62894  44.653  -34.282  47.393 0.0000000000
50050  16.889  -44.871  65.025 0.0000000000
75521  47.580  -23.931  48.559 0.0000000000
76743  48.793  -22.614  49.893 0.0000000000
70802  50.632  -27.392  53.752 0.0000000000
69722  49.915  -28.669  52.169 0.0000000000
65137  51.136  -32.231  52.744 0.0000000000
61640  50.206  -34.945  53.459 0.0000000000
63921  50.142  -33.282  53.665 0.0000000000
62807  42.270  -34.190  51.535 0.0000000000
66277  44.895  -31.440  53.045 0.0000000000
61687  44.407  -35.386  50.323 0.0000000000
59541  45.735  -37.450  52.050 0.0000000000
55969  43.684  -40.568  51.672 0.0000000000
52569  43.744  -43.124  54.421 0.0000000000
54825  42.882  -40.985  53.986 0.0000000000
53732  41.185  -41.996  54.512 0.0000000000
53720  34.632  -42.774  55.706 0.0000000000
55907  34.635  -40.259  55.639 0.0000000000
54852  34.472  -40.886  52.364 0.0000000000
58516  35.952  -38.654  46.735 0.0000000000
76968  59.353  -22.490  34.540 0.0000000000
76960  56.846  -22.848  35.800 0.0000000000
50111  28.337  -44.130  59.831 0.0000000000
51318  26.540  -43.493  56.525 0.0000000000
52464  26.819  -42.813  60.729 0.0000000000
53646  24.801  -41.818  61.227 0.0000000000
55798  23.360  -40.237  61.792 0.0000000000
48919  33.351  -44.968  64.967 0.0000000000
47934  34.010  -45.494  62.569 0.0000000000
47926  31.924  -45.867  63.778 0.0000000000
48998  29.726  -45.125  61.444 0.0000000000
77932  50.153  -20.905  50.968 0.0000000000
73007  50.402  -25.749  55.027 0.0000000000
62654  43.957  -32.810  58.933 0.0000000000
62726  42.223  -34.432  55.387 0.0000000000
60534  40.205  -36.427  52.091 0.0000000000
57162  41.413  -39.116  54.232 0.0000000000
59495  39.492  -37.629  54.200 0.0000000000
58329  38.603  -38.295  54.626 0.0000000000
57145  38.212  -38.774  53.905 0.0000000000
53789  32.055  -42.088  50.995 0.0000000000
54884  33.526  -40.546  50.469 0.0000000000
56025  31.877  -40.714  48.506 0.0000000000
75705  53.886  -23.219  39.311 0.0000000000
75766  54.305  -23.612  36.612 0.0000000000
74455  51.564  -23.693  37.535 0.0000000000
52575  23.997  -42.863  54.013 0.0000000000
56996  39.466  -38.791  63.361 0.0000000000
57044  38.593  -39.377  61.644 0.0000000000
58268  37.062  -38.635  59.911 0.0000000000
54742  37.063  -41.872  60.516 0.0000000000
52508  35.677  -43.171  57.918 0.0000000000
50202  34.622  -44.304  55.617 0.0000000000
49026  34.240  -45.201  59.457 0.0000000000
50184  33.597  -45.090  55.487 0.0000000000
50254  32.983  -44.324  53.575 0.0000000000
51435  30.455  -43.793  50.878 0.0000000000
51478  28.736  -43.668  48.710 0.0000000000
70887  45.299  -27.411  44.512 0.0000000000
69824  44.344  -28.288  42.591 0.0000000000
67612  42.817  -30.483  44.272 0.0000000000
56990  22.703  -39.125  65.561 0.0000000000
54691  21.078  -40.770  63.245 0.0000000000
53583  20.207  -42.092  65.267 0.0000000000
52454  20.105  -42.751  61.869 0.0000000000
75655  54.439  -23.230  41.671 0.0000000000
74364  52.612  -23.972  42.677 0.0000000000
71989  50.172  -25.642  44.342 0.0000000000
70867  48.525  -26.439  45.085 0.0000000000
73112  46.587  -25.752  46.659 0.0000000000
70842  45.822  -27.656  48.656 0.0000000000
68642  46.773  -29.798  49.416 0.0000000000
73042  48.497  -25.471  51.636 0.0000000000
68628  48.154  -29.772  50.585 0.0000000000
65165  47.899  -32.586  50.375 0.0000000000
61664  48.930  -35.237  52.111 0.0000000000
59491  48.600  -37.671  54.014 0.0000000000
67411  49.814  -28.916  54.794 0.0000000000
66232  46.271  -30.271  57.216 0.0000000000
68569  47.684  -29.619  54.278 0.0000000000
66262  49.177  -31.308  53.545 0.0000000000
61621  47.412  -35.725  53.333 0.0000000000
57140  46.402  -38.859  53.898 0.0000000000
54804  41.785  -41.605  55.790 0.0000000000
58297  36.067  -38.316  57.299 0.0000000000
58355  36.530  -38.484  54.147 0.0000000000
58392  37.932  -38.495  52.632 0.0000000000
57241  34.847  -39.137  49.442 0.0000000000
58463  36.432  -38.309  49.653 0.0000000000
53549  27.856  -41.374  66.169 0.0000000000
55717  27.377  -40.321  65.844 0.0000000000
58249  40.064  -37.490  61.516 0.0000000000
59380  40.895  -36.724  61.306 0.0000000000
59411  40.078  -36.266  60.119 0.0000000000
60459  40.987  -36.012  59.518 0.0000000000
59426  39.549  -36.355  59.758 0.0000000000
60472  38.240  -36.427  58.629 0.0000000000
60461  38.597  -36.602  59.425 0.0000000000
72021  48.449  -26.044  42.652 0.0000000000
72044  47.969  -25.743  41.419 0.0000000000
70931  46.964  -26.582  41.907 0.0000000000
49112  27.555  -44.640  54.991 0.0000000000
49160  26.638  -44.044  53.041 0.0000000000
50211  26.951  -44.413  54.703 0.0000000000
53673  21.767  -41.496  59.445 0.0000000000
53698  21.687  -42.191  57.627 0.0000000000
53683  20.945  -42.145  57.997 0.0000000000
52516  19.439  -43.492  56.887 0.0000000000
52495  20.263  -42.672  58.537 0.0000000000
51187  34.684  -43.680  64.809 0.0000000000
51202  35.997  -43.522  63.995 0.0000000000
52391  36.786  -42.713  63.975 0.0000000000
50044  36.267  -43.763  63.339 0.0000000000
48975  36.618  -44.457  61.443 0.0000000000
48976  35.836  -44.847  61.973 0.0000000000
50165  28.363  -44.343  56.822 0.0000000000
50164  28.835  -44.455  56.647 0.0000000000
49097  28.017  -44.699  55.489 0.0000000000
50228  27.832  -44.400  53.445 0.0000000000
65188  46.084  -32.591  48.795 0.0000000000
64064  45.057  -33.403  47.832 0.0000000000
62893  45.311  -34.363  48.039 0.0000000000
75493  52.260  -22.812  50.224 0.0000000000
75507  50.496  -23.136  49.335 0.0000000000
76741  50.652  -22.185  50.174 0.0000000000
69696  51.139  -28.594  53.810 0.0000000000
68598  50.987  -29.486  52.818 0.0000000000
66284  51.452  -31.395  53.000 0.0000000000
63941  51.055  -32.608  53.179 0.0000000000
63920  50.757  -32.452  53.452 0.0000000000
61712  41.240  -35.997  50.061 0.0000000000
62849  42.926  -34.905  49.749 0.0000000000
59578  42.636  -37.204  49.648 0.0000000000
58431  43.806  -38.502  50.580 0.0000000000
57217  42.685  -39.363  51.202 0.0000000000
54849  43.028  -40.940  52.503 0.0000000000
55971  42.408  -39.957  52.470 0.0000000000
53734  34.339  -42.915  54.804 0.0000000000
54828  34.489  -41.266  54.234 0.0000000000
53759  34.306  -41.733  52.792 0.0000000000
75762  58.276  -23.313  36.732 0.0000000000
75763  57.098  -23.259  36.806 0.0000000000
51249  28.324  -44.285  61.172 0.0000000000
51276  27.258  -43.432  59.774 0.0000000000
51251  27.605  -43.452  62.067 0.0000000000
54662  26.249  -41.054  64.260 0.0000000000
53615  25.584  -41.465  62.589 0.0000000000
54689  24.962  -40.869  62.762 0.0000000000
54701  24.105  -40.509  62.172 0.0000000000
55785  23.706  -39.730  62.926 0.0000000000
50017  32.195  -44.980  65.631 0.0000000000
48947  32.888  -45.507  64.031 0.0000000000
48922  31.680  -45.505  65.310 0.0000000000
50048  29.119  -44.363  63.874 0.0000000000
48951  30.192  -45.197  63.544 0.0000000000
50071  29.191  -44.808  62.343 0.0000000000
50095  28.910  -44.688  60.635 0.0000000000
61482  42.269  -34.651  61.415 0.0000000000
63811  42.786  -32.563  61.271 0.0000000000
63810  43.337  -32.504  60.785 0.0000000000
63843  44.535  -31.905  60.109 0.0000000000
62655  43.174  -33.518  59.374 0.0000000000
61551  41.071  -35.184  56.568 0.0000000000
61549  42.301  -34.395  56.732 0.0000000000
61599  41.399  -34.877  54.966 0.0000000000
62764  41.485  -34.866  53.621 0.0000000000
61624  39.693  -35.537  53.257 0.0000000000
59512  39.659  -37.126  53.252 0.0000000000
60513  39.064  -36.348  53.892 0.0000000000
60493  37.412  -36.648  56.196 0.0000000000
59476  38.198  -37.351  54.770 0.0000000000
59477  37.531  -37.675  55.058 0.0000000000
57124  38.988  -38.815  54.562 0.0000000000
58330  37.710  -38.065  54.737 0.0000000000
54887  31.199  -41.760  49.988 0.0000000000
54886  32.251  -41.302  49.989 0.0000000000
54909  30.944  -41.052  48.151 0.0000000000
75684  52.191  -23.341  39.750 0.0000000000
75707  52.087  -23.170  38.900 0.0000000000
74429  51.444  -23.572  39.663 0.0000000000
74447  48.673  -24.424  38.085 0.0000000000
51499  27.059  -44.335  47.659 0.0000000000
51500  26.367  -44.501  47.566 0.0000000000
51304  25.396  -42.882  57.371 0.0000000000
51340  25.054  -42.911  55.471 0.0000000000
52525  24.366  -42.707  56.483 0.0000000000
52561  21.009  -43.180  53.838 0.0000000000
52577  21.940  -43.071  53.052 0.0000000000
53591  38.621  -41.582  63.099 0.0000000000
55765  38.729  -40.296  63.517 0.0000000000
54685  39.172  -40.591  62.835 0.0000000000
55793  39.437  -39.529  62.632 0.0000000000
54708  38.510  -40.963  62.058 0.0000000000
55821  37.984  -40.723  61.409 0.0000000000
54724  37.833  -41.771  61.239 0.0000000000
50106  36.328  -44.582  59.837 0.0000000000
51287  36.210  -44.011  59.127 0.0000000000
50140  35.461  -44.585  57.825 0.0000000000
51334  35.235  -43.999  56.493 0.0000000000
49071  34.823  -44.570  56.752 0.0000000000
47963  33.316  -45.377  61.577 0.0000000000
47971  34.241  -45.157  60.805 0.0000000000
49010  33.302  -45.244  60.642 0.0000000000
51337  31.476  -44.296  55.500 0.0000000000
50160  32.907  -44.783  56.514 0.0000000000
51358  32.403  -44.609  54.893 0.0000000000
50222  33.322  -44.745  54.363 0.0000000000
49125  31.910  -44.724  53.589 0.0000000000
50285  31.547  -44.106  52.455 0.0000000000
49178  30.736  -44.362  52.518 0.0000000000
49194  28.024  -44.671  50.579 0.0000000000
49211  28.615  -44.500  50.267 0.0000000000
49226  27.804  -44.411  49.230 0.0000000000
70856  44.557  -27.455  45.931 0.0000000000
69785  43.666  -28.626  44.992 0.0000000000
68680  43.426  -29.470  45.476 0.0000000000
65240  43.016  -32.470  44.367 0.0000000000
55737  21.921  -39.589  66.392 0.0000000000
55772  22.054  -39.569  64.236 0.0000000000
55757  21.334  -40.181  65.698 0.0000000000
51193  18.647  -43.464  65.561 0.0000000000
52415  19.176  -43.226  64.303 0.0000000000
52414  19.801  -42.693  63.857 0.0000000000
52443  18.792  -43.414  62.690 0.0000000000
51252  18.851  -43.838  60.749 0.0000000000
51253  18.371  -44.128  61.513 0.0000000000
75680  56.445  -22.875  40.708 0.0000000000
74362  54.527  -23.741  43.018 0.0000000000
74345  52.940  -24.289  43.320 0.0000000000
73159  51.044  -24.967  43.144 0.0000000000
73141  51.896  -24.972  44.222 0.0000000000
71939  50.582  -25.670  46.497 0.0000000000
71952  49.882  -26.169  46.035 0.0000000000
71953  48.971  -26.051  46.121 0.0000000000
71974  47.459  -26.313  45.672 0.0000000000
71942  48.283  -25.634  46.724 0.0000000000
74266  46.698  -24.721  49.064 0.0000000000
73082  46.186  -25.749  48.390 0.0000000000
71922  46.544  -26.770  49.655 0.0000000000
69759  46.078  -28.639  49.018 0.0000000000
70835  46.929  -27.953  50.064 0.0000000000
76697  49.366  -22.377  52.115 0.0000000000
76719  49.040  -22.332  51.254 0.0000000000
74223  49.429  -24.423  52.372 0.0000000000
67491  49.879  -30.864  51.499 0.0000000000
69738  48.989  -29.219  51.372 0.0000000000
67508  49.203  -30.735  51.250 0.0000000000
66310  48.203  -31.658  50.569 0.0000000000
65164  48.583  -32.556  50.790 0.0000000000
62822  48.557  -34.233  51.017 0.0000000000
62821  49.080  -33.946  51.502 0.0000000000
60509  49.113  -36.350  54.294 0.0000000000
60520  49.150  -36.223  53.358 0.0000000000
60498  48.797  -37.174  54.852 0.0000000000
59458  48.007  -38.607  55.927 0.0000000000
68521  48.902  -28.436  56.593 0.0000000000
65046  44.970  -31.551  57.724 0.0000000000
66213  46.194  -30.538  58.439 0.0000000000
66234  45.151  -31.041  56.238 0.0000000000
66288  45.493  -31.659  52.377 0.0000000000
67463  45.965  -30.432  53.828 0.0000000000
66275  46.862  -31.156  53.039 0.0000000000
67444  48.224  -30.294  53.501 0.0000000000
65121  47.913  -32.640  52.778 0.0000000000
63924  48.113  -33.708  53.175 0.0000000000
62780  47.320  -34.118  52.415 0.0000000000
57177  45.696  -39.433  52.602 0.0000000000
58389  46.104  -38.302  52.710 0.0000000000
57176  46.225  -39.781  53.335 0.0000000000
55937  46.567  -40.477  53.888 0.0000000000
54822  46.427  -41.648  53.493 0.0000000000
52567  45.575  -43.725  53.945 0.0000000000
52537  43.549  -43.165  55.975 0.0000000000
52536  43.863  -44.072  56.214 0.0000000000
58326  41.108  -39.293  54.914 0.0000000000
57120  41.979  -40.482  55.222 0.0000000000
54805  41.149  -40.990  55.466 0.0000000000
52556  41.507  -43.142  54.234 0.0000000000
55847  35.831  -40.469  59.058 0.0000000000
58280  36.477  -38.518  58.886 0.0000000000
57087  35.613  -39.394  57.756 0.0000000000
57146  34.740  -39.353  54.244 0.0000000000
58332  35.595  -38.703  54.677 0.0000000000
58356  35.439  -38.723  53.810 0.0000000000
58374  37.471  -38.558  53.538 0.0000000000
58393  36.798  -38.364  52.588 0.0000000000
57259  33.610  -39.906  48.808 0.0000000000
57221  34.270  -39.853  50.422 0.0000000000
57258  34.330  -39.274  48.623 0.0000000000
58485  36.453  -38.508  48.544 0.0000000000
58461  38.353  -38.846  49.745 0.0000000000
74480  52.766  -23.748  36.396 0.0000000000
75781  54.130  -23.551  35.847 0.0000000000
69850  43.952  -28.648  40.602 0.0000000000
52411  27.865  -43.190  64.505 0.0000000000
52428  27.316  -42.786  63.309 0.0000000000
52412  27.371  -42.773  64.359 0.0000000000
54646  26.934  -40.959  64.973 0.0000000000
55736  25.978  -40.267  65.173 0.0000000000
51205  28.679  -43.533  65.235 0.0000000000
59339  40.324  -36.690  62.751 0.0000000000
61464  40.697  -35.097  62.789 0.0000000000
59353  41.473  -36.172  62.121 0.0000000000
59365  41.622  -36.111  61.483 0.0000000000
60446  42.118  -35.377  60.170 0.0000000000
61510  42.462  -34.468  59.079 0.0000000000
60468  41.793  -35.145  58.944 0.0000000000
60480  41.103  -35.397  58.096 0.0000000000
61552  40.096  -35.176  56.435 0.0000000000
61576  38.755  -35.614  55.450 0.0000000000
61536  38.582  -35.671  56.978 0.0000000000
60483  37.771  -36.302  57.359 0.0000000000
59443  36.824  -37.086  57.394 0.0000000000
53841  29.016  -42.576  46.808 0.0000000000
54924  30.243  -41.315  46.795 0.0000000000
54942  29.585  -41.800  46.378 0.0000000000
74390  50.213  -24.264  41.093 0.0000000000
74412  49.819  -24.220  40.346 0.0000000000
73209  49.092  -24.569  40.564 0.0000000000
73211  47.309  -25.513  40.322 0.0000000000
50314  27.212  -44.647  50.769 0.0000000000
50341  26.003  -44.342  49.260 0.0000000000
50290  26.546  -44.491  51.506 0.0000000000
50291  25.639  -44.312  51.264 0.0000000000
50263  25.036  -43.653  52.074 0.0000000000
52493  23.732  -42.193  58.112 0.0000000000
52526  23.376  -42.383  56.357 0.0000000000
52513  22.544  -42.196  57.108 0.0000000000
52528  21.290  -42.805  56.091 0.0000000000
52530  19.162  -43.872  55.666 0.0000000000
53593  37.691  -41.996  63.583 0.0000000000
51226  37.906  -42.649  62.176 0.0000000000
52463  37.682  -42.723  61.148 0.0000000000
51248  37.648  -43.171  61.435 0.0000000000
48991  36.627  -44.586  60.726 0.0000000000
49024  35.626  -45.262  59.518 0.0000000000
49030  30.578  -45.037  59.615 0.0000000000
50107  31.976  -44.771  59.000 0.0000000000
50145  30.654  -44.604  57.624 0.0000000000
50188  29.833  -44.439  55.597 0.0000000000
50209  30.073  -44.473  54.586 0.0000000000
49157  29.751  -44.489  52.679 0.0000000000
50258  29.101  -44.485  52.941 0.0000000000
50288  28.007  -44.463  52.105 0.0000000000
67554  44.911  -30.502  47.942 0.0000000000
67574  43.784  -30.333  46.506 0.0000000000
65204  44.113  -32.355  47.006 0.0000000000
64084  43.793  -33.249  46.473 0.0000000000
51194  18.139  -43.742  66.301 0.0000000000
51221  17.540  -44.240  64.644 0.0000000000
51254  17.624  -44.596  62.108 0.0000000000
50062  16.951  -44.672  63.878 0.0000000000
73066  51.330  -24.401  48.432 0.0000000000
73081  49.066  -24.751  47.445 0.0000000000
74265  49.634  -23.755  48.229 0.0000000000
75509  48.125  -23.366  49.010 0.0000000000
75497  47.528  -24.231  50.043 0.0000000000
73022  50.265  -25.707  53.473 0.0000000000
71890  49.467  -26.395  52.603 0.0000000000
70803  50.355  -27.539  52.937 0.0000000000
68612  50.460  -29.607  52.256 0.0000000000
66297  50.261  -31.596  51.775 0.0000000000
63984  50.123  -33.320  52.157 0.0000000000
63962  50.612  -33.233  52.870 0.0000000000
61593  50.272  -34.952  54.131 0.0000000000
61595  49.015  -35.884  54.435 0.0000000000
63926  42.870  -33.060  54.142 0.0000000000
65101  44.403  -31.799  54.636 0.0000000000
65142  43.449  -32.749  52.630 0.0000000000
65154  44.180  -32.725  51.326 0.0000000000
63987  45.298  -33.896  51.080 0.0000000000
61666  45.865  -35.668  51.755 0.0000000000
60548  44.840  -36.532  50.771 0.0000000000
58408  44.594  -38.505  51.162 0.0000000000
55954  44.416  -40.974  51.926 0.0000000000
53741  44.889  -42.797  53.086 0.0000000000
53756  43.557  -42.304  53.275 0.0000000000
53731  43.196  -42.268  54.909 0.0000000000
54786  43.228  -42.113  56.090 0.0000000000
55925  40.218  -40.149  54.972 0.0000000000
54817  40.522  -40.808  54.753 0.0000000000
53733  40.595  -41.368  54.183 0.0000000000
53758  40.733  -42.039  52.651 0.0000000000
53769  41.311  -42.858  51.790 0.0000000000
54775  34.891  -41.450  57.142 0.0000000000
55863  34.804  -40.903  56.931 0.0000000000
54819  34.552  -41.162  55.201 0.0000000000
55943  34.391  -40.324  53.653 0.0000000000
57181  35.043  -39.552  52.488 0.0000000000
58518  34.875  -38.766  47.459 0.0000000000
57282  35.369  -38.775  46.211 0.0000000000
75776  59.199  -23.223  35.968 0.0000000000
76959  57.963  -22.558  35.557 0.0000000000
76970  57.486  -22.306  34.941 0.0000000000
50149  27.683  -44.252  58.033 0.0000000000
51317  27.160  -43.913  56.336 0.0000000000
51288  27.022  -43.748  58.460 0.0000000000
51289  26.417  -43.079  58.942 0.0000000000
52478  25.774  -42.696  59.644 0.0000000000
52440  26.669  -42.395  62.580 0.0000000000
52453  25.466  -42.205  61.018 0.0000000000
52479  24.785  -42.213  59.329 0.0000000000
53659  24.137  -41.374  60.355 0.0000000000
54733  22.897  -40.610  60.473 0.0000000000
55829  22.090  -40.508  60.962 0.0000000000
48930  34.152  -44.888  64.134 0.0000000000
48960  34.391  -45.356  63.006 0.0000000000
48946  33.665  -45.341  63.888 0.0000000000
47936  32.915  -45.635  62.956 0.0000000000
48979  31.769  -45.535  62.457 0.0000000000
48935  30.854  -45.605  64.573 0.0000000000
48980  30.910  -45.519  62.278 0.0000000000
48996  31.196  -45.497  61.437 0.0000000000
49031  29.887  -44.841  59.705 0.0000000000
49048  28.810  -44.426  58.875 0.0000000000
61709  46.902  -34.930  49.508 0.0000000000
61727  46.295  -35.159  48.874 0.0000000000
59577  46.612  -36.769  49.310 0.0000000000
77931  51.351  -21.085  50.715 0.0000000000
75438  50.317  -23.368  53.916 0.0000000000
74212  50.484  -24.875  54.270 0.0000000000
70792  50.642  -27.216  54.200 0.0000000000
69684  51.002  -28.503  54.092 0.0000000000
63871  44.880  -31.549  59.163 0.0000000000
63884  43.660  -32.683  57.197 0.0000000000
61519  42.393  -34.129  58.078 0.0000000000
62690  43.155  -33.468  57.316 0.0000000000
62724  43.113  -33.214  55.061 0.0000000000
62763  42.210  -34.423  53.433 0.0000000000
61668  41.301  -35.345  51.901 0.0000000000
59560  40.698  -37.015  50.982 0.0000000000
58390  41.673  -38.883  52.576 0.0000000000
59526  40.693  -38.069  52.796 0.0000000000
58372  40.586  -38.245  53.980 0.0000000000
58351  40.333  -38.436  54.365 0.0000000000
60501  38.432  -36.365  54.953 0.0000000000
59475  39.242  -37.978  54.617 0.0000000000
58328  39.570  -38.569  54.584 0.0000000000
55926  39.704  -39.796  54.478 0.0000000000
55927  39.195  -39.579  53.968 0.0000000000
57179  39.340  -39.607  52.875 0.0000000000
53773  33.288  -42.429  51.971 0.0000000000
53787  33.720  -41.337  51.569 0.0000000000
53799  32.795  -41.464  50.628 0.0000000000
56024  32.511  -40.606  48.933 0.0000000000
57274  32.847  -40.051  47.683 0.0000000000
56067  30.800  -40.664  46.322 0.0000000000
57302  32.018  -39.907  46.382 0.0000000000
75727  55.773  -23.242  38.515 0.0000000000
75748  55.481  -23.427  37.575 0.0000000000
75729  53.708  -23.288  38.248 0.0000000000
74453  52.832  -23.608  37.151 0.0000000000
74468  51.415  -24.036  36.675 0.0000000000
74445  50.579  -23.900  38.455 0.0000000000
74457  49.620  -24.300  37.258 0.0000000000
51339  26.125  -43.540  55.601 0.0000000000
50231  25.562  -43.514  53.261 0.0000000000
51392  24.113  -43.583  52.280 0.0000000000
52559  23.113  -42.800  54.543 0.0000000000
52590  22.793  -43.239  52.317 0.0000000000
58197  39.478  -37.976  63.420 0.0000000000
58209  40.064  -38.125  62.814 0.0000000000
57031  39.529  -38.588  62.147 0.0000000000
58251  38.933  -38.078  61.349 0.0000000000
58267  38.079  -37.994  60.339 0.0000000000
57045  37.965  -39.662  61.019 0.0000000000
55823  36.931  -40.589  60.310 0.0000000000
54760  36.138  -41.409  59.221 0.0000000000
53668  37.309  -42.412  60.669 0.0000000000
53678  36.267  -42.372  59.273 0.0000000000
53695  35.591  -42.230  58.093 0.0000000000
52524  35.112  -42.685  57.072 0.0000000000
52557  34.556  -43.419  55.349 0.0000000000
52573  34.408  -43.331  53.864 0.0000000000
47947  34.887  -45.429  61.645 0.0000000000
47969  35.460  -45.468  60.085 0.0000000000
49041  35.174  -45.490  58.736 0.0000000000
50125  32.570  -44.608  58.519 0.0000000000
49059  34.056  -44.978  57.889 0.0000000000
49073  34.427  -44.845  57.090 0.0000000000
50204  34.106  -45.157  55.159 0.0000000000
50252  34.220  -44.386  54.333 0.0000000000
51410  33.334  -43.245  52.957 0.0000000000
52588  32.220  -43.351  52.196 0.0000000000
53775  31.396  -42.802  51.147 0.0000000000
52624  30.344  -43.041  50.297 0.0000000000
49192  29.706  -44.423  51.520 0.0000000000
51436  29.712  -43.753  50.339 0.0000000000
52656  29.406  -43.117  48.730 0.0000000000
52673  28.722  -43.214  47.671 0.0000000000
70904  46.071  -27.089  43.688 0.0000000000
69836  45.755  -27.620  42.567 0.0000000000
69809  44.474  -28.178  43.523 0.0000000000
66398  42.886  -31.423  44.843 0.0000000000
66422  42.811  -31.528  43.804 0.0000000000
60616  45.411  -35.916  48.006 0.0000000000
56940  26.208  -39.228  65.969 0.0000000000
56954  25.634  -39.081  65.792 0.0000000000
56972  24.606  -38.990  65.712 0.0000000000
58176  23.726  -38.572  66.421 0.0000000000
56989  23.765  -39.258  64.955 0.0000000000
57012  23.069  -39.451  63.513 0.0000000000
55800  21.647  -40.135  62.668 0.0000000000
54702  21.090  -40.818  62.248 0.0000000000
54648  20.851  -40.884  66.161 0.0000000000
53599  20.533  -41.477  64.686 0.0000000000
53632  20.606  -41.427  62.845 0.0000000000
53649  20.493  -41.850  61.348 0.0000000000
52482  19.481  -43.228  59.205 0.0000000000
75702  57.168  -22.971  39.650 0.0000000000
75703  56.095  -22.981  39.560 0.0000000000
75682  54.106  -23.043  40.426 0.0000000000
75657  52.753  -23.429  41.124 0.0000000000
74384  56.005  -23.521  42.316 0.0000000000
74386  53.427  -23.584  42.139 0.0000000000
74388  51.676  -23.827  41.742 0.0000000000
73173  50.637  -24.899  42.610 0.0000000000
72020  49.588  -25.563  42.837 0.0000000000
72008  48.628  -26.254  43.831 0.0000000000
71970  51.011  -25.893  45.056 0.0000000000
71990  49.085  -26.133  44.506 0.0000000000
70884  48.339  -26.509  44.429 0.0000000000
70869  46.777  -26.567  45.062 0.0000000000
71976  45.959  -26.345  45.912 0.0000000000
70855  45.065  -27.094  46.508 0.0000000000
74294  47.266  -24.720  47.446 0.0000000000
71930  45.705  -26.563  47.927 0.0000000000
69768  45.065  -28.580  47.895 0.0000000000
68658  45.379  -29.579  48.221 0.0000000000
67539  46.372  -30.723  48.769 0.0000000000
66338  46.483  -31.668  49.199 0.0000000000
77954  49.897  -21.417  50.701 0.0000000000
75479  48.570  -23.417  51.139 0.0000000000
73054  47.871  -25.569  51.067 0.0000000000
71902  48.834  -26.488  52.091 0.0000000000
70828  48.213  -27.550  51.234 0.0000000000
70829  47.650  -27.756  50.703 0.0000000000
68629  47.410  -29.831  50.129 0.0000000000
66323  47.460  -31.681  50.077 0.0000000000
64024  47.195  -33.485  49.612 0.0000000000
61708  47.427  -35.025  50.230 0.0000000000
60563  48.044  -35.545  51.173 0.0000000000
61663  49.465  -35.050  52.489 0.0000000000
60521  48.722  -36.592  52.986 0.0000000000
69657  50.509  -27.366  55.157 0.0000000000
67428  50.642  -29.669  54.133 0.0000000000
67385  47.719  -29.167  57.527 0.0000000000
66263  45.739  -30.689  55.239 0.0000000000
67415  46.550  -29.907  56.476 0.0000000000
67395  47.945  -29.062  56.636 0.0000000000
67430  49.051  -29.188  54.668 0.0000000000
67429  49.987  -29.693  54.102 0.0000000000
66260  50.528  -30.804  53.637 0.0000000000
65097  49.777  -32.323  53.645 0.0000000000
62741  49.009  -34.719  54.071 0.0000000000
60511  47.876  -36.615  54.473 0.0000000000
60532  46.593  -36.561  52.687 0.0000000000
59509  47.114  -37.302  53.793 0.0000000000
58347  47.640  -38.125  55.138 0.0000000000
57119  47.272  -39.332  55.054 0.0000000000
52553  44.616  -44.183  54.775 0.0000000000
50179  44.705  -45.628  56.277 0.0000000000
55939  42.517  -40.454  54.128 0.0000000000
54803  42.754  -41.681  55.792 0.0000000000
53707  42.637  -42.573  56.330 0.0000000000
53719  41.615  -42.236  55.560 0.0000000000
52522  41.847  -43.036  55.928 0.0000000000
59414  37.029  -37.968  59.208 0.0000000000
58296  36.524  -38.055  58.044 0.0000000000
59444  36.523  -37.701  56.525 0.0000000000
57102  35.013  -39.336  56.203 0.0000000000
58310  35.977  -38.411  56.200 0.0000000000
58331  36.591  -38.143  55.040 0.0000000000
58354  37.734  -38.443  54.309 0.0000000000
58373  38.110  -38.658  53.363 0.0000000000
57180  38.803  -38.970  52.225 0.0000000000
54868  34.457  -40.583  51.605 0.0000000000
55992  34.919  -40.091  51.260 0.0000000000
58438  35.548  -38.743  51.084 0.0000000000
58486  35.398  -38.641  48.897 0.0000000000
58464  35.520  -38.667  50.049 0.0000000000
58437  36.331  -38.271  50.765 0.0000000000
58436  37.332  -38.257  50.505 0.0000000000
57196  38.757  -39.092  51.077 0.0000000000
75779  55.953  -23.323  36.203 0.0000000000
76961  55.742  -22.945  35.626 0.0000000000
78154  56.069  -21.845  34.381 0.0000000000
70933  45.341  -27.633  41.349 0.0000000000
59396  39.555  -37.282  60.837 0.0000000000
59395  40.381  -36.882  60.936 0.0000000000
59412  38.927  -36.894  60.110 0.0000000000
60460  38.942  -36.537  59.598 0.0000000000
70917  47.794  -26.398  42.758 0.0000000000
72022  47.773  -26.356  42.452 0.0000000000
70918  47.161  -26.625  42.552 0.0000000000
50190  27.127  -44.346  55.562 0.0000000000
53660  21.448  -41.351  60.021 0.0000000000
53682  21.691  -41.931  58.411 0.0000000000
53674  20.867  -41.945  59.015 0.0000000000
50030  35.378  -44.022  63.900 0.0000000000
51186  35.446  -43.165  64.525 0.0000000000
51215  36.292  -43.652  63.568 0.0000000000
48958  35.865  -44.423  62.656 0.0000000000
48959  35.271  -44.856  62.986 0.0000000000
49077  28.074  -44.462  56.299 0.0000000000
49076  28.231  -44.538  56.093 0.0000000000
64046  46.276  -33.533  48.974 0.0000000000
64047  45.708  -33.458  48.415 0.0000000000
62875  45.975  -34.351  48.628 0.0000000000
76740  51.597  -22.117  50.484 0.0000000000
76718  52.184  -21.679  50.707 0.0000000000
68583  51.151  -29.342  53.817 0.0000000000
68597  51.155  -29.464  53.386 0.0000000000
66272  51.309  -31.053  53.140 0.0000000000
65135  51.408  -32.070  53.262 0.0000000000
65118  51.064  -31.541  53.548 0.0000000000
59580  41.366  -36.920  50.179 0.0000000000
60591  42.276  -36.379  49.508 0.0000000000
59558  42.391  -37.986  50.108 0.0000000000
58432  43.069  -38.618  50.366 0.0000000000
58433  42.338  -38.721  50.992 0.0000000000
57194  42.353  -39.441  51.888 0.0000000000
53747  34.426  -42.356  53.813 0.0000000000
53760  34.168  -42.407  53.206 0.0000000000
75746  57.545  -23.323  37.656 0.0000000000
50073  28.428  -44.137  62.248 0.0000000000
51250  28.146  -44.010  61.652 0.0000000000
51239  28.148  -43.752  62.488 0.0000000000
55769  25.557  -40.621  63.842 0.0000000000
54676  25.304  -40.675  63.397 0.0000000000
55770  24.762  -40.163  63.578 0.0000000000
55784  24.430  -40.252  63.003 0.0000000000
50001  32.175  -44.462  65.982 0.0000000000
48921  32.261  -45.520  65.275 0.0000000000
50018  31.485  -45.000  65.730 0.0000000000
50049  28.646  -44.073  63.459 0.0000000000
50060  28.951  -44.424  63.013 0.0000000000
50061  28.521  -44.104  62.812 0.0000000000
50082  28.672  -44.541  61.572 0.0000000000
61481  42.555  -33.920  60.980 0.0000000000
62619  42.299  -33.728  61.519 0.0000000000
62618  42.790  -33.163  60.975 0.0000000000
62628  43.212  -33.139  60.560 0.0000000000
62640  43.301  -33.463  60.075 0.0000000000
61574  40.627  -34.976  55.603 0.0000000000
61573  41.579  -34.849  55.917 0.0000000000
61600  40.443  -34.870  54.693 0.0000000000
62747  39.917  -34.852  54.788 0.0000000000
61601  39.544  -35.203  54.558 0.0000000000
59460  37.192  -37.040  55.950 0.0000000000
59478  37.143  -37.832  55.118 0.0000000000
54888  30.674  -42.021  49.686 0.0000000000
54898  30.674  -41.855  49.104 0.0000000000
54910  30.369  -41.473  48.006 0.0000000000
50386  27.284  -44.325  48.294 0.0000000000
50365  26.884  -44.430  48.621 0.0000000000
52510  25.313  -42.702  57.855 0.0000000000
52511  24.649  -42.629  57.413 0.0000000000
52578  21.056  -43.798  52.813 0.0000000000
53624  38.603  -41.308  62.415 0.0000000000
54671  38.996  -40.836  63.270 0.0000000000
54696  38.731  -40.768  62.441 0.0000000000
54709  38.228  -41.347  61.644 0.0000000000
53641  38.220  -41.691  61.738 0.0000000000
49039  35.385  -45.145  58.765 0.0000000000
50122  35.576  -44.712  58.705 0.0000000000
50141  35.364  -44.988  57.998 0.0000000000
50158  35.197  -44.535  57.219 0.0000000000
49056  35.108  -45.021  57.520 0.0000000000
48994  32.819  -45.487  61.048 0.0000000000
50208  31.126  -44.515  54.450 0.0000000000
51359  31.794  -44.383  54.876 0.0000000000
50207  32.000  -44.754  54.376 0.0000000000
50223  32.235  -44.795  53.795 0.0000000000
49126  31.638  -44.650  53.547 0.0000000000
49155  31.284  -44.425  53.108 0.0000000000
49127  31.072  -44.541  53.462 0.0000000000
49195  27.538  -44.596  50.088 0.0000000000
49212  27.970  -44.624  49.847 0.0000000000
49227  27.428  -44.376  49.024 0.0000000000
50364  27.522  -44.286  48.703 0.0000000000
69775  44.024  -28.418  46.378 0.0000000000
69776  43.690  -28.753  45.726 0.0000000000
68679  43.720  -29.436  46.178 0.0000000000
55720  21.697  -39.479  67.503 0.0000000000
55738  21.258  -40.346  66.507 0.0000000000
51219  18.740  -43.517  64.418 0.0000000000
52399  19.306  -43.229  65.249 0.0000000000
52416  18.728  -43.480  64.177 0.0000000000
52431  19.310  -43.018  63.337 0.0000000000
52456  18.671  -43.756  62.062 0.0000000000
51241  18.206  -44.028  62.461 0.0000000000
75652  58.057  -23.103  41.711 0.0000000000
75625  58.611  -23.249  42.355 0.0000000000
74343  55.041  -23.914  44.040 0.0000000000
74344  53.719  -24.314  43.903 0.0000000000
73157  52.575  -24.660  43.898 0.0000000000
73156  53.169  -24.754  44.434 0.0000000000
71940  49.630  -25.653  46.524 0.0000000000
71941  48.771  -25.641  46.638 0.0000000000
73096  49.322  -25.146  47.037 0.0000000000
73067  46.822  -25.732  49.813 0.0000000000
73068  46.435  -25.821  49.114 0.0000000000
70836  46.295  -27.739  49.352 0.0000000000
76696  49.608  -22.370  52.977 0.0000000000
75456  49.520  -23.437  52.715 0.0000000000
66308  49.542  -31.651  51.430 0.0000000000
66309  48.842  -31.646  51.060 0.0000000000
64004  48.906  -33.357  51.066 0.0000000000
63985  49.504  -33.355  51.592 0.0000000000
60510  48.772  -36.575  54.561 0.0000000000
59473  48.392  -37.923  55.309 0.0000000000
59474  48.068  -37.690  55.348 0.0000000000
65061  44.879  -31.429  56.857 0.0000000000
65139  46.220  -32.563  52.017 0.0000000000
66287  46.463  -31.678  52.479 0.0000000000
65138  47.102  -32.619  52.335 0.0000000000
66286  47.279  -31.879  52.648 0.0000000000
63943  47.572  -33.548  52.588 0.0000000000
55953  45.203  -40.532  52.220 0.0000000000
54823  45.676  -42.117  52.939 0.0000000000
53740  46.026  -42.829  53.624 0.0000000000
52520  43.187  -43.619  56.418 0.0000000000
57121  41.235  -39.797  55.227 0.0000000000
55848  35.546  -40.403  58.199 0.0000000000
58376  35.346  -38.828  52.975 0.0000000000
58375  36.229  -38.506  53.300 0.0000000000
58394  35.843  -38.488  52.488 0.0000000000
57273  33.420  -39.651  47.815 0.0000000000
57272  34.164  -39.007  47.586 0.0000000000
74481  52.237  -24.011  36.150 0.0000000000
75783  52.283  -23.713  35.443 0.0000000000
52396  28.069  -43.113  65.197 0.0000000000
52397  27.675  -42.604  65.546 0.0000000000
54632  27.373  -41.122  65.637 0.0000000000
55735  26.651  -40.401  65.498 0.0000000000
54647  26.151  -40.611  64.749 0.0000000000
52381  28.073  -42.980  66.500 0.0000000000
52380  28.815  -43.433  66.760 0.0000000000
51192  28.518  -43.299  65.763 0.0000000000
58208  40.379  -37.434  62.371 0.0000000000
59354  40.768  -36.735  62.415 0.0000000000
59366  40.999  -36.829  61.958 0.0000000000
59379  41.693  -35.921  60.705 0.0000000000
60439  42.228  -35.160  60.910 0.0000000000
59393  41.721  -35.724  60.232 0.0000000000
60456  42.170  -35.102  59.478 0.0000000000
60457  41.842  -35.426  59.595 0.0000000000
60470  40.436  -35.947  59.059 0.0000000000
60469  41.344  -35.476  58.810 0.0000000000
61534  40.546  -35.358  57.303 0.0000000000
61535  39.527  -35.451  57.218 0.0000000000
60482  38.828  -35.767  57.996 0.0000000000
59442  37.394  -36.774  57.653 0.0000000000
53858  29.235  -42.388  45.664 0.0000000000
73193  49.332  -24.713  41.382 0.0000000000
72045  47.245  -25.772  41.060 0.0000000000
72055  46.812  -25.793  40.341 0.0000000000
72056  46.186  -26.044  39.917 0.0000000000
50289  27.322  -44.543  51.800 0.0000000000
50261  26.844  -44.311  52.432 0.0000000000
50262  26.200  -43.878  52.404 0.0000000000
53680  23.444  -41.742  58.802 0.0000000000
52494  22.979  -42.062  57.748 0.0000000000
53699  21.132  -42.307  57.413 0.0000000000
52514  21.571  -42.483  56.934 0.0000000000
52543  21.016  -42.795  54.950 0.0000000000
52544  20.017  -43.630  54.692 0.0000000000
51305  18.699  -44.278  56.781 0.0000000000
54657  36.481  -41.259  64.528 0.0000000000
52407  37.076  -42.943  63.641 0.0000000000
52390  37.302  -42.416  63.664 0.0000000000
52424  37.803  -42.574  63.057 0.0000000000
52405  38.230  -42.132  63.066 0.0000000000
51238  37.705  -43.116  61.967 0.0000000000
49007  36.345  -45.034  60.141 0.0000000000
49008  35.842  -45.367  60.464 0.0000000000
49045  30.158  -44.916  58.957 0.0000000000
50127  30.554  -44.811  58.773 0.0000000000
50128  29.999  -44.886  58.614 0.0000000000
50189  28.884  -44.551  55.835 0.0000000000
50163  29.760  -44.545  56.674 0.0000000000
50226  29.471  -44.533  53.832 0.0000000000
50259  28.237  -44.361  52.870 0.0000000000
66356  44.479  -31.429  47.524 0.0000000000
64065  44.378  -33.343  47.189 0.0000000000
62912  44.022  -34.266  46.637 0.0000000000
61742  44.473  -34.799  46.972 0.0000000000
51208  17.426  -44.269  65.654 0.0000000000
51207  18.193  -43.936  65.217 0.0000000000
74264  50.355  -23.918  48.338 0.0000000000
76757  49.493  -22.666  49.470 0.0000000000
76758  48.648  -22.940  49.344 0.0000000000
75510  47.422  -24.022  49.497 0.0000000000
75496  48.039  -23.511  50.154 0.0000000000
71888  50.384  -26.625  53.587 0.0000000000
71889  49.925  -26.307  53.106 0.0000000000
67476  50.900  -30.503  52.512 0.0000000000
67490  50.422  -30.622  51.906 0.0000000000
66296  50.776  -31.467  52.376 0.0000000000
65151  50.507  -32.412  52.290 0.0000000000
63942  50.467  -33.375  53.392 0.0000000000
62739  50.297  -34.475  53.977 0.0000000000
62740  49.770  -34.556  54.266 0.0000000000
62782  42.551  -33.814  52.458 0.0000000000
63945  43.042  -32.943  53.434 0.0000000000
63966  42.909  -33.301  52.264 0.0000000000
62825  43.562  -34.558  50.052 0.0000000000
64008  43.366  -33.808  50.462 0.0000000000
62824  44.229  -34.440  50.411 0.0000000000
65153  44.952  -33.020  50.934 0.0000000000
62806  44.884  -34.615  50.750 0.0000000000
61667  45.265  -35.598  51.003 0.0000000000
57192  43.866  -39.448  51.142 0.0000000000
55968  44.421  -40.238  51.640 0.0000000000
54834  43.905  -41.558  52.225 0.0000000000
54836  42.747  -40.813  53.570 0.0000000000
54835  43.054  -41.477  53.059 0.0000000000
54824  43.041  -41.519  54.450 0.0000000000
53718  43.318  -42.310  55.764 0.0000000000
54815  43.014  -41.779  55.309 0.0000000000
54818  39.971  -40.407  54.129 0.0000000000
54826  40.270  -40.826  53.802 0.0000000000
53757  41.224  -42.775  52.558 0.0000000000
53770  40.763  -42.377  51.821 0.0000000000
53710  34.895  -42.373  56.577 0.0000000000
54789  34.694  -41.381  56.508 0.0000000000
53721  34.658  -41.853  55.807 0.0000000000
54839  34.374  -41.169  53.238 0.0000000000
55959  34.663  -40.298  52.785 0.0000000000
76951  57.599  -22.940  36.244 0.0000000000
75777  58.405  -22.878  36.030 0.0000000000
50130  28.447  -44.267  58.844 0.0000000000
50131  27.808  -43.889  59.026 0.0000000000
51277  26.491  -42.966  59.572 0.0000000000
52429  26.810  -42.269  63.534 0.0000000000
52439  27.317  -42.928  62.512 0.0000000000
53631  25.111  -41.641  62.080 0.0000000000
53645  25.492  -41.942  61.588 0.0000000000
52466  25.016  -42.310  60.373 0.0000000000
53658  24.533  -41.819  60.581 0.0000000000
53670  24.443  -41.901  60.044 0.0000000000
53647  24.361  -41.410  60.883 0.0000000000
54715  23.825  -40.777  61.079 0.0000000000
55813  23.257  -40.422  61.251 0.0000000000
55828  22.334  -40.576  60.756 0.0000000000
55814  22.657  -40.345  61.226 0.0000000000
50016  32.973  -44.637  65.439 0.0000000000
51189  33.553  -44.391  65.482 0.0000000000
50015  33.922  -44.729  65.033 0.0000000000
50032  34.082  -44.865  64.444 0.0000000000
48931  33.664  -45.131  64.484 0.0000000000
48948  32.107  -45.877  64.246 0.0000000000
47925  32.519  -45.668  63.598 0.0000000000
47951  32.609  -45.508  62.446 0.0000000000
47937  32.116  -45.639  63.175 0.0000000000
50020  30.117  -44.415  65.824 0.0000000000
50033  30.729  -44.942  65.163 0.0000000000
48966  29.895  -45.071  62.715 0.0000000000
48965  30.593  -45.370  62.999 0.0000000000
48981  30.202  -45.251  62.127 0.0000000000
48997  30.375  -45.318  61.394 0.0000000000
49013  30.512  -45.302  60.542 0.0000000000
49014  29.665  -45.024  60.581 0.0000000000
50096  28.447  -44.355  60.469 0.0000000000
50110  28.890  -44.446  59.697 0.0000000000
60589  46.928  -35.879  49.912 0.0000000000
74213  50.484  -24.369  53.995 0.0000000000
76682  50.391  -23.535  54.576 0.0000000000
74187  50.060  -25.015  55.005 0.0000000000
74202  50.238  -25.014  54.716 0.0000000000
71873  50.635  -26.507  54.626 0.0000000000
69683  50.776  -27.911  54.014 0.0000000000
70783  50.660  -27.214  54.492 0.0000000000
61474  41.184  -34.961  62.431 0.0000000000
63859  44.524  -32.069  59.412 0.0000000000
63872  44.616  -31.902  58.456 0.0000000000
62671  43.797  -32.736  58.025 0.0000000000
61520  42.120  -34.723  58.650 0.0000000000
61532  42.166  -34.456  57.650 0.0000000000
61572  42.222  -34.518  56.035 0.0000000000
62709  42.575  -34.000  56.688 0.0000000000
62725  42.528  -33.970  55.548 0.0000000000
62708  43.113  -33.267  56.121 0.0000000000
62744  42.900  -33.828  54.223 0.0000000000
62745  42.116  -34.547  54.605 0.0000000000
61646  40.694  -35.302  52.531 0.0000000000
61645  41.253  -35.219  52.322 0.0000000000
61669  40.729  -35.830  51.595 0.0000000000
61691  40.574  -36.125  50.919 0.0000000000
59544  40.544  -37.280  51.595 0.0000000000
59543  40.868  -37.967  52.038 0.0000000000
59527  40.236  -37.437  52.520 0.0000000000
59511  40.376  -37.971  53.499 0.0000000000
59494  40.232  -38.080  54.078 0.0000000000
57123  39.546  -39.135  54.669 0.0000000000
57144  38.823  -39.029  54.263 0.0000000000
55942  39.234  -39.606  53.705 0.0000000000
57164  38.731  -39.103  53.455 0.0000000000
52622  32.583  -42.337  51.423 0.0000000000
53788  33.069  -41.889  51.275 0.0000000000
53800  32.573  -41.657  50.733 0.0000000000
54896  31.953  -40.834  49.122 0.0000000000
56033  32.992  -40.153  48.338 0.0000000000
56034  32.268  -40.372  47.749 0.0000000000
56088  31.505  -40.005  45.181 0.0000000000
57318  31.950  -39.721  45.750 0.0000000000
57301  32.606  -39.484  46.139 0.0000000000
75728  54.717  -23.269  38.396 0.0000000000
75731  52.069  -23.309  37.990 0.0000000000
75730  52.816  -23.278  38.137 0.0000000000
75752  52.163  -23.516  37.497 0.0000000000
74467  52.208  -23.819  36.757 0.0000000000
74413  49.123  -24.432  39.994 0.0000000000
74431  49.774  -24.138  39.312 0.0000000000
51461  25.752  -44.411  49.710 0.0000000000
50366  25.801  -44.523  48.045 0.0000000000
51462  25.531  -44.471  49.408 0.0000000000
51302  27.191  -43.691  57.284 0.0000000000
51338  26.743  -43.908  55.846 0.0000000000
51362  25.016  -43.151  54.243 0.0000000000
51376  24.380  -43.279  53.111 0.0000000000
52541  23.201  -42.615  55.502 0.0000000000
52591  21.888  -43.467  52.149 0.0000000000
52605  22.541  -43.643  51.632 0.0000000000
55748  37.623  -40.128  64.062 0.0000000000
55747  38.281  -39.770  63.681 0.0000000000
55764  39.344  -39.749  63.300 0.0000000000
56981  38.588  -38.822  63.704 0.0000000000
56980  39.092  -38.623  63.551 0.0000000000
58196  39.992  -37.888  63.155 0.0000000000
56995  39.744  -38.874  63.108 0.0000000000
57033  38.689  -39.805  62.152 0.0000000000
57020  39.539  -38.905  62.458 0.0000000000
57032  39.154  -38.964  61.930 0.0000000000
57043  39.143  -38.643  61.718 0.0000000000
58252  38.386  -38.643  60.959 0.0000000000
54726  37.164  -41.257  60.533 0.0000000000
55822  37.499  -40.604  60.822 0.0000000000
55835  36.461  -40.575  59.662 0.0000000000
54743  36.648  -41.516  59.978 0.0000000000
51260  37.491  -43.639  60.931 0.0000000000
52475  37.452  -43.038  60.822 0.0000000000
52476  36.892  -43.145  60.368 0.0000000000
52507  36.102  -43.270  58.722 0.0000000000
52490  36.379  -43.196  59.642 0.0000000000
53694  35.955  -42.639  58.542 0.0000000000
52509  35.330  -42.747  57.487 0.0000000000
52523  35.208  -43.303  56.953 0.0000000000
51356  34.813  -43.849  55.719 0.0000000000
52539  34.925  -43.442  56.060 0.0000000000
52572  34.468  -43.454  54.605 0.0000000000
51375  34.487  -44.016  54.448 0.0000000000
48977  35.097  -45.317  62.233 0.0000000000
47948  34.304  -45.374  61.920 0.0000000000
49009  34.074  -44.937  60.213 0.0000000000
47970  34.929  -45.422  60.444 0.0000000000
47995  34.724  -45.455  59.352 0.0000000000
47984  34.781  -45.631  59.762 0.0000000000
49042  34.549  -45.406  58.710 0.0000000000
50126  31.470  -44.684  58.461 0.0000000000
50159  33.546  -44.861  56.304 0.0000000000
50142  33.457  -44.895  57.147 0.0000000000
49074  34.093  -44.870  57.054 0.0000000000
49095  33.994  -44.865  56.196 0.0000000000
49094  34.173  -44.809  56.169 0.0000000000
49109  34.003  -45.158  55.489 0.0000000000
50253  33.812  -44.416  54.007 0.0000000000
51389  33.633  -43.783  53.437 0.0000000000
51411  33.048  -43.068  52.614 0.0000000000
51390  32.725  -43.563  52.842 0.0000000000
51413  31.070  -43.776  51.482 0.0000000000
51412  31.535  -43.776  52.027 0.0000000000
52603  31.029  -43.160  51.046 0.0000000000
49179  30.038  -44.427  52.293 0.0000000000
50339  28.762  -44.098  49.576 0.0000000000
50338  29.238  -44.245  50.310 0.0000000000
51459  29.234  -43.891  49.940 0.0000000000
52626  29.471  -43.514  49.646 0.0000000000
51460  29.220  -43.637  49.421 0.0000000000
70905  45.720  -27.302  44.142 0.0000000000
69807  45.715  -27.390  43.474 0.0000000000
69795  45.084  -27.603  44.248 0.0000000000
68693  43.209  -29.493  44.671 0.0000000000
69797  43.661  -28.636  44.108 0.0000000000
68706  42.957  -29.488  43.747 0.0000000000
66375  43.271  -31.178  45.905 0.0000000000
66447  43.087  -31.543  42.743 0.0000000000
60615  45.929  -36.270  48.550 0.0000000000
61728  45.617  -35.253  48.306 0.0000000000
56939  26.863  -39.064  65.958 0.0000000000
56941  25.410  -38.663  66.142 0.0000000000
58157  24.988  -38.559  66.377 0.0000000000
56955  24.951  -38.779  65.997 0.0000000000
56973  23.513  -38.780  65.916 0.0000000000
57000  23.415  -39.399  64.012 0.0000000000
57001  22.712  -39.273  64.645 0.0000000000
55787  21.571  -40.109  63.717 0.0000000000
52383  19.936  -42.878  65.743 0.0000000000
52365  19.771  -42.649  66.649 0.0000000000
53566  20.215  -42.189  66.221 0.0000000000
53550  20.664  -41.611  66.637 0.0000000000
53565  20.444  -41.494  65.810 0.0000000000
53582  20.508  -41.506  65.249 0.0000000000
52430  19.935  -42.679  62.997 0.0000000000
53617  20.198  -42.088  63.372 0.0000000000
53633  20.312  -42.164  62.420 0.0000000000
52467  20.153  -42.661  60.846 0.0000000000
51264  18.737  -43.775  59.831 0.0000000000
75701  58.128  -22.760  39.654 0.0000000000
75654  55.717  -23.272  41.591 0.0000000000
75681  55.294  -22.941  40.574 0.0000000000
75656  53.342  -23.318  41.256 0.0000000000
74383  56.423  -23.548  42.644 0.0000000000
74361  55.754  -23.744  43.059 0.0000000000
74363  53.543  -23.920  42.917 0.0000000000
74385  54.063  -23.602  42.431 0.0000000000
74387  52.582  -23.600  41.774 0.0000000000
74365  52.072  -23.891  42.276 0.0000000000
73191  51.029  -24.422  42.040 0.0000000000
73172  51.580  -24.416  42.682 0.0000000000
72005  51.022  -25.097  43.590 0.0000000000
72006  50.422  -25.401  43.351 0.0000000000
72007  49.399  -25.857  43.562 0.0000000000
71969  51.776  -25.492  44.978 0.0000000000
71950  51.722  -25.753  45.703 0.0000000000
71972  49.021  -26.227  45.370 0.0000000000
71971  49.961  -25.797  45.277 0.0000000000
70866  48.751  -26.342  45.132 0.0000000000
71991  48.680  -26.340  44.266 0.0000000000
70868  47.812  -26.609  45.042 0.0000000000
71955  47.041  -25.981  46.197 0.0000000000
71975  46.534  -26.360  45.745 0.0000000000
71956  46.261  -26.114  46.278 0.0000000000
71957  45.658  -26.499  46.357 0.0000000000
74279  48.173  -24.379  47.677 0.0000000000
74293  47.867  -24.779  47.204 0.0000000000
74280  46.944  -24.309  48.058 0.0000000000
71923  46.105  -26.698  48.894 0.0000000000
71931  45.384  -27.160  47.630 0.0000000000
70843  45.420  -27.692  48.029 0.0000000000
69760  45.652  -28.645  48.468 0.0000000000
68643  46.364  -29.246  49.187 0.0000000000
68657  46.209  -29.688  48.730 0.0000000000
68656  46.594  -30.232  48.948 0.0000000000
67538  46.776  -30.720  49.230 0.0000000000
77953  50.417  -21.494  50.526 0.0000000000
74234  48.864  -24.421  51.694 0.0000000000
74235  48.181  -24.473  51.070 0.0000000000
70815  49.436  -27.544  52.258 0.0000000000
69739  48.407  -28.710  51.056 0.0000000000
69724  48.610  -28.085  51.433 0.0000000000
69740  47.540  -28.872  50.506 0.0000000000
65174  47.399  -32.687  49.780 0.0000000000
64006  47.656  -33.422  50.124 0.0000000000
62847  47.345  -34.187  49.890 0.0000000000
62823  47.855  -34.192  50.475 0.0000000000
61685  48.423  -35.094  51.436 0.0000000000
61686  47.955  -34.998  50.882 0.0000000000
60545  48.188  -36.047  51.602 0.0000000000
62778  50.165  -34.436  52.850 0.0000000000
62802  49.571  -34.287  52.188 0.0000000000
61641  49.663  -35.283  53.016 0.0000000000
59507  48.761  -36.976  53.906 0.0000000000
59508  48.572  -37.206  53.305 0.0000000000
68536  49.673  -28.363  55.635 0.0000000000
69658  50.273  -27.948  55.384 0.0000000000
68550  50.164  -28.708  54.773 0.0000000000
66224  46.555  -30.066  57.728 0.0000000000
66199  46.841  -30.067  58.670 0.0000000000
66212  46.826  -29.846  58.095 0.0000000000
67386  47.284  -29.554  58.155 0.0000000000
67396  47.143  -29.572  57.345 0.0000000000
65122  44.185  -32.030  53.410 0.0000000000
65100  44.775  -31.452  55.265 0.0000000000
66264  45.252  -30.958  54.555 0.0000000000
67462  46.516  -30.451  53.568 0.0000000000
67446  46.158  -30.285  54.488 0.0000000000
67432  47.048  -29.583  55.096 0.0000000000
67414  47.756  -29.426  55.936 0.0000000000
67431  47.671  -29.244  55.270 0.0000000000
67413  48.396  -28.899  55.649 0.0000000000
68552  48.069  -28.942  55.063 0.0000000000
66273  48.498  -31.491  53.289 0.0000000000
67443  49.263  -29.942  53.733 0.0000000000
67442  49.917  -30.417  53.721 0.0000000000
66261  49.941  -31.131  53.616 0.0000000000
62742  48.272  -34.633  53.727 0.0000000000
61620  47.925  -35.359  53.653 0.0000000000
61596  48.415  -35.850  54.153 0.0000000000
61597  47.907  -36.115  53.817 0.0000000000
60533  46.097  -36.582  52.130 0.0000000000
61644  46.298  -35.971  52.320 0.0000000000
58369  46.390  -38.428  53.524 0.0000000000
58368  46.654  -37.913  53.712 0.0000000000
58349  46.610  -38.476  53.966 0.0000000000
59493  47.529  -37.318  54.465 0.0000000000
58348  47.152  -38.160  54.290 0.0000000000
57138  47.359  -38.769  54.917 0.0000000000
57139  46.909  -39.017  54.401 0.0000000000
54814  47.034  -41.355  54.697 0.0000000000
53742  43.935  -42.896  53.512 0.0000000000
52568  44.586  -43.728  54.163 0.0000000000
52554  44.103  -43.831  55.237 0.0000000000
51309  44.074  -44.977  57.217 0.0000000000
51331  44.343  -44.919  56.375 0.0000000000
50154  44.438  -45.659  56.843 0.0000000000
58370  41.638  -39.166  53.239 0.0000000000
57161  41.819  -39.604  53.830 0.0000000000
55880  42.143  -41.420  55.879 0.0000000000
55903  42.456  -41.137  55.540 0.0000000000
55879  42.506  -41.647  55.939 0.0000000000
54788  42.310  -41.921  56.185 0.0000000000
53708  42.010  -42.408  56.259 0.0000000000
54816  41.268  -41.509  55.273 0.0000000000
51355  41.712  -44.048  53.865 0.0000000000
52538  41.614  -42.859  55.141 0.0000000000
51333  42.056  -43.767  55.196 0.0000000000
58281  35.976  -38.667  58.171 0.0000000000
55882  34.749  -40.421  56.542 0.0000000000
55881  35.154  -39.841  56.788 0.0000000000
58311  35.551  -38.681  55.487 0.0000000000
54870  33.423  -41.227  51.104 0.0000000000
53786  34.021  -40.891  51.649 0.0000000000
54869  33.739  -40.635  51.107 0.0000000000
57220  34.867  -39.498  50.542 0.0000000000
55993  34.415  -40.151  50.906 0.0000000000
57197  35.145  -39.386  51.624 0.0000000000
58517  35.419  -38.634  47.048 0.0000000000
58503  34.856  -38.844  48.181 0.0000000000
58502  35.567  -38.640  47.918 0.0000000000
58435  38.185  -38.637  50.357 0.0000000000
76967  60.162  -22.782  34.269 0.0000000000
75749  54.477  -23.476  37.452 0.0000000000
75765  55.249  -23.532  36.753 0.0000000000
76962  54.791  -23.102  35.484 0.0000000000
76972  55.375  -22.437  35.022 0.0000000000
69837  45.220  -27.977  41.962 0.0000000000
53548  27.775  -41.927  66.728 0.0000000000
54631  27.810  -40.874  66.108 0.0000000000
58234  40.384  -37.336  61.677 0.0000000000
59381  40.322  -37.259  61.456 0.0000000000
59410  41.095  -36.235  60.048 0.0000000000
59409  41.504  -35.809  59.923 0.0000000000
59425  39.860  -36.165  59.540 0.0000000000
60471  39.265  -36.202  59.179 0.0000000000
59413  37.710  -37.269  59.381 0.0000000000
73194  48.507  -25.477  41.687 0.0000000000
72033  48.163  -25.966  41.886 0.0000000000
72034  47.630  -26.291  41.902 0.0000000000
72035  46.890  -26.425  41.513 0.0000000000
49158  27.384  -44.363  53.550 0.0000000000
49159  26.963  -44.306  53.232 0.0000000000
49130  27.135  -44.332  54.084 0.0000000000
50229  26.722  -44.115  54.154 0.0000000000
53672  22.809  -41.280  59.296 0.0000000000
53697  22.303  -42.070  57.891 0.0000000000
52515  20.471  -42.682  57.203 0.0000000000
52392  36.115  -42.652  64.370 0.0000000000
53575  36.687  -41.937  64.284 0.0000000000
51201  36.659  -43.338  63.737 0.0000000000
51228  37.133  -43.460  62.933 0.0000000000
50056  37.127  -43.591  62.619 0.0000000000
50057  36.421  -43.888  62.876 0.0000000000
50070  36.404  -44.320  62.207 0.0000000000
50147  28.884  -44.440  57.610 0.0000000000
50146  29.685  -44.692  57.864 0.0000000000
49075  28.354  -44.584  55.838 0.0000000000
49096  28.256  -44.673  55.334 0.0000000000
49128  28.193  -44.664  54.624 0.0000000000
49111  27.948  -44.814  54.973 0.0000000000
49129  27.768  -44.556  54.239 0.0000000000
65189  45.491  -32.498  48.214 0.0000000000
65203  44.753  -32.431  47.698 0.0000000000
50036  16.709  -44.822  66.062 0.0000000000
74250  51.433  -23.427  49.671 0.0000000000
75506  51.157  -23.377  49.614 0.0000000000
75494  51.223  -23.032  50.059 0.0000000000
75495  50.615  -22.728  49.878 0.0000000000
76756  50.167  -22.467  49.747 0.0000000000
69707  50.813  -27.830  53.961 0.0000000000
69708  50.925  -28.380  53.441 0.0000000000
67475  51.189  -30.456  52.908 0.0000000000
66285  51.284  -31.378  52.792 0.0000000000
63961  51.207  -32.544  52.976 0.0000000000
65136  51.461  -32.052  53.019 0.0000000000
62827  41.818  -34.915  50.802 0.0000000000
62826  42.411  -34.424  50.453 0.0000000000
62850  42.437  -35.015  49.818 0.0000000000
61710  42.701  -35.582  49.569 0.0000000000
61688  43.530  -35.538  49.750 0.0000000000
60565  44.036  -36.535  50.072 0.0000000000
59557  43.416  -37.632  49.969 0.0000000000
57215  43.444  -39.011  50.649 0.0000000000
57193  43.072  -39.807  51.403 0.0000000000
54848  43.298  -41.033  52.239 0.0000000000
55970  42.855  -40.416  52.157 0.0000000000
55955  42.853  -40.817  52.670 0.0000000000
55956  42.508  -40.395  53.077 0.0000000000
53735  34.409  -42.105  54.959 0.0000000000
75778  56.612  -23.221  36.363 0.0000000000
51275  27.920  -43.802  59.951 0.0000000000
51262  28.040  -44.023  60.600 0.0000000000
51263  27.486  -43.469  61.103 0.0000000000
52451  27.073  -42.872  61.742 0.0000000000
53614  26.002  -41.888  63.109 0.0000000000
54675  25.812  -41.154  63.433 0.0000000000
54688  25.681  -41.306  62.941 0.0000000000
54700  24.498  -41.205  61.787 0.0000000000
48920  32.893  -45.225  65.070 0.0000000000
48932  32.961  -45.548  64.698 0.0000000000
48933  32.292  -45.817  64.873 0.0000000000
48934  31.597  -45.849  64.785 0.0000000000
50035  29.415  -44.502  64.568 0.0000000000
50047  29.799  -44.832  64.047 0.0000000000
50059  29.539  -44.756  63.262 0.0000000000
48982  29.638  -45.053  62.015 0.0000000000
50094  29.368  -45.019  61.056 0.0000000000
50081  29.229  -44.968  61.506 0.0000000000
51261  28.469  -44.419  60.875 0.0000000000
61473  41.765  -34.804  62.109 0.0000000000
62606  41.898  -33.819  62.085 0.0000000000
63794  42.125  -33.073  61.736 0.0000000000
64985  44.288  -31.735  60.632 0.0000000000
63826  44.477  -31.753  60.381 0.0000000000
63844  43.836  -32.636  60.200 0.0000000000
62639  43.946  -32.746  59.715 0.0000000000
62672  43.055  -33.495  58.460 0.0000000000
61550  41.820  -34.684  56.991 0.0000000000
61598  41.970  -34.661  55.374 0.0000000000
62746  41.581  -34.863  54.356 0.0000000000
61623  40.524  -34.984  53.686 0.0000000000
61647  39.831  -35.907  52.535 0.0000000000
60535  39.819  -36.337  52.528 0.0000000000
60492  37.726  -36.274  55.926 0.0000000000
59459  37.628  -36.858  55.528 0.0000000000
58353  38.437  -38.486  54.473 0.0000000000
54872  31.562  -41.998  50.542 0.0000000000
54871  31.771  -41.756  50.405 0.0000000000
54897  31.289  -41.139  48.878 0.0000000000
56035  31.366  -40.751  47.889 0.0000000000
75706  52.923  -23.117  39.112 0.0000000000
74444  51.349  -23.534  38.670 0.0000000000
73225  47.968  -24.827  38.911 0.0000000000
50316  25.252  -44.333  50.145 0.0000000000
51303  26.169  -43.112  57.691 0.0000000000
51319  25.471  -43.056  56.634 0.0000000000
52558  24.100  -42.797  54.920 0.0000000000
52560  22.038  -42.827  54.153 0.0000000000
52592  21.403  -43.977  51.952 0.0000000000
54672  38.570  -40.825  63.553 0.0000000000
54670  39.439  -40.119  63.058 0.0000000000
55763  39.627  -39.519  63.054 0.0000000000
55780  39.412  -40.087  62.846 0.0000000000
55807  38.687  -40.242  62.315 0.0000000000
55808  38.434  -40.455  61.948 0.0000000000
54725  37.561  -41.602  60.929 0.0000000000
50105  36.608  -44.096  60.340 0.0000000000
51274  36.468  -43.888  60.105 0.0000000000
51300  35.814  -44.055  58.041 0.0000000000
51301  35.552  -43.707  57.552 0.0000000000
51314  35.435  -44.125  57.327 0.0000000000
50182  34.962  -44.232  56.168 0.0000000000
47949  33.770  -45.409  62.166 0.0000000000
47962  34.034  -45.262  61.542 0.0000000000
47972  33.751  -45.240  61.178 0.0000000000
49027  33.544  -44.790  59.769 0.0000000000
50162  30.980  -44.264  56.375 0.0000000000
50161  32.126  -44.514  56.569 0.0000000000
51315  32.188  -44.493  56.056 0.0000000000
50186  32.540  -44.589  56.075 0.0000000000
50185  32.975  -44.844  55.675 0.0000000000
50206  32.929  -44.927  54.814 0.0000000000
50255  32.006  -44.364  52.984 0.0000000000
51391  31.982  -43.809  52.436 0.0000000000
50256  31.300  -44.282  52.648 0.0000000000
50286  31.036  -44.252  52.038 0.0000000000
49193  28.783  -44.648  51.176 0.0000000000
49225  28.263  -44.409  49.536 0.0000000000
50363  28.095  -44.094  48.772 0.0000000000
51497  28.178  -43.642  48.057 0.0000000000
50384  27.830  -43.843  48.149 0.0000000000
50385  27.577  -44.113  48.184 0.0000000000
70871  44.782  -27.428  45.030 0.0000000000
69796  44.581  -27.873  44.458 0.0000000000
69784  44.124  -28.015  45.418 0.0000000000
64085  43.418  -33.196  45.674 0.0000000000
65221  43.135  -32.327  45.346 0.0000000000
64108  43.308  -33.246  44.837 0.0000000000
56957  22.576  -39.068  67.097 0.0000000000
55756  21.918  -39.498  65.198 0.0000000000
55773  21.380  -40.078  64.708 0.0000000000
52384  19.032  -43.070  66.236 0.0000000000
52398  19.941  -42.878  64.790 0.0000000000
53600  20.100  -42.080  64.305 0.0000000000
52442  19.624  -43.045  62.494 0.0000000000
52455  19.292  -43.404  61.572 0.0000000000
75679  57.534  -22.865  40.761 0.0000000000
75653  56.831  -23.278  41.917 0.0000000000
73171  52.260  -24.428  43.242 0.0000000000
73158  51.625  -24.805  43.585 0.0000000000
71988  51.198  -25.307  44.242 0.0000000000
71938  51.586  -25.670  46.475 0.0000000000
71951  50.823  -25.949  45.864 0.0000000000
71973  48.327  -26.315  45.625 0.0000000000
71954  48.040  -25.992  46.410 0.0000000000
73111  47.295  -25.581  46.703 0.0000000000
74267  46.445  -25.305  48.706 0.0000000000
69750  46.523  -28.752  49.550 0.0000000000
77912  49.606  -21.131  52.051 0.0000000000
77913  49.429  -21.799  51.629 0.0000000000
75478  49.112  -23.383  51.897 0.0000000000
68613  49.626  -29.757  51.625 0.0000000000
69723  49.127  -28.507  51.640 0.0000000000
68627  48.805  -29.828  51.128 0.0000000000
67509  48.564  -30.716  50.744 0.0000000000
64005  48.289  -33.402  50.593 0.0000000000
62803  48.884  -34.537  51.686 0.0000000000
61619  49.868  -35.517  53.811 0.0000000000
59490  48.671  -37.494  54.578 0.0000000000
58345  48.653  -38.151  54.839 0.0000000000
59472  48.699  -37.954  54.987 0.0000000000
59440  48.067  -38.994  56.381 0.0000000000
69641  49.706  -27.819  56.136 0.0000000000
68537  49.116  -28.485  55.521 0.0000000000
65030  45.408  -31.217  58.641 0.0000000000
65029  45.850  -30.921  59.084 0.0000000000
65045  45.412  -31.170  57.986 0.0000000000
66225  45.821  -30.625  57.715 0.0000000000
66233  45.658  -30.625  56.807 0.0000000000
66276  45.679  -30.886  53.299 0.0000000000
67445  47.101  -29.888  53.875 0.0000000000
67461  47.417  -30.684  53.318 0.0000000000
66274  47.801  -31.575  53.034 0.0000000000
65120  48.390  -32.235  53.162 0.0000000000
65098  49.014  -32.535  53.444 0.0000000000
65099  48.536  -32.999  53.119 0.0000000000
62760  47.601  -34.627  53.039 0.0000000000
62761  47.175  -35.190  52.867 0.0000000000
58407  45.284  -38.422  51.982 0.0000000000
57160  46.122  -39.030  53.406 0.0000000000
57159  46.526  -39.505  53.968 0.0000000000
53730  46.898  -42.666  54.456 0.0000000000
51370  45.212  -44.287  54.423 0.0000000000
52555  43.442  -42.941  55.167 0.0000000000
52519  43.784  -44.485  56.757 0.0000000000
57142  41.432  -39.455  54.630 0.0000000000
57141  41.903  -40.095  54.663 0.0000000000
55904  41.635  -40.835  55.506 0.0000000000
53744  41.146  -42.528  53.443 0.0000000000
52571  41.446  -43.396  53.227 0.0000000000
57069  36.365  -39.563  59.400 0.0000000000
57070  35.805  -39.462  58.655 0.0000000000
57125  35.036  -39.435  55.153 0.0000000000
56011  33.445  -40.339  49.901 0.0000000000
56010  33.864  -40.170  50.431 0.0000000000
57242  34.056  -39.740  49.697 0.0000000000
58501  36.424  -38.608  47.411 0.0000000000
58462  37.597  -38.638  49.345 0.0000000000
75767  53.440  -23.653  36.454 0.0000000000
69838  44.174  -28.389  41.645 0.0000000000
69839  43.510  -29.107  41.452 0.0000000000
51240  27.771  -43.271  62.916 0.0000000000
51230  27.738  -43.284  63.791 0.0000000000
53597  27.037  -42.068  64.163 0.0000000000
53564  27.813  -41.820  65.784 0.0000000000
53580  27.299  -41.918  64.765 0.0000000000
53581  26.809  -41.640  64.230 0.0000000000
50021  29.557  -44.343  65.238 0.0000000000
51191  28.997  -43.909  66.060 0.0000000000
51204  29.148  -43.938  64.921 0.0000000000
51217  28.431  -43.643  64.276 0.0000000000
60411  39.986  -36.015  62.741 0.0000000000
60410  40.507  -35.891  62.696 0.0000000000
60423  41.106  -35.773  62.512 0.0000000000
60422  41.604  -35.585  62.147 0.0000000000
60431  41.910  -35.469  61.738 0.0000000000
60445  42.429  -34.821  60.338 0.0000000000
61500  42.751  -34.254  59.910 0.0000000000
60455  42.433  -34.827  59.870 0.0000000000
60467  42.075  -34.998  59.062 0.0000000000
60478  41.904  -34.877  58.626 0.0000000000
60458  41.506  -35.640  59.529 0.0000000000
60479  41.784  -34.932  58.200 0.0000000000
60491  41.337  -35.188  57.328 0.0000000000
61575  39.675  -35.130  55.512 0.0000000000
61553  39.150  -35.410  56.310 0.0000000000
61537  37.992  -35.821  56.642 0.0000000000
60484  37.334  -36.627  56.588 0.0000000000
53828  29.959  -42.068  48.090 0.0000000000
54911  29.896  -41.983  47.813 0.0000000000
54925  29.726  -41.898  47.275 0.0000000000
53857  30.449  -42.252  45.158 0.0000000000
74389  50.900  -24.004  41.351 0.0000000000
74411  50.759  -23.863  40.445 0.0000000000
73210  48.145  -24.945  40.474 0.0000000000
73226  47.000  -25.460  39.457 0.0000000000
50340  26.903  -44.456  49.757 0.0000000000
50315  26.134  -44.432  50.301 0.0000000000
50292  24.713  -44.046  50.947 0.0000000000
52480  24.154  -41.907  58.746 0.0000000000
52512  23.631  -42.297  57.191 0.0000000000
52527  22.352  -42.576  56.216 0.0000000000
53574  37.390  -41.828  63.886 0.0000000000
53573  37.893  -41.604  63.701 0.0000000000
53592  38.271  -41.584  63.436 0.0000000000
52404  38.373  -41.970  62.890 0.0000000000
52438  38.195  -42.064  62.180 0.0000000000
52462  37.914  -42.164  61.393 0.0000000000
51247  37.748  -42.842  61.574 0.0000000000
50069  37.163  -43.743  62.001 0.0000000000
50080  37.338  -44.162  61.120 0.0000000000
50092  36.801  -44.312  60.555 0.0000000000
50093  36.455  -44.721  60.204 0.0000000000
49023  35.985  -44.723  59.180 0.0000000000
49029  31.501  -45.238  59.886 0.0000000000
50109  30.986  -44.959  59.460 0.0000000000
50187  30.760  -44.310  55.228 0.0000000000
50225  30.507  -44.579  53.739 0.0000000000
50257  29.869  -44.548  53.202 0.0000000000
50227  28.466  -44.516  53.830 0.0000000000
50287  28.622  -44.420  52.313 0.0000000000
50312  28.526  -44.509  51.765 0.0000000000
50313  27.976  -44.610  51.348 0.0000000000
68669  44.699  -29.510  47.610 0.0000000000
67555  44.282  -30.424  47.256 0.0000000000
66374  43.812  -31.335  46.827 0.0000000000
62913  43.558  -33.940  45.939 0.0000000000
52385  18.537  -43.327  67.023 0.0000000000
51220  18.324  -43.790  64.271 0.0000000000
51232  17.681  -44.150  63.828 0.0000000000
51242  17.530  -44.326  63.046 0.0000000000
50063  16.445  -45.349  63.528 0.0000000000
73079  50.713  -24.613  47.749 0.0000000000
73080  49.798  -24.781  47.605 0.0000000000
74277  50.072  -24.451  47.905 0.0000000000
74278  49.426  -24.185  47.860 0.0000000000
75520  48.648  -23.731  48.253 0.0000000000
75508  49.352  -23.345  48.711 0.0000000000
74252  47.219  -24.831  49.923 0.0000000000
70804  49.897  -27.155  52.722 0.0000000000
70814  50.154  -27.879  52.475 0.0000000000
69709  50.563  -28.588  52.652 0.0000000000
65152  49.915  -32.509  51.684 0.0000000000
62801  50.191  -33.861  52.508 0.0000000000
62759  50.375  -34.281  53.457 0.0000000000
61594  49.978  -35.275  54.252 0.0000000000
61569  48.779  -36.413  54.567 0.0000000000
68503  48.177  -28.791  58.018 0.0000000000
63908  43.837  -32.381  55.560 0.0000000000
65076  44.445  -31.848  55.494 0.0000000000
63925  43.481  -32.616  54.313 0.0000000000
65123  43.720  -32.551  53.095 0.0000000000
65141  44.068  -32.295  52.321 0.0000000000
63989  43.359  -33.271  51.216 0.0000000000
65155  43.490  -32.718  51.920 0.0000000000
66289  44.677  -31.828  52.482 0.0000000000
65140  45.169  -32.447  51.636 0.0000000000
63965  45.412  -33.215  51.261 0.0000000000
63964  46.055  -33.641  51.558 0.0000000000
62804  46.155  -34.771  51.622 0.0000000000
62805  45.559  -34.813  51.246 0.0000000000
60547  45.510  -36.556  51.511 0.0000000000
59556  44.344  -37.556  50.604 0.0000000000
59542  45.057  -37.502  51.365 0.0000000000
57191  44.943  -39.471  51.638 0.0000000000
54833  44.901  -41.667  52.462 0.0000000000
53754  44.375  -42.137  52.574 0.0000000000
53755  43.849  -42.374  52.747 0.0000000000
53743  43.467  -42.306  54.029 0.0000000000
52570  43.448  -42.663  54.628 0.0000000000
53706  43.199  -42.547  56.245 0.0000000000
53745  40.676  -41.672  53.562 0.0000000000
54806  34.490  -41.045  55.975 0.0000000000
55928  34.531  -40.251  54.620 0.0000000000
55929  34.294  -39.883  54.037 0.0000000000
57166  34.759  -39.527  53.355 0.0000000000
57283  34.422  -38.919  46.606 0.0000000000
57281  36.606  -38.856  46.306 0.0000000000
76957  59.862  -22.858  35.189 0.0000000000
76958  58.887  -22.695  35.332 0.0000000000
76969  58.507  -22.276  34.582 0.0000000000
78152  58.036  -21.895  34.257 0.0000000000
78153  57.098  -21.733  34.398 0.0000000000
75784  51.613  -23.775  35.064 0.0000000000
50166  27.790  -44.215  56.709 0.0000000000
52491  25.585  -42.601  58.617 0.0000000000
53630  25.950  -41.789  62.201 0.0000000000
52452  26.243  -42.293  61.452 0.0000000000
52465  25.925  -42.536  60.518 0.0000000000
53671  23.857  -41.477  59.510 0.0000000000
54732  23.622  -40.944  60.181 0.0000000000
54749  23.181  -40.910  59.768 0.0000000000
54750  22.559  -40.939  59.910 0.0000000000
54734  21.765  -40.914  60.416 0.0000000000
50014  34.359  -44.290  64.939 0.0000000000
50031  34.636  -44.425  64.143 0.0000000000
50046  34.915  -44.625  63.542 0.0000000000
48944  35.061  -44.724  63.345 0.0000000000
48945  34.415  -44.930  63.624 0.0000000000
48961  33.627  -45.522  63.262 0.0000000000
47935  33.493  -45.584  62.779 0.0000000000
47950  33.257  -45.479  62.375 0.0000000000
47964  32.932  -45.366  62.008 0.0000000000
48995  32.315  -45.493  61.494 0.0000000000
48923  31.241  -45.346  65.097 0.0000000000
48949  31.444  -45.990  64.066 0.0000000000
48936  30.372  -45.319  64.160 0.0000000000
48950  30.735  -45.747  63.827 0.0000000000
48964  31.411  -45.693  63.291 0.0000000000
49012  31.389  -45.450  60.565 0.0000000000
49032  29.326  -44.658  59.698 0.0000000000
49061  29.002  -44.488  58.329 0.0000000000
49062  28.730  -44.424  58.564 0.0000000000
50148  28.354  -44.398  57.844 0.0000000000
60590  46.514  -35.807  49.258 0.0000000000
79149  50.709  -20.104  51.489 0.0000000000
79131  50.270  -20.271  52.578 0.0000000000
77899  49.707  -21.349  53.218 0.0000000000
76684  49.943  -22.544  53.723 0.0000000000
75455  50.055  -23.565  53.470 0.0000000000
74221  50.423  -24.702  53.700 0.0000000000
74220  50.571  -25.122  53.968 0.0000000000
73028  50.635  -25.818  54.082 0.0000000000
75436  50.356  -24.184  54.638 0.0000000000
73020  50.537  -25.793  54.561 0.0000000000
70801  50.822  -26.962  53.879 0.0000000000
69695  50.891  -28.055  53.888 0.0000000000
63883  44.284  -32.244  57.350 0.0000000000
63896  43.684  -32.618  56.641 0.0000000000
61531  42.470  -34.076  57.502 0.0000000000
62691  42.538  -34.053  57.232 0.0000000000
62743  42.934  -33.153  54.511 0.0000000000
62783  42.240  -34.316  52.402 0.0000000000
62784  41.646  -35.031  52.596 0.0000000000
62808  41.868  -34.854  51.514 0.0000000000
61690  41.251  -35.479  50.791 0.0000000000
60567  40.946  -36.571  50.506 0.0000000000
59559  41.328  -37.764  50.855 0.0000000000
58409  41.940  -38.735  51.741 0.0000000000
58410  41.499  -38.365  51.893 0.0000000000
58391  41.147  -38.422  52.707 0.0000000000
59510  40.842  -38.348  53.184 0.0000000000
58371  41.174  -38.636  53.691 0.0000000000
58350  41.072  -38.952  54.548 0.0000000000
58327  40.632  -39.099  54.842 0.0000000000
61602  38.939  -35.990  54.716 0.0000000000
59496  38.619  -36.826  54.356 0.0000000000
58352  39.648  -38.201  54.457 0.0000000000
57122  40.331  -39.455  54.971 0.0000000000
55906  40.113  -39.753  54.959 0.0000000000
57143  39.276  -39.196  54.533 0.0000000000
55941  39.644  -40.061  53.645 0.0000000000
53772  33.755  -42.105  52.317 0.0000000000
54885  33.154  -41.020  50.514 0.0000000000
56012  32.889  -40.634  49.731 0.0000000000
56023  33.217  -40.334  49.147 0.0000000000
56049  30.845  -40.897  47.269 0.0000000000
56048  31.612  -40.379  46.889 0.0000000000
56089  30.901  -40.480  45.564 0.0000000000
56066  31.361  -40.062  45.969 0.0000000000
56047  32.183  -40.256  47.052 0.0000000000
57285  32.657  -39.982  46.981 0.0000000000
75750  53.393  -23.551  37.275 0.0000000000
74466  52.849  -23.678  36.837 0.0000000000
74430  50.603  -23.847  39.490 0.0000000000
74446  49.672  -24.121  38.295 0.0000000000
74456  50.570  -24.077  37.440 0.0000000000
51480  26.445  -44.475  48.042 0.0000000000
50212  26.447  -43.965  54.743 0.0000000000
50213  25.895  -43.550  54.140 0.0000000000
51361  25.727  -43.463  54.830 0.0000000000
51414  24.105  -43.727  51.541 0.0000000000
52540  24.045  -42.644  55.751 0.0000000000
52576  23.134  -42.921  53.366 0.0000000000
51377  23.600  -43.263  52.581 0.0000000000
51415  23.244  -43.725  51.236 0.0000000000
51441  23.278  -44.223  50.471 0.0000000000
59341  39.339  -37.302  63.412 0.0000000000
59340  39.846  -37.048  63.228 0.0000000000
58195  40.318  -37.397  62.724 0.0000000000
58221  39.961  -38.104  62.418 0.0000000000
57008  39.727  -38.889  62.819 0.0000000000
58235  39.906  -37.915  61.949 0.0000000000
58250  39.569  -37.917  61.642 0.0000000000
58266  38.685  -37.801  60.762 0.0000000000
58253  37.711  -38.882  60.651 0.0000000000
57046  37.287  -39.683  60.527 0.0000000000
57057  36.756  -39.798  60.018 0.0000000000
54761  35.710  -41.340  58.551 0.0000000000
53656  38.108  -41.832  61.312 0.0000000000
53657  37.703  -42.189  60.989 0.0000000000
53669  36.676  -42.425  60.152 0.0000000000
53679  35.919  -42.026  58.751 0.0000000000
53696  35.132  -42.171  57.384 0.0000000000
53709  34.885  -43.030  56.296 0.0000000000
53746  34.493  -43.050  54.247 0.0000000000
48993  35.506  -45.258  61.329 0.0000000000
47961  34.641  -45.336  61.240 0.0000000000
47960  35.251  -45.408  60.864 0.0000000000
47983  35.459  -45.403  59.633 0.0000000000
49057  35.054  -45.336  57.685 0.0000000000
49028  32.443  -44.905  59.689 0.0000000000
49044  33.100  -44.534  59.268 0.0000000000
49043  33.693  -44.864  58.803 0.0000000000
50143  32.694  -44.745  57.348 0.0000000000
50124  33.321  -44.817  57.922 0.0000000000
49058  34.658  -45.327  57.807 0.0000000000
49072  34.629  -44.753  56.959 0.0000000000
49093  34.340  -44.667  56.069 0.0000000000
50203  34.340  -44.699  55.421 0.0000000000
50205  33.762  -45.215  54.955 0.0000000000
50221  34.048  -44.851  54.681 0.0000000000
50220  34.350  -44.490  54.768 0.0000000000
51388  34.259  -44.024  53.835 0.0000000000
52586  34.098  -43.600  53.581 0.0000000000
52587  33.816  -42.972  53.268 0.0000000000
52600  33.335  -42.751  52.538 0.0000000000
52601  32.714  -42.752  52.017 0.0000000000
52623  32.305  -42.545  51.511 0.0000000000
52589  31.885  -43.528  52.056 0.0000000000
52602  31.780  -43.041  51.582 0.0000000000
53774  31.603  -42.578  51.140 0.0000000000
53790  31.238  -42.479  50.659 0.0000000000
53801  30.620  -42.319  50.050 0.0000000000
53802  30.381  -42.352  49.450 0.0000000000
49156  30.460  -44.466  52.994 0.0000000000
49191  30.374  -44.329  51.980 0.0000000000
50310  30.416  -44.181  51.464 0.0000000000
49210  29.262  -44.531  50.813 0.0000000000
50311  29.851  -44.292  50.854 0.0000000000
52625  29.703  -43.352  49.860 0.0000000000
52641  29.931  -42.877  49.385 0.0000000000
52655  29.767  -42.762  48.820 0.0000000000
53829  29.459  -42.411  47.973 0.0000000000
53842  28.593  -43.032  46.644 0.0000000000
52674  28.234  -43.565  47.457 0.0000000000
52692  28.239  -43.485  46.716 0.0000000000
52712  28.402  -43.435  45.491 0.0000000000
70919  46.220  -27.071  42.885 0.0000000000
69822  45.765  -27.530  43.180 0.0000000000
69823  45.209  -27.877  42.935 0.0000000000
67575  43.454  -30.161  45.882 0.0000000000
67594  43.147  -30.374  45.201 0.0000000000
67632  42.567  -30.482  43.157 0.0000000000
61741  44.979  -35.352  47.401 0.0000000000
60630  45.569  -36.540  47.412 0.0000000000
55704  27.079  -40.002  66.051 0.0000000000
55706  26.847  -39.645  65.874 0.0000000000
56953  26.446  -39.364  65.791 0.0000000000
55719  25.891  -40.090  65.405 0.0000000000
56971  25.455  -39.574  65.352 0.0000000000
56988  24.923  -39.490  64.958 0.0000000000
58158  24.563  -38.486  66.443 0.0000000000
55754  24.520  -39.606  64.344 0.0000000000
55771  24.067  -39.622  63.832 0.0000000000
57013  22.713  -39.414  63.934 0.0000000000
55786  22.427  -39.628  63.275 0.0000000000
55799  22.563  -39.962  62.201 0.0000000000
55815  21.741  -40.378  61.520 0.0000000000
54717  20.979  -41.028  61.259 0.0000000000
54663  20.901  -40.946  65.222 0.0000000000
54677  21.062  -40.843  64.233 0.0000000000
53616  20.532  -41.412  63.785 0.0000000000
53648  20.671  -41.445  62.022 0.0000000000
54718  20.774  -41.380  60.854 0.0000000000
52481  20.147  -42.533  59.688 0.0000000000
52468  19.420  -43.216  60.314 0.0000000000
51266  17.580  -44.674  61.134 0.0000000000
75725  57.969  -22.836  38.641 0.0000000000
75726  56.842  -23.218  38.599 0.0000000000
75704  54.973  -23.056  39.435 0.0000000000
75683  52.865  -23.222  40.352 0.0000000000
74409  52.308  -23.550  41.119 0.0000000000
75627  56.850  -23.486  42.662 0.0000000000
75628  55.184  -23.416  42.378 0.0000000000
75629  54.517  -23.459  42.395 0.0000000000
73192  50.341  -24.575  41.819 0.0000000000
73174  49.829  -24.996  42.365 0.0000000000
72019  50.125  -25.247  42.832 0.0000000000
70902  47.786  -26.511  43.412 0.0000000000
73139  53.406  -25.024  45.112 0.0000000000
71987  51.808  -25.234  44.554 0.0000000000
70885  47.142  -26.765  44.216 0.0000000000
70886  46.115  -27.017  44.497 0.0000000000
70870  45.584  -26.822  45.458 0.0000000000
70850  44.568  -27.781  46.726 0.0000000000
73097  48.406  -25.114  46.979 0.0000000000
73098  47.547  -25.164  46.995 0.0000000000
73099  46.480  -25.335  47.365 0.0000000000
74295  46.722  -24.777  47.755 0.0000000000
71943  45.888  -26.027  46.919 0.0000000000
71944  45.438  -26.810  47.119 0.0000000000
70849  44.992  -27.619  47.368 0.0000000000
69769  44.512  -28.539  47.219 0.0000000000
67540  45.705  -30.596  48.396 0.0000000000
66339  45.921  -31.589  48.554 0.0000000000
65175  46.745  -32.817  49.343 0.0000000000
76742  49.573  -22.027  50.292 0.0000000000
76720  48.707  -22.684  50.548 0.0000000000
74251  47.653  -24.691  50.484 0.0000000000
73055  47.376  -25.695  50.446 0.0000000000
73031  49.711  -25.404  52.798 0.0000000000
73041  49.090  -25.416  52.267 0.0000000000
70816  48.746  -27.469  51.699 0.0000000000
71903  48.281  -26.540  51.469 0.0000000000
71914  47.658  -26.649  50.961 0.0000000000
69749  46.877  -29.090  50.097 0.0000000000
67526  47.259  -30.675  49.745 0.0000000000
67510  47.831  -30.721  50.342 0.0000000000
66324  47.001  -32.046  49.625 0.0000000000
64025  46.726  -33.656  49.361 0.0000000000
62848  46.938  -34.113  49.526 0.0000000000
60530  49.271  -35.806  52.845 0.0000000000
60531  48.786  -36.151  52.537 0.0000000000
59523  48.449  -36.941  52.696 0.0000000000
70771  50.652  -27.079  55.059 0.0000000000
70772  50.463  -27.751  54.936 0.0000000000
68566  50.958  -29.085  54.300 0.0000000000
67441  50.978  -29.971  53.702 0.0000000000
68504  47.930  -28.906  58.364 0.0000000000
68512  47.985  -28.909  57.525 0.0000000000
65075  44.807  -31.664  55.943 0.0000000000
66248  45.179  -31.043  55.540 0.0000000000
67416  46.029  -30.366  56.240 0.0000000000
67447  45.676  -30.575  54.048 0.0000000000
67433  46.196  -30.246  55.598 0.0000000000
68522  48.122  -28.777  56.923 0.0000000000
67394  48.542  -28.708  56.063 0.0000000000
67412  49.123  -28.956  54.960 0.0000000000
68567  48.698  -29.247  54.565 0.0000000000
66246  50.750  -30.160  53.805 0.0000000000
66259  50.801  -30.597  53.704 0.0000000000
65095  50.855  -31.619  53.600 0.0000000000
65096  50.419  -31.983  53.672 0.0000000000
63923  48.796  -33.750  53.485 0.0000000000
63922  49.504  -33.600  53.701 0.0000000000
60500  48.219  -36.751  54.797 0.0000000000
61665  46.409  -35.397  52.110 0.0000000000
61643  46.848  -35.732  52.682 0.0000000000
60522  47.067  -36.526  53.268 0.0000000000
59525  46.347  -37.342  52.626 0.0000000000
59524  46.752  -37.263  53.203 0.0000000000
60512  47.454  -36.588  53.906 0.0000000000
59492  47.891  -37.264  54.926 0.0000000000
57118  47.519  -39.085  55.622 0.0000000000
55922  47.076  -40.025  54.813 0.0000000000
51371  44.840  -44.277  54.602 0.0000000000
51352  44.884  -44.832  55.154 0.0000000000
51353  44.296  -44.415  55.805 0.0000000000
57178  42.073  -39.541  52.854 0.0000000000
55924  42.556  -40.613  54.940 0.0000000000
55923  42.925  -41.144  55.123 0.0000000000
54802  43.082  -41.886  55.833 0.0000000000
52521  42.370  -43.218  56.311 0.0000000000
59428  36.959  -37.576  58.538 0.0000000000
55862  35.205  -40.364  57.289 0.0000000000
57101  35.459  -39.240  56.950 0.0000000000
57165  38.163  -38.722  53.632 0.0000000000
57195  39.346  -39.691  51.765 0.0000000000
53771  34.203  -41.290  52.021 0.0000000000
55973  34.926  -40.221  51.971 0.0000000000
58414  35.551  -38.700  51.849 0.0000000000
58487  34.857  -38.932  48.640 0.0000000000
57257  34.856  -38.982  48.895 0.0000000000
58413  36.148  -38.305  51.745 0.0000000000
58412  37.133  -38.197  51.617 0.0000000000
58411  38.081  -38.477  51.405 0.0000000000
75764  56.156  -23.423  36.849 0.0000000000
75780  55.059  -23.504  36.026 0.0000000000
76971  56.442  -22.382  35.035 0.0000000000
70932  45.991  -26.895  41.783 0.0000000000
70944  45.819  -26.696  40.940 0.0000000000
69849  44.875  -28.106  41.033 0.0000000000
70945  45.296  -27.284  40.585 0.0000000000
47927  31.637  -45.903  63.739 0.0000000000
47938  31.774  -45.810  63.574 0.0000000000
47985  34.585  -45.329  59.988 0.0000000000
47994  34.941  -45.534  59.087 0.0000000000
48962  33.125  -45.573  63.301 0.0000000000
48963  31.769  -45.595  63.006 0.0000000000
48978  34.513  -45.388  62.267 0.0000000000
49006  36.523  -44.643  60.430 0.0000000000
49015  29.232  -44.686  60.140 0.0000000000
49025  35.392  -45.360  59.352 0.0000000000
49047  29.173  -44.617  59.001 0.0000000000
49060  29.300  -44.583  58.157 0.0000000000
49092  34.676  -44.460  56.200 0.0000000000
49107  34.033  -44.995  55.622 0.0000000000
49108  34.146  -44.968  55.411 0.0000000000
49110  28.210  -44.751  54.987 0.0000000000
49131  26.735  -44.102  53.620 0.0000000000
49154  31.835  -44.600  53.405 0.0000000000
50058  35.706  -44.302  63.041 0.0000000000
50072  28.706  -44.424  62.328 0.0000000000
50083  28.501  -44.301  61.953 0.0000000000
50108  31.467  -44.888  59.253 0.0000000000
50112  27.875  -43.794  59.609 0.0000000000
50123  35.364  -45.127  58.431 0.0000000000
50129  28.932  -44.467  59.192 0.0000000000
50138  44.058  -45.541  57.274 0.0000000000
50157  35.385  -44.474  57.487 0.0000000000
50183  34.556  -44.506  55.943 0.0000000000
50191  26.611  -44.022  55.415 0.0000000000
51203  35.221  -43.779  64.211 0.0000000000
51206  18.745  -43.556  64.841 0.0000000000
51213  37.440  -43.066  63.051 0.0000000000
51214  36.916  -43.428  63.382 0.0000000000
51216  29.091  -44.127  64.378 0.0000000000
51218  27.783  -43.246  64.248 0.0000000000
51237  37.780  -42.837  61.838 0.0000000000
51298  43.807  -45.228  57.245 0.0000000000
51313  35.526  -44.331  57.669 0.0000000000
51316  31.806  -44.375  56.019 0.0000000000
51335  32.697  -44.757  55.205 0.0000000000
51336  32.275  -44.490  55.527 0.0000000000
51357  34.530  -44.243  55.138 0.0000000000
51360  31.277  -44.330  54.973 0.0000000000
51374  34.545  -43.821  55.038 0.0000000000
51393  23.492  -43.498  51.949 0.0000000000
51437  29.436  -43.638  49.872 0.0000000000
51438  25.644  -44.393  49.945 0.0000000000
52406  37.596  -42.537  63.331 0.0000000000
52413  26.980  -42.198  63.931 0.0000000000
52422  38.411  -41.815  62.559 0.0000000000
52423  38.135  -42.321  62.612 0.0000000000
52432  18.704  -43.398  63.685 0.0000000000
52437  38.368  -41.718  62.242 0.0000000000
52441  20.044  -42.716  62.455 0.0000000000
52449  38.012  -42.201  61.720 0.0000000000
52450  37.763  -42.493  61.358 0.0000000000
52477  26.441  -42.880  60.028 0.0000000000
52640  30.292  -42.640  49.818 0.0000000000
52642  29.557  -43.335  49.406 0.0000000000
52691  28.656  -43.134  46.948 0.0000000000
53563  27.845  -42.339  66.443 0.0000000000
53609  38.802  -41.375  62.938 0.0000000000
53640  38.467  -41.219  62.156 0.0000000000
53748  34.335  -42.503  53.492 0.0000000000
53815  29.656  -42.655  48.546 0.0000000000
54661  26.873  -41.372  64.501 0.0000000000
54684  39.754  -40.097  63.097 0.0000000000
54690  24.317  -40.293  62.696 0.0000000000
54714  24.396  -41.288  61.238 0.0000000000
54716  23.160  -40.517  60.994 0.0000000000
54735  21.047  -41.191  60.664 0.0000000000
54751  22.214  -41.178  59.771 0.0000000000
54787  42.875  -41.994  56.173 0.0000000000
55746  38.942  -39.380  63.548 0.0000000000
55755  23.936  -39.439  64.302 0.0000000000
55779  39.525  -39.670  62.831 0.0000000000
55794  39.227  -39.957  62.592 0.0000000000
55901  47.405  -39.690  55.376 0.0000000000
55902  42.823  -41.558  55.505 0.0000000000
55938  42.879  -40.862  54.582 0.0000000000
55944  34.343  -39.959  53.714 0.0000000000
55952  46.162  -40.539  52.873 0.0000000000
56036  30.860  -41.013  47.820 0.0000000000
56987  25.443  -39.904  65.049 0.0000000000
57021  39.325  -39.212  62.236 0.0000000000
57147  34.487  -39.690  53.758 0.0000000000
57163  39.273  -39.606  53.468 0.0000000000
57167  34.486  -39.883  53.515 0.0000000000
57216  43.035  -39.321  50.757 0.0000000000
57243  33.552  -40.071  49.370 0.0000000000
57286  32.129  -40.158  46.779 0.0000000000
58175  24.095  -38.643  66.126 0.0000000000
58236  39.558  -38.391  61.985 0.0000000000
58309  47.944  -38.865  56.377 0.0000000000
58323  48.696  -38.316  55.004 0.0000000000
58325  47.785  -38.631  55.821 0.0000000000
58388  46.493  -37.866  53.164 0.0000000000
59441  48.079  -38.799  56.230 0.0000000000
59457  48.156  -38.709  55.891 0.0000000000
59528  39.825  -36.755  52.625 0.0000000000
59579  41.864  -37.192  49.863 0.0000000000
60438  42.419  -34.770  60.624 0.0000000000
60447  41.873  -35.546  60.003 0.0000000000
60490  41.707  -34.923  57.715 0.0000000000
60514  38.770  -36.400  54.510 0.0000000000
60523  39.503  -36.322  52.935 0.0000000000
60549  40.497  -36.557  51.342 0.0000000000
60566  43.172  -36.497  49.568 0.0000000000
60568  40.637  -36.582  50.915 0.0000000000
60592  41.578  -36.390  49.787 0.0000000000
60593  41.292  -36.485  50.125 0.0000000000
61491  42.425  -34.530  60.981 0.0000000000
61511  42.287  -34.888  59.170 0.0000000000
61570  48.550  -36.370  54.534 0.0000000000
61571  42.411  -34.230  56.265 0.0000000000
61618  50.388  -34.995  53.945 0.0000000000
61622  41.119  -34.933  54.257 0.0000000000
61642  49.260  -35.522  52.585 0.0000000000
61689  41.798  -35.018  50.434 0.0000000000
61711  41.822  -35.401  49.832 0.0000000000
62689  43.696  -32.716  57.488 0.0000000000
62728  39.708  -34.977  55.083 0.0000000000
62748  39.728  -34.942  54.898 0.0000000000
62762  42.620  -33.788  53.067 0.0000000000
62765  40.934  -34.798  53.133 0.0000000000
62779  49.732  -34.779  52.634 0.0000000000
62781  46.880  -34.661  52.225 0.0000000000
62785  41.196  -34.839  52.905 0.0000000000
63827  44.097  -32.094  60.519 0.0000000000
63907  44.424  -32.022  55.854 0.0000000000
63944  43.635  -32.536  53.563 0.0000000000
63967  42.517  -33.861  52.007 0.0000000000
63986  45.780  -34.283  51.348 0.0000000000
63988  44.290  -33.659  50.710 0.0000000000
63990  42.634  -33.677  51.339 0.0000000000
64007  43.865  -34.095  50.399 0.0000000000
64009  42.865  -33.654  50.775 0.0000000000
64968  43.895  -31.740  60.935 0.0000000000
65014  45.324  -31.186  59.436 0.0000000000
65031  45.134  -31.460  58.197 0.0000000000
65060  45.302  -31.058  57.452 0.0000000000
65094  50.891  -31.343  53.822 0.0000000000
65119  51.247  -32.041  53.374 0.0000000000
66214  45.669  -30.865  58.207 0.0000000000
66223  46.851  -29.750  57.785 0.0000000000
66245  51.044  -30.003  53.943 0.0000000000
66247  45.655  -30.659  55.954 0.0000000000
66258  50.827  -31.007  53.957 0.0000000000
66265  44.863  -31.401  53.805 0.0000000000
66271  51.016  -31.188  53.516 0.0000000000
66283  51.254  -31.458  53.311 0.0000000000
66337  47.023  -31.342  49.551 0.0000000000
67377  47.655  -29.302  58.199 0.0000000000
67397  46.611  -29.902  57.231 0.0000000000
67458  51.136  -30.902  53.342 0.0000000000
67459  51.165  -30.593  53.258 0.0000000000
67460  48.023  -30.971  53.169 0.0000000000
68520  49.388  -28.098  56.176 0.0000000000
68538  48.357  -28.879  55.448 0.0000000000
68539  48.166  -29.032  55.525 0.0000000000
68551  48.480  -28.871  55.157 0.0000000000
68553  47.741  -29.254  54.792 0.0000000000
68568  48.320  -29.491  54.295 0.0000000000
69612  48.278  -28.535  57.991 0.0000000000
69669  50.477  -27.572  55.029 0.0000000000
69670  50.425  -28.176  54.747 0.0000000000
69808  45.356  -27.609  43.800 0.0000000000
70758  50.577  -26.978  55.270 0.0000000000
70784  50.693  -28.260  54.323 0.0000000000
70883  48.730  -26.366  44.893 0.0000000000
70888  44.887  -27.530  44.618 0.0000000000
71858  50.518  -26.533  55.286 0.0000000000
71867  50.585  -26.345  55.027 0.0000000000
71879  50.658  -26.522  54.261 0.0000000000
71880  50.184  -25.930  53.440 0.0000000000
71881  49.904  -25.868  53.220 0.0000000000
71887  50.641  -26.687  54.049 0.0000000000
73013  50.463  -25.845  54.880 0.0000000000
73021  50.398  -25.830  53.629 0.0000000000
73029  50.509  -25.732  53.788 0.0000000000
73030  50.162  -25.452  53.313 0.0000000000
73110  47.957  -25.565  46.780 0.0000000000
74281  46.482  -24.971  48.228 0.0000000000
74454  52.386  -23.648  37.165 0.0000000000
74490  50.986  -24.035  35.119 0.0000000000
75398  50.184  -24.373  55.043 0.0000000000
75437  50.430  -23.902  54.199 0.0000000000
75454  50.387  -23.985  53.858 0.0000000000
75519  49.278  -23.722  48.210 0.0000000000
75751  52.628  -23.492  37.497 0.0000000000
76914  58.178  -22.679  39.071 0.0000000000
76952  57.028  -23.094  36.286 0.0000000000
77933  49.559  -21.498  51.111 0.0000000000
77952  51.008  -21.695  50.480 0.0000000000
