#!ascii label  , from subject 3060 vox2ras=TkReg
894
55716  27.732  -40.002  66.041 0.0000000000
80465  44.506  -20.670  48.922 0.0000000000
77929  53.099  -21.152  50.554 0.0000000000
69582  45.015  -28.610  60.752 0.0000000000
53610  33.771  -42.587  63.762 0.0000000000
50002  31.300  -44.473  66.006 0.0000000000
81642  49.465  -19.198  49.335 0.0000000000
79072  49.260  -20.902  55.628 0.0000000000
69573  41.133  -29.685  62.359 0.0000000000
58169  36.114  -38.300  64.577 0.0000000000
75625  58.611  -23.249  42.355 0.0000000000
75540  54.993  -23.625  47.229 0.0000000000
70760  43.953  -28.127  56.918 0.0000000000
75382  46.781  -23.561  56.657 0.0000000000
54660  30.083  -42.366  64.542 0.0000000000
53546  28.685  -42.624  66.688 0.0000000000
80446  46.810  -19.421  49.475 0.0000000000
82727  49.149  -18.547  52.734 0.0000000000
80385  46.924  -19.689  52.224 0.0000000000
61473  41.765  -34.804  62.109 0.0000000000
53542  34.168  -42.479  65.620 0.0000000000
56984  34.447  -40.048  64.426 0.0000000000
53576  36.035  -41.947  64.629 0.0000000000
78045  58.568  -21.734  43.577 0.0000000000
74360  56.678  -23.657  43.255 0.0000000000
75553  56.794  -23.392  45.034 0.0000000000
79210  52.846  -21.037  48.170 0.0000000000
75541  52.751  -23.213  45.911 0.0000000000
76755  54.350  -22.348  49.344 0.0000000000
73076  53.606  -24.523  48.393 0.0000000000
74263  51.441  -23.717  49.035 0.0000000000
69570  43.284  -29.544  61.685 0.0000000000
69616  42.726  -29.343  59.878 0.0000000000
71800  44.265  -27.066  59.974 0.0000000000
72996  45.541  -26.283  56.337 0.0000000000
74093  45.892  -26.079  59.586 0.0000000000
74124  47.594  -25.555  58.392 0.0000000000
69604  47.421  -28.453  59.355 0.0000000000
52377  32.812  -43.646  65.423 0.0000000000
79226  50.269  -21.244  47.015 0.0000000000
81626  52.296  -19.168  50.200 0.0000000000
81565  50.755  -19.076  52.460 0.0000000000
77884  49.925  -22.139  54.360 0.0000000000
64923  37.855  -33.651  64.065 0.0000000000
66113  40.127  -32.545  63.427 0.0000000000
66144  42.528  -31.553  62.222 0.0000000000
64967  44.385  -31.393  60.802 0.0000000000
65013  45.620  -30.746  59.548 0.0000000000
62608  36.017  -34.859  63.471 0.0000000000
59326  37.713  -37.233  64.188 0.0000000000
75679  57.534  -22.865  40.761 0.0000000000
78009  56.003  -21.825  45.274 0.0000000000
74304  55.392  -24.615  46.783 0.0000000000
71950  51.722  -25.753  45.703 0.0000000000
77914  45.993  -21.678  52.244 0.0000000000
79057  47.893  -21.926  56.338 0.0000000000
74154  49.530  -24.680  56.723 0.0000000000
54630  27.760  -41.211  66.376 0.0000000000
54629  28.107  -41.432  66.148 0.0000000000
52364  28.156  -42.539  67.040 0.0000000000
80464  45.479  -20.606  48.898 0.0000000000
81612  46.929  -19.427  50.643 0.0000000000
80426  45.904  -20.070  50.268 0.0000000000
53557  35.362  -41.901  64.752 0.0000000000
79273  57.279  -20.841  43.192 0.0000000000
76829  57.943  -22.414  44.156 0.0000000000
78030  57.315  -21.548  44.497 0.0000000000
80440  53.323  -20.470  49.993 0.0000000000
77975  53.661  -21.406  48.637 0.0000000000
76715  53.631  -22.062  49.887 0.0000000000
74248  52.742  -23.361  49.574 0.0000000000
69568  44.524  -29.094  61.231 0.0000000000
70665  43.838  -28.123  61.031 0.0000000000
71756  45.047  -27.369  61.290 0.0000000000
72910  45.134  -26.820  59.967 0.0000000000
71777  45.659  -27.287  60.145 0.0000000000
71798  46.644  -27.227  59.501 0.0000000000
69594  46.303  -28.632  60.066 0.0000000000
53561  31.196  -43.369  65.389 0.0000000000
51172  32.308  -44.072  66.126 0.0000000000
51171  33.234  -44.042  65.883 0.0000000000
80473  48.226  -20.241  48.360 0.0000000000
79228  48.380  -21.340  46.923 0.0000000000
80460  49.732  -19.683  48.746 0.0000000000
80470  50.969  -20.232  48.186 0.0000000000
81628  50.453  -18.900  49.750 0.0000000000
81585  51.613  -19.104  51.369 0.0000000000
82767  50.799  -18.235  51.278 0.0000000000
81530  49.221  -19.494  53.859 0.0000000000
81528  50.111  -19.884  53.843 0.0000000000
79087  49.755  -21.533  54.684 0.0000000000
75418  50.275  -24.165  54.937 0.0000000000
76643  50.133  -22.935  55.588 0.0000000000
62582  38.775  -34.628  63.647 0.0000000000
64921  39.068  -33.239  63.583 0.0000000000
63782  40.342  -34.143  63.302 0.0000000000
63795  41.694  -33.120  62.167 0.0000000000
66157  43.551  -31.229  61.481 0.0000000000
58171  35.391  -39.112  64.311 0.0000000000
60402  35.392  -37.453  63.789 0.0000000000
61445  35.963  -36.534  64.626 0.0000000000
61442  37.023  -35.668  64.938 0.0000000000
58167  37.236  -37.803  64.352 0.0000000000
78059  59.599  -21.751  42.471 0.0000000000
75652  58.057  -23.103  41.711 0.0000000000
74343  55.041  -23.914  44.040 0.0000000000
76791  53.645  -23.167  46.474 0.0000000000
76809  53.339  -22.722  45.347 0.0000000000
76808  54.480  -22.756  45.745 0.0000000000
79244  54.434  -21.483  44.660 0.0000000000
76807  55.504  -22.711  45.920 0.0000000000
76788  56.120  -23.343  46.257 0.0000000000
75529  55.338  -23.863  47.016 0.0000000000
73078  51.811  -24.837  47.951 0.0000000000
73093  52.472  -25.398  47.273 0.0000000000
68481  40.065  -30.481  62.293 0.0000000000
68498  41.148  -30.766  60.782 0.0000000000
70735  43.494  -28.534  58.364 0.0000000000
68523  42.807  -29.872  57.468 0.0000000000
74155  46.028  -24.947  57.090 0.0000000000
73014  45.373  -25.630  54.729 0.0000000000
74203  45.882  -24.277  54.524 0.0000000000
75457  46.268  -23.124  52.784 0.0000000000
75439  46.683  -23.188  54.405 0.0000000000
77885  46.771  -21.565  54.310 0.0000000000
76633  47.252  -23.101  56.617 0.0000000000
71815  48.171  -26.933  58.143 0.0000000000
74139  48.621  -25.150  57.596 0.0000000000
71832  49.064  -26.475  57.017 0.0000000000
70746  49.769  -27.114  56.031 0.0000000000
53545  29.233  -43.216  65.870 0.0000000000
51175  29.925  -44.058  67.126 0.0000000000
50019  30.886  -45.020  65.911 0.0000000000
51190  29.658  -44.318  66.783 0.0000000000
81644  47.910  -19.281  49.671 0.0000000000
81610  49.050  -18.434  51.292 0.0000000000
81611  47.797  -19.197  50.897 0.0000000000
81567  48.059  -19.320  52.579 0.0000000000
81532  48.064  -19.712  53.889 0.0000000000
53560  33.989  -42.368  65.278 0.0000000000
55766  34.081  -41.095  64.046 0.0000000000
54642  34.637  -41.506  64.958 0.0000000000
55730  35.409  -40.370  64.931 0.0000000000
55729  35.944  -40.082  64.811 0.0000000000
56983  37.224  -39.465  64.268 0.0000000000
54656  37.248  -41.116  64.259 0.0000000000
76852  59.224  -22.278  43.104 0.0000000000
75626  57.521  -23.320  42.796 0.0000000000
75567  57.919  -23.046  43.940 0.0000000000
74322  56.982  -23.828  44.311 0.0000000000
74324  55.686  -24.268  44.843 0.0000000000
77984  51.589  -22.040  47.454 0.0000000000
76780  53.125  -22.728  47.421 0.0000000000
77981  54.011  -22.344  48.072 0.0000000000
76777  54.583  -22.964  48.406 0.0000000000
74292  54.686  -24.198  48.052 0.0000000000
74260  53.798  -23.579  48.871 0.0000000000
73065  52.119  -24.587  48.745 0.0000000000
69571  42.491  -29.592  62.041 0.0000000000
69597  41.835  -29.715  61.444 0.0000000000
70666  42.964  -28.838  61.307 0.0000000000
70704  43.504  -28.130  60.084 0.0000000000
70734  43.923  -27.904  58.412 0.0000000000
71860  45.237  -27.048  56.672 0.0000000000
71834  44.921  -26.733  58.578 0.0000000000
74141  45.662  -25.557  57.977 0.0000000000
75333  46.439  -24.470  58.241 0.0000000000
76606  46.934  -23.711  57.942 0.0000000000
75313  47.103  -25.102  58.739 0.0000000000
71797  47.113  -27.131  59.037 0.0000000000
68504  47.930  -28.906  58.364 0.0000000000
53596  30.891  -43.129  63.951 0.0000000000
53595  31.675  -43.494  64.456 0.0000000000
52409  33.282  -43.327  64.466 0.0000000000
52358  33.566  -43.399  65.662 0.0000000000
51188  34.083  -44.083  65.519 0.0000000000
79211  51.689  -20.964  47.994 0.0000000000
80457  52.424  -20.131  49.175 0.0000000000
80401  53.161  -20.021  50.704 0.0000000000
80403  51.442  -19.584  51.440 0.0000000000
80384  50.585  -19.711  52.036 0.0000000000
77899  49.707  -21.349  53.218 0.0000000000
82725  50.453  -18.217  52.421 0.0000000000
79117  49.875  -20.740  53.724 0.0000000000
64970  37.149  -32.858  62.709 0.0000000000
66146  37.854  -32.563  62.794 0.0000000000
67330  39.384  -31.423  63.259 0.0000000000
68463  40.284  -30.724  63.254 0.0000000000
62593  40.869  -34.183  62.858 0.0000000000
66129  41.415  -31.786  62.609 0.0000000000
68461  41.830  -30.522  62.668 0.0000000000
68469  42.998  -30.370  62.157 0.0000000000
68479  44.056  -30.089  61.621 0.0000000000
66155  44.874  -30.519  60.745 0.0000000000
66171  45.602  -30.184  60.057 0.0000000000
64983  44.995  -31.107  60.341 0.0000000000
63783  37.274  -34.146  63.877 0.0000000000
61454  37.824  -35.461  63.879 0.0000000000
60399  38.565  -36.308  63.622 0.0000000000
56982  37.950  -38.999  64.021 0.0000000000
58183  38.957  -37.999  63.612 0.0000000000
75700  59.064  -22.891  39.554 0.0000000000
79257  55.869  -21.019  44.436 0.0000000000
78008  56.901  -22.042  45.059 0.0000000000
74313  56.239  -24.079  45.319 0.0000000000
74315  54.653  -25.075  45.688 0.0000000000
73107  54.387  -25.211  47.168 0.0000000000
73125  53.446  -25.458  45.939 0.0000000000
73126  52.561  -25.463  45.477 0.0000000000
67379  41.726  -30.949  59.007 0.0000000000
77935  44.575  -21.897  50.412 0.0000000000
79172  44.923  -20.851  50.615 0.0000000000
79132  46.163  -20.929  52.458 0.0000000000
80336  47.199  -20.672  54.713 0.0000000000
80295  48.477  -21.178  55.972 0.0000000000
76618  47.603  -23.200  57.236 0.0000000000
76616  48.756  -23.080  56.994 0.0000000000
76631  49.558  -22.934  56.427 0.0000000000
72995  50.130  -25.418  55.622 0.0000000000
67367  46.953  -29.716  59.314 0.0000000000
67378  47.237  -29.718  58.732 0.0000000000
55715  27.983  -40.419  65.819 0.0000000000
53547  28.223  -42.089  66.940 0.0000000000
80448  44.993  -20.557  49.455 0.0000000000
80447  45.952  -20.046  49.698 0.0000000000
79256  56.915  -20.980  44.152 0.0000000000
79145  53.231  -20.861  50.423 0.0000000000
79171  53.403  -21.047  50.107 0.0000000000
76716  53.273  -21.783  50.258 0.0000000000
75477  52.767  -22.334  50.345 0.0000000000
76739  52.383  -22.205  50.620 0.0000000000
69583  44.697  -28.456  60.919 0.0000000000
69584  44.562  -28.209  60.895 0.0000000000
70662  44.954  -27.992  61.197 0.0000000000
71778  44.962  -27.314  60.709 0.0000000000
70682  45.147  -27.876  60.586 0.0000000000
70681  46.058  -27.811  60.106 0.0000000000
69595  45.620  -28.415  60.430 0.0000000000
51174  30.807  -44.010  67.015 0.0000000000
51173  31.461  -44.084  66.287 0.0000000000
50018  31.485  -45.000  65.730 0.0000000000
80461  48.787  -19.564  48.836 0.0000000000
80472  49.279  -20.282  48.265 0.0000000000
81641  50.060  -19.385  49.194 0.0000000000
81608  51.065  -18.480  50.627 0.0000000000
81609  50.144  -18.298  50.728 0.0000000000
81484  49.429  -20.245  54.687 0.0000000000
81503  49.746  -20.197  54.327 0.0000000000
79070  49.659  -21.785  54.990 0.0000000000
77858  49.703  -22.140  55.126 0.0000000000
61452  39.207  -35.444  63.504 0.0000000000
62581  39.475  -34.476  63.488 0.0000000000
62595  39.973  -34.727  63.405 0.0000000000
58170  35.791  -38.675  64.492 0.0000000000
59311  35.649  -37.982  64.256 0.0000000000
60401  35.680  -37.035  64.263 0.0000000000
59310  35.996  -37.505  64.576 0.0000000000
59309  36.290  -37.167  64.603 0.0000000000
58168  36.554  -38.028  64.468 0.0000000000
76870  59.532  -22.617  42.401 0.0000000000
75624  59.377  -23.206  42.063 0.0000000000
76790  54.804  -23.377  46.786 0.0000000000
75539  55.310  -23.674  46.871 0.0000000000
76789  55.793  -23.299  46.410 0.0000000000
73079  50.713  -24.613  47.749 0.0000000000
73094  51.254  -25.276  47.200 0.0000000000
68480  40.654  -30.006  62.382 0.0000000000
68489  40.112  -30.739  61.685 0.0000000000
68488  40.981  -30.177  61.608 0.0000000000
70749  43.567  -28.626  57.439 0.0000000000
70761  43.498  -28.569  56.517 0.0000000000
75383  46.448  -24.130  56.432 0.0000000000
74172  46.160  -24.769  55.947 0.0000000000
75401  46.396  -24.001  55.518 0.0000000000
75421  46.297  -23.860  54.633 0.0000000000
75400  46.700  -23.405  55.940 0.0000000000
76656  47.194  -22.753  55.446 0.0000000000
70733  48.384  -27.532  57.883 0.0000000000
71833  48.547  -26.495  57.532 0.0000000000
69625  48.802  -28.023  57.387 0.0000000000
69642  49.277  -27.930  56.725 0.0000000000
54628  28.473  -42.355  65.777 0.0000000000
54644  29.173  -42.011  65.223 0.0000000000
52362  29.782  -43.369  66.993 0.0000000000
51176  29.184  -43.860  67.014 0.0000000000
79199  46.492  -20.434  48.332 0.0000000000
79216  46.580  -20.764  47.801 0.0000000000
80475  46.716  -20.344  48.295 0.0000000000
80474  47.212  -20.223  48.311 0.0000000000
80462  47.559  -19.471  49.108 0.0000000000
81631  47.280  -19.159  49.872 0.0000000000
81569  46.881  -19.598  51.879 0.0000000000
81588  47.183  -19.387  51.501 0.0000000000
81568  47.275  -19.452  52.286 0.0000000000
81552  48.087  -19.522  53.239 0.0000000000
81553  47.515  -19.722  53.058 0.0000000000
53543  33.937  -42.624  65.815 0.0000000000
54643  34.133  -41.363  64.683 0.0000000000
53559  34.340  -42.130  65.108 0.0000000000
54640  35.492  -41.102  65.002 0.0000000000
54639  36.181  -40.679  64.707 0.0000000000
55749  36.879  -40.414  64.401 0.0000000000
79272  58.252  -20.885  43.046 0.0000000000
78044  59.197  -21.739  43.082 0.0000000000
76853  58.489  -22.603  43.458 0.0000000000
76804  57.521  -22.545  44.551 0.0000000000
75568  57.270  -23.477  44.316 0.0000000000
74312  56.772  -23.773  44.685 0.0000000000
74323  56.494  -23.982  44.517 0.0000000000
77983  52.544  -21.897  47.763 0.0000000000
77965  54.342  -22.071  49.181 0.0000000000
77974  54.176  -21.878  48.756 0.0000000000
77973  54.447  -22.316  48.884 0.0000000000
76778  54.520  -22.908  47.975 0.0000000000
76767  54.564  -22.717  48.970 0.0000000000
74259  54.345  -23.348  48.760 0.0000000000
74246  54.062  -23.087  49.312 0.0000000000
74249  51.896  -23.479  49.749 0.0000000000
74262  52.352  -23.863  48.957 0.0000000000
73066  51.330  -24.401  48.432 0.0000000000
70649  42.768  -29.293  61.649 0.0000000000
70648  43.211  -29.057  61.435 0.0000000000
70684  43.893  -27.794  60.360 0.0000000000
70703  43.944  -27.670  59.729 0.0000000000
70718  44.063  -27.709  59.056 0.0000000000
71835  44.483  -27.354  58.441 0.0000000000
71818  44.498  -27.269  59.265 0.0000000000
72909  45.430  -26.615  59.714 0.0000000000
72929  45.469  -26.370  59.394 0.0000000000
74109  45.820  -25.679  59.128 0.0000000000
74140  45.891  -24.712  57.808 0.0000000000
74125  45.746  -25.046  58.734 0.0000000000
75315  46.350  -24.864  58.575 0.0000000000
74107  46.279  -25.624  59.130 0.0000000000
70702  46.799  -28.065  59.703 0.0000000000
70701  47.268  -27.648  59.231 0.0000000000
70717  47.768  -27.900  58.890 0.0000000000
69603  47.811  -28.692  58.883 0.0000000000
54674  30.156  -42.447  63.469 0.0000000000
52378  31.851  -43.715  65.535 0.0000000000
53578  31.549  -43.558  65.063 0.0000000000
52395  32.216  -43.701  64.975 0.0000000000
52410  32.518  -43.547  64.384 0.0000000000
52394  33.030  -43.517  64.933 0.0000000000
52376  33.530  -43.172  65.338 0.0000000000
79227  49.348  -21.244  46.922 0.0000000000
79212  50.637  -20.777  47.692 0.0000000000
80443  52.028  -19.429  49.531 0.0000000000
80458  51.619  -20.004  48.775 0.0000000000
80442  52.679  -19.724  49.774 0.0000000000
81625  52.822  -19.623  50.294 0.0000000000
81584  52.764  -19.705  50.745 0.0000000000
80402  52.452  -19.759  51.007 0.0000000000
81606  52.456  -19.372  50.707 0.0000000000
82747  51.217  -18.442  51.483 0.0000000000
80383  50.703  -19.453  52.239 0.0000000000
79131  50.270  -20.271  52.578 0.0000000000
79130  50.438  -20.172  53.086 0.0000000000
82750  49.424  -18.192  52.170 0.0000000000
82749  50.095  -17.876  52.144 0.0000000000
82726  49.817  -18.314  52.576 0.0000000000
79104  49.816  -21.230  54.188 0.0000000000
80355  50.150  -20.244  53.712 0.0000000000
77898  49.867  -21.701  53.870 0.0000000000
76683  50.263  -22.887  54.241 0.0000000000
66134  37.649  -33.219  63.467 0.0000000000
66147  37.490  -32.827  63.021 0.0000000000
66133  37.945  -32.857  63.309 0.0000000000
64920  39.779  -33.127  63.508 0.0000000000
67320  38.936  -32.343  63.357 0.0000000000
67318  39.790  -31.978  63.492 0.0000000000
67329  40.179  -31.572  63.414 0.0000000000
62607  41.365  -34.229  62.513 0.0000000000
64953  41.962  -32.264  62.173 0.0000000000
64937  41.323  -32.683  62.447 0.0000000000
66145  41.911  -31.903  62.346 0.0000000000
67340  42.228  -31.402  62.451 0.0000000000
68460  42.528  -30.540  62.428 0.0000000000
67339  42.924  -31.049  62.385 0.0000000000
64968  43.895  -31.740  60.935 0.0000000000
67349  43.849  -30.650  61.545 0.0000000000
66156  44.394  -31.045  61.024 0.0000000000
67348  44.537  -30.286  61.219 0.0000000000
66173  44.741  -30.894  60.660 0.0000000000
66172  45.127  -30.774  60.396 0.0000000000
64984  44.625  -31.408  60.498 0.0000000000
55750  34.349  -40.870  64.367 0.0000000000
57009  34.238  -40.039  63.147 0.0000000000
56997  34.149  -40.215  63.971 0.0000000000
62609  35.556  -35.186  63.097 0.0000000000
62620  35.436  -35.169  62.046 0.0000000000
63797  35.968  -34.503  63.137 0.0000000000
63812  36.221  -33.925  62.895 0.0000000000
63796  36.354  -34.274  63.474 0.0000000000
60386  37.361  -36.144  64.252 0.0000000000
61441  37.400  -35.493  64.206 0.0000000000
60400  37.783  -36.263  63.926 0.0000000000
61453  38.341  -35.464  63.707 0.0000000000
59325  38.169  -37.202  63.814 0.0000000000
56963  37.455  -38.631  64.254 0.0000000000
75678  58.538  -22.815  40.679 0.0000000000
75701  58.128  -22.760  39.654 0.0000000000
75702  57.168  -22.971  39.650 0.0000000000
76792  52.538  -23.091  46.669 0.0000000000
75542  51.857  -23.320  46.040 0.0000000000
78010  55.027  -22.050  45.212 0.0000000000
79243  55.247  -21.407  44.816 0.0000000000
79258  54.756  -21.062  44.282 0.0000000000
78031  56.637  -21.427  44.731 0.0000000000
74303  55.943  -24.229  46.252 0.0000000000
75554  56.309  -23.679  45.810 0.0000000000
74314  55.437  -24.960  45.882 0.0000000000
73075  54.129  -24.457  48.257 0.0000000000
73090  54.825  -24.559  47.565 0.0000000000
73092  53.577  -25.145  47.683 0.0000000000
73109  52.588  -25.728  46.295 0.0000000000
73108  53.516  -25.502  46.800 0.0000000000
69607  42.400  -29.484  60.530 0.0000000000
68497  41.802  -30.245  60.827 0.0000000000
68507  42.412  -30.062  59.565 0.0000000000
74204  45.541  -24.714  54.261 0.0000000000
76699  45.838  -22.519  52.101 0.0000000000
76721  45.346  -22.665  51.443 0.0000000000
77915  45.514  -21.783  51.619 0.0000000000
79152  44.808  -21.273  50.679 0.0000000000
79133  45.825  -21.233  51.777 0.0000000000
79150  45.997  -20.778  51.620 0.0000000000
77900  46.215  -21.558  52.985 0.0000000000
79074  47.742  -21.795  55.838 0.0000000000
79105  46.897  -20.950  54.627 0.0000000000
79089  47.708  -21.136  55.546 0.0000000000
80313  48.101  -20.999  55.641 0.0000000000
80296  48.184  -21.354  55.874 0.0000000000
75331  47.053  -24.263  58.428 0.0000000000
76605  47.179  -23.674  57.897 0.0000000000
76604  47.549  -23.760  57.766 0.0000000000
74138  49.195  -24.676  57.217 0.0000000000
75346  48.817  -24.137  57.266 0.0000000000
75345  49.362  -24.114  56.975 0.0000000000
76632  49.184  -22.982  56.733 0.0000000000
75363  49.559  -23.786  56.521 0.0000000000
74153  49.714  -24.298  56.200 0.0000000000
72980  49.899  -25.340  56.180 0.0000000000
70759  50.247  -27.032  55.606 0.0000000000
64999  45.511  -30.657  59.776 0.0000000000
67368  46.205  -29.780  59.725 0.0000000000
66186  45.869  -30.325  59.639 0.0000000000
54645  28.444  -41.658  65.597 0.0000000000
52363  28.886  -43.095  67.027 0.0000000000
79200  46.109  -20.584  48.406 0.0000000000
80463  46.547  -20.112  48.825 0.0000000000
81632  46.502  -19.448  50.024 0.0000000000
81633  46.153  -19.750  50.108 0.0000000000
81613  46.354  -19.798  50.479 0.0000000000
81589  46.666  -19.781  51.225 0.0000000000
52375  34.339  -43.289  65.536 0.0000000000
52356  34.348  -42.673  65.447 0.0000000000
52374  34.870  -42.711  64.903 0.0000000000
52373  35.556  -42.460  64.629 0.0000000000
79255  57.768  -21.199  43.877 0.0000000000
78029  57.859  -21.782  44.196 0.0000000000
78007  57.514  -22.143  44.636 0.0000000000
76805  57.101  -22.674  44.908 0.0000000000
79196  53.437  -20.914  49.088 0.0000000000
79209  53.374  -21.093  48.488 0.0000000000
79195  53.664  -21.195  49.270 0.0000000000
77966  53.969  -21.698  49.389 0.0000000000
76737  54.085  -22.192  49.574 0.0000000000
75491  53.633  -22.421  49.726 0.0000000000
75492  53.019  -22.669  49.861 0.0000000000
69569  44.231  -29.026  61.361 0.0000000000
70647  43.971  -28.624  61.292 0.0000000000
70664  44.554  -27.805  61.426 0.0000000000
71780  44.484  -27.461  60.465 0.0000000000
71799  44.890  -26.934  60.028 0.0000000000
71779  44.929  -27.122  60.533 0.0000000000
72908  45.653  -26.770  59.809 0.0000000000
74092  46.118  -26.185  59.578 0.0000000000
69605  46.864  -28.587  59.733 0.0000000000
53579  30.968  -43.138  64.853 0.0000000000
52379  31.120  -43.602  65.780 0.0000000000
52360  31.643  -43.868  66.020 0.0000000000
52359  32.570  -43.795  65.856 0.0000000000
79215  47.755  -20.729  47.613 0.0000000000
79214  48.805  -20.741  47.545 0.0000000000
79213  49.779  -20.711  47.520 0.0000000000
80459  50.618  -19.676  48.866 0.0000000000
80444  51.273  -19.339  49.389 0.0000000000
81627  51.568  -18.843  50.021 0.0000000000
81607  51.750  -18.724  50.826 0.0000000000
82724  50.953  -18.457  52.125 0.0000000000
82684  49.143  -19.162  53.397 0.0000000000
82683  49.640  -19.146  53.333 0.0000000000
81529  49.707  -19.625  53.832 0.0000000000
80331  49.859  -20.595  54.154 0.0000000000
76669  50.359  -23.099  54.715 0.0000000000
76655  50.331  -22.928  55.014 0.0000000000
75399  50.181  -23.992  55.276 0.0000000000
74188  50.052  -24.695  55.298 0.0000000000
63772  38.493  -33.937  63.943 0.0000000000
64922  38.385  -33.420  63.774 0.0000000000
63771  39.249  -33.842  63.531 0.0000000000
63769  40.372  -33.464  63.241 0.0000000000
62606  41.898  -33.819  62.085 0.0000000000
64952  42.388  -32.213  61.844 0.0000000000
66158  42.921  -31.481  61.864 0.0000000000
64969  43.065  -31.779  61.458 0.0000000000
58172  34.909  -39.318  64.186 0.0000000000
58186  34.495  -39.462  64.013 0.0000000000
59328  35.133  -38.447  63.696 0.0000000000
60425  34.676  -37.209  62.738 0.0000000000
60424  34.986  -36.642  63.311 0.0000000000
61467  35.313  -35.989  63.595 0.0000000000
61455  36.108  -35.798  64.394 0.0000000000
62585  36.545  -35.038  64.170 0.0000000000
61443  36.209  -35.624  65.453 0.0000000000
60388  36.467  -36.092  64.680 0.0000000000
59307  37.339  -36.770  64.353 0.0000000000
75650  59.549  -22.892  41.235 0.0000000000
75651  58.980  -23.139  41.472 0.0000000000
74342  56.153  -23.983  43.951 0.0000000000
78011  54.119  -22.186  44.837 0.0000000000
76806  56.369  -22.948  45.761 0.0000000000
75538  55.957  -23.644  46.466 0.0000000000
73077  52.775  -24.961  48.260 0.0000000000
71938  51.586  -25.670  46.475 0.0000000000
67350  39.425  -30.934  62.003 0.0000000000
69615  42.970  -29.163  59.134 0.0000000000
68506  42.715  -29.664  59.107 0.0000000000
69627  43.104  -29.179  58.016 0.0000000000
68540  42.794  -29.697  56.585 0.0000000000
74173  45.770  -25.576  56.410 0.0000000000
73008  45.662  -25.952  55.579 0.0000000000
74190  45.645  -25.128  55.339 0.0000000000
75441  45.857  -24.033  53.322 0.0000000000
75458  45.495  -23.688  52.184 0.0000000000
75440  46.434  -23.403  53.772 0.0000000000
76686  46.491  -22.365  53.392 0.0000000000
77886  46.485  -21.525  53.669 0.0000000000
76670  46.949  -22.485  54.570 0.0000000000
77860  47.451  -22.288  55.838 0.0000000000
77845  47.627  -22.419  56.571 0.0000000000
72948  48.116  -26.053  58.050 0.0000000000
75329  48.184  -24.731  57.905 0.0000000000
72968  48.584  -25.791  57.557 0.0000000000
72967  49.122  -25.554  57.145 0.0000000000
71847  49.486  -26.034  56.589 0.0000000000
70747  49.325  -27.138  56.600 0.0000000000
55751  29.181  -41.578  64.597 0.0000000000
53562  30.383  -43.033  65.454 0.0000000000
52361  30.649  -43.655  66.362 0.0000000000
50003  30.775  -44.600  66.709 0.0000000000
50004  30.245  -44.659  66.768 0.0000000000
50020  30.117  -44.415  65.824 0.0000000000
52380  28.815  -43.433  66.760 0.0000000000
81643  48.555  -19.172  49.493 0.0000000000
81629  49.316  -18.684  50.070 0.0000000000
81630  48.336  -19.062  50.225 0.0000000000
81586  48.681  -18.644  52.302 0.0000000000
81587  48.014  -19.123  51.819 0.0000000000
81551  48.555  -19.330  53.385 0.0000000000
81505  48.866  -19.751  54.400 0.0000000000
80334  48.616  -20.161  54.828 0.0000000000
61465  40.100  -35.329  63.189 0.0000000000
53594  33.915  -42.304  64.252 0.0000000000
54673  33.984  -41.794  63.932 0.0000000000
54659  34.141  -41.652  64.341 0.0000000000
55732  34.604  -40.724  64.732 0.0000000000
53558  34.830  -42.205  65.062 0.0000000000
54641  34.902  -41.243  65.121 0.0000000000
55731  34.929  -40.545  65.032 0.0000000000
56967  35.395  -39.704  64.689 0.0000000000
56966  35.834  -39.393  64.686 0.0000000000
56965  36.286  -39.074  64.609 0.0000000000
56964  36.864  -38.804  64.397 0.0000000000
55728  36.534  -39.765  64.529 0.0000000000
75596  58.975  -22.933  42.791 0.0000000000
75597  58.220  -23.117  43.170 0.0000000000
74359  57.190  -23.612  43.589 0.0000000000
74340  57.230  -23.718  44.012 0.0000000000
74341  56.864  -23.905  43.965 0.0000000000
74325  54.495  -24.713  44.966 0.0000000000
76793  51.453  -22.898  46.772 0.0000000000
76781  52.256  -22.625  47.273 0.0000000000
77982  53.530  -21.885  48.187 0.0000000000
76779  54.023  -22.812  47.544 0.0000000000
75531  54.752  -23.471  47.446 0.0000000000
75530  54.800  -23.573  47.688 0.0000000000
74274  54.663  -23.753  48.192 0.0000000000
74275  54.223  -24.069  48.380 0.0000000000
74247  53.495  -23.191  49.433 0.0000000000
74261  53.202  -23.883  48.799 0.0000000000
73064  52.877  -24.531  48.743 0.0000000000
69572  41.692  -29.672  62.354 0.0000000000
69598  41.278  -29.695  61.829 0.0000000000
69585  42.286  -29.431  61.736 0.0000000000
69596  42.619  -29.049  61.041 0.0000000000
69606  43.025  -28.788  60.148 0.0000000000
70685  43.210  -28.319  60.749 0.0000000000
70719  43.452  -28.178  59.288 0.0000000000
70748  43.826  -28.124  57.731 0.0000000000
71861  44.520  -27.661  56.450 0.0000000000
71849  44.425  -27.603  57.508 0.0000000000
71848  44.915  -26.787  57.734 0.0000000000
72982  45.245  -26.149  57.104 0.0000000000
71817  44.962  -26.810  59.392 0.0000000000
72950  45.319  -26.162  58.673 0.0000000000
74156  45.545  -25.680  57.330 0.0000000000
75365  46.467  -24.192  57.264 0.0000000000
75364  46.834  -23.703  57.300 0.0000000000
75332  46.748  -24.212  58.270 0.0000000000
75312  47.104  -25.378  58.686 0.0000000000
74091  46.284  -26.305  59.477 0.0000000000
72926  47.035  -26.480  58.848 0.0000000000
72949  47.558  -26.281  58.439 0.0000000000
71816  47.603  -27.032  58.604 0.0000000000
70716  48.058  -27.544  58.456 0.0000000000
53611  33.213  -43.246  63.437 0.0000000000
53612  32.088  -43.493  63.462 0.0000000000
52427  32.948  -43.471  63.950 0.0000000000
52426  33.560  -43.133  64.030 0.0000000000
52393  33.631  -42.944  64.916 0.0000000000
53544  33.756  -42.871  65.623 0.0000000000
52357  34.080  -42.966  66.007 0.0000000000
51170  33.882  -43.558  65.806 0.0000000000
79198  52.329  -20.544  48.543 0.0000000000
80441  53.231  -20.136  49.948 0.0000000000
80425  53.277  -20.196  50.406 0.0000000000
79147  52.843  -20.338  50.780 0.0000000000
77930  52.463  -21.007  50.644 0.0000000000
79148  51.994  -20.237  51.031 0.0000000000
79149  50.709  -20.104  51.489 0.0000000000
82768  50.120  -17.972  51.567 0.0000000000
82748  50.743  -17.958  51.930 0.0000000000
82682  50.108  -19.231  53.280 0.0000000000
81550  50.359  -19.479  53.162 0.0000000000
80371  50.478  -19.828  53.107 0.0000000000
79118  49.912  -20.701  53.384 0.0000000000
64986  37.057  -32.784  62.127 0.0000000000
67352  38.349  -32.133  62.548 0.0000000000
66116  38.313  -32.985  63.552 0.0000000000
67331  38.548  -32.375  63.211 0.0000000000
67351  38.812  -31.430  62.335 0.0000000000
67341  39.333  -30.943  62.723 0.0000000000
68473  40.000  -30.408  62.955 0.0000000000
68472  40.943  -30.083  62.833 0.0000000000
62594  40.482  -34.501  63.168 0.0000000000
63781  40.628  -33.558  63.001 0.0000000000
63780  41.155  -33.564  62.605 0.0000000000
64938  40.780  -32.617  62.786 0.0000000000
67328  41.205  -31.214  63.013 0.0000000000
68462  41.037  -30.632  63.080 0.0000000000
68471  41.697  -30.065  62.630 0.0000000000
68470  42.450  -30.054  62.294 0.0000000000
66143  43.211  -31.007  62.025 0.0000000000
67338  43.406  -30.463  61.880 0.0000000000
68468  43.868  -29.791  61.651 0.0000000000
68467  44.350  -29.370  61.375 0.0000000000
68478  44.608  -29.432  61.204 0.0000000000
68477  45.043  -29.257  60.815 0.0000000000
68486  45.582  -29.199  60.468 0.0000000000
67358  45.364  -30.005  60.525 0.0000000000
66187  45.403  -30.602  60.065 0.0000000000
65000  45.219  -31.061  60.035 0.0000000000
65001  44.838  -31.455  60.176 0.0000000000
63858  44.889  -31.520  59.773 0.0000000000
55781  34.066  -41.149  63.462 0.0000000000
58210  34.314  -39.010  62.741 0.0000000000
64971  36.740  -33.290  62.557 0.0000000000
64939  37.311  -33.708  63.603 0.0000000000
64924  37.624  -33.717  63.911 0.0000000000
62574  36.746  -35.025  65.079 0.0000000000
63763  37.221  -34.572  64.149 0.0000000000
63761  38.064  -34.247  64.288 0.0000000000
62583  38.028  -34.790  63.976 0.0000000000
60398  39.064  -36.289  63.510 0.0000000000
58185  37.898  -38.015  64.210 0.0000000000
58184  38.422  -38.051  63.870 0.0000000000
59324  38.826  -37.090  63.500 0.0000000000
56938  27.276  -39.631  65.766 0.0000000000
76913  58.500  -22.826  39.068 0.0000000000
74291  55.036  -24.245  47.518 0.0000000000
73106  54.911  -24.773  47.300 0.0000000000
73123  55.020  -25.113  46.732 0.0000000000
73124  54.397  -25.252  46.281 0.0000000000
73138  54.082  -25.100  45.610 0.0000000000
73140  52.436  -25.059  44.689 0.0000000000
80466  44.147  -20.728  49.077 0.0000000000
68487  41.553  -30.050  61.350 0.0000000000
67369  41.450  -30.737  59.959 0.0000000000
75480  45.087  -23.461  51.359 0.0000000000
79174  43.740  -21.544  49.593 0.0000000000
79173  44.420  -21.164  50.081 0.0000000000
80428  44.583  -20.756  49.674 0.0000000000
80406  45.255  -20.654  50.737 0.0000000000
80405  45.943  -20.403  50.908 0.0000000000
80386  46.573  -20.172  51.993 0.0000000000
79119  46.317  -20.931  53.334 0.0000000000
80358  46.630  -20.635  53.572 0.0000000000
80357  47.119  -20.308  53.856 0.0000000000
80356  47.659  -20.031  54.057 0.0000000000
80312  48.512  -20.602  55.459 0.0000000000
80294  48.900  -20.885  55.966 0.0000000000
76619  47.263  -23.380  57.250 0.0000000000
77831  47.661  -22.631  56.976 0.0000000000
76603  48.147  -23.872  57.548 0.0000000000
76617  48.102  -23.075  57.251 0.0000000000
79038  48.126  -22.001  56.795 0.0000000000
79036  48.804  -22.107  56.677 0.0000000000
79054  49.180  -21.562  56.248 0.0000000000
79053  49.378  -21.695  56.005 0.0000000000
76644  49.902  -22.924  56.055 0.0000000000
74171  49.971  -24.654  55.675 0.0000000000
72994  50.340  -25.776  55.263 0.0000000000
71846  49.884  -26.451  56.094 0.0000000000
71859  50.282  -26.084  55.684 0.0000000000
67357  45.918  -29.576  60.045 0.0000000000
68496  46.755  -29.154  59.728 0.0000000000
66185  46.741  -30.123  59.145 0.0000000000
68495  47.585  -29.101  59.121 0.0000000000
68505  47.522  -29.390  58.763 0.0000000000
50000  32.670  -44.321  65.876 0.0000000000
52408  33.721  -42.808  64.457 0.0000000000
52425  33.772  -42.715  64.148 0.0000000000
53577  33.991  -42.285  64.717 0.0000000000
54658  35.897  -41.381  64.772 0.0000000000
56968  34.887  -39.900  64.670 0.0000000000
58197  39.478  -37.976  63.420 0.0000000000
58198  34.448  -39.247  63.506 0.0000000000
59308  36.857  -37.020  64.502 0.0000000000
59312  35.302  -38.732  64.077 0.0000000000
59327  35.489  -37.705  64.005 0.0000000000
60387  37.080  -36.114  64.464 0.0000000000
60389  36.100  -36.314  64.769 0.0000000000
60390  35.956  -36.855  64.647 0.0000000000
60412  39.508  -36.249  63.278 0.0000000000
60413  35.393  -36.747  63.793 0.0000000000
60414  35.102  -37.438  63.346 0.0000000000
61444  36.117  -35.862  65.333 0.0000000000
61456  35.951  -36.147  64.257 0.0000000000
62572  37.911  -34.992  64.168 0.0000000000
62573  37.125  -35.135  64.365 0.0000000000
62575  36.445  -35.326  65.333 0.0000000000
62584  36.988  -35.044  64.496 0.0000000000
62586  35.953  -35.473  63.802 0.0000000000
62596  36.342  -34.953  63.804 0.0000000000
62597  35.927  -35.463  63.748 0.0000000000
63762  37.871  -34.237  64.312 0.0000000000
63770  40.074  -33.793  63.416 0.0000000000
63773  37.609  -34.076  64.233 0.0000000000
63774  37.124  -34.100  64.021 0.0000000000
63775  37.058  -34.493  63.999 0.0000000000
63784  36.893  -34.419  63.789 0.0000000000
63813  35.818  -34.438  62.493 0.0000000000
63842  44.836  -31.509  59.989 0.0000000000
64907  38.059  -33.801  64.268 0.0000000000
64908  37.828  -33.909  64.301 0.0000000000
64919  40.336  -33.030  63.227 0.0000000000
64940  36.868  -34.028  63.495 0.0000000000
64954  37.176  -33.205  63.115 0.0000000000
64955  36.756  -33.697  63.215 0.0000000000
65002  37.017  -32.582  61.276 0.0000000000
66114  39.707  -32.409  63.492 0.0000000000
66115  39.033  -32.787  63.533 0.0000000000
66117  37.941  -33.326  63.765 0.0000000000
66118  37.719  -33.458  63.741 0.0000000000
66130  40.577  -32.099  63.156 0.0000000000
66131  40.150  -32.133  63.447 0.0000000000
66132  38.211  -32.791  63.376 0.0000000000
66159  38.360  -31.874  61.964 0.0000000000
66161  37.424  -32.624  62.506 0.0000000000
66200  46.281  -30.521  59.137 0.0000000000
67319  39.500  -32.061  63.429 0.0000000000
67326  42.838  -30.813  62.411 0.0000000000
67327  42.154  -31.000  62.582 0.0000000000
67332  38.184  -32.632  63.187 0.0000000000
67342  38.772  -31.773  62.880 0.0000000000
67343  38.220  -32.438  62.940 0.0000000000
67347  45.020  -29.818  60.826 0.0000000000
68459  42.942  -30.641  62.316 0.0000000000
68485  46.181  -29.156  60.088 0.0000000000
68494  47.793  -28.930  58.825 0.0000000000
68513  42.740  -29.867  58.552 0.0000000000
69586  41.487  -29.527  61.993 0.0000000000
69587  41.002  -29.728  61.983 0.0000000000
69613  48.125  -28.242  58.485 0.0000000000
69614  47.817  -28.350  58.934 0.0000000000
69626  48.347  -28.097  57.948 0.0000000000
70663  44.924  -27.739  61.284 0.0000000000
70683  44.875  -27.740  61.187 0.0000000000
70732  48.814  -27.154  57.268 0.0000000000
71755  45.043  -27.458  61.332 0.0000000000
71757  44.816  -27.708  60.826 0.0000000000
71776  46.111  -27.266  59.866 0.0000000000
72907  46.194  -26.712  59.648 0.0000000000
72927  46.588  -26.619  59.297 0.0000000000
72928  45.754  -26.026  59.409 0.0000000000
72969  44.982  -25.990  57.901 0.0000000000
72981  49.550  -25.360  56.663 0.0000000000
73063  53.174  -24.388  48.584 0.0000000000
73091  54.434  -24.617  47.858 0.0000000000
74105  47.031  -25.843  58.724 0.0000000000
74106  46.554  -26.025  59.099 0.0000000000
74108  46.008  -25.548  59.196 0.0000000000
74123  48.162  -25.339  58.027 0.0000000000
74126  45.759  -25.568  58.704 0.0000000000
74170  50.070  -25.142  55.342 0.0000000000
74189  45.918  -24.445  55.036 0.0000000000
74276  53.715  -23.988  48.548 0.0000000000
74290  55.598  -24.108  46.829 0.0000000000
75314  46.712  -24.974  58.940 0.0000000000
75330  47.527  -24.587  58.321 0.0000000000
75347  46.783  -23.885  57.887 0.0000000000
75348  46.533  -24.173  57.799 0.0000000000
75362  49.697  -23.775  56.204 0.0000000000
75381  49.886  -23.809  55.854 0.0000000000
75419  50.372  -23.517  55.032 0.0000000000
75420  46.833  -23.357  55.084 0.0000000000
75422  45.982  -24.087  54.116 0.0000000000
75475  53.405  -22.078  49.982 0.0000000000
75476  53.166  -22.171  50.139 0.0000000000
75490  54.097  -22.429  49.512 0.0000000000
75505  54.436  -22.809  49.143 0.0000000000
75518  54.565  -23.143  48.558 0.0000000000
75552  57.457  -22.942  44.499 0.0000000000
75598  57.616  -23.410  43.669 0.0000000000
76615  49.242  -23.505  56.828 0.0000000000
76630  49.815  -23.360  56.156 0.0000000000
76645  47.080  -23.022  56.138 0.0000000000
76668  50.375  -23.686  54.813 0.0000000000
76671  46.632  -22.099  54.009 0.0000000000
76685  46.643  -22.701  54.022 0.0000000000
76698  46.206  -22.225  52.669 0.0000000000
76717  52.847  -21.820  50.640 0.0000000000
76738  53.773  -22.059  49.761 0.0000000000
76768  54.454  -22.573  48.669 0.0000000000
77828  48.764  -22.452  56.786 0.0000000000
77829  48.485  -22.459  56.901 0.0000000000
77830  48.032  -22.382  57.070 0.0000000000
77842  49.432  -22.081  56.147 0.0000000000
77843  49.109  -22.425  56.630 0.0000000000
77844  47.878  -22.089  56.771 0.0000000000
77859  49.697  -22.467  55.776 0.0000000000
77872  49.875  -22.198  54.766 0.0000000000
77873  47.078  -21.846  54.833 0.0000000000
77928  53.407  -21.379  50.148 0.0000000000
77934  44.986  -21.836  51.051 0.0000000000
77950  54.118  -21.925  49.491 0.0000000000
77951  53.668  -21.554  49.699 0.0000000000
79037  48.401  -22.001  56.731 0.0000000000
79055  48.682  -21.553  56.379 0.0000000000
79056  48.217  -21.727  56.366 0.0000000000
79071  49.521  -21.580  55.407 0.0000000000
79073  48.154  -21.506  56.028 0.0000000000
79088  49.757  -21.073  54.640 0.0000000000
79090  47.290  -21.146  55.322 0.0000000000
79106  46.604  -20.916  53.945 0.0000000000
79146  53.248  -20.630  50.495 0.0000000000
79151  45.306  -21.029  51.151 0.0000000000
79184  53.488  -21.046  49.804 0.0000000000
79185  53.374  -20.757  49.638 0.0000000000
79186  44.055  -21.029  49.364 0.0000000000
79197  52.931  -20.637  48.764 0.0000000000
80310  49.543  -20.626  54.878 0.0000000000
80311  49.069  -20.340  55.156 0.0000000000
80332  49.766  -20.672  54.404 0.0000000000
80333  48.952  -20.039  54.782 0.0000000000
80335  47.824  -20.406  54.814 0.0000000000
80372  47.009  -19.907  52.743 0.0000000000
80373  46.653  -20.472  53.010 0.0000000000
80400  53.314  -20.441  50.444 0.0000000000
80404  50.882  -19.549  51.802 0.0000000000
80424  53.335  -20.637  50.163 0.0000000000
80427  45.161  -20.480  50.216 0.0000000000
80445  47.169  -19.271  49.446 0.0000000000
80449  44.437  -20.746  49.262 0.0000000000
80456  52.838  -20.236  49.324 0.0000000000
80471  50.198  -20.200  48.160 0.0000000000
81483  49.632  -20.396  54.552 0.0000000000
81502  49.968  -20.184  54.088 0.0000000000
81504  49.274  -19.905  54.462 0.0000000000
81506  48.412  -19.868  54.358 0.0000000000
81531  48.719  -19.483  53.814 0.0000000000
81533  47.679  -19.851  53.636 0.0000000000
81566  48.591  -19.012  52.917 0.0000000000
81583  53.042  -19.768  50.824 0.0000000000
81605  53.041  -19.862  50.623 0.0000000000
82685  48.845  -19.224  53.408 0.0000000000
82705  50.470  -18.794  52.679 0.0000000000
82706  50.050  -18.703  52.857 0.0000000000
82707  49.471  -18.762  52.995 0.0000000000
82708  48.958  -18.940  53.157 0.0000000000
82766  51.286  -18.439  51.101 0.0000000000
82769  49.696  -17.993  51.819 0.0000000000
