#!ascii label  , from subject 3060 vox2ras=TkReg
1158
63879  18.218  -31.485  58.208 0.0000000000
66119  29.486  -29.863  64.662 0.0000000000
79360  41.074  -17.508  41.110 0.0000000000
73117  33.266  -25.775  47.163 0.0000000000
68527  33.826  -26.745  55.829 0.0000000000
90434  54.088  -9.723  33.664 0.0000000000
82812  40.169  -15.065  44.159 0.0000000000
81706  35.610  -16.856  42.942 0.0000000000
60476  14.205  -35.605  57.632 0.0000000000
65005  25.138  -30.702  60.074 0.0000000000
62676  28.146  -34.279  57.699 0.0000000000
65129  21.830  -32.100  53.431 0.0000000000
86065  47.203  -13.685  37.797 0.0000000000
64977  20.647  -30.467  63.381 0.0000000000
62621  16.747  -32.715  62.706 0.0000000000
81732  45.566  -15.732  41.299 0.0000000000
60433  12.002  -35.631  62.704 0.0000000000
54706  9.444  -41.260  61.687 0.0000000000
80468  34.949  -19.078  48.720 0.0000000000
70839  35.429  -26.980  50.592 0.0000000000
67500  31.186  -28.881  51.237 0.0000000000
69666  28.000  -27.666  55.869 0.0000000000
84955  39.372  -14.013  46.594 0.0000000000
82834  38.247  -15.978  43.768 0.0000000000
82795  37.425  -15.577  46.366 0.0000000000
84936  41.972  -13.361  46.511 0.0000000000
62736  17.947  -33.855  55.070 0.0000000000
61587  16.293  -35.888  55.082 0.0000000000
62681  16.931  -33.096  57.541 0.0000000000
66219  21.551  -30.229  58.930 0.0000000000
63890  23.534  -30.701  57.506 0.0000000000
65072  20.199  -31.643  56.109 0.0000000000
62755  19.430  -33.769  53.245 0.0000000000
81754  41.236  -16.751  39.087 0.0000000000
80503  43.955  -17.900  43.400 0.0000000000
81734  43.579  -16.753  41.287 0.0000000000
82887  43.569  -15.394  39.744 0.0000000000
61457  15.461  -32.921  65.230 0.0000000000
62614  14.434  -33.823  62.904 0.0000000000
61470  13.095  -34.951  64.649 0.0000000000
56978  9.173  -38.483  66.370 0.0000000000
57006  9.665  -38.430  64.153 0.0000000000
54680  8.641  -41.071  63.914 0.0000000000
51224  7.683  -44.258  63.618 0.0000000000
52388  6.991  -42.767  65.392 0.0000000000
70819  36.527  -26.464  52.347 0.0000000000
68602  35.438  -27.772  52.888 0.0000000000
66313  33.878  -29.371  50.534 0.0000000000
67453  33.082  -28.098  53.209 0.0000000000
61627  26.189  -33.205  54.148 0.0000000000
66237  27.740  -30.693  57.173 0.0000000000
65146  26.458  -31.441  53.186 0.0000000000
68608  26.547  -29.122  52.106 0.0000000000
76784  32.723  -22.517  48.748 0.0000000000
78023  31.982  -20.873  46.103 0.0000000000
74319  31.390  -24.810  45.483 0.0000000000
91585  58.465  -8.429  32.747 0.0000000000
91600  54.704  -8.932  31.416 0.0000000000
80507  41.191  -17.075  42.629 0.0000000000
80524  39.128  -17.330  42.093 0.0000000000
82793  43.207  -14.843  44.262 0.0000000000
63801  26.940  -31.891  62.946 0.0000000000
63830  28.305  -31.563  61.493 0.0000000000
62661  25.924  -33.493  59.115 0.0000000000
62715  25.794  -32.290  55.922 0.0000000000
62791  24.095  -33.383  51.748 0.0000000000
85043  49.548  -13.850  39.786 0.0000000000
85099  50.191  -13.451  37.872 0.0000000000
87136  50.253  -11.589  35.415 0.0000000000
88203  51.702  -10.493  34.103 0.0000000000
65009  19.000  -30.774  60.521 0.0000000000
63854  17.418  -31.648  60.748 0.0000000000
63819  18.349  -31.841  63.179 0.0000000000
66165  22.614  -30.400  62.086 0.0000000000
83998  46.240  -14.352  39.577 0.0000000000
62648  14.847  -33.424  60.234 0.0000000000
60451  13.043  -35.617  60.130 0.0000000000
58262  11.524  -37.842  59.928 0.0000000000
59350  10.557  -36.600  64.341 0.0000000000
57028  10.317  -38.696  61.539 0.0000000000
49996  5.948  -44.478  66.422 0.0000000000
81646  36.721  -17.753  48.566 0.0000000000
75525  34.084  -23.765  49.796 0.0000000000
74256  35.814  -24.570  51.092 0.0000000000
73102  34.298  -26.064  48.570 0.0000000000
67578  34.276  -28.675  47.901 0.0000000000
66361  32.712  -29.103  47.338 0.0000000000
67562  30.345  -29.137  47.168 0.0000000000
67382  28.306  -29.675  59.800 0.0000000000
70754  29.004  -26.397  57.757 0.0000000000
70777  30.855  -26.234  55.585 0.0000000000
69701  29.733  -27.354  52.774 0.0000000000
69755  28.279  -27.776  49.486 0.0000000000
80493  34.476  -18.459  46.062 0.0000000000
79284  33.030  -19.446  42.866 0.0000000000
83886  39.186  -14.405  47.921 0.0000000000
83901  38.048  -14.852  46.636 0.0000000000
83888  38.026  -15.290  47.369 0.0000000000
85980  40.246  -13.669  48.271 0.0000000000
62700  17.791  -32.808  56.159 0.0000000000
62701  17.260  -33.343  56.641 0.0000000000
63892  17.540  -32.445  57.254 0.0000000000
65043  19.544  -30.883  58.039 0.0000000000
65056  20.359  -30.649  57.167 0.0000000000
65073  19.127  -31.838  56.158 0.0000000000
63903  19.411  -32.176  55.351 0.0000000000
80595  41.333  -17.261  40.661 0.0000000000
80541  42.282  -17.737  42.057 0.0000000000
80560  43.606  -17.330  42.296 0.0000000000
80577  42.682  -17.398  41.438 0.0000000000
81735  42.361  -16.930  40.925 0.0000000000
55743  8.629  -39.312  66.339 0.0000000000
55761  9.054  -39.817  65.296 0.0000000000
54667  8.030  -40.955  64.895 0.0000000000
53605  7.839  -41.920  64.093 0.0000000000
53606  7.532  -42.660  64.568 0.0000000000
52402  7.265  -43.158  64.782 0.0000000000
69688  35.702  -27.198  54.286 0.0000000000
68557  34.413  -27.346  54.815 0.0000000000
67451  33.742  -28.242  53.247 0.0000000000
68559  33.428  -27.156  54.340 0.0000000000
67344  29.425  -28.942  63.645 0.0000000000
61651  25.590  -33.456  52.717 0.0000000000
62768  26.384  -32.622  53.419 0.0000000000
62814  25.766  -33.001  51.794 0.0000000000
65159  25.808  -31.572  51.485 0.0000000000
75533  32.736  -23.605  48.396 0.0000000000
75548  31.929  -23.547  47.105 0.0000000000
88200  54.126  -10.640  35.136 0.0000000000
89317  55.144  -10.218  35.211 0.0000000000
90432  55.079  -9.497  34.669 0.0000000000
91587  55.678  -8.893  34.011 0.0000000000
90442  54.490  -9.344  33.233 0.0000000000
82831  41.354  -16.010  43.546 0.0000000000
80522  40.462  -17.571  42.325 0.0000000000
81685  40.230  -16.727  42.949 0.0000000000
82852  36.457  -16.415  43.597 0.0000000000
81720  37.202  -17.093  42.151 0.0000000000
81721  36.035  -17.345  41.897 0.0000000000
83898  41.689  -14.212  45.095 0.0000000000
83915  42.242  -14.592  44.509 0.0000000000
81667  42.148  -16.136  43.597 0.0000000000
61545  15.771  -35.062  56.436 0.0000000000
59436  13.805  -36.468  57.516 0.0000000000
63835  26.532  -31.559  61.251 0.0000000000
63834  26.614  -32.905  61.650 0.0000000000
63864  25.159  -32.196  59.679 0.0000000000
63915  23.393  -32.144  55.445 0.0000000000
63901  24.326  -31.551  56.306 0.0000000000
62754  23.841  -32.329  54.503 0.0000000000
62753  24.345  -32.680  53.977 0.0000000000
62792  23.273  -32.865  51.967 0.0000000000
63977  22.019  -33.156  51.879 0.0000000000
68697  33.948  -29.001  45.582 0.0000000000
85059  48.563  -13.762  38.802 0.0000000000
85076  49.709  -13.611  38.297 0.0000000000
86063  49.181  -13.595  38.067 0.0000000000
86115  49.707  -12.036  35.801 0.0000000000
88195  49.972  -11.212  34.508 0.0000000000
88194  51.190  -10.893  34.691 0.0000000000
64994  19.809  -30.681  62.200 0.0000000000
64995  18.929  -30.934  61.748 0.0000000000
64979  19.185  -31.363  62.835 0.0000000000
66166  21.178  -30.263  62.682 0.0000000000
66195  20.910  -30.174  60.731 0.0000000000
83982  47.748  -14.758  40.886 0.0000000000
82878  46.300  -15.069  40.661 0.0000000000
85063  44.256  -14.221  38.594 0.0000000000
63821  17.406  -32.662  62.103 0.0000000000
62647  15.823  -32.601  60.073 0.0000000000
62634  15.428  -33.201  61.265 0.0000000000
61486  12.547  -34.762  62.086 0.0000000000
62636  13.492  -34.193  61.210 0.0000000000
60442  12.514  -35.725  61.229 0.0000000000
59407  12.062  -37.038  59.773 0.0000000000
59390  11.670  -36.917  60.759 0.0000000000
58180  9.956  -36.838  65.965 0.0000000000
55790  9.690  -39.726  62.848 0.0000000000
57005  10.094  -38.189  63.367 0.0000000000
55804  9.902  -40.028  61.694 0.0000000000
55803  10.265  -39.487  60.934 0.0000000000
76762  34.233  -22.365  50.856 0.0000000000
70832  36.119  -26.883  51.343 0.0000000000
73058  36.216  -25.262  51.916 0.0000000000
71927  35.418  -26.283  50.473 0.0000000000
74284  34.744  -25.449  49.899 0.0000000000
70847  34.583  -26.698  49.028 0.0000000000
70853  34.638  -26.998  48.339 0.0000000000
69772  34.841  -27.519  48.754 0.0000000000
67498  32.746  -29.351  51.191 0.0000000000
66329  33.247  -29.497  49.786 0.0000000000
66331  31.827  -29.217  49.217 0.0000000000
66363  31.232  -29.676  46.982 0.0000000000
67532  30.491  -29.088  49.126 0.0000000000
63863  28.598  -32.542  59.631 0.0000000000
66192  28.475  -30.450  60.262 0.0000000000
65037  28.546  -31.282  58.959 0.0000000000
68547  27.850  -28.707  56.598 0.0000000000
68529  28.059  -28.791  57.321 0.0000000000
70755  28.660  -26.676  56.910 0.0000000000
71855  29.912  -25.552  57.230 0.0000000000
70778  29.960  -26.406  55.191 0.0000000000
69678  30.512  -26.697  54.486 0.0000000000
70788  28.702  -26.891  54.285 0.0000000000
67534  26.129  -29.862  49.545 0.0000000000
69730  27.891  -27.936  51.222 0.0000000000
81647  36.026  -18.275  48.816 0.0000000000
81652  36.196  -18.003  47.893 0.0000000000
80483  34.650  -18.573  47.202 0.0000000000
78038  30.923  -20.753  44.558 0.0000000000
79264  31.762  -19.712  44.209 0.0000000000
91590  58.371  -8.901  31.388 0.0000000000
84970  40.084  -14.077  45.506 0.0000000000
82833  39.459  -15.667  43.821 0.0000000000
83933  39.040  -15.039  44.634 0.0000000000
82814  37.656  -15.348  44.957 0.0000000000
82836  36.171  -16.070  44.939 0.0000000000
85979  41.027  -12.923  47.637 0.0000000000
84954  40.698  -13.894  45.975 0.0000000000
61562  17.136  -34.591  55.590 0.0000000000
61544  16.546  -34.507  56.322 0.0000000000
61527  15.197  -34.695  57.515 0.0000000000
65023  23.319  -30.444  59.252 0.0000000000
63866  24.004  -31.562  58.970 0.0000000000
65054  22.720  -30.581  57.858 0.0000000000
65085  22.323  -31.521  55.885 0.0000000000
65111  21.084  -31.956  54.268 0.0000000000
65130  20.870  -32.405  53.370 0.0000000000
65112  20.340  -32.499  54.051 0.0000000000
63936  19.158  -33.313  54.267 0.0000000000
86088  45.949  -13.613  36.361 0.0000000000
64949  20.600  -31.093  64.494 0.0000000000
81680  44.387  -16.649  43.257 0.0000000000
81717  44.365  -16.797  42.805 0.0000000000
81733  44.944  -16.108  41.073 0.0000000000
82880  44.693  -15.556  40.295 0.0000000000
81740  43.034  -16.190  40.344 0.0000000000
82888  42.753  -15.579  39.196 0.0000000000
62600  16.270  -32.890  64.259 0.0000000000
62613  15.316  -33.409  63.083 0.0000000000
61468  14.648  -33.289  64.191 0.0000000000
61469  13.937  -33.974  63.992 0.0000000000
61478  12.830  -34.792  63.366 0.0000000000
58193  10.031  -37.766  65.565 0.0000000000
55742  9.358  -38.928  65.668 0.0000000000
55777  8.998  -40.045  64.349 0.0000000000
54694  8.764  -41.120  62.746 0.0000000000
53638  8.400  -42.881  62.558 0.0000000000
69712  36.417  -26.830  52.491 0.0000000000
68617  35.535  -27.843  51.929 0.0000000000
68647  34.802  -28.224  50.268 0.0000000000
67478  34.368  -28.451  51.994 0.0000000000
67481  32.909  -28.689  51.901 0.0000000000
67471  32.427  -28.275  52.704 0.0000000000
61557  27.174  -33.566  55.938 0.0000000000
63887  29.056  -32.517  57.269 0.0000000000
62731  27.286  -32.851  55.628 0.0000000000
65109  27.084  -31.385  55.381 0.0000000000
67438  27.635  -29.378  55.030 0.0000000000
69693  27.930  -28.087  54.254 0.0000000000
67485  26.105  -29.906  52.800 0.0000000000
66318  25.745  -30.935  51.010 0.0000000000
79206  33.597  -20.287  48.980 0.0000000000
79236  33.147  -20.179  47.037 0.0000000000
78004  32.028  -21.389  47.160 0.0000000000
76825  31.225  -22.533  45.957 0.0000000000
91586  56.733  -8.355  33.438 0.0000000000
79281  41.491  -17.759  42.037 0.0000000000
79362  40.172  -18.324  40.549 0.0000000000
79282  40.702  -17.966  42.004 0.0000000000
81687  38.477  -16.500  43.206 0.0000000000
80545  37.555  -17.666  41.350 0.0000000000
85977  43.441  -12.646  46.743 0.0000000000
84951  43.735  -13.988  45.442 0.0000000000
83895  44.308  -14.717  44.910 0.0000000000
81665  43.732  -16.595  43.613 0.0000000000
80505  43.019  -17.528  43.166 0.0000000000
64942  27.898  -30.521  63.784 0.0000000000
64956  28.705  -30.564  62.783 0.0000000000
63815  27.500  -31.865  62.389 0.0000000000
62643  27.674  -33.692  60.299 0.0000000000
62660  26.915  -34.061  59.138 0.0000000000
63888  24.978  -31.661  58.036 0.0000000000
62679  25.352  -33.121  58.074 0.0000000000
61559  26.506  -33.147  56.470 0.0000000000
61583  25.656  -33.010  55.099 0.0000000000
61630  24.940  -33.335  52.958 0.0000000000
61674  24.813  -34.315  51.419 0.0000000000
86083  51.566  -13.238  37.456 0.0000000000
86102  49.231  -12.598  36.267 0.0000000000
86101  50.384  -12.685  36.826 0.0000000000
86100  51.511  -12.698  36.828 0.0000000000
87134  52.501  -11.687  35.858 0.0000000000
88202  52.288  -10.536  34.464 0.0000000000
89320  52.967  -9.888  34.190 0.0000000000
90443  53.757  -9.728  32.826 0.0000000000
65026  19.211  -30.682  59.178 0.0000000000
63868  17.236  -31.667  59.442 0.0000000000
63867  18.216  -31.362  59.870 0.0000000000
63838  17.869  -32.303  61.658 0.0000000000
63806  17.369  -32.563  62.938 0.0000000000
63803  19.474  -32.159  64.714 0.0000000000
62610  17.525  -32.488  64.269 0.0000000000
62588  16.831  -32.650  65.622 0.0000000000
66104  28.745  -30.213  65.485 0.0000000000
64927  27.791  -31.507  64.773 0.0000000000
64959  26.054  -31.656  62.926 0.0000000000
64975  25.894  -31.031  62.246 0.0000000000
64961  24.632  -30.631  63.338 0.0000000000
66178  23.776  -29.991  60.830 0.0000000000
66194  21.903  -30.461  60.292 0.0000000000
65025  20.132  -30.397  59.984 0.0000000000
83988  48.543  -14.359  40.406 0.0000000000
85045  47.750  -14.049  39.467 0.0000000000
85078  46.862  -13.686  38.629 0.0000000000
83999  45.362  -14.758  39.460 0.0000000000
85062  45.262  -14.274  38.819 0.0000000000
86066  46.067  -13.552  37.452 0.0000000000
63869  16.608  -32.371  59.198 0.0000000000
62664  15.907  -32.853  58.709 0.0000000000
61514  14.771  -34.145  58.496 0.0000000000
62635  14.318  -33.819  61.130 0.0000000000
62649  14.136  -34.091  60.270 0.0000000000
60464  13.346  -35.388  58.994 0.0000000000
59422  12.743  -37.076  58.611 0.0000000000
58278  12.601  -37.932  59.000 0.0000000000
60417  12.085  -35.076  65.215 0.0000000000
60427  11.273  -36.064  63.649 0.0000000000
59362  10.699  -36.844  63.291 0.0000000000
59376  11.172  -37.200  62.437 0.0000000000
58246  10.822  -37.656  60.821 0.0000000000
51183  6.330  -43.553  65.975 0.0000000000
82783  38.167  -15.806  48.597 0.0000000000
79190  34.604  -19.978  50.404 0.0000000000
77970  33.651  -21.324  49.607 0.0000000000
75526  33.280  -23.637  49.000 0.0000000000
74286  33.737  -24.800  48.749 0.0000000000
74271  34.667  -24.528  50.308 0.0000000000
73087  34.199  -25.599  48.901 0.0000000000
73103  33.875  -25.884  48.247 0.0000000000
71961  33.921  -26.934  47.441 0.0000000000
69788  34.068  -28.010  46.993 0.0000000000
67580  33.706  -29.483  46.409 0.0000000000
67545  34.301  -29.132  49.205 0.0000000000
66379  33.796  -29.339  47.425 0.0000000000
66380  33.150  -29.709  46.314 0.0000000000
66404  31.807  -30.410  45.306 0.0000000000
67618  30.725  -30.200  45.121 0.0000000000
69632  33.383  -26.104  57.630 0.0000000000
67354  29.293  -29.538  62.298 0.0000000000
68491  29.502  -28.403  61.664 0.0000000000
69608  28.773  -27.790  60.680 0.0000000000
67391  27.854  -29.898  58.795 0.0000000000
69621  28.570  -27.801  59.702 0.0000000000
71824  29.926  -26.236  59.577 0.0000000000
71840  30.871  -25.339  58.769 0.0000000000
70753  31.830  -25.640  57.067 0.0000000000
69664  32.442  -26.915  55.746 0.0000000000
69676  32.307  -27.052  54.927 0.0000000000
68579  31.329  -27.712  53.649 0.0000000000
68605  30.439  -28.536  52.212 0.0000000000
69702  28.370  -27.361  52.811 0.0000000000
69715  28.934  -27.645  51.830 0.0000000000
68634  30.055  -28.618  49.719 0.0000000000
68649  29.152  -28.146  48.717 0.0000000000
81650  37.135  -16.344  47.195 0.0000000000
81670  36.065  -17.004  45.751 0.0000000000
81689  34.685  -17.539  44.087 0.0000000000
79249  33.161  -19.502  45.814 0.0000000000
80510  33.754  -18.794  44.584 0.0000000000
80526  33.579  -18.678  43.359 0.0000000000
91594  53.809  -9.543  32.244 0.0000000000
83880  39.132  -14.631  48.731 0.0000000000
83887  38.470  -14.701  47.745 0.0000000000
85956  39.958  -13.797  49.056 0.0000000000
63891  18.377  -32.026  56.750 0.0000000000
65057  19.301  -31.428  57.069 0.0000000000
80579  40.962  -17.539  40.763 0.0000000000
80596  40.896  -17.576  40.176 0.0000000000
80580  40.516  -18.029  40.339 0.0000000000
80562  42.042  -17.627  41.640 0.0000000000
80578  41.662  -17.348  41.150 0.0000000000
81736  41.720  -17.090  40.782 0.0000000000
55744  8.037  -40.235  66.228 0.0000000000
54652  8.405  -40.309  65.532 0.0000000000
54653  7.718  -40.931  65.696 0.0000000000
53587  7.567  -41.455  65.044 0.0000000000
53588  7.418  -42.236  65.079 0.0000000000
68526  34.286  -26.950  55.962 0.0000000000
68556  34.956  -27.445  55.351 0.0000000000
68544  34.043  -27.007  55.289 0.0000000000
68558  33.861  -27.300  54.468 0.0000000000
68545  33.473  -26.726  55.232 0.0000000000
68454  30.151  -28.507  65.171 0.0000000000
66135  29.588  -29.849  63.913 0.0000000000
61673  25.364  -33.917  51.586 0.0000000000
61672  25.646  -33.296  52.177 0.0000000000
61694  25.640  -33.581  51.346 0.0000000000
62835  25.798  -33.336  50.817 0.0000000000
74299  33.002  -24.718  47.800 0.0000000000
74300  32.312  -24.170  47.400 0.0000000000
89319  53.928  -10.054  34.390 0.0000000000
88199  54.791  -10.878  35.284 0.0000000000
89318  54.682  -10.217  34.959 0.0000000000
90433  54.507  -9.593  34.176 0.0000000000
90441  54.951  -9.025  33.810 0.0000000000
82832  40.725  -15.910  43.561 0.0000000000
82861  36.451  -16.769  42.624 0.0000000000
81722  35.202  -17.572  42.330 0.0000000000
81730  35.495  -17.777  41.808 0.0000000000
83899  41.058  -14.321  45.092 0.0000000000
83916  41.588  -14.721  44.496 0.0000000000
82811  41.374  -15.516  43.956 0.0000000000
60487  14.917  -35.878  56.772 0.0000000000
60488  14.541  -36.162  57.126 0.0000000000
59453  14.448  -37.021  56.924 0.0000000000
64991  25.751  -30.711  61.218 0.0000000000
63836  25.785  -31.208  60.435 0.0000000000
63852  25.118  -31.595  59.841 0.0000000000
65110  22.120  -31.799  54.700 0.0000000000
63934  22.903  -32.101  53.997 0.0000000000
62772  23.558  -32.472  53.304 0.0000000000
63953  22.614  -32.377  52.811 0.0000000000
65147  21.948  -32.510  52.649 0.0000000000
67616  33.572  -29.981  44.462 0.0000000000
86056  47.570  -13.777  38.411 0.0000000000
86064  48.430  -13.797  38.009 0.0000000000
66167  20.408  -30.510  62.443 0.0000000000
64978  20.092  -30.726  63.072 0.0000000000
81726  45.542  -15.941  41.739 0.0000000000
82873  46.260  -15.461  41.303 0.0000000000
62633  16.485  -32.555  61.508 0.0000000000
62622  15.836  -32.981  62.388 0.0000000000
61496  12.636  -34.835  61.352 0.0000000000
59375  11.986  -36.757  62.012 0.0000000000
58164  10.408  -36.869  67.015 0.0000000000
55805  9.434  -40.479  62.495 0.0000000000
71919  35.800  -26.617  50.933 0.0000000000
71934  34.767  -26.306  49.543 0.0000000000
70846  34.704  -26.793  49.741 0.0000000000
70852  34.600  -27.039  48.967 0.0000000000
69771  34.705  -27.202  49.351 0.0000000000
67499  32.084  -29.051  51.330 0.0000000000
66317  32.395  -28.985  50.153 0.0000000000
67517  31.756  -28.826  50.428 0.0000000000
67531  31.171  -29.366  49.550 0.0000000000
67518  30.745  -29.181  50.223 0.0000000000
62658  28.729  -33.608  58.773 0.0000000000
63875  28.681  -32.553  58.359 0.0000000000
68562  27.777  -28.758  55.795 0.0000000000
69651  28.340  -27.725  56.718 0.0000000000
70767  28.574  -26.505  55.977 0.0000000000
70779  28.669  -26.779  55.044 0.0000000000
80467  35.539  -18.812  49.122 0.0000000000
80478  35.573  -18.561  48.304 0.0000000000
80479  34.951  -18.718  47.979 0.0000000000
83918  39.191  -14.358  45.255 0.0000000000
83919  38.289  -14.947  45.357 0.0000000000
82815  36.793  -15.835  45.694 0.0000000000
85954  41.700  -12.564  48.575 0.0000000000
84938  39.816  -14.037  47.661 0.0000000000
84937  41.018  -13.770  47.004 0.0000000000
62702  16.628  -33.745  56.864 0.0000000000
62719  17.104  -34.066  56.278 0.0000000000
61526  15.930  -34.153  56.829 0.0000000000
62682  16.084  -33.514  57.682 0.0000000000
66206  22.654  -30.442  59.358 0.0000000000
65024  22.638  -30.498  59.051 0.0000000000
65041  22.066  -30.421  58.570 0.0000000000
65071  21.343  -30.932  56.377 0.0000000000
65086  21.197  -31.552  55.335 0.0000000000
65087  20.223  -31.844  54.839 0.0000000000
63917  18.758  -32.796  54.800 0.0000000000
62735  18.515  -33.894  54.642 0.0000000000
81681  43.905  -17.428  43.273 0.0000000000
81701  44.060  -17.415  43.124 0.0000000000
80576  43.318  -17.356  41.758 0.0000000000
80559  43.983  -17.140  42.700 0.0000000000
81728  43.698  -17.047  41.890 0.0000000000
81727  44.379  -16.626  42.089 0.0000000000
81739  44.222  -16.111  40.592 0.0000000000
81741  41.583  -16.826  40.212 0.0000000000
81753  42.187  -16.181  39.563 0.0000000000
62590  15.619  -32.891  64.768 0.0000000000
62601  15.364  -33.028  64.031 0.0000000000
56977  9.511  -38.072  65.946 0.0000000000
54666  8.599  -40.533  64.754 0.0000000000
55791  9.209  -40.331  63.402 0.0000000000
53621  8.392  -41.798  63.296 0.0000000000
52419  7.891  -43.279  63.498 0.0000000000
52435  8.121  -43.521  62.961 0.0000000000
51198  6.626  -43.859  64.976 0.0000000000
51182  6.518  -43.152  65.643 0.0000000000
68587  35.294  -27.481  53.695 0.0000000000
69700  35.808  -27.158  53.423 0.0000000000
69713  36.027  -27.316  52.615 0.0000000000
69728  36.284  -27.270  51.884 0.0000000000
68618  34.780  -28.335  51.605 0.0000000000
68603  34.920  -28.258  52.403 0.0000000000
67452  33.395  -28.197  53.252 0.0000000000
67469  33.370  -28.490  52.654 0.0000000000
67470  32.931  -28.468  52.714 0.0000000000
67482  32.425  -28.708  51.891 0.0000000000
61607  26.201  -33.328  54.743 0.0000000000
61579  27.382  -33.210  55.738 0.0000000000
61606  26.522  -33.013  54.985 0.0000000000
63952  26.574  -32.051  53.924 0.0000000000
63933  27.291  -32.149  55.202 0.0000000000
65128  26.703  -31.295  54.378 0.0000000000
67455  27.007  -30.169  55.356 0.0000000000
66280  26.598  -30.394  54.330 0.0000000000
67473  26.478  -29.652  53.831 0.0000000000
66292  26.407  -30.645  53.505 0.0000000000
65168  25.876  -31.812  50.651 0.0000000000
77978  33.184  -21.370  48.777 0.0000000000
77988  32.739  -21.335  47.767 0.0000000000
77989  32.233  -21.902  47.680 0.0000000000
75549  31.330  -23.592  46.491 0.0000000000
76802  31.455  -22.784  46.801 0.0000000000
75565  31.032  -23.550  45.529 0.0000000000
91592  55.418  -8.575  32.669 0.0000000000
91599  55.998  -8.636  31.041 0.0000000000
80521  41.434  -17.544  42.338 0.0000000000
79307  40.647  -18.029  41.618 0.0000000000
80523  39.751  -17.585  42.237 0.0000000000
80542  39.972  -18.020  42.036 0.0000000000
80543  39.427  -17.817  41.696 0.0000000000
79309  38.912  -18.172  41.016 0.0000000000
81686  39.005  -16.654  43.285 0.0000000000
82850  38.190  -16.395  43.156 0.0000000000
80546  36.783  -17.595  41.423 0.0000000000
80563  36.995  -17.926  40.871 0.0000000000
79311  37.421  -18.104  40.842 0.0000000000
85978  42.299  -12.661  47.174 0.0000000000
84935  43.053  -13.351  46.225 0.0000000000
83896  43.486  -14.476  44.909 0.0000000000
82792  43.958  -15.187  44.367 0.0000000000
82809  43.482  -15.708  43.890 0.0000000000
80506  42.090  -17.222  42.866 0.0000000000
81683  42.547  -16.959  43.446 0.0000000000
80520  42.493  -17.574  42.532 0.0000000000
63787  27.028  -31.300  63.564 0.0000000000
63798  27.905  -30.945  63.367 0.0000000000
63816  27.326  -32.654  62.664 0.0000000000
62645  25.973  -32.809  60.090 0.0000000000
62631  27.222  -33.164  61.032 0.0000000000
62644  26.785  -33.297  60.044 0.0000000000
63877  24.207  -30.691  58.409 0.0000000000
63876  24.393  -31.840  58.571 0.0000000000
63889  24.503  -31.253  57.459 0.0000000000
62716  25.124  -31.443  56.057 0.0000000000
62698  25.456  -31.866  57.282 0.0000000000
62697  26.359  -32.951  57.132 0.0000000000
62714  26.274  -32.740  56.392 0.0000000000
61560  26.137  -32.643  55.954 0.0000000000
62771  24.174  -32.868  52.767 0.0000000000
62752  24.714  -33.104  53.480 0.0000000000
62770  24.558  -33.325  52.447 0.0000000000
61653  24.678  -33.788  51.930 0.0000000000
62790  24.454  -33.616  51.894 0.0000000000
65131  20.206  -32.762  53.350 0.0000000000
63954  20.458  -32.810  52.585 0.0000000000
63979  20.117  -33.447  52.116 0.0000000000
85075  50.591  -13.939  38.425 0.0000000000
85098  50.715  -13.673  37.883 0.0000000000
85097  51.525  -13.689  37.934 0.0000000000
86084  50.662  -13.204  37.455 0.0000000000
86103  47.902  -12.721  35.974 0.0000000000
86086  48.240  -13.326  37.020 0.0000000000
86114  50.328  -12.143  36.117 0.0000000000
86113  51.077  -12.343  36.336 0.0000000000
87126  51.796  -12.092  36.310 0.0000000000
87135  51.352  -11.667  35.759 0.0000000000
88193  52.336  -11.077  35.201 0.0000000000
88201  53.202  -10.509  34.851 0.0000000000
89321  52.162  -10.144  33.731 0.0000000000
63837  18.316  -31.720  62.225 0.0000000000
63820  17.938  -32.473  62.566 0.0000000000
64950  20.264  -31.907  64.943 0.0000000000
63790  19.095  -32.876  64.952 0.0000000000
62598  17.585  -32.638  65.069 0.0000000000
62599  16.909  -32.524  64.597 0.0000000000
66121  28.421  -30.646  65.200 0.0000000000
66150  23.702  -30.425  62.765 0.0000000000
66164  23.738  -30.261  61.579 0.0000000000
66179  22.931  -30.154  60.744 0.0000000000
65008  19.873  -30.502  61.170 0.0000000000
83989  47.375  -14.483  40.225 0.0000000000
83997  46.954  -14.279  39.677 0.0000000000
85060  47.250  -13.792  39.102 0.0000000000
85061  46.140  -13.933  39.124 0.0000000000
82886  44.544  -15.248  39.840 0.0000000000
82885  45.143  -15.201  39.958 0.0000000000
84000  44.428  -14.830  39.259 0.0000000000
85081  44.077  -13.797  37.736 0.0000000000
85080  45.101  -13.699  38.117 0.0000000000
62665  15.148  -33.325  59.172 0.0000000000
62683  15.428  -33.654  58.295 0.0000000000
62623  14.953  -33.624  62.147 0.0000000000
62624  14.087  -34.232  61.958 0.0000000000
61505  13.301  -34.970  60.413 0.0000000000
61494  13.542  -34.407  60.616 0.0000000000
61504  13.637  -34.823  59.814 0.0000000000
60450  13.369  -35.305  59.683 0.0000000000
60465  12.798  -36.069  59.058 0.0000000000
59423  12.478  -37.152  59.265 0.0000000000
57065  12.002  -38.495  59.107 0.0000000000
57053  11.337  -38.488  59.273 0.0000000000
60406  11.266  -35.439  65.823 0.0000000000
60418  11.251  -35.767  64.748 0.0000000000
56993  9.650  -38.349  65.146 0.0000000000
58206  9.934  -37.881  64.805 0.0000000000
57017  10.284  -38.401  62.549 0.0000000000
58218  10.411  -37.601  62.877 0.0000000000
58231  10.648  -37.737  61.928 0.0000000000
59391  11.375  -37.332  61.608 0.0000000000
51164  6.275  -43.441  66.626 0.0000000000
49995  6.297  -44.024  66.692 0.0000000000
81617  36.844  -18.229  50.343 0.0000000000
79191  33.965  -20.427  49.785 0.0000000000
77969  34.131  -21.226  50.327 0.0000000000
75515  34.287  -23.182  50.401 0.0000000000
76772  33.980  -22.803  50.151 0.0000000000
73059  36.156  -25.068  51.244 0.0000000000
74270  35.060  -24.895  50.477 0.0000000000
73086  34.619  -25.834  49.291 0.0000000000
71948  33.893  -26.323  47.757 0.0000000000
71947  34.250  -26.534  47.920 0.0000000000
69779  34.490  -27.726  47.834 0.0000000000
68684  34.236  -28.552  47.068 0.0000000000
68685  34.182  -29.096  46.398 0.0000000000
67579  34.206  -29.206  47.048 0.0000000000
67529  34.290  -28.604  50.520 0.0000000000
67544  34.504  -28.609  49.720 0.0000000000
67530  34.112  -29.022  50.062 0.0000000000
66344  32.980  -29.238  48.676 0.0000000000
66343  33.550  -29.466  49.160 0.0000000000
66360  33.382  -29.221  47.927 0.0000000000
66381  32.311  -29.723  46.149 0.0000000000
67581  30.771  -29.769  46.751 0.0000000000
66383  31.102  -30.049  46.329 0.0000000000
67599  30.764  -29.920  45.875 0.0000000000
67600  30.068  -29.893  45.211 0.0000000000
64972  28.647  -30.703  62.236 0.0000000000
66163  29.079  -30.158  62.293 0.0000000000
67373  29.003  -29.598  60.638 0.0000000000
68499  29.346  -28.694  60.943 0.0000000000
69600  29.297  -27.753  61.241 0.0000000000
68508  28.727  -28.764  60.230 0.0000000000
65069  28.047  -31.795  57.492 0.0000000000
65053  28.552  -31.659  57.971 0.0000000000
66229  28.208  -30.762  57.679 0.0000000000
69650  28.622  -27.774  57.560 0.0000000000
68528  28.318  -28.860  58.198 0.0000000000
69634  28.623  -27.760  58.581 0.0000000000
70727  29.004  -27.013  60.012 0.0000000000
70741  29.071  -26.777  59.011 0.0000000000
71841  29.946  -25.898  58.314 0.0000000000
71864  30.357  -25.452  56.746 0.0000000000
71854  30.859  -25.177  57.438 0.0000000000
70765  31.284  -25.968  56.340 0.0000000000
70764  32.258  -26.207  56.642 0.0000000000
69665  31.575  -26.567  55.607 0.0000000000
69691  30.644  -27.172  53.835 0.0000000000
69690  31.335  -27.512  54.080 0.0000000000
68592  30.975  -27.653  52.846 0.0000000000
68604  31.295  -28.354  52.488 0.0000000000
68607  26.710  -28.786  53.078 0.0000000000
70797  28.092  -27.438  53.576 0.0000000000
69716  27.312  -27.847  52.234 0.0000000000
69744  27.985  -27.848  50.336 0.0000000000
69729  28.799  -27.762  50.769 0.0000000000
68620  29.514  -27.914  51.097 0.0000000000
68635  29.397  -28.027  50.138 0.0000000000
68648  29.958  -28.699  49.034 0.0000000000
82784  37.782  -16.646  48.985 0.0000000000
81645  37.241  -16.907  48.242 0.0000000000
80492  35.322  -17.885  46.485 0.0000000000
81657  35.979  -17.325  47.020 0.0000000000
80508  35.143  -17.655  45.499 0.0000000000
78003  32.557  -20.535  46.657 0.0000000000
79235  33.855  -19.332  46.893 0.0000000000
78022  32.386  -20.156  45.754 0.0000000000
79285  32.155  -19.889  43.399 0.0000000000
79263  32.666  -19.394  44.322 0.0000000000
90431  59.567  -8.811  32.407 0.0000000000
90439  60.221  -9.356  31.863 0.0000000000
90453  53.454  -9.662  32.132 0.0000000000
90454  53.056  -10.026  31.538 0.0000000000
84939  39.211  -14.271  47.497 0.0000000000
83900  38.632  -14.322  46.544 0.0000000000
62717  17.955  -33.108  55.142 0.0000000000
62718  17.484  -33.799  55.581 0.0000000000
65042  20.728  -30.233  58.651 0.0000000000
65055  21.605  -30.487  57.524 0.0000000000
63904  18.532  -32.419  55.707 0.0000000000
80519  43.512  -17.629  43.017 0.0000000000
80518  44.004  -17.805  43.221 0.0000000000
80540  43.160  -17.628  42.479 0.0000000000
61446  15.365  -33.058  65.786 0.0000000000
61458  14.828  -33.367  64.985 0.0000000000
61447  14.429  -33.529  66.171 0.0000000000
54681  8.305  -41.089  64.428 0.0000000000
53604  8.324  -41.561  63.795 0.0000000000
52420  7.572  -43.246  64.173 0.0000000000
69675  35.491  -27.381  55.247 0.0000000000
68573  35.040  -27.529  54.379 0.0000000000
68588  34.771  -28.025  53.280 0.0000000000
68574  34.175  -27.818  53.853 0.0000000000
68575  33.696  -27.793  53.752 0.0000000000
68576  33.351  -27.659  53.695 0.0000000000
61628  25.869  -33.344  53.762 0.0000000000
62769  26.305  -33.032  53.762 0.0000000000
61650  26.057  -33.348  53.197 0.0000000000
62788  26.223  -32.613  52.787 0.0000000000
63975  26.190  -32.090  52.650 0.0000000000
65158  25.930  -31.464  52.299 0.0000000000
64000  25.886  -32.343  51.474 0.0000000000
64018  25.778  -32.706  50.422 0.0000000000
76785  32.355  -22.558  48.051 0.0000000000
75534  32.326  -23.545  47.744 0.0000000000
74308  32.002  -24.782  46.769 0.0000000000
88191  54.326  -11.248  35.615 0.0000000000
91593  54.304  -9.267  32.338 0.0000000000
81684  41.546  -16.480  43.181 0.0000000000
81703  39.392  -17.178  42.691 0.0000000000
82851  37.567  -16.340  43.240 0.0000000000
82860  37.053  -16.620  42.830 0.0000000000
80564  36.178  -18.170  41.054 0.0000000000
84953  41.827  -13.830  45.834 0.0000000000
84952  42.805  -13.905  45.641 0.0000000000
83897  42.616  -14.306  44.919 0.0000000000
82794  42.691  -14.709  44.358 0.0000000000
82810  42.498  -15.313  44.018 0.0000000000
60496  15.584  -35.968  55.557 0.0000000000
59454  13.751  -37.343  57.002 0.0000000000
59437  13.364  -37.114  57.463 0.0000000000
63818  26.537  -32.068  62.219 0.0000000000
63817  26.796  -32.763  62.572 0.0000000000
63850  26.666  -32.249  60.676 0.0000000000
62646  25.530  -32.412  59.781 0.0000000000
63902  23.430  -31.343  56.542 0.0000000000
63914  24.396  -31.729  55.559 0.0000000000
62733  24.734  -32.089  55.076 0.0000000000
62732  25.143  -32.689  54.558 0.0000000000
62815  23.472  -33.383  51.053 0.0000000000
85058  49.627  -13.922  38.977 0.0000000000
85077  48.988  -13.659  38.311 0.0000000000
86085  49.524  -13.317  37.513 0.0000000000
87127  48.610  -12.427  35.635 0.0000000000
87137  49.115  -12.037  35.115 0.0000000000
89309  50.549  -10.793  34.100 0.0000000000
89322  51.130  -10.511  33.460 0.0000000000
64964  18.889  -31.587  63.565 0.0000000000
66180  21.694  -30.402  61.386 0.0000000000
66181  20.631  -30.394  61.782 0.0000000000
82877  47.003  -15.034  40.905 0.0000000000
83990  46.277  -14.691  40.089 0.0000000000
84001  43.486  -14.903  38.956 0.0000000000
63839  17.194  -32.133  61.421 0.0000000000
63855  16.736  -32.022  60.429 0.0000000000
61477  13.408  -34.201  62.629 0.0000000000
61485  13.023  -34.307  61.600 0.0000000000
61495  12.865  -34.817  60.793 0.0000000000
60441  12.822  -35.408  60.729 0.0000000000
59406  12.460  -36.493  59.523 0.0000000000
60452  12.293  -36.307  60.291 0.0000000000
58245  11.369  -37.439  60.536 0.0000000000
59321  10.680  -36.050  66.484 0.0000000000
59336  10.475  -36.248  65.385 0.0000000000
55776  9.322  -39.377  63.788 0.0000000000
57018  9.858  -38.886  63.192 0.0000000000
57029  10.118  -39.186  62.391 0.0000000000
77959  34.832  -21.259  50.792 0.0000000000
76749  34.791  -21.929  51.385 0.0000000000
76761  34.807  -22.684  51.347 0.0000000000
70831  36.466  -26.532  51.763 0.0000000000
71906  36.522  -25.911  52.196 0.0000000000
71918  36.187  -26.180  51.267 0.0000000000
73071  36.177  -25.617  51.122 0.0000000000
73072  35.730  -25.476  50.701 0.0000000000
73085  35.020  -25.767  50.082 0.0000000000
71935  34.507  -26.423  48.746 0.0000000000
68673  34.600  -28.173  48.295 0.0000000000
66302  33.118  -29.982  51.018 0.0000000000
66328  33.718  -29.564  50.097 0.0000000000
66316  32.895  -29.636  50.479 0.0000000000
66330  32.626  -29.202  49.460 0.0000000000
66345  32.257  -28.873  48.262 0.0000000000
66362  31.907  -29.215  47.076 0.0000000000
66346  31.426  -28.877  47.893 0.0000000000
67561  30.841  -29.253  47.569 0.0000000000
67547  30.452  -29.007  48.126 0.0000000000
63848  28.517  -32.600  60.935 0.0000000000
65004  28.575  -31.226  60.709 0.0000000000
63862  28.107  -31.910  60.392 0.0000000000
65019  28.396  -31.430  59.756 0.0000000000
66205  28.295  -30.550  59.383 0.0000000000
67403  27.783  -29.753  57.202 0.0000000000
70766  29.690  -25.700  56.360 0.0000000000
70787  29.726  -26.632  54.387 0.0000000000
70795  29.558  -26.732  53.673 0.0000000000
68621  26.379  -28.809  51.232 0.0000000000
69731  26.811  -27.832  51.509 0.0000000000
68636  26.468  -28.860  50.164 0.0000000000
69756  27.290  -28.186  49.742 0.0000000000
68650  27.549  -27.943  48.648 0.0000000000
68664  26.684  -28.629  47.799 0.0000000000
80482  35.445  -18.157  47.486 0.0000000000
76844  31.478  -21.332  45.482 0.0000000000
78037  31.512  -19.927  45.089 0.0000000000
91591  57.103  -8.574  31.973 0.0000000000
83917  40.596  -14.544  44.728 0.0000000000
82813  39.515  -15.028  44.438 0.0000000000
83934  38.562  -15.330  44.463 0.0000000000
82835  37.154  -15.937  44.375 0.0000000000
81688  35.297  -16.912  44.381 0.0000000000
61586  16.988  -35.444  54.963 0.0000000000
61563  16.379  -35.225  55.642 0.0000000000
65006  24.328  -30.512  59.897 0.0000000000
65022  24.249  -30.960  59.307 0.0000000000
65039  24.084  -30.645  58.965 0.0000000000
65040  23.218  -30.589  58.627 0.0000000000
63878  23.472  -30.524  58.115 0.0000000000
65070  22.519  -30.697  56.817 0.0000000000
63935  19.765  -33.255  53.802 0.0000000000
63916  19.633  -32.633  54.507 0.0000000000
86087  47.035  -13.327  36.715 0.0000000000
64962  20.353  -30.762  63.809 0.0000000000
82830  45.154  -16.097  43.581 0.0000000000
81679  45.271  -16.226  43.271 0.0000000000
80539  43.928  -17.549  42.893 0.0000000000
81700  44.455  -16.704  43.021 0.0000000000
81699  45.424  -16.309  42.980 0.0000000000
81716  45.756  -16.154  42.480 0.0000000000
82874  45.665  -15.525  40.969 0.0000000000
82881  44.001  -15.639  40.245 0.0000000000
81752  42.903  -15.872  39.719 0.0000000000
62612  16.186  -33.106  63.359 0.0000000000
62602  14.698  -33.366  63.627 0.0000000000
58181  9.758  -37.412  66.430 0.0000000000
55760  9.376  -39.173  64.768 0.0000000000
53637  8.604  -42.467  62.114 0.0000000000
53622  8.250  -42.758  63.018 0.0000000000
69699  36.296  -26.693  53.230 0.0000000000
69727  36.541  -26.918  52.094 0.0000000000
69742  35.674  -27.427  51.198 0.0000000000
69753  35.250  -27.510  50.559 0.0000000000
68632  35.217  -28.008  50.923 0.0000000000
68633  34.720  -28.333  50.863 0.0000000000
67495  33.972  -28.575  51.454 0.0000000000
67467  34.325  -28.377  52.576 0.0000000000
67479  33.881  -28.547  51.977 0.0000000000
67496  33.429  -28.938  50.971 0.0000000000
67483  31.519  -29.046  52.224 0.0000000000
61540  27.733  -34.146  55.944 0.0000000000
62675  29.034  -33.504  57.481 0.0000000000
62713  28.124  -33.431  55.940 0.0000000000
63899  28.417  -32.621  56.596 0.0000000000
65084  27.591  -31.612  56.854 0.0000000000
62750  26.649  -32.666  54.634 0.0000000000
63932  27.410  -31.807  55.716 0.0000000000
66250  27.313  -30.600  56.505 0.0000000000
67420  27.644  -29.668  56.552 0.0000000000
67437  27.375  -29.719  55.665 0.0000000000
68563  28.045  -29.039  55.076 0.0000000000
69679  28.210  -27.970  54.944 0.0000000000
68580  27.977  -29.153  54.529 0.0000000000
68593  27.128  -28.745  54.139 0.0000000000
66303  26.173  -30.888  52.596 0.0000000000
67501  25.780  -30.416  52.197 0.0000000000
67502  25.778  -30.003  51.557 0.0000000000
67519  26.048  -29.915  50.600 0.0000000000
79205  34.235  -19.591  49.350 0.0000000000
79222  34.274  -19.440  48.125 0.0000000000
79223  33.459  -20.314  47.913 0.0000000000
76801  31.847  -22.468  47.434 0.0000000000
76824  31.591  -21.842  46.557 0.0000000000
76845  31.264  -22.262  44.608 0.0000000000
91579  57.646  -8.218  34.298 0.0000000000
79306  41.354  -17.701  41.721 0.0000000000
79361  40.762  -17.869  40.914 0.0000000000
79334  40.690  -18.008  41.170 0.0000000000
79283  40.246  -18.027  42.036 0.0000000000
79308  39.902  -18.325  41.558 0.0000000000
81705  37.544  -16.753  42.704 0.0000000000
81704  38.286  -16.965  42.651 0.0000000000
80544  38.496  -17.565  41.581 0.0000000000
79310  37.969  -18.146  40.875 0.0000000000
84934  44.054  -13.388  45.938 0.0000000000
82791  44.741  -15.336  44.398 0.0000000000
82808  44.238  -15.867  43.904 0.0000000000
81666  42.976  -16.439  43.772 0.0000000000
81682  43.367  -17.253  43.490 0.0000000000
64925  28.547  -30.406  64.199 0.0000000000
66136  29.260  -30.321  64.089 0.0000000000
64941  28.676  -30.454  63.542 0.0000000000
63814  27.954  -31.357  62.682 0.0000000000
63831  28.053  -31.678  61.747 0.0000000000
63833  27.284  -33.247  62.031 0.0000000000
63832  28.011  -32.910  61.920 0.0000000000
62642  28.332  -33.372  59.980 0.0000000000
62659  27.921  -34.136  59.064 0.0000000000
62677  27.160  -34.564  58.117 0.0000000000
63865  24.356  -32.095  59.384 0.0000000000
62663  24.584  -32.369  58.870 0.0000000000
62662  25.183  -32.639  59.161 0.0000000000
62680  24.926  -32.324  58.340 0.0000000000
62678  26.048  -34.110  57.843 0.0000000000
62696  25.781  -33.941  57.026 0.0000000000
61524  27.153  -34.570  57.133 0.0000000000
61558  26.737  -33.374  56.234 0.0000000000
61582  26.263  -33.094  55.500 0.0000000000
61608  25.772  -33.271  54.406 0.0000000000
61609  25.285  -33.138  53.976 0.0000000000
61629  25.439  -33.361  53.360 0.0000000000
61652  25.160  -33.626  52.299 0.0000000000
65148  21.314  -32.611  52.542 0.0000000000
63978  20.924  -33.276  51.561 0.0000000000
71963  33.240  -26.296  46.682 0.0000000000
86082  52.472  -13.218  37.464 0.0000000000
86099  52.529  -12.753  36.950 0.0000000000
87125  52.571  -12.260  36.387 0.0000000000
87133  53.502  -11.863  35.868 0.0000000000
88192  53.378  -11.176  35.430 0.0000000000
89332  52.912  -9.852  33.255 0.0000000000
63853  18.135  -31.369  61.185 0.0000000000
64963  19.543  -31.292  64.065 0.0000000000
63804  18.690  -32.060  64.179 0.0000000000
63805  17.786  -32.352  63.646 0.0000000000
62611  16.999  -32.789  63.661 0.0000000000
62589  16.087  -32.709  65.211 0.0000000000
62578  16.088  -32.803  66.214 0.0000000000
67321  29.779  -29.346  65.365 0.0000000000
67322  29.338  -29.973  65.244 0.0000000000
66120  28.847  -30.280  64.819 0.0000000000
64943  27.334  -30.947  64.238 0.0000000000
63788  26.967  -31.864  63.487 0.0000000000
64945  26.735  -32.102  63.796 0.0000000000
64958  26.622  -31.796  63.073 0.0000000000
64974  26.306  -31.386  61.968 0.0000000000
64990  26.290  -31.084  61.722 0.0000000000
64976  24.878  -30.514  62.173 0.0000000000
64992  24.631  -29.945  60.762 0.0000000000
65007  23.571  -30.211  59.757 0.0000000000
66193  22.701  -30.278  59.771 0.0000000000
66207  22.012  -30.404  59.369 0.0000000000
66208  21.184  -30.264  59.706 0.0000000000
66220  21.374  -30.193  59.174 0.0000000000
83987  49.427  -14.316  40.613 0.0000000000
85044  48.594  -13.963  39.615 0.0000000000
82879  45.426  -15.367  40.429 0.0000000000
83991  45.650  -14.854  39.907 0.0000000000
85079  46.098  -13.655  38.426 0.0000000000
63880  17.171  -32.346  58.327 0.0000000000
63881  16.627  -32.908  58.309 0.0000000000
61528  14.594  -34.806  58.087 0.0000000000
61503  14.415  -34.051  59.446 0.0000000000
61515  14.213  -34.841  58.770 0.0000000000
59421  13.377  -36.288  58.225 0.0000000000
58277  12.730  -37.699  58.539 0.0000000000
58291  12.657  -38.342  58.428 0.0000000000
60426  11.925  -35.113  64.035 0.0000000000
60434  11.438  -36.518  62.812 0.0000000000
58192  9.858  -37.145  64.989 0.0000000000
58205  10.262  -37.582  64.000 0.0000000000
58263  10.734  -38.107  60.176 0.0000000000
57041  10.376  -38.633  60.513 0.0000000000
57054  10.786  -38.771  59.635 0.0000000000
83881  38.716  -15.498  49.251 0.0000000000
81637  35.904  -18.605  49.391 0.0000000000
80452  34.936  -19.206  49.586 0.0000000000
76763  33.752  -22.060  50.195 0.0000000000
76773  33.407  -22.531  49.547 0.0000000000
74287  33.327  -24.159  48.410 0.0000000000
74298  33.592  -25.285  48.159 0.0000000000
75514  34.783  -23.679  50.794 0.0000000000
75524  34.465  -24.298  50.173 0.0000000000
74285  34.436  -24.967  49.701 0.0000000000
73104  33.520  -25.598  47.828 0.0000000000
73116  33.685  -26.074  47.626 0.0000000000
70860  33.729  -27.280  47.040 0.0000000000
70859  34.152  -27.295  47.522 0.0000000000
68696  34.130  -28.446  46.409 0.0000000000
67597  33.801  -29.411  45.904 0.0000000000
67598  33.460  -29.989  45.409 0.0000000000
68660  34.956  -27.718  49.780 0.0000000000
68661  34.960  -28.072  49.371 0.0000000000
67559  34.527  -28.637  48.793 0.0000000000
66342  33.972  -29.416  49.628 0.0000000000
66359  33.888  -29.324  48.630 0.0000000000
67560  34.135  -29.033  48.194 0.0000000000
66403  32.553  -30.575  45.185 0.0000000000
66382  31.569  -29.865  46.186 0.0000000000
66429  31.047  -30.677  44.473 0.0000000000
69648  33.350  -26.754  56.376 0.0000000000
66148  29.369  -29.696  63.073 0.0000000000
67353  29.310  -28.984  62.665 0.0000000000
66177  28.951  -30.362  61.184 0.0000000000
67363  29.354  -29.350  61.693 0.0000000000
68490  29.537  -28.131  62.391 0.0000000000
70712  29.493  -26.785  60.771 0.0000000000
65038  28.559  -31.768  58.518 0.0000000000
66218  28.382  -30.735  58.718 0.0000000000
67402  27.785  -29.835  57.880 0.0000000000
68515  28.405  -28.811  59.233 0.0000000000
70711  30.077  -26.232  60.913 0.0000000000
71823  30.929  -25.820  59.748 0.0000000000
71853  31.869  -25.374  57.958 0.0000000000
70752  32.474  -25.904  57.335 0.0000000000
69649  32.774  -26.556  56.956 0.0000000000
69663  33.035  -26.957  55.747 0.0000000000
68546  33.025  -26.779  55.091 0.0000000000
68560  32.839  -27.009  54.448 0.0000000000
68577  32.815  -27.566  53.653 0.0000000000
69677  31.481  -26.834  54.697 0.0000000000
68578  31.984  -27.432  53.760 0.0000000000
68590  32.455  -27.850  53.266 0.0000000000
67472  31.775  -28.313  52.423 0.0000000000
67484  30.709  -29.152  51.796 0.0000000000
69692  28.213  -27.502  54.444 0.0000000000
70796  28.756  -26.937  53.448 0.0000000000
68606  29.816  -28.127  51.693 0.0000000000
68619  30.008  -28.972  51.098 0.0000000000
67533  29.992  -28.807  48.557 0.0000000000
67548  29.764  -28.791  47.762 0.0000000000
68663  27.875  -27.968  47.387 0.0000000000
68662  28.938  -28.433  47.219 0.0000000000
67563  29.536  -28.849  46.670 0.0000000000
82788  37.723  -15.897  47.651 0.0000000000
81651  36.661  -17.115  47.594 0.0000000000
81656  36.666  -16.495  46.557 0.0000000000
82816  36.369  -16.269  45.611 0.0000000000
81707  34.844  -17.406  43.340 0.0000000000
79248  33.792  -18.923  46.086 0.0000000000
78036  32.380  -19.666  45.293 0.0000000000
80494  33.974  -18.772  45.465 0.0000000000
80509  34.565  -18.073  44.824 0.0000000000
80525  34.329  -18.115  43.792 0.0000000000
80547  34.360  -18.032  42.689 0.0000000000
91601  53.738  -9.473  31.588 0.0000000000
58290  12.796  -38.035  57.966 0.0000000000
60475  14.771  -35.386  57.301 0.0000000000
61523  27.764  -34.428  56.675 0.0000000000
61525  26.597  -34.484  57.457 0.0000000000
61541  27.107  -33.987  56.492 0.0000000000
61542  26.242  -34.159  56.762 0.0000000000
61543  26.026  -33.707  56.795 0.0000000000
61556  27.503  -33.597  55.779 0.0000000000
61580  27.020  -33.193  55.637 0.0000000000
61581  26.640  -33.036  55.582 0.0000000000
61605  27.012  -32.834  55.421 0.0000000000
61654  24.258  -33.975  51.587 0.0000000000
62630  27.765  -33.292  61.316 0.0000000000
62632  26.797  -32.786  60.660 0.0000000000
62694  29.035  -33.261  56.458 0.0000000000
62695  28.495  -34.041  56.572 0.0000000000
62699  24.917  -31.445  56.773 0.0000000000
62712  28.621  -33.120  56.198 0.0000000000
62734  24.103  -32.106  55.151 0.0000000000
62751  26.422  -33.033  54.384 0.0000000000
62789  26.140  -33.019  52.765 0.0000000000
63785  27.691  -30.670  63.575 0.0000000000
63786  27.403  -30.775  63.566 0.0000000000
63799  27.357  -31.216  63.004 0.0000000000
63800  27.095  -31.680  62.856 0.0000000000
63802  26.648  -31.917  62.728 0.0000000000
63847  28.217  -31.685  61.123 0.0000000000
63849  28.240  -33.337  60.996 0.0000000000
63851  25.912  -31.943  60.193 0.0000000000
63900  28.330  -33.011  56.147 0.0000000000
63912  27.598  -32.115  56.180 0.0000000000
63913  27.749  -32.784  56.137 0.0000000000
63955  19.815  -33.267  52.908 0.0000000000
63976  25.907  -32.576  52.327 0.0000000000
63999  25.739  -31.811  51.963 0.0000000000
64909  28.140  -31.148  65.176 0.0000000000
64926  28.123  -30.773  64.671 0.0000000000
64944  27.328  -31.838  64.111 0.0000000000
64957  28.285  -30.863  63.095 0.0000000000
64973  28.373  -31.104  62.291 0.0000000000
64988  28.583  -31.136  61.649 0.0000000000
64989  28.359  -31.323  61.882 0.0000000000
64993  23.837  -30.079  60.339 0.0000000000
65020  28.580  -31.941  59.029 0.0000000000
65021  24.470  -31.427  59.743 0.0000000000
65052  28.644  -31.238  58.433 0.0000000000
65108  27.243  -31.410  56.151 0.0000000000
66149  29.228  -30.257  63.280 0.0000000000
66162  29.308  -29.617  62.575 0.0000000000
66228  28.473  -30.698  58.183 0.0000000000
66267  26.889  -30.641  55.800 0.0000000000
66268  26.908  -30.633  55.001 0.0000000000
66300  34.080  -29.969  51.070 0.0000000000
66301  33.732  -30.044  51.052 0.0000000000
66304  25.746  -30.982  51.842 0.0000000000
66314  33.950  -29.734  50.762 0.0000000000
66315  33.506  -29.878  50.604 0.0000000000
66327  33.983  -29.318  50.271 0.0000000000
67362  29.491  -28.740  62.086 0.0000000000
67454  32.835  -27.978  53.189 0.0000000000
67456  27.065  -29.700  54.779 0.0000000000
67468  33.815  -28.444  52.598 0.0000000000
67480  33.419  -28.623  51.888 0.0000000000
67486  25.798  -29.799  52.152 0.0000000000
67494  34.296  -28.451  51.642 0.0000000000
67497  33.117  -29.064  51.101 0.0000000000
67513  34.173  -28.487  51.193 0.0000000000
67514  33.658  -28.897  50.711 0.0000000000
67515  33.692  -29.312  50.720 0.0000000000
67516  32.528  -29.137  50.879 0.0000000000
67546  31.019  -29.200  48.594 0.0000000000
67582  30.280  -29.328  46.186 0.0000000000
67583  29.319  -29.316  45.690 0.0000000000
68525  34.544  -27.077  56.072 0.0000000000
68543  34.675  -27.239  55.786 0.0000000000
68561  32.352  -27.136  54.299 0.0000000000
68572  35.305  -27.389  54.104 0.0000000000
68589  34.159  -28.290  53.138 0.0000000000
68591  31.795  -27.901  52.996 0.0000000000
68646  34.992  -27.815  50.145 0.0000000000
68674  28.842  -28.689  46.597 0.0000000000
69633  32.855  -26.153  57.502 0.0000000000
69674  35.992  -27.199  55.095 0.0000000000
69680  28.099  -28.626  54.706 0.0000000000
69689  35.558  -27.360  54.759 0.0000000000
69703  27.522  -27.946  53.371 0.0000000000
69714  29.786  -27.899  52.137 0.0000000000
69717  26.702  -28.355  51.826 0.0000000000
69743  28.689  -27.878  50.059 0.0000000000
69745  26.869  -27.852  50.697 0.0000000000
69754  28.917  -27.876  49.586 0.0000000000
69763  34.794  -27.336  49.978 0.0000000000
69764  34.918  -27.552  49.415 0.0000000000
70789  28.250  -27.280  54.015 0.0000000000
70820  36.505  -26.879  51.826 0.0000000000
71807  30.235  -26.147  60.356 0.0000000000
71865  29.967  -25.488  56.754 0.0000000000
71926  35.949  -25.936  50.841 0.0000000000
74309  31.251  -24.254  46.154 0.0000000000
79333  41.187  -17.575  41.385 0.0000000000
80504  43.783  -17.698  43.273 0.0000000000
80538  44.067  -17.292  42.909 0.0000000000
80561  42.909  -17.708  41.914 0.0000000000
81636  36.397  -18.281  49.599 0.0000000000
81655  37.055  -16.072  46.701 0.0000000000
81664  44.356  -16.397  43.490 0.0000000000
81668  41.640  -16.056  43.555 0.0000000000
81669  36.500  -16.405  45.931 0.0000000000
81702  39.975  -17.316  42.564 0.0000000000
81718  44.121  -17.232  43.023 0.0000000000
81719  37.893  -17.279  41.918 0.0000000000
81738  44.825  -15.806  40.598 0.0000000000
82787  37.944  -15.370  47.791 0.0000000000
82796  36.982  -15.960  46.399 0.0000000000
84969  40.630  -14.148  45.263 0.0000000000
86055  47.973  -13.840  38.542 0.0000000000
89331  53.559  -9.763  33.685 0.0000000000
