#!ascii label  , from subject 3060 vox2ras=TkReg
783
112724  42.732  11.249  29.665 0.0000000000
110028  46.342  8.104  21.130 0.0000000000
114840  47.324  13.264  13.868 0.0000000000
103247  49.396  2.098  16.778 0.0000000000
107103  41.842  5.221  27.327 0.0000000000
113873  53.419  13.073  16.806 0.0000000000
108147  49.584  5.553  17.249 0.0000000000
112849  42.585  11.543  20.741 0.0000000000
113788  49.463  12.308  22.204 0.0000000000
110893  44.672  9.368  25.166 0.0000000000
104192  45.763  2.858  24.141 0.0000000000
115813  43.970  14.631  17.092 0.0000000000
110953  44.903  9.431  16.926 0.0000000000
112873  46.900  11.258  16.996 0.0000000000
108180  46.637  6.787  13.738 0.0000000000
114784  40.234  13.720  19.254 0.0000000000
111788  46.542  10.673  26.451 0.0000000000
111772  44.333  10.299  27.113 0.0000000000
105267  43.555  3.703  25.883 0.0000000000
115824  49.435  14.691  15.662 0.0000000000
117823  47.215  16.080  17.889 0.0000000000
114815  45.725  13.751  15.674 0.0000000000
113880  44.218  12.352  16.478 0.0000000000
112895  45.410  11.513  14.342 0.0000000000
111877  45.746  10.192  21.127 0.0000000000
113836  47.493  12.585  19.551 0.0000000000
110937  46.550  9.018  19.413 0.0000000000
106287  50.820  4.328  15.591 0.0000000000
108171  48.702  6.144  15.211 0.0000000000
105391  47.808  3.874  14.607 0.0000000000
106298  45.135  4.356  14.488 0.0000000000
104312  46.793  3.219  16.869 0.0000000000
104267  45.668  2.464  20.239 0.0000000000
109967  40.029  8.668  30.836 0.0000000000
109977  41.386  8.473  27.968 0.0000000000
114836  51.077  13.429  14.314 0.0000000000
106254  47.158  4.431  20.484 0.0000000000
108140  48.063  6.314  18.659 0.0000000000
105341  49.425  3.975  18.221 0.0000000000
106271  52.296  3.964  17.008 0.0000000000
112813  52.394  11.272  22.535 0.0000000000
111822  49.341  10.885  24.588 0.0000000000
112802  47.005  11.227  23.723 0.0000000000
110014  45.224  8.304  23.061 0.0000000000
109059  42.646  7.500  25.897 0.0000000000
108088  44.472  6.721  24.305 0.0000000000
107151  45.789  5.629  22.605 0.0000000000
104207  47.833  2.324  22.736 0.0000000000
108039  40.943  6.877  33.885 0.0000000000
117788  45.556  16.493  19.581 0.0000000000
117807  42.776  16.416  18.637 0.0000000000
114794  41.998  13.459  18.025 0.0000000000
111886  44.195  10.362  19.022 0.0000000000
109108  42.976  6.853  18.561 0.0000000000
114766  51.361  13.458  20.057 0.0000000000
114814  49.618  13.278  16.695 0.0000000000
113891  47.801  12.218  14.685 0.0000000000
110055  47.603  8.111  16.927 0.0000000000
110969  47.665  9.385  14.143 0.0000000000
110987  46.863  10.075  12.472 0.0000000000
110073  44.987  8.009  14.561 0.0000000000
108158  43.506  5.737  16.536 0.0000000000
115788  40.371  14.504  20.438 0.0000000000
116825  41.183  15.820  19.982 0.0000000000
111763  44.668  11.045  28.328 0.0000000000
111764  43.482  10.608  28.201 0.0000000000
115839  48.934  14.206  14.717 0.0000000000
115825  48.175  14.464  16.034 0.0000000000
114826  46.874  13.534  14.465 0.0000000000
114842  45.632  13.025  14.485 0.0000000000
114851  46.107  12.727  13.715 0.0000000000
110932  45.717  9.267  21.257 0.0000000000
111884  46.201  10.088  19.777 0.0000000000
110034  46.471  8.095  20.070 0.0000000000
104327  49.644  3.170  15.529 0.0000000000
105389  49.279  4.326  14.898 0.0000000000
105380  48.459  3.445  15.218 0.0000000000
105369  47.139  3.342  15.800 0.0000000000
104311  47.602  3.021  16.762 0.0000000000
104285  47.525  2.113  18.886 0.0000000000
104301  48.513  1.992  17.828 0.0000000000
109034  40.009  7.326  30.522 0.0000000000
115836  51.963  14.361  15.063 0.0000000000
113886  52.192  13.233  15.664 0.0000000000
104265  48.261  2.590  20.834 0.0000000000
105325  48.180  3.814  19.455 0.0000000000
104284  48.950  2.846  19.360 0.0000000000
105338  52.053  3.463  17.742 0.0000000000
104308  53.294  2.607  17.353 0.0000000000
104317  52.547  2.787  16.534 0.0000000000
111807  45.280  10.163  25.308 0.0000000000
111824  47.058  10.806  24.856 0.0000000000
111826  45.485  10.200  24.397 0.0000000000
111842  45.486  10.109  23.634 0.0000000000
110005  44.882  8.767  23.682 0.0000000000
108067  40.877  6.860  27.680 0.0000000000
109043  41.876  7.962  27.178 0.0000000000
108072  42.362  6.736  26.251 0.0000000000
104176  44.931  2.610  25.283 0.0000000000
106227  44.240  4.405  24.893 0.0000000000
106234  44.678  4.641  24.095 0.0000000000
107140  45.361  5.854  23.122 0.0000000000
106232  45.790  4.224  23.164 0.0000000000
105301  46.631  3.652  22.362 0.0000000000
103169  46.660  2.396  23.711 0.0000000000
103165  49.994  1.609  24.058 0.0000000000
116857  45.646  15.195  17.552 0.0000000000
117803  46.906  16.390  18.683 0.0000000000
116839  45.219  15.714  18.245 0.0000000000
117789  44.421  16.499  19.605 0.0000000000
116859  43.595  15.257  17.662 0.0000000000
115802  42.282  14.952  17.941 0.0000000000
115830  42.854  14.141  16.562 0.0000000000
111900  45.007  10.684  16.884 0.0000000000
112866  44.286  11.240  18.188 0.0000000000
111885  44.528  9.813  18.521 0.0000000000
110042  44.024  8.604  19.091 0.0000000000
109106  44.134  7.635  17.847 0.0000000000
113786  51.371  11.990  22.242 0.0000000000
113799  52.249  12.018  21.578 0.0000000000
113801  50.120  12.634  21.470 0.0000000000
113850  47.371  12.505  18.485 0.0000000000
114793  48.834  13.156  18.455 0.0000000000
113878  48.847  12.822  16.388 0.0000000000
113890  48.882  12.443  14.970 0.0000000000
112880  47.432  11.314  15.444 0.0000000000
108139  48.632  5.971  18.113 0.0000000000
109105  48.082  7.138  18.212 0.0000000000
109112  48.593  6.663  17.463 0.0000000000
108172  47.993  6.507  14.606 0.0000000000
109126  47.825  7.364  15.289 0.0000000000
109134  47.580  7.735  14.106 0.0000000000
110977  47.667  9.530  13.249 0.0000000000
110079  46.569  8.554  13.296 0.0000000000
110979  45.993  9.600  12.890 0.0000000000
109145  45.658  7.592  13.732 0.0000000000
105372  44.364  3.606  16.345 0.0000000000
107211  44.194  5.250  15.445 0.0000000000
106282  43.504  4.337  16.170 0.0000000000
106275  42.262  4.381  16.963 0.0000000000
113846  54.548  12.700  18.952 0.0000000000
113824  40.329  12.756  20.131 0.0000000000
113823  41.699  12.154  20.389 0.0000000000
111787  47.664  10.829  26.425 0.0000000000
111770  46.777  11.041  27.414 0.0000000000
111789  45.441  10.474  26.292 0.0000000000
110882  44.334  9.519  25.821 0.0000000000
106214  42.826  4.178  26.510 0.0000000000
116871  48.289  15.133  16.810 0.0000000000
115810  47.239  14.637  16.811 0.0000000000
115827  45.513  14.065  16.334 0.0000000000
114830  43.650  13.584  16.184 0.0000000000
114829  44.365  13.441  15.886 0.0000000000
112896  44.911  11.990  15.140 0.0000000000
111906  45.331  10.549  15.945 0.0000000000
112833  47.326  12.208  21.738 0.0000000000
113819  48.697  13.067  20.517 0.0000000000
113821  46.866  12.266  20.397 0.0000000000
112858  46.531  11.035  18.998 0.0000000000
112865  46.610  11.037  17.911 0.0000000000
107200  50.240  5.399  16.382 0.0000000000
108163  48.993  6.217  15.892 0.0000000000
107208  49.974  5.471  15.436 0.0000000000
106295  48.242  4.716  14.551 0.0000000000
106296  47.149  4.671  14.390 0.0000000000
107228  45.750  6.142  13.842 0.0000000000
105392  46.737  3.779  14.586 0.0000000000
105383  45.443  3.370  15.210 0.0000000000
105357  44.990  3.372  16.938 0.0000000000
103216  46.609  1.657  20.155 0.0000000000
111751  41.582  10.543  30.085 0.0000000000
111758  41.771  10.200  29.030 0.0000000000
110866  40.765  9.166  29.369 0.0000000000
109041  40.556  7.508  28.460 0.0000000000
107099  41.182  5.884  28.482 0.0000000000
116868  50.860  15.316  16.205 0.0000000000
115838  50.045  14.368  14.753 0.0000000000
114838  49.174  13.185  13.905 0.0000000000
107169  46.925  5.622  20.590 0.0000000000
108134  47.008  6.774  19.894 0.0000000000
107168  47.173  5.465  20.051 0.0000000000
107176  48.465  5.113  18.518 0.0000000000
107183  49.671  4.991  17.502 0.0000000000
104299  50.727  3.015  18.401 0.0000000000
105354  50.870  4.060  17.456 0.0000000000
106273  51.019  4.476  16.925 0.0000000000
106280  51.458  4.275  16.329 0.0000000000
104319  50.707  2.944  16.089 0.0000000000
103253  50.130  2.337  16.454 0.0000000000
103236  49.057  1.329  17.860 0.0000000000
111837  51.555  10.980  23.631 0.0000000000
112799  50.129  11.371  23.486 0.0000000000
111804  48.494  10.734  25.583 0.0000000000
112787  48.492  11.258  24.340 0.0000000000
112801  48.116  11.582  23.675 0.0000000000
112819  46.453  11.328  22.867 0.0000000000
111869  45.488  9.701  22.053 0.0000000000
110022  45.694  8.167  22.277 0.0000000000
111774  42.642  9.751  27.677 0.0000000000
110884  42.982  8.983  26.511 0.0000000000
109997  43.463  8.283  25.030 0.0000000000
107118  43.398  5.855  25.284 0.0000000000
108089  43.952  6.575  24.772 0.0000000000
110006  44.441  8.231  24.082 0.0000000000
109071  45.024  7.405  23.298 0.0000000000
108107  45.724  6.494  22.462 0.0000000000
108106  46.223  6.678  21.891 0.0000000000
106247  46.587  4.736  21.867 0.0000000000
105308  47.189  3.623  21.265 0.0000000000
104245  48.687  2.208  21.448 0.0000000000
103167  47.985  1.823  23.437 0.0000000000
103183  49.531  1.552  23.219 0.0000000000
111748  40.780  10.070  31.812 0.0000000000
109960  40.479  8.391  32.992 0.0000000000
107080  40.947  5.348  33.368 0.0000000000
118757  47.308  17.271  19.602 0.0000000000
117774  45.277  16.704  20.551 0.0000000000
116843  41.960  15.534  18.573 0.0000000000
114795  41.512  13.683  18.172 0.0000000000
113839  42.666  12.185  19.378 0.0000000000
113868  42.699  13.096  16.990 0.0000000000
113852  43.339  12.157  18.475 0.0000000000
112848  43.305  11.091  20.462 0.0000000000
114789  52.546  12.988  18.143 0.0000000000
114768  49.489  13.342  19.858 0.0000000000
114791  50.675  13.369  18.135 0.0000000000
113861  52.104  13.029  16.680 0.0000000000
113888  51.061  12.854  15.179 0.0000000000
113900  49.653  12.792  14.270 0.0000000000
113909  47.879  12.470  13.752 0.0000000000
110041  47.044  8.063  19.123 0.0000000000
110944  46.961  8.836  18.403 0.0000000000
111897  47.202  9.561  17.087 0.0000000000
109120  47.976  7.459  16.348 0.0000000000
110061  47.596  8.246  15.848 0.0000000000
111904  47.286  10.181  16.187 0.0000000000
112887  47.663  11.243  14.253 0.0000000000
112894  47.796  11.200  13.379 0.0000000000
113911  47.021  12.318  12.889 0.0000000000
111925  45.903  10.716  12.821 0.0000000000
110970  45.396  9.244  14.085 0.0000000000
110960  44.864  8.961  15.863 0.0000000000
108165  44.990  6.099  14.594 0.0000000000
109121  44.437  7.205  15.897 0.0000000000
109114  43.980  7.106  17.114 0.0000000000
108150  43.371  6.164  17.304 0.0000000000
104268  44.532  2.761  20.318 0.0000000000
117792  41.546  16.670  19.533 0.0000000000
111756  43.826  11.027  28.952 0.0000000000
111757  42.597  10.883  29.267 0.0000000000
115853  47.962  13.400  14.010 0.0000000000
115840  47.687  13.745  14.711 0.0000000000
114841  46.451  13.222  14.094 0.0000000000
114850  46.747  12.752  13.452 0.0000000000
110931  46.104  9.062  20.577 0.0000000000
103254  49.537  2.481  16.239 0.0000000000
104328  49.080  3.279  15.477 0.0000000000
104321  48.771  2.745  15.949 0.0000000000
104322  47.885  3.190  16.044 0.0000000000
104310  48.578  2.306  17.208 0.0000000000
113872  53.893  13.052  17.233 0.0000000000
114810  53.050  13.582  16.233 0.0000000000
114822  52.807  13.810  15.845 0.0000000000
113874  52.591  13.251  16.383 0.0000000000
104264  48.879  2.288  20.196 0.0000000000
104309  52.966  2.496  16.867 0.0000000000
111871  42.852  10.223  21.441 0.0000000000
110892  45.120  9.623  24.680 0.0000000000
110902  45.224  9.471  24.038 0.0000000000
110903  44.746  9.049  24.378 0.0000000000
107104  41.474  5.895  27.492 0.0000000000
108073  41.785  6.694  26.778 0.0000000000
107107  42.003  5.830  26.619 0.0000000000
104193  45.278  2.908  24.608 0.0000000000
105280  44.733  3.570  24.563 0.0000000000
105279  45.286  3.403  24.144 0.0000000000
105290  45.592  3.692  23.560 0.0000000000
104210  46.077  3.128  23.563 0.0000000000
104191  46.338  2.597  23.882 0.0000000000
116858  44.600  15.167  17.653 0.0000000000
116840  44.186  15.810  18.185 0.0000000000
111899  45.268  9.993  16.560 0.0000000000
111891  44.614  10.417  17.989 0.0000000000
110945  44.668  9.210  18.084 0.0000000000
110056  44.580  8.236  17.529 0.0000000000
113787  50.450  12.221  22.248 0.0000000000
113800  51.199  12.541  21.522 0.0000000000
113865  46.731  11.672  17.531 0.0000000000
113864  47.315  12.305  17.137 0.0000000000
113879  47.818  12.288  15.775 0.0000000000
112872  47.226  11.696  16.291 0.0000000000
108148  49.062  5.907  17.500 0.0000000000
108156  49.119  6.220  16.820 0.0000000000
108179  47.399  6.989  13.899 0.0000000000
109143  47.059  7.689  13.540 0.0000000000
110078  47.398  8.588  13.395 0.0000000000
109144  46.209  7.631  13.532 0.0000000000
105385  43.991  3.934  16.044 0.0000000000
105373  43.423  3.724  16.518 0.0000000000
105374  42.690  3.807  16.832 0.0000000000
115797  40.379  14.147  19.491 0.0000000000
114770  39.874  13.652  19.783 0.0000000000
113841  40.324  13.218  19.224 0.0000000000
111761  46.392  11.242  27.858 0.0000000000
111771  45.606  10.783  27.259 0.0000000000
111790  44.674  10.069  26.072 0.0000000000
110872  44.126  9.738  26.411 0.0000000000
116869  49.934  15.321  16.352 0.0000000000
116870  48.992  15.234  16.527 0.0000000000
115826  46.692  14.001  15.810 0.0000000000
115811  46.129  14.608  16.841 0.0000000000
114816  44.967  13.724  15.973 0.0000000000
114828  45.281  13.442  15.320 0.0000000000
113904  45.166  12.422  14.776 0.0000000000
112888  45.238  11.352  15.338 0.0000000000
111912  45.448  10.465  14.729 0.0000000000
112834  46.591  11.602  21.574 0.0000000000
113804  47.256  12.354  21.160 0.0000000000
112847  46.301  11.279  20.193 0.0000000000
111890  46.597  9.958  18.498 0.0000000000
107207  50.794  4.828  15.634 0.0000000000
106288  50.253  4.523  15.352 0.0000000000
105390  48.766  4.085  14.757 0.0000000000
106294  49.082  4.753  14.775 0.0000000000
107218  47.678  5.563  14.370 0.0000000000
105355  46.727  3.312  16.385 0.0000000000
105382  46.398  3.280  15.067 0.0000000000
105370  46.125  3.285  15.820 0.0000000000
105371  45.232  3.371  16.047 0.0000000000
105356  46.043  3.283  16.747 0.0000000000
104303  46.786  3.023  17.578 0.0000000000
111752  40.744  10.177  30.919 0.0000000000
110862  40.628  9.534  30.270 0.0000000000
109037  40.232  7.398  29.661 0.0000000000
108061  40.447  6.712  29.067 0.0000000000
107100  40.775  6.345  28.796 0.0000000000
107096  40.835  6.100  29.367 0.0000000000
115849  51.536  14.022  14.514 0.0000000000
115837  51.112  14.703  14.923 0.0000000000
115850  50.629  14.009  14.198 0.0000000000
115851  49.626  13.878  13.964 0.0000000000
114837  50.191  13.329  13.978 0.0000000000
107159  46.865  5.150  20.659 0.0000000000
105324  48.881  3.571  18.827 0.0000000000
106259  48.288  4.511  18.960 0.0000000000
106267  48.932  4.530  18.362 0.0000000000
107184  49.043  5.303  17.972 0.0000000000
106266  49.548  4.510  17.819 0.0000000000
104282  51.362  2.211  19.327 0.0000000000
104298  51.717  2.846  18.292 0.0000000000
105352  52.240  3.806  17.267 0.0000000000
105339  51.202  3.503  17.786 0.0000000000
105353  51.584  3.945  17.346 0.0000000000
106274  50.263  4.528  17.438 0.0000000000
106281  51.053  4.691  16.388 0.0000000000
106279  52.170  3.949  16.770 0.0000000000
103251  51.976  2.193  16.659 0.0000000000
104318  51.695  2.906  16.275 0.0000000000
103252  51.037  2.256  16.642 0.0000000000
103246  50.258  1.400  17.136 0.0000000000
111821  50.564  10.633  24.567 0.0000000000
111820  51.692  10.667  24.502 0.0000000000
111838  50.379  10.996  23.960 0.0000000000
111839  49.776  11.144  23.977 0.0000000000
111805  47.366  10.731  25.643 0.0000000000
111840  46.683  10.867  24.330 0.0000000000
112788  47.647  11.178  24.372 0.0000000000
112803  46.316  11.079  23.468 0.0000000000
110910  45.194  9.289  23.299 0.0000000000
111855  45.456  9.922  22.860 0.0000000000
110917  45.383  9.034  22.576 0.0000000000
110926  45.576  8.937  21.810 0.0000000000
110869  41.742  9.356  28.183 0.0000000000
111765  42.429  10.050  28.247 0.0000000000
110875  42.073  8.896  27.615 0.0000000000
109988  42.633  8.254  26.199 0.0000000000
109980  42.396  8.416  27.066 0.0000000000
109987  43.245  8.687  25.785 0.0000000000
109998  42.920  8.101  25.545 0.0000000000
106218  43.049  4.483  25.810 0.0000000000
106219  42.617  5.356  25.992 0.0000000000
107130  44.291  5.702  24.573 0.0000000000
107131  43.886  6.049  24.852 0.0000000000
109064  44.244  7.401  24.405 0.0000000000
109072  44.650  7.391  23.871 0.0000000000
108097  44.846  6.485  23.698 0.0000000000
106240  45.632  5.253  22.924 0.0000000000
108096  45.234  6.738  23.023 0.0000000000
107150  46.354  5.783  22.064 0.0000000000
104229  46.890  2.879  22.600 0.0000000000
105300  47.005  3.564  21.879 0.0000000000
104228  47.348  2.915  22.162 0.0000000000
104246  47.861  2.763  21.374 0.0000000000
104227  48.297  2.314  22.309 0.0000000000
103153  48.395  1.276  24.516 0.0000000000
104225  50.567  1.775  23.020 0.0000000000
111744  41.380  10.608  32.153 0.0000000000
109024  40.809  7.512  33.577 0.0000000000
109028  40.212  7.374  32.788 0.0000000000
108046  40.614  6.387  33.457 0.0000000000
117804  45.891  16.319  18.779 0.0000000000
117786  47.402  16.962  19.138 0.0000000000
117787  46.673  16.709  19.563 0.0000000000
117773  46.194  16.772  20.264 0.0000000000
118744  46.043  17.188  20.695 0.0000000000
117806  43.750  16.339  18.775 0.0000000000
117808  42.024  16.202  18.755 0.0000000000
115815  41.946  14.126  17.779 0.0000000000
113854  41.767  13.191  18.291 0.0000000000
113840  41.297  12.837  18.942 0.0000000000
113881  43.446  13.046  16.362 0.0000000000
114818  43.074  13.721  16.356 0.0000000000
111892  44.270  10.868  18.510 0.0000000000
112875  43.915  11.776  18.052 0.0000000000
112867  43.833  11.375  18.706 0.0000000000
112859  43.496  11.321  19.573 0.0000000000
111879  43.665  10.297  19.975 0.0000000000
111870  43.355  10.243  20.799 0.0000000000
109100  43.400  7.669  18.977 0.0000000000
112830  53.600  11.187  21.771 0.0000000000
113816  52.030  12.804  20.500 0.0000000000
113815  53.242  12.002  20.551 0.0000000000
113833  52.942  12.676  19.169 0.0000000000
114778  52.130  13.198  18.803 0.0000000000
113835  48.237  12.943  19.714 0.0000000000
114769  48.828  13.221  19.677 0.0000000000
114804  49.201  13.200  17.491 0.0000000000
114792  49.670  13.446  18.265 0.0000000000
114803  50.132  13.468  17.305 0.0000000000
114802  51.228  13.002  17.029 0.0000000000
114812  51.109  13.075  16.045 0.0000000000
114813  50.372  13.273  16.256 0.0000000000
113901  48.524  12.578  14.056 0.0000000000
113902  47.788  12.004  13.879 0.0000000000
109099  46.861  7.415  19.741 0.0000000000
109098  47.496  7.120  19.151 0.0000000000
110048  47.576  7.943  17.883 0.0000000000
110943  47.284  8.433  18.076 0.0000000000
110950  47.321  8.782  17.550 0.0000000000
110951  47.009  9.493  17.782 0.0000000000
109119  48.497  6.783  16.657 0.0000000000
109125  48.352  6.909  15.933 0.0000000000
110066  47.668  8.421  14.688 0.0000000000
110963  47.492  9.243  15.327 0.0000000000
111911  47.414  10.286  14.767 0.0000000000
110986  47.536  9.963  12.649 0.0000000000
111924  47.839  10.445  12.903 0.0000000000
111932  47.396  10.603  12.551 0.0000000000
113916  47.266  11.746  12.744 0.0000000000
112908  47.132  11.248  12.524 0.0000000000
113918  46.395  11.687  12.687 0.0000000000
111934  46.328  10.924  12.608 0.0000000000
110072  45.117  8.321  14.040 0.0000000000
110971  45.167  8.548  14.339 0.0000000000
110965  45.119  8.718  14.913 0.0000000000
107220  45.370  5.461  14.325 0.0000000000
107221  44.767  4.960  14.782 0.0000000000
107201  43.677  5.445  16.135 0.0000000000
108166  44.605  6.342  15.234 0.0000000000
108157  43.824  6.251  16.266 0.0000000000
108149  43.740  6.484  16.914 0.0000000000
106276  41.807  4.409  17.511 0.0000000000
107194  42.079  5.263  17.347 0.0000000000
104287  45.089  3.131  19.496 0.0000000000
115787  41.148  15.005  20.232 0.0000000000
115796  41.150  14.747  19.525 0.0000000000
111762  45.884  11.146  27.965 0.0000000000
111773  43.134  10.032  27.486 0.0000000000
115841  46.840  13.698  14.952 0.0000000000
114827  46.156  13.681  14.875 0.0000000000
113903  45.641  12.260  13.849 0.0000000000
105378  50.418  3.770  15.620 0.0000000000
105379  49.457  3.897  15.244 0.0000000000
105381  47.405  3.331  15.035 0.0000000000
105368  47.940  3.275  15.598 0.0000000000
104302  47.874  2.441  18.110 0.0000000000
103227  48.144  1.445  18.673 0.0000000000
109965  39.741  7.642  31.598 0.0000000000
109031  39.762  7.159  31.288 0.0000000000
116876  51.801  14.762  15.572 0.0000000000
115835  52.597  14.116  15.583 0.0000000000
115848  52.195  13.926  14.897 0.0000000000
114835  51.851  13.468  14.701 0.0000000000
105316  47.876  3.355  20.338 0.0000000000
106260  47.637  4.488  19.669 0.0000000000
105315  48.490  3.141  19.608 0.0000000000
104297  52.590  2.898  18.199 0.0000000000
104296  53.423  2.699  18.105 0.0000000000
105337  52.720  3.361  17.589 0.0000000000
105351  52.650  3.709  17.034 0.0000000000
105365  52.275  3.521  16.496 0.0000000000
105364  52.759  3.159  16.621 0.0000000000
103250  52.609  2.201  16.844 0.0000000000
111803  49.668  10.645  25.428 0.0000000000
111806  46.295  10.604  25.558 0.0000000000
111825  46.102  10.653  24.748 0.0000000000
111841  46.034  10.842  23.961 0.0000000000
109044  41.276  7.564  27.548 0.0000000000
109981  41.788  8.279  27.449 0.0000000000
109051  41.595  7.131  27.066 0.0000000000
109050  42.077  7.536  26.745 0.0000000000
105266  44.174  3.367  25.483 0.0000000000
106217  43.755  4.158  25.430 0.0000000000
107141  44.885  5.499  23.747 0.0000000000
106233  45.403  4.755  23.405 0.0000000000
106239  46.030  4.726  22.659 0.0000000000
105289  46.139  3.717  23.092 0.0000000000
104209  46.578  2.811  23.181 0.0000000000
104208  47.266  2.447  22.931 0.0000000000
103152  49.419  1.374  24.799 0.0000000000
104206  50.910  2.029  24.481 0.0000000000
116856  46.701  15.245  17.471 0.0000000000
116838  46.260  15.802  18.123 0.0000000000
117805  44.818  16.355  18.766 0.0000000000
116841  43.260  15.881  18.085 0.0000000000
116842  42.461  15.475  18.174 0.0000000000
116860  42.974  15.345  17.775 0.0000000000
115814  42.692  14.612  17.387 0.0000000000
114805  42.261  13.685  17.531 0.0000000000
112883  44.639  11.560  16.565 0.0000000000
113866  44.277  12.029  17.000 0.0000000000
112874  44.387  11.494  17.458 0.0000000000
110939  44.022  9.356  19.567 0.0000000000
110938  44.367  9.248  18.833 0.0000000000
110050  44.211  8.255  18.391 0.0000000000
109107  43.465  7.119  18.196 0.0000000000
113785  51.853  11.709  22.178 0.0000000000
112831  52.831  11.454  21.846 0.0000000000
113817  50.829  13.125  20.776 0.0000000000
113849  48.164  12.799  18.874 0.0000000000
113863  48.277  12.830  17.811 0.0000000000
113877  49.683  13.182  16.104 0.0000000000
109113  48.035  7.336  17.282 0.0000000000
108164  48.344  6.591  15.406 0.0000000000
110071  47.664  8.718  13.809 0.0000000000
110978  47.058  9.405  12.942 0.0000000000
110080  45.655  8.338  13.620 0.0000000000
109135  45.235  7.488  14.177 0.0000000000
105384  44.573  3.699  15.495 0.0000000000
106289  44.475  4.287  14.941 0.0000000000
106290  44.055  4.346  15.651 0.0000000000
107202  43.183  5.154  16.486 0.0000000000
106283  42.832  4.333  16.504 0.0000000000
105360  42.329  3.730  17.479 0.0000000000
113859  53.655  12.823  17.506 0.0000000000
114771  39.297  14.002  20.375 0.0000000000
113805  41.517  11.902  21.180 0.0000000000
111808  44.740  9.785  25.594 0.0000000000
106215  42.401  4.689  26.795 0.0000000000
105259  42.803  4.024  27.001 0.0000000000
105258  43.252  3.717  26.601 0.0000000000
105257  43.938  3.179  26.449 0.0000000000
104175  45.790  2.285  25.038 0.0000000000
104174  46.252  2.319  24.484 0.0000000000
116854  48.620  15.788  17.216 0.0000000000
116855  47.718  15.437  17.274 0.0000000000
115809  47.871  14.864  16.794 0.0000000000
115812  45.049  14.598  17.007 0.0000000000
115829  43.498  14.145  16.374 0.0000000000
115828  44.488  14.102  16.430 0.0000000000
115843  43.851  13.782  16.139 0.0000000000
113893  43.940  13.206  16.070 0.0000000000
114843  44.943  13.015  15.188 0.0000000000
113892  44.453  12.697  15.704 0.0000000000
112889  44.709  11.906  15.835 0.0000000000
112882  45.044  11.344  16.021 0.0000000000
111907  45.080  11.087  16.379 0.0000000000
110959  45.160  9.691  16.199 0.0000000000
113789  48.567  12.367  22.148 0.0000000000
113802  49.095  12.678  21.423 0.0000000000
113803  48.011  12.564  21.468 0.0000000000
113820  47.713  12.725  20.482 0.0000000000
113837  46.771  12.026  19.311 0.0000000000
113851  46.625  11.913  18.209 0.0000000000
108162  49.599  5.769  16.302 0.0000000000
107209  49.170  5.856  15.344 0.0000000000
106293  49.697  4.716  14.955 0.0000000000
107217  48.818  5.517  14.904 0.0000000000
108173  47.241  6.310  14.090 0.0000000000
107227  46.141  6.367  13.769 0.0000000000
107219  46.475  5.705  13.997 0.0000000000
106297  46.063  4.569  14.354 0.0000000000
105393  45.727  3.723  14.629 0.0000000000
105394  44.929  3.699  14.741 0.0000000000
105326  45.315  3.346  18.625 0.0000000000
104266  46.290  2.295  20.051 0.0000000000
104286  46.528  2.700  19.136 0.0000000000
111750  42.161  10.967  29.830 0.0000000000
110861  41.214  9.816  29.518 0.0000000000
110865  41.365  9.575  28.852 0.0000000000
110870  41.039  8.894  28.612 0.0000000000
109970  40.215  8.650  29.955 0.0000000000
109974  40.474  8.287  29.166 0.0000000000
109978  40.909  8.219  28.472 0.0000000000
109045  40.663  7.147  27.886 0.0000000000
108063  41.065  6.368  27.827 0.0000000000
106212  41.631  5.310  27.973 0.0000000000
115823  50.404  14.814  15.594 0.0000000000
116877  51.275  15.018  15.666 0.0000000000
115852  48.625  13.562  14.069 0.0000000000
108116  46.624  6.460  21.318 0.0000000000
109092  46.722  7.199  20.637 0.0000000000
108125  47.019  6.169  20.460 0.0000000000
108124  47.275  5.989  20.111 0.0000000000
108133  47.437  6.196  19.652 0.0000000000
107177  47.864  5.418  19.096 0.0000000000
107185  48.393  5.661  18.438 0.0000000000
107192  49.480  5.392  17.442 0.0000000000
104283  49.816  2.672  19.038 0.0000000000
104300  50.107  3.248  18.433 0.0000000000
105340  50.194  3.750  17.896 0.0000000000
107191  50.144  5.195  17.095 0.0000000000
107190  50.708  4.961  16.538 0.0000000000
107199  50.961  5.066  16.014 0.0000000000
106286  51.201  4.279  15.783 0.0000000000
105366  51.250  3.668  15.940 0.0000000000
105377  50.994  4.001  15.649 0.0000000000
104326  50.269  3.171  15.726 0.0000000000
104320  49.845  2.753  15.918 0.0000000000
103235  49.812  0.821  17.620 0.0000000000
111853  52.021  11.081  22.954 0.0000000000
112798  50.892  11.316  23.380 0.0000000000
112815  50.699  11.640  22.823 0.0000000000
112816  49.779  11.759  22.877 0.0000000000
111786  48.797  10.944  26.458 0.0000000000
111823  48.076  10.914  24.933 0.0000000000
112800  49.215  11.456  23.747 0.0000000000
112817  48.781  11.989  22.924 0.0000000000
112818  47.529  12.093  22.624 0.0000000000
111868  45.805  10.632  22.301 0.0000000000
111854  45.898  10.673  23.200 0.0000000000
111878  45.596  9.514  21.577 0.0000000000
110029  45.930  8.338  21.673 0.0000000000
110021  46.109  7.850  21.766 0.0000000000
110874  42.722  9.327  27.272 0.0000000000
110873  43.491  9.631  26.810 0.0000000000
110883  43.698  9.266  26.136 0.0000000000
110894  43.946  8.982  25.444 0.0000000000
109996  44.208  8.676  24.750 0.0000000000
107119  42.646  6.094  25.909 0.0000000000
108082  42.940  6.751  25.601 0.0000000000
107117  43.811  4.934  25.237 0.0000000000
109058  43.177  7.491  25.311 0.0000000000
109065  43.688  7.442  24.820 0.0000000000
110007  43.936  8.040  24.510 0.0000000000
110015  44.813  8.041  23.546 0.0000000000
109080  45.452  7.410  22.692 0.0000000000
109079  45.926  7.318  22.090 0.0000000000
109087  46.356  7.279  21.488 0.0000000000
107160  46.746  5.526  21.173 0.0000000000
106246  46.804  4.580  21.155 0.0000000000
105309  46.768  4.007  21.669 0.0000000000
103155  46.687  2.078  24.172 0.0000000000
103168  47.064  2.136  23.600 0.0000000000
103166  49.036  1.354  23.776 0.0000000000
103184  48.718  1.764  22.980 0.0000000000
104226  49.226  1.692  22.380 0.0000000000
112709  42.412  11.291  30.239 0.0000000000
112710  41.720  11.002  30.696 0.0000000000
110859  40.357  9.366  31.365 0.0000000000
111745  40.870  10.016  32.765 0.0000000000
110857  40.483  9.257  32.365 0.0000000000
109964  39.968  8.265  31.927 0.0000000000
108045  41.181  5.854  33.658 0.0000000000
106145  40.661  4.822  33.049 0.0000000000
117762  44.683  16.848  21.201 0.0000000000
117775  44.076  16.583  20.489 0.0000000000
117763  43.812  16.791  21.208 0.0000000000
116833  41.609  15.641  19.087 0.0000000000
115803  41.772  14.753  18.339 0.0000000000
114783  40.787  13.866  18.835 0.0000000000
113822  42.488  11.922  20.165 0.0000000000
114819  42.632  13.788  16.798 0.0000000000
113867  43.566  12.393  17.351 0.0000000000
113853  42.396  12.843  18.092 0.0000000000
112860  42.987  11.718  20.123 0.0000000000
112835  43.037  10.922  21.117 0.0000000000
112846  53.349  11.559  21.258 0.0000000000
113847  53.872  12.517  18.420 0.0000000000
113860  52.922  12.841  17.123 0.0000000000
113818  49.755  13.181  20.734 0.0000000000
114767  50.444  13.502  19.973 0.0000000000
114781  49.222  13.383  19.087 0.0000000000
114780  50.101  13.520  19.070 0.0000000000
114779  51.211  13.441  19.090 0.0000000000
114790  51.692  13.225  18.082 0.0000000000
114801  52.256  13.042  17.411 0.0000000000
113875  51.956  13.015  15.959 0.0000000000
113887  51.722  12.955  15.309 0.0000000000
113899  50.637  12.948  14.483 0.0000000000
113889  50.015  12.907  15.308 0.0000000000
114839  48.132  12.991  13.657 0.0000000000
110040  47.497  7.683  18.567 0.0000000000
110049  47.273  8.188  18.421 0.0000000000
111898  46.884  10.300  17.298 0.0000000000
111905  47.034  10.688  16.692 0.0000000000
110958  47.346  9.007  16.496 0.0000000000
112881  47.179  11.026  16.318 0.0000000000
111917  47.685  10.334  13.663 0.0000000000
113910  47.599  12.037  13.260 0.0000000000
114849  47.409  12.656  13.448 0.0000000000
113912  46.220  12.164  12.971 0.0000000000
112903  45.700  11.454  13.262 0.0000000000
111918  45.520  10.499  13.538 0.0000000000
110964  45.322  9.586  15.292 0.0000000000
108174  45.372  6.453  14.215 0.0000000000
109127  45.101  6.725  14.651 0.0000000000
107210  44.751  5.609  14.842 0.0000000000
109128  44.990  7.334  14.954 0.0000000000
110067  44.950  8.029  15.462 0.0000000000
110062  44.802  8.092  16.507 0.0000000000
109115  43.598  6.794  17.545 0.0000000000
108141  43.110  6.520  17.909 0.0000000000
107193  42.734  5.447  17.039 0.0000000000
108151  42.687  5.738  17.498 0.0000000000
103226  48.595  0.888  18.480 0.0000000000
103185  48.238  2.118  22.885 0.0000000000
103237  48.441  1.835  18.146 0.0000000000
103243  53.058  1.849  17.275 0.0000000000
104316  53.014  2.909  16.738 0.0000000000
105291  45.058  3.980  23.870 0.0000000000
105323  49.673  3.455  18.450 0.0000000000
105336  53.072  3.226  17.366 0.0000000000
105350  52.980  3.285  16.852 0.0000000000
105367  50.672  3.389  15.821 0.0000000000
106272  51.870  4.124  16.944 0.0000000000
107083  40.274  5.425  32.924 0.0000000000
107108  41.622  6.253  27.025 0.0000000000
107198  51.182  4.665  15.863 0.0000000000
107203  42.503  4.937  16.743 0.0000000000
107206  51.049  4.542  15.692 0.0000000000
107212  43.754  4.878  16.004 0.0000000000
107216  49.477  5.161  14.924 0.0000000000
108064  40.656  6.651  28.258 0.0000000000
108066  41.361  6.677  27.325 0.0000000000
108081  43.470  6.826  25.170 0.0000000000
108155  49.648  5.693  16.918 0.0000000000
108181  45.835  6.924  13.867 0.0000000000
109038  39.968  7.716  30.092 0.0000000000
109040  41.041  7.940  28.119 0.0000000000
109104  48.562  6.460  18.036 0.0000000000
109136  45.061  7.622  14.534 0.0000000000
109968  39.728  7.873  31.097 0.0000000000
109971  39.822  8.065  30.367 0.0000000000
109975  39.948  8.041  29.788 0.0000000000
110051  43.694  8.014  18.847 0.0000000000
110868  42.326  9.486  27.788 0.0000000000
110925  45.910  8.717  21.289 0.0000000000
110952  45.097  9.695  16.570 0.0000000000
110988  46.351  10.407  12.602 0.0000000000
111766  41.819  9.820  28.557 0.0000000000
111933  46.790  10.760  12.472 0.0000000000
112789  47.120  10.987  24.338 0.0000000000
112812  53.011  11.141  22.379 0.0000000000
112814  51.625  11.422  22.750 0.0000000000
112832  52.196  11.548  22.178 0.0000000000
112902  47.618  11.204  12.810 0.0000000000
112909  46.584  11.309  12.580 0.0000000000
112910  46.120  11.402  12.745 0.0000000000
113798  52.948  11.753  21.310 0.0000000000
113834  51.996  13.228  19.552 0.0000000000
113838  43.378  11.827  19.069 0.0000000000
113848  53.189  12.767  17.944 0.0000000000
113862  51.584  13.009  16.261 0.0000000000
113876  51.444  12.960  15.677 0.0000000000
113882  42.915  13.424  16.580 0.0000000000
113897  52.022  13.114  15.060 0.0000000000
113898  51.437  13.031  14.753 0.0000000000
113917  46.769  11.792  12.628 0.0000000000
114782  48.634  13.114  19.161 0.0000000000
114799  54.055  13.371  17.552 0.0000000000
114800  52.777  12.861  17.610 0.0000000000
114806  41.928  13.763  17.881 0.0000000000
114809  53.707  13.421  16.865 0.0000000000
114811  52.549  13.469  15.957 0.0000000000
114817  44.456  13.789  16.087 0.0000000000
114823  52.390  13.608  15.479 0.0000000000
114824  51.115  12.946  15.588 0.0000000000
114825  50.760  13.014  15.617 0.0000000000
114848  47.713  12.551  13.582 0.0000000000
115822  50.925  14.978  15.551 0.0000000000
115842  44.085  13.877  16.133 0.0000000000
116875  52.239  14.480  15.559 0.0000000000
