#!ascii label  , from subject 3060 vox2ras=TkReg
1019
125838  47.021  25.449  28.108 0.0000000000
129463  52.945  29.424  28.283 0.0000000000
121593  51.103  20.957  21.258 0.0000000000
123383  42.084  22.494  27.439 0.0000000000
122530  44.167  21.820  23.510 0.0000000000
130425  49.216  30.330  24.543 0.0000000000
131232  49.828  32.507  30.872 0.0000000000
132912  48.144  34.221  24.465 0.0000000000
116824  50.947  15.695  20.691 0.0000000000
118776  50.302  17.388  17.834 0.0000000000
128518  51.986  27.529  28.727 0.0000000000
124249  50.628  23.427  25.219 0.0000000000
121464  55.221  20.975  29.307 0.0000000000
120568  48.216  20.139  25.012 0.0000000000
133670  45.689  34.649  18.472 0.0000000000
132160  51.789  32.559  23.269 0.0000000000
120625  47.564  19.735  20.687 0.0000000000
125060  44.521  24.489  27.346 0.0000000000
122501  43.077  21.654  25.321 0.0000000000
124241  45.829  23.177  25.846 0.0000000000
129475  47.922  29.617  27.503 0.0000000000
127572  44.444  27.663  27.257 0.0000000000
132837  46.836  33.149  29.131 0.0000000000
115763  53.935  14.366  21.853 0.0000000000
115795  53.993  14.772  19.074 0.0000000000
112855  55.119  12.193  20.068 0.0000000000
131379  49.147  32.030  15.778 0.0000000000
127568  54.223  27.351  27.642 0.0000000000
125013  53.800  23.897  29.971 0.0000000000
125814  54.517  25.422  30.264 0.0000000000
122423  48.512  21.822  30.178 0.0000000000
122449  49.613  21.244  28.676 0.0000000000
120560  46.428  19.320  26.459 0.0000000000
117736  47.266  16.718  24.066 0.0000000000
132863  50.203  33.559  27.106 0.0000000000
133603  50.209  34.332  23.739 0.0000000000
131284  52.517  30.991  26.032 0.0000000000
129499  52.944  29.713  25.952 0.0000000000
123420  51.378  22.343  23.427 0.0000000000
123435  48.497  22.442  22.441 0.0000000000
122565  49.865  21.395  19.848 0.0000000000
121570  41.199  20.588  23.391 0.0000000000
119651  42.375  19.111  23.329 0.0000000000
128584  51.733  28.909  21.991 0.0000000000
129528  47.705  29.517  22.622 0.0000000000
130385  50.845  30.949  29.926 0.0000000000
127533  52.900  27.051  31.823 0.0000000000
134293  40.977  35.384  22.162 0.0000000000
134301  43.469  35.850  21.630 0.0000000000
133566  48.347  34.288  28.029 0.0000000000
119688  49.971  18.972  20.549 0.0000000000
120630  51.820  19.972  19.021 0.0000000000
117800  52.038  16.902  18.487 0.0000000000
116850  52.312  15.549  17.055 0.0000000000
127547  49.215  27.335  29.576 0.0000000000
125055  48.943  24.140  27.414 0.0000000000
125028  50.717  24.191  29.524 0.0000000000
123378  52.916  22.173  27.339 0.0000000000
121541  52.527  21.432  25.861 0.0000000000
123316  53.248  22.681  31.305 0.0000000000
121509  50.822  20.881  27.668 0.0000000000
121567  49.199  20.643  23.744 0.0000000000
117752  48.446  16.891  22.230 0.0000000000
115766  51.515  14.720  23.020 0.0000000000
134337  48.082  35.203  16.363 0.0000000000
130480  48.326  30.403  18.702 0.0000000000
132173  49.092  32.705  21.762 0.0000000000
130443  51.828  30.303  21.383 0.0000000000
130433  51.554  30.564  23.281 0.0000000000
129473  50.233  29.456  27.349 0.0000000000
123413  47.252  22.683  23.970 0.0000000000
122543  45.554  21.591  22.099 0.0000000000
118729  44.404  17.275  21.848 0.0000000000
118755  49.017  18.240  18.893 0.0000000000
125839  45.975  25.972  27.984 0.0000000000
124225  45.191  23.637  26.845 0.0000000000
125850  46.849  24.885  27.477 0.0000000000
127558  47.626  27.658  29.034 0.0000000000
127570  46.231  28.157  28.052 0.0000000000
126662  45.732  26.733  28.096 0.0000000000
125852  45.097  25.659  27.627 0.0000000000
114747  55.201  13.411  23.051 0.0000000000
114759  55.230  13.379  20.924 0.0000000000
113797  55.587  11.953  21.995 0.0000000000
119692  40.437  18.264  20.835 0.0000000000
128541  54.092  28.127  27.832 0.0000000000
126641  54.309  26.400  29.186 0.0000000000
128514  54.210  27.407  29.638 0.0000000000
121481  46.776  20.852  29.350 0.0000000000
121480  47.660  21.143  29.092 0.0000000000
131265  51.435  31.125  28.107 0.0000000000
132094  51.517  32.143  26.674 0.0000000000
130394  52.873  30.267  27.167 0.0000000000
130393  53.377  29.563  26.805 0.0000000000
122540  51.255  21.755  22.587 0.0000000000
123444  50.921  22.037  21.777 0.0000000000
122563  51.197  21.279  20.402 0.0000000000
122471  40.413  21.526  27.119 0.0000000000
122485  40.962  21.516  26.026 0.0000000000
122516  43.556  21.640  24.209 0.0000000000
122518  41.583  21.657  24.210 0.0000000000
122546  42.371  21.224  23.276 0.0000000000
120588  41.736  19.819  23.444 0.0000000000
121585  42.953  20.787  23.102 0.0000000000
129515  50.476  30.080  23.250 0.0000000000
129542  49.899  29.196  21.925 0.0000000000
129516  49.080  30.132  23.635 0.0000000000
125062  42.215  24.475  27.646 0.0000000000
124228  41.562  23.507  27.762 0.0000000000
131231  50.188  31.547  30.555 0.0000000000
129452  50.921  30.047  31.252 0.0000000000
130355  50.722  30.510  31.973 0.0000000000
132828  48.226  33.509  29.994 0.0000000000
132850  47.904  34.175  28.450 0.0000000000
132827  48.991  33.533  29.665 0.0000000000
132059  50.190  32.433  29.198 0.0000000000
117772  49.982  16.981  20.444 0.0000000000
118754  50.972  17.715  19.557 0.0000000000
117770  51.421  16.470  19.654 0.0000000000
115807  54.080  13.991  17.788 0.0000000000
116837  53.643  15.355  18.000 0.0000000000
115821  53.084  14.223  16.100 0.0000000000
127546  50.294  27.206  29.566 0.0000000000
125827  50.088  25.321  29.714 0.0000000000
126644  51.903  26.221  29.632 0.0000000000
124190  55.010  22.652  29.475 0.0000000000
124193  53.094  22.706  29.298 0.0000000000
122445  54.586  21.326  28.009 0.0000000000
122496  53.140  21.688  26.036 0.0000000000
121507  53.177  20.756  27.241 0.0000000000
124986  52.469  24.644  32.021 0.0000000000
124985  53.325  24.768  31.836 0.0000000000
123317  52.103  22.787  31.284 0.0000000000
121528  48.888  20.604  26.746 0.0000000000
122448  50.392  21.121  28.384 0.0000000000
121544  49.080  20.574  25.769 0.0000000000
121543  50.155  21.054  25.596 0.0000000000
120577  48.298  20.118  24.093 0.0000000000
119676  48.626  18.851  21.905 0.0000000000
119662  47.606  18.588  23.047 0.0000000000
116786  49.274  15.291  24.785 0.0000000000
116798  49.280  15.483  23.543 0.0000000000
134333  47.271  35.046  17.391 0.0000000000
132955  48.168  33.358  16.698 0.0000000000
131344  47.081  31.546  18.527 0.0000000000
133615  45.810  34.452  23.179 0.0000000000
133649  45.432  35.179  21.879 0.0000000000
133632  47.527  34.587  22.532 0.0000000000
132910  51.461  33.259  23.620 0.0000000000
132928  50.152  33.772  22.510 0.0000000000
132162  50.759  33.135  22.601 0.0000000000
131323  49.832  31.797  21.467 0.0000000000
131314  51.829  31.590  22.684 0.0000000000
130438  52.267  30.254  22.188 0.0000000000
130422  51.901  30.898  24.349 0.0000000000
128543  52.587  28.418  27.383 0.0000000000
129485  52.300  29.332  26.381 0.0000000000
128544  51.477  28.606  27.542 0.0000000000
128530  49.539  28.669  28.742 0.0000000000
124221  49.742  23.542  27.126 0.0000000000
124239  47.871  23.789  25.963 0.0000000000
124261  49.408  23.292  24.437 0.0000000000
122556  47.958  21.394  21.208 0.0000000000
123448  47.069  22.076  21.761 0.0000000000
121596  46.441  20.615  21.639 0.0000000000
119663  45.216  18.744  22.219 0.0000000000
119677  46.514  18.550  21.197 0.0000000000
118767  50.605  18.300  18.179 0.0000000000
119709  49.965  19.107  18.443 0.0000000000
118768  49.327  17.777  18.311 0.0000000000
124227  42.751  23.444  27.420 0.0000000000
122469  42.469  21.977  26.817 0.0000000000
123381  43.788  22.757  26.626 0.0000000000
123405  43.843  21.823  25.522 0.0000000000
123404  44.682  22.165  24.870 0.0000000000
129488  48.809  30.050  26.583 0.0000000000
125853  43.833  25.542  27.393 0.0000000000
115777  52.402  14.844  21.704 0.0000000000
116822  52.785  15.338  20.142 0.0000000000
115775  54.135  14.479  20.861 0.0000000000
114777  54.793  13.725  19.277 0.0000000000
128526  53.502  27.430  27.715 0.0000000000
126643  53.059  26.223  29.210 0.0000000000
126642  53.946  26.118  29.098 0.0000000000
125822  54.562  24.536  29.755 0.0000000000
124160  55.230  22.828  30.574 0.0000000000
123319  50.002  22.923  31.164 0.0000000000
123338  50.258  22.323  30.641 0.0000000000
122435  48.605  21.440  29.486 0.0000000000
121512  47.752  20.660  27.799 0.0000000000
120559  47.201  19.865  26.236 0.0000000000
119640  46.869  18.519  24.574 0.0000000000
119641  46.553  18.257  25.030 0.0000000000
116775  47.174  15.982  25.311 0.0000000000
116774  48.285  15.376  25.532 0.0000000000
134319  45.148  35.747  19.068 0.0000000000
133585  49.392  34.459  26.033 0.0000000000
133604  49.355  34.524  24.194 0.0000000000
132878  50.182  34.057  26.166 0.0000000000
132126  51.280  32.437  25.646 0.0000000000
131293  51.757  31.778  25.203 0.0000000000
130421  52.277  30.809  24.786 0.0000000000
130408  53.216  29.937  25.945 0.0000000000
128557  53.372  28.747  26.896 0.0000000000
124259  51.287  23.181  24.583 0.0000000000
124268  49.987  22.918  23.822 0.0000000000
123433  50.549  22.423  22.434 0.0000000000
122555  49.110  21.665  20.981 0.0000000000
122566  48.823  21.148  20.546 0.0000000000
116853  49.513  15.890  17.125 0.0000000000
117821  49.096  16.670  17.691 0.0000000000
121558  38.590  20.690  23.844 0.0000000000
122502  41.848  21.556  25.138 0.0000000000
122519  40.555  21.476  24.190 0.0000000000
121572  39.269  20.371  23.388 0.0000000000
120590  39.839  19.584  22.619 0.0000000000
119667  41.199  18.408  22.141 0.0000000000
118732  41.658  17.986  21.191 0.0000000000
128623  51.649  28.014  20.823 0.0000000000
128625  49.517  28.139  20.506 0.0000000000
129457  52.446  29.192  29.467 0.0000000000
128516  52.842  28.238  30.033 0.0000000000
129450  52.229  28.731  30.822 0.0000000000
128504  52.527  28.014  32.341 0.0000000000
126619  51.700  26.489  32.728 0.0000000000
124988  50.341  24.852  32.045 0.0000000000
124167  48.784  23.628  31.529 0.0000000000
134291  42.904  35.538  22.284 0.0000000000
133616  44.750  34.398  23.129 0.0000000000
132899  46.719  33.160  24.852 0.0000000000
133598  48.094  34.350  26.336 0.0000000000
132848  49.625  33.727  27.899 0.0000000000
131266  50.882  31.889  28.229 0.0000000000
120610  50.754  20.334  20.788 0.0000000000
121602  51.382  20.706  20.142 0.0000000000
119686  51.340  19.547  19.647 0.0000000000
118765  51.651  18.007  18.748 0.0000000000
118774  51.622  17.562  18.304 0.0000000000
116830  53.443  15.638  18.721 0.0000000000
117817  52.983  16.035  17.539 0.0000000000
116851  51.368  15.913  16.988 0.0000000000
126648  47.974  27.069  29.097 0.0000000000
125041  47.902  24.997  27.720 0.0000000000
125828  48.940  25.400  29.150 0.0000000000
125038  50.111  23.972  28.694 0.0000000000
124220  50.845  23.132  27.182 0.0000000000
125027  52.077  24.096  30.044 0.0000000000
124204  51.880  23.048  28.672 0.0000000000
123391  52.129  22.726  26.543 0.0000000000
123400  52.686  22.355  25.687 0.0000000000
122512  52.171  21.950  24.836 0.0000000000
122528  51.129  21.601  23.380 0.0000000000
126637  53.944  25.975  30.744 0.0000000000
124162  54.017  23.537  31.513 0.0000000000
122418  54.148  21.276  30.061 0.0000000000
122420  51.606  21.570  29.946 0.0000000000
122432  51.827  21.169  29.182 0.0000000000
121490  52.932  20.478  28.334 0.0000000000
121525  52.390  21.049  26.437 0.0000000000
121556  50.301  21.265  24.430 0.0000000000
121582  50.313  20.744  22.403 0.0000000000
120612  49.148  19.398  21.650 0.0000000000
118725  49.135  17.638  21.324 0.0000000000
116816  49.558  16.130  21.557 0.0000000000
117743  48.089  16.829  23.029 0.0000000000
116807  49.200  16.048  22.221 0.0000000000
116814  51.450  15.225  21.559 0.0000000000
115765  52.152  14.768  22.572 0.0000000000
132972  48.776  33.459  15.924 0.0000000000
130491  48.829  30.868  17.203 0.0000000000
129574  49.516  29.578  19.078 0.0000000000
133631  48.839  34.625  22.766 0.0000000000
131329  46.422  31.995  19.992 0.0000000000
130456  48.429  30.752  20.215 0.0000000000
130455  49.783  30.215  20.170 0.0000000000
129558  51.702  29.397  20.137 0.0000000000
129523  52.884  29.415  21.817 0.0000000000
130439  52.022  30.192  22.530 0.0000000000
130434  50.884  30.321  23.771 0.0000000000
130410  51.845  30.373  25.166 0.0000000000
129501  51.572  29.941  25.544 0.0000000000
130400  49.768  30.262  25.999 0.0000000000
129474  49.104  29.729  27.446 0.0000000000
128531  48.371  28.600  28.844 0.0000000000
125074  47.336  24.113  26.595 0.0000000000
124253  46.685  22.896  25.067 0.0000000000
123415  45.657  22.398  23.975 0.0000000000
123424  47.594  22.646  23.453 0.0000000000
123437  46.160  22.235  22.162 0.0000000000
122544  44.385  21.643  22.777 0.0000000000
120602  43.764  20.112  23.105 0.0000000000
118715  43.801  17.818  22.515 0.0000000000
121612  50.992  20.837  19.227 0.0000000000
120631  49.654  19.907  19.115 0.0000000000
119690  48.078  18.709  19.982 0.0000000000
117802  47.808  16.893  18.426 0.0000000000
118743  46.917  17.743  20.349 0.0000000000
112845  53.930  11.413  20.819 0.0000000000
113832  54.122  12.071  19.581 0.0000000000
125851  46.204  25.105  27.631 0.0000000000
126660  47.483  26.536  28.846 0.0000000000
127559  46.627  27.632  28.552 0.0000000000
126661  46.429  26.548  28.439 0.0000000000
114752  55.501  12.667  22.516 0.0000000000
129462  53.477  28.719  28.450 0.0000000000
128525  54.018  28.040  28.807 0.0000000000
129456  53.328  28.339  29.283 0.0000000000
130389  52.554  30.037  28.211 0.0000000000
130395  52.035  30.839  27.581 0.0000000000
129470  52.997  29.704  27.691 0.0000000000
121580  51.268  21.370  21.653 0.0000000000
122552  51.148  21.661  21.508 0.0000000000
121592  51.199  21.180  20.906 0.0000000000
122470  41.517  21.706  27.057 0.0000000000
122532  42.403  21.558  23.557 0.0000000000
122531  43.314  21.733  23.424 0.0000000000
122545  43.166  21.398  23.026 0.0000000000
130435  50.014  30.275  23.948 0.0000000000
129526  50.135  29.608  22.689 0.0000000000
123384  40.691  22.507  27.694 0.0000000000
131217  50.167  31.299  31.692 0.0000000000
132046  48.690  33.401  30.481 0.0000000000
132045  49.513  33.056  30.350 0.0000000000
132044  50.158  32.286  30.072 0.0000000000
117771  50.692  16.518  20.095 0.0000000000
116823  51.717  15.796  20.169 0.0000000000
115819  53.881  13.765  17.146 0.0000000000
127545  51.405  27.084  29.408 0.0000000000
123346  55.270  22.137  29.560 0.0000000000
123358  54.654  21.706  28.768 0.0000000000
121487  55.104  21.084  28.352 0.0000000000
121506  53.830  21.230  27.339 0.0000000000
121489  53.962  20.789  28.073 0.0000000000
125004  51.580  24.199  31.775 0.0000000000
125003  52.178  24.033  31.737 0.0000000000
124164  51.745  23.513  31.556 0.0000000000
121545  48.042  20.317  25.943 0.0000000000
120585  47.790  19.544  23.609 0.0000000000
120578  47.555  19.493  24.307 0.0000000000
135022  46.522  36.667  18.398 0.0000000000
135021  47.337  36.817  17.777 0.0000000000
133669  46.470  34.525  17.842 0.0000000000
132956  47.238  33.423  17.517 0.0000000000
132950  46.381  33.493  18.061 0.0000000000
133614  47.004  34.407  23.272 0.0000000000
133633  46.233  34.763  22.570 0.0000000000
132152  51.841  32.448  23.968 0.0000000000
132926  51.422  33.364  23.122 0.0000000000
132161  51.393  32.776  22.780 0.0000000000
131315  51.439  32.149  22.466 0.0000000000
131307  51.898  31.578  23.637 0.0000000000
128528  51.721  28.066  28.158 0.0000000000
128519  51.092  27.994  29.203 0.0000000000
124237  49.697  23.412  26.078 0.0000000000
124250  49.613  23.556  25.183 0.0000000000
121595  47.313  20.654  21.294 0.0000000000
120613  46.904  20.001  21.289 0.0000000000
120614  46.250  19.658  21.548 0.0000000000
120626  46.927  19.337  21.136 0.0000000000
118777  49.665  17.140  17.804 0.0000000000
124226  44.013  23.295  26.869 0.0000000000
124224  46.171  23.792  26.710 0.0000000000
124242  44.816  22.989  26.402 0.0000000000
123393  45.174  22.722  25.672 0.0000000000
123392  45.635  22.852  25.524 0.0000000000
129489  47.736  29.838  26.540 0.0000000000
129476  47.077  29.560  27.186 0.0000000000
127571  45.604  27.652  27.950 0.0000000000
128548  45.954  28.584  27.607 0.0000000000
125061  43.349  24.454  27.446 0.0000000000
115764  53.057  14.504  22.261 0.0000000000
115776  53.147  14.713  21.141 0.0000000000
114764  55.589  12.870  20.404 0.0000000000
114765  55.147  13.493  20.022 0.0000000000
114776  55.162  13.068  19.512 0.0000000000
114787  54.871  12.984  19.132 0.0000000000
113846  54.548  12.700  18.952 0.0000000000
132232  48.903  32.792  15.714 0.0000000000
132233  48.406  32.775  15.477 0.0000000000
127569  53.835  27.282  27.592 0.0000000000
126658  53.613  26.580  28.567 0.0000000000
126657  54.142  26.677  28.241 0.0000000000
125813  54.911  24.647  30.059 0.0000000000
125808  55.010  24.654  30.674 0.0000000000
123339  49.272  22.345  30.671 0.0000000000
121513  46.950  20.298  28.117 0.0000000000
121495  47.690  20.877  28.521 0.0000000000
120550  46.994  20.053  27.186 0.0000000000
121529  47.874  20.479  26.904 0.0000000000
120570  46.774  19.271  25.725 0.0000000000
119634  46.365  18.536  25.545 0.0000000000
117726  46.330  16.728  25.311 0.0000000000
116776  46.540  16.226  25.674 0.0000000000
116764  47.448  15.525  26.305 0.0000000000
131285  51.818  31.765  26.021 0.0000000000
132110  51.257  32.426  26.360 0.0000000000
132140  51.435  32.496  24.747 0.0000000000
131292  52.310  31.157  25.280 0.0000000000
130398  53.010  30.329  26.173 0.0000000000
128556  53.753  28.654  27.146 0.0000000000
129483  53.521  29.228  26.679 0.0000000000
128542  53.608  27.973  27.532 0.0000000000
123412  51.277  22.885  23.960 0.0000000000
123421  50.770  22.738  23.322 0.0000000000
122553  50.951  21.873  20.992 0.0000000000
122554  50.204  21.782  20.872 0.0000000000
122521  38.198  21.006  24.380 0.0000000000
122520  39.378  21.114  24.095 0.0000000000
122483  42.846  21.994  26.284 0.0000000000
122484  42.129  21.653  26.139 0.0000000000
122533  41.536  21.281  23.564 0.0000000000
122534  40.419  21.086  23.565 0.0000000000
122535  39.805  20.846  23.495 0.0000000000
121571  40.217  20.411  23.279 0.0000000000
120589  40.820  19.704  23.216 0.0000000000
119652  41.423  18.960  23.134 0.0000000000
119666  42.083  18.266  22.782 0.0000000000
128600  52.744  28.826  21.600 0.0000000000
128601  52.135  28.475  21.509 0.0000000000
129543  48.725  29.249  21.794 0.0000000000
128603  49.733  28.618  21.237 0.0000000000
129544  47.628  29.218  21.788 0.0000000000
130384  51.632  30.303  29.281 0.0000000000
129458  51.661  29.734  29.844 0.0000000000
130370  51.304  29.989  30.080 0.0000000000
129444  52.300  28.511  31.759 0.0000000000
127521  52.561  27.376  32.762 0.0000000000
126620  50.740  26.748  32.818 0.0000000000
124150  49.495  24.229  31.766 0.0000000000
134989  41.932  36.558  21.179 0.0000000000
134292  41.918  35.513  22.265 0.0000000000
133617  43.723  34.175  22.925 0.0000000000
132915  45.257  33.660  23.654 0.0000000000
132866  47.476  34.238  27.732 0.0000000000
132888  47.539  33.932  26.114 0.0000000000
133587  48.065  34.447  27.088 0.0000000000
133574  48.711  34.378  27.230 0.0000000000
132849  48.804  34.057  28.098 0.0000000000
131250  50.823  31.431  29.245 0.0000000000
131249  51.452  30.844  28.668 0.0000000000
120623  50.567  19.590  20.463 0.0000000000
119687  50.854  18.777  19.934 0.0000000000
118753  51.519  17.873  19.208 0.0000000000
116821  53.498  15.159  19.571 0.0000000000
116831  52.886  15.933  19.358 0.0000000000
116849  53.403  14.959  17.170 0.0000000000
117818  51.941  16.620  17.786 0.0000000000
116868  50.860  15.316  16.205 0.0000000000
116867  51.711  15.271  16.243 0.0000000000
126647  48.418  26.520  29.343 0.0000000000
125829  48.294  25.847  29.094 0.0000000000
126646  49.553  26.338  29.660 0.0000000000
125029  49.768  24.631  29.140 0.0000000000
124206  50.112  23.574  27.958 0.0000000000
124205  50.907  23.193  28.458 0.0000000000
125824  53.645  25.366  29.637 0.0000000000
125825  52.544  25.312  29.836 0.0000000000
125026  53.234  24.530  29.940 0.0000000000
123360  53.193  22.188  28.347 0.0000000000
124203  52.525  22.702  28.806 0.0000000000
123361  52.355  22.526  28.079 0.0000000000
123379  52.099  22.556  27.250 0.0000000000
123390  52.743  22.364  26.455 0.0000000000
124247  52.258  22.997  25.661 0.0000000000
121540  52.942  21.514  26.022 0.0000000000
122497  52.601  21.720  25.595 0.0000000000
122498  52.164  21.565  25.149 0.0000000000
122513  51.582  21.692  24.437 0.0000000000
127539  53.358  27.231  31.128 0.0000000000
128509  53.499  27.406  30.684 0.0000000000
126631  53.426  26.346  31.605 0.0000000000
124163  52.801  23.688  31.700 0.0000000000
124147  53.447  24.160  31.716 0.0000000000
123315  54.332  22.562  31.101 0.0000000000
123335  53.650  21.937  30.609 0.0000000000
122421  50.492  21.725  30.016 0.0000000000
123337  51.319  22.246  30.625 0.0000000000
121478  51.272  21.035  28.922 0.0000000000
121491  51.862  20.775  28.284 0.0000000000
122431  52.630  20.707  29.086 0.0000000000
121508  52.108  20.749  27.409 0.0000000000
121526  51.193  20.947  26.512 0.0000000000
121566  50.218  21.110  23.294 0.0000000000
120583  49.388  20.339  22.797 0.0000000000
120599  49.610  20.097  21.937 0.0000000000
118726  48.420  17.906  21.852 0.0000000000
117760  49.435  16.684  21.233 0.0000000000
117751  48.893  16.622  21.779 0.0000000000
118696  46.759  17.514  24.243 0.0000000000
118704  47.272  17.679  23.525 0.0000000000
117744  47.626  16.960  23.449 0.0000000000
116799  48.570  16.222  23.261 0.0000000000
116806  50.503  15.050  22.710 0.0000000000
116805  51.410  14.875  22.450 0.0000000000
135752  47.807  37.544  16.950 0.0000000000
136496  47.611  38.578  16.895 0.0000000000
135753  47.375  37.442  16.608 0.0000000000
134336  48.390  34.833  16.097 0.0000000000
131355  47.963  31.608  17.673 0.0000000000
132213  48.495  32.696  16.607 0.0000000000
131342  48.341  31.152  17.745 0.0000000000
129584  49.172  29.907  18.381 0.0000000000
129575  48.965  29.954  18.686 0.0000000000
133612  49.534  34.649  23.311 0.0000000000
132933  49.458  33.408  22.222 0.0000000000
132934  48.614  33.611  22.029 0.0000000000
132174  47.913  32.837  21.523 0.0000000000
131325  47.696  32.135  21.026 0.0000000000
131328  47.309  31.546  20.389 0.0000000000
131327  48.141  31.230  20.702 0.0000000000
130444  50.516  30.763  21.167 0.0000000000
130454  51.075  29.998  20.610 0.0000000000
130453  51.781  29.878  20.744 0.0000000000
129540  52.138  29.744  20.872 0.0000000000
130442  52.344  29.768  21.199 0.0000000000
130432  51.933  30.810  23.088 0.0000000000
129514  51.119  30.320  23.093 0.0000000000
130423  51.335  30.498  24.417 0.0000000000
130409  52.512  30.469  25.456 0.0000000000
129500  52.203  29.812  25.640 0.0000000000
129472  51.329  29.159  27.015 0.0000000000
129486  51.127  29.641  26.173 0.0000000000
130411  50.804  30.231  25.413 0.0000000000
130399  50.429  30.037  26.061 0.0000000000
129487  49.942  30.021  26.665 0.0000000000
128520  49.976  28.135  29.344 0.0000000000
128521  49.040  28.159  29.346 0.0000000000
127548  48.368  27.580  29.345 0.0000000000
125040  48.509  24.743  27.893 0.0000000000
125057  47.458  24.618  27.223 0.0000000000
125073  47.946  24.196  26.546 0.0000000000
124252  47.680  23.284  25.209 0.0000000000
124264  46.958  22.745  24.519 0.0000000000
123402  46.443  22.674  24.786 0.0000000000
123414  46.713  22.627  24.239 0.0000000000
123422  49.885  22.755  23.124 0.0000000000
123423  48.851  22.657  23.172 0.0000000000
122542  46.036  21.894  21.926 0.0000000000
123438  45.187  21.973  22.668 0.0000000000
121583  44.801  21.037  22.288 0.0000000000
121584  43.915  20.931  22.660 0.0000000000
120601  44.810  20.028  22.598 0.0000000000
118714  44.814  18.049  22.281 0.0000000000
118730  43.348  17.300  21.646 0.0000000000
117764  43.350  17.109  21.060 0.0000000000
121611  51.378  20.587  19.556 0.0000000000
121618  51.414  20.390  19.023 0.0000000000
119710  49.370  18.523  18.664 0.0000000000
120638  50.106  19.975  18.765 0.0000000000
119701  49.046  18.943  19.184 0.0000000000
119689  48.674  19.337  19.675 0.0000000000
119702  48.451  18.465  19.500 0.0000000000
117822  48.123  16.386  17.688 0.0000000000
117801  48.533  17.060  18.077 0.0000000000
125059  45.655  24.452  27.281 0.0000000000
128532  47.366  28.397  28.654 0.0000000000
128547  46.881  28.788  27.915 0.0000000000
126668  45.062  26.787  27.732 0.0000000000
125840  45.469  26.306  27.835 0.0000000000
115750  54.608  13.994  22.454 0.0000000000
115762  54.677  13.935  21.416 0.0000000000
114753  55.176  13.345  21.947 0.0000000000
114758  55.659  12.726  21.418 0.0000000000
113813  55.712  12.105  20.902 0.0000000000
126656  54.550  26.889  28.187 0.0000000000
128540  54.362  27.632  28.438 0.0000000000
127541  54.366  27.058  29.519 0.0000000000
126636  54.319  26.489  30.059 0.0000000000
122436  47.701  21.419  29.712 0.0000000000
121496  47.062  20.644  28.766 0.0000000000
120551  46.133  19.336  27.592 0.0000000000
131277  51.008  32.229  27.685 0.0000000000
132095  50.883  32.637  27.156 0.0000000000
131276  51.832  31.505  27.114 0.0000000000
131275  52.622  30.743  26.566 0.0000000000
129469  53.513  29.196  27.393 0.0000000000
123432  51.093  22.168  22.470 0.0000000000
122564  50.777  21.609  20.125 0.0000000000
122517  42.588  21.716  24.230 0.0000000000
121586  42.248  20.944  23.204 0.0000000000
121568  42.469  20.666  23.261 0.0000000000
120587  42.668  20.080  23.392 0.0000000000
129541  50.904  29.271  22.025 0.0000000000
129527  48.866  29.650  22.650 0.0000000000
123363  40.249  22.693  27.790 0.0000000000
123385  39.783  22.029  27.503 0.0000000000
129451  51.427  29.587  30.702 0.0000000000
130371  50.818  30.498  30.662 0.0000000000
129446  51.155  29.868  31.688 0.0000000000
132836  47.501  33.369  29.398 0.0000000000
132851  46.863  33.490  28.459 0.0000000000
132835  48.453  33.843  29.108 0.0000000000
132834  49.227  33.667  28.731 0.0000000000
132060  49.629  33.133  29.089 0.0000000000
118740  50.389  17.570  20.012 0.0000000000
117785  51.314  17.027  19.426 0.0000000000
117784  51.981  16.681  19.202 0.0000000000
115800  54.367  14.273  18.589 0.0000000000
115801  53.900  14.942  18.455 0.0000000000
116848  53.820  14.448  17.540 0.0000000000
116866  52.566  14.724  16.197 0.0000000000
126645  50.712  26.249  29.794 0.0000000000
125826  51.297  25.231  29.903 0.0000000000
124181  54.214  23.231  29.830 0.0000000000
124182  53.476  23.254  29.733 0.0000000000
124192  53.889  22.559  29.547 0.0000000000
123359  54.139  21.596  28.369 0.0000000000
123377  53.564  21.654  27.491 0.0000000000
123389  53.352  22.199  26.764 0.0000000000
122481  53.547  21.317  26.800 0.0000000000
121524  53.353  20.791  26.159 0.0000000000
126617  53.076  26.267  32.171 0.0000000000
125795  53.073  25.645  32.174 0.0000000000
121493  49.234  21.166  28.071 0.0000000000
122467  49.816  21.239  28.136 0.0000000000
121510  49.640  21.057  27.522 0.0000000000
122466  50.197  21.154  27.923 0.0000000000
121527  49.946  21.006  26.615 0.0000000000
121557  49.184  20.604  24.798 0.0000000000
120600  48.748  19.589  22.304 0.0000000000
120584  48.345  19.837  23.141 0.0000000000
119661  47.962  18.738  22.689 0.0000000000
118711  47.805  17.618  22.723 0.0000000000
116787  48.113  15.905  24.306 0.0000000000
117735  47.978  16.546  23.643 0.0000000000
116797  50.258  14.990  24.161 0.0000000000
135735  47.395  37.740  18.036 0.0000000000
135747  47.609  37.681  17.506 0.0000000000
134332  47.662  35.772  17.285 0.0000000000
133677  48.230  34.556  16.383 0.0000000000
133673  47.778  34.503  16.842 0.0000000000
132215  47.270  32.098  17.780 0.0000000000
131356  47.519  31.496  18.051 0.0000000000
134288  44.913  35.307  22.352 0.0000000000
134300  44.513  35.652  21.971 0.0000000000
134299  44.942  35.418  22.149 0.0000000000
132896  50.786  33.762  24.121 0.0000000000
133611  50.397  34.405  23.053 0.0000000000
132927  50.894  33.787  22.818 0.0000000000
132172  50.215  32.709  22.191 0.0000000000
131322  51.140  31.607  21.986 0.0000000000
131321  51.854  30.934  22.078 0.0000000000
128558  52.771  28.890  26.727 0.0000000000
129471  52.102  28.857  26.963 0.0000000000
128545  50.713  28.924  27.654 0.0000000000
129464  50.047  28.935  28.041 0.0000000000
128529  50.648  28.555  28.414 0.0000000000
124222  48.960  23.622  26.818 0.0000000000
124238  48.678  23.671  26.131 0.0000000000
124251  48.626  23.496  25.213 0.0000000000
124262  48.427  23.162  24.436 0.0000000000
123447  48.201  22.104  21.696 0.0000000000
122557  46.548  21.571  21.754 0.0000000000
122558  45.994  21.140  21.780 0.0000000000
121597  45.641  20.559  22.004 0.0000000000
120615  45.608  19.579  22.073 0.0000000000
119678  45.846  18.858  21.678 0.0000000000
118728  45.661  17.738  21.474 0.0000000000
119708  51.006  19.216  18.432 0.0000000000
120636  51.336  19.926  18.759 0.0000000000
123382  43.172  22.481  26.759 0.0000000000
123395  43.432  21.995  25.990 0.0000000000
124243  44.349  22.906  26.532 0.0000000000
123394  44.196  22.468  26.244 0.0000000000
122500  44.031  21.537  24.829 0.0000000000
122499  44.338  21.795  24.646 0.0000000000
122515  44.299  21.726  24.274 0.0000000000
130401  49.001  30.187  25.826 0.0000000000
130426  48.426  30.213  24.767 0.0000000000
129503  47.699  29.923  25.605 0.0000000000
128559  46.402  29.232  27.247 0.0000000000
126669  44.199  26.588  27.377 0.0000000000
132829  47.688  33.205  30.342 0.0000000000
116813  52.316  15.211  20.957 0.0000000000
115786  53.559  14.796  20.302 0.0000000000
115785  54.236  14.527  19.900 0.0000000000
115774  54.757  13.983  20.472 0.0000000000
115784  54.755  14.013  19.776 0.0000000000
115794  54.499  14.274  19.301 0.0000000000
114788  54.574  13.349  18.561 0.0000000000
113858  54.132  12.940  17.977 0.0000000000
128517  52.511  27.306  28.499 0.0000000000
127544  52.438  26.975  29.001 0.0000000000
127543  53.107  26.772  28.576 0.0000000000
125823  54.424  25.200  29.710 0.0000000000
125024  54.583  24.693  29.582 0.0000000000
125011  54.734  24.042  29.939 0.0000000000
124179  55.142  22.987  29.956 0.0000000000
123333  55.386  22.118  30.313 0.0000000000
124165  50.731  23.626  31.559 0.0000000000
123318  51.018  22.808  31.289 0.0000000000
122422  49.464  21.786  30.120 0.0000000000
122434  49.639  21.420  29.427 0.0000000000
121479  48.290  21.185  28.895 0.0000000000
121494  48.575  21.104  28.370 0.0000000000
121511  48.653  20.835  27.585 0.0000000000
120569  47.322  19.528  25.268 0.0000000000
117737  46.655  16.991  24.600 0.0000000000
117725  46.999  16.547  24.814 0.0000000000
116773  49.506  15.014  26.002 0.0000000000
134329  45.801  35.711  18.451 0.0000000000
133597  48.712  34.478  25.736 0.0000000000
133605  48.513  34.481  24.826 0.0000000000
133596  49.360  34.638  25.135 0.0000000000
133584  49.968  34.440  25.411 0.0000000000
132887  50.464  33.929  25.044 0.0000000000
132111  50.646  32.993  26.279 0.0000000000
132127  50.733  33.161  25.378 0.0000000000
132895  51.374  33.091  24.178 0.0000000000
131300  51.982  31.401  24.565 0.0000000000
130397  53.301  29.796  26.438 0.0000000000
129498  53.219  29.610  26.340 0.0000000000
129484  53.139  29.275  26.471 0.0000000000
128527  52.783  27.560  27.952 0.0000000000
124260  50.485  23.201  24.326 0.0000000000
123434  49.650  22.480  22.396 0.0000000000
123445  50.395  22.135  21.675 0.0000000000
123446  49.388  22.126  21.675 0.0000000000
122567  48.321  21.114  20.761 0.0000000000
121606  48.232  20.675  20.597 0.0000000000
117820  49.988  16.584  17.589 0.0000000000
122503  40.822  21.444  25.086 0.0000000000
120591  38.752  19.785  22.763 0.0000000000
120605  39.045  19.164  22.100 0.0000000000
119653  40.684  19.070  22.683 0.0000000000
119679  40.789  18.470  21.056 0.0000000000
128602  51.011  28.599  21.460 0.0000000000
128624  50.595  28.115  20.636 0.0000000000
129509  47.842  30.032  24.580 0.0000000000
129517  47.796  29.780  23.549 0.0000000000
130383  52.428  29.757  28.790 0.0000000000
128510  52.872  27.794  31.034 0.0000000000
126618  52.624  26.508  32.500 0.0000000000
125796  52.091  25.647  32.398 0.0000000000
125005  50.857  24.349  31.845 0.0000000000
124149  50.218  24.123  31.740 0.0000000000
124166  49.705  23.566  31.515 0.0000000000
123320  49.031  22.984  31.120 0.0000000000
133636  43.319  34.969  22.703 0.0000000000
133635  44.268  35.003  22.692 0.0000000000
132914  46.400  33.622  23.779 0.0000000000
132913  47.546  33.794  24.072 0.0000000000
132867  46.770  33.768  27.540 0.0000000000
132889  46.930  33.398  25.855 0.0000000000
133606  48.144  34.302  25.613 0.0000000000
133586  48.691  34.434  26.520 0.0000000000
132864  49.458  34.213  27.206 0.0000000000
132847  50.167  33.236  27.758 0.0000000000
132078  49.793  33.337  28.356 0.0000000000
132077  50.314  32.698  28.201 0.0000000000
121603  51.175  20.747  20.582 0.0000000000
120622  51.127  20.041  20.060 0.0000000000
120621  51.540  20.044  19.532 0.0000000000
119698  51.472  19.071  19.228 0.0000000000
119699  51.281  18.416  19.425 0.0000000000
119707  51.464  19.187  18.777 0.0000000000
118766  51.358  18.388  18.371 0.0000000000
118775  51.207  17.568  17.980 0.0000000000
116832  52.363  15.922  19.659 0.0000000000
117783  52.762  16.366  18.726 0.0000000000
117798  53.299  15.975  18.065 0.0000000000
117782  53.129  16.188  18.421 0.0000000000
117819  50.894  16.679  17.567 0.0000000000
116852  50.424  15.953  16.994 0.0000000000
126659  48.006  26.082  29.007 0.0000000000
125837  48.077  25.502  28.540 0.0000000000
125836  48.665  24.992  28.475 0.0000000000
125039  49.309  24.374  28.233 0.0000000000
124236  50.728  23.267  26.153 0.0000000000
124183  52.872  23.353  29.636 0.0000000000
124194  52.323  23.280  29.416 0.0000000000
124195  51.517  23.484  29.338 0.0000000000
123380  51.381  22.840  27.560 0.0000000000
124219  51.589  22.782  26.912 0.0000000000
124235  51.732  23.108  26.234 0.0000000000
124248  51.658  23.218  25.299 0.0000000000
123401  52.252  22.752  25.186 0.0000000000
123411  51.844  22.583  24.472 0.0000000000
122511  52.630  21.969  25.420 0.0000000000
122527  51.614  22.010  23.817 0.0000000000
122541  51.119  21.552  22.649 0.0000000000
121581  51.149  21.122  22.130 0.0000000000
128515  53.744  27.674  29.915 0.0000000000
127538  53.886  26.957  30.648 0.0000000000
125815  54.233  25.422  30.869 0.0000000000
125810  53.809  25.378  31.422 0.0000000000
125002  54.029  24.496  31.474 0.0000000000
125809  54.573  24.964  31.072 0.0000000000
124161  54.959  23.195  31.145 0.0000000000
123334  54.785  21.807  30.661 0.0000000000
121465  54.594  20.831  29.471 0.0000000000
123336  52.466  22.077  30.617 0.0000000000
122433  50.725  21.200  29.176 0.0000000000
122419  52.861  21.105  29.942 0.0000000000
121466  53.651  20.837  29.487 0.0000000000
121475  53.890  20.671  28.852 0.0000000000
121542  51.469  21.354  25.384 0.0000000000
121555  51.097  21.506  24.590 0.0000000000
122529  50.677  21.382  23.786 0.0000000000
121565  50.810  21.302  22.723 0.0000000000
121594  50.502  20.528  21.581 0.0000000000
120611  49.858  19.742  21.060 0.0000000000
119675  49.242  18.623  21.260 0.0000000000
118741  49.774  17.890  20.593 0.0000000000
117759  49.991  16.423  20.690 0.0000000000
116815  50.144  15.814  21.273 0.0000000000
119648  47.479  18.759  23.478 0.0000000000
116808  48.564  16.468  22.695 0.0000000000
115751  53.926  14.594  22.908 0.0000000000
132231  49.058  32.702  15.902 0.0000000000
132954  48.511  33.111  16.483 0.0000000000
132221  48.838  32.370  16.328 0.0000000000
131366  49.146  31.957  16.111 0.0000000000
130478  48.934  30.454  17.326 0.0000000000
129583  49.376  29.747  17.792 0.0000000000
129573  50.438  28.946  19.079 0.0000000000
133663  45.058  34.778  19.149 0.0000000000
132951  45.646  33.650  18.695 0.0000000000
133613  48.370  34.468  23.642 0.0000000000
132929  49.227  34.121  22.410 0.0000000000
132194  45.979  32.382  19.523 0.0000000000
132205  45.705  32.833  19.059 0.0000000000
131335  46.629  31.705  19.396 0.0000000000
131334  47.344  31.073  19.323 0.0000000000
130468  48.031  30.582  19.295 0.0000000000
130445  49.217  30.901  21.026 0.0000000000
130467  48.855  30.093  19.239 0.0000000000
130466  49.506  29.878  19.561 0.0000000000
129559  50.416  29.556  19.872 0.0000000000
128582  53.054  29.042  22.116 0.0000000000
129524  52.538  29.528  22.193 0.0000000000
128583  52.502  28.943  22.129 0.0000000000
129525  51.516  29.774  22.472 0.0000000000
130424  50.344  30.383  24.564 0.0000000000
130412  49.614  30.344  25.284 0.0000000000
129466  48.457  29.340  28.125 0.0000000000
129465  49.290  29.210  28.158 0.0000000000
125058  46.700  24.283  26.957 0.0000000000
124240  46.902  23.647  26.229 0.0000000000
124254  46.143  22.894  25.324 0.0000000000
123403  45.914  22.619  25.066 0.0000000000
123416  44.826  22.097  23.723 0.0000000000
124270  48.208  22.821  23.822 0.0000000000
123436  47.284  22.461  22.369 0.0000000000
123425  46.422  22.611  23.136 0.0000000000
123426  45.432  22.398  23.034 0.0000000000
123427  44.750  22.067  23.012 0.0000000000
119650  43.229  19.340  23.248 0.0000000000
119664  44.167  18.950  23.042 0.0000000000
119665  43.082  18.513  22.895 0.0000000000
118716  42.759  17.723  22.308 0.0000000000
122572  51.087  21.170  19.718 0.0000000000
122573  50.547  21.202  19.543 0.0000000000
121620  50.455  20.319  18.828 0.0000000000
121613  50.113  20.753  19.187 0.0000000000
121604  49.756  21.013  19.520 0.0000000000
121605  49.261  20.654  19.800 0.0000000000
120624  48.444  19.857  19.991 0.0000000000
118769  48.445  17.398  18.503 0.0000000000
117786  47.402  16.962  19.138 0.0000000000
118756  48.160  17.830  19.275 0.0000000000
118742  47.696  18.091  19.849 0.0000000000
119691  47.202  18.807  20.672 0.0000000000
118727  46.395  17.972  21.039 0.0000000000
112828  55.130  11.384  21.577 0.0000000000
112844  54.680  11.525  20.734 0.0000000000
113814  53.918  11.651  20.208 0.0000000000
112843  55.238  11.899  20.509 0.0000000000
112856  54.777  11.945  20.097 0.0000000000
112857  54.310  11.674  20.238 0.0000000000
113830  55.322  12.464  20.058 0.0000000000
113831  54.863  12.381  19.698 0.0000000000
113845  54.969  12.762  19.499 0.0000000000
115808  53.792  14.218  17.217 0.0000000000
115820  53.575  14.051  16.522 0.0000000000
115834  53.122  13.936  15.995 0.0000000000
116788  47.381  16.268  24.631 0.0000000000
116836  53.942  14.685  17.916 0.0000000000
116865  53.213  14.467  16.458 0.0000000000
117716  46.168  16.443  26.023 0.0000000000
117761  48.783  17.111  21.623 0.0000000000
117799  52.766  16.452  18.140 0.0000000000
117816  53.362  15.615  17.700 0.0000000000
118697  46.452  17.739  25.007 0.0000000000
118703  47.686  17.250  23.171 0.0000000000
118712  47.488  18.270  23.016 0.0000000000
118713  45.264  18.139  22.030 0.0000000000
118717  41.943  17.793  22.036 0.0000000000
119633  46.792  18.979  25.246 0.0000000000
119647  47.810  19.241  23.185 0.0000000000
119649  43.646  19.573  23.206 0.0000000000
119700  49.706  19.528  18.790 0.0000000000
120586  43.323  19.888  23.300 0.0000000000
120603  43.189  20.260  23.255 0.0000000000
120632  49.119  19.840  19.522 0.0000000000
120637  50.661  19.889  18.670 0.0000000000
121467  53.092  20.713  29.446 0.0000000000
121473  55.146  20.955  28.647 0.0000000000
121474  54.735  20.753  28.713 0.0000000000
121476  53.245  20.549  29.070 0.0000000000
121477  51.588  20.977  28.727 0.0000000000
121488  54.823  20.933  28.038 0.0000000000
121492  51.096  20.920  28.558 0.0000000000
121505  54.504  21.021  27.701 0.0000000000
121523  53.601  21.188  26.573 0.0000000000
121569  42.012  20.555  23.355 0.0000000000
121587  41.781  20.967  23.286 0.0000000000
121614  49.548  20.319  19.368 0.0000000000
121619  50.886  20.434  18.847 0.0000000000
122416  55.310  21.530  29.692 0.0000000000
122417  55.195  21.197  30.109 0.0000000000
122429  55.127  21.453  29.006 0.0000000000
122430  54.947  21.666  28.776 0.0000000000
122443  55.116  21.214  28.568 0.0000000000
122444  54.908  21.371  28.349 0.0000000000
122446  52.392  20.688  28.606 0.0000000000
122447  52.072  20.939  28.739 0.0000000000
122450  48.944  21.270  28.982 0.0000000000
122464  54.698  21.137  27.891 0.0000000000
122465  54.158  21.169  27.676 0.0000000000
122468  42.838  22.132  26.656 0.0000000000
122482  53.500  21.390  26.349 0.0000000000
122495  53.468  21.623  26.256 0.0000000000
122514  51.006  21.489  24.098 0.0000000000
122547  41.992  21.127  23.325 0.0000000000
122574  50.178  21.177  19.446 0.0000000000
123313  55.293  22.447  30.603 0.0000000000
123314  55.107  22.443  30.848 0.0000000000
123347  54.903  22.040  29.140 0.0000000000
123348  54.324  22.017  29.129 0.0000000000
123349  53.709  22.132  29.006 0.0000000000
123362  51.686  22.789  28.013 0.0000000000
123399  53.253  22.028  26.072 0.0000000000
123406  43.438  21.781  25.620 0.0000000000
123410  52.354  22.309  25.086 0.0000000000
123439  44.777  21.905  22.811 0.0000000000
123449  46.552  22.062  21.837 0.0000000000
124148  53.033  24.306  31.898 0.0000000000
124180  54.736  23.246  29.771 0.0000000000
124191  54.585  22.601  29.506 0.0000000000
124207  40.165  22.903  27.932 0.0000000000
124223  46.607  23.896  26.659 0.0000000000
124234  52.397  22.830  26.086 0.0000000000
124263  47.472  22.832  24.272 0.0000000000
124269  49.154  22.904  23.814 0.0000000000
124271  47.748  22.757  23.833 0.0000000000
125000  55.117  23.804  30.507 0.0000000000
125001  54.898  24.154  31.298 0.0000000000
125012  54.457  23.961  29.933 0.0000000000
125014  52.998  23.811  29.859 0.0000000000
125015  52.549  23.650  29.775 0.0000000000
125023  54.596  24.331  29.619 0.0000000000
125025  54.157  24.621  29.861 0.0000000000
125056  48.332  24.346  27.065 0.0000000000
125075  46.994  24.027  26.607 0.0000000000
126632  53.028  26.552  32.080 0.0000000000
126666  54.536  27.115  27.805 0.0000000000
126667  54.364  26.939  27.799 0.0000000000
127532  53.410  26.894  31.317 0.0000000000
127537  54.231  26.967  30.043 0.0000000000
127542  54.147  27.239  29.952 0.0000000000
127554  54.507  27.146  28.680 0.0000000000
127555  54.064  26.938  27.654 0.0000000000
127556  53.520  27.011  27.988 0.0000000000
127557  52.872  27.121  28.365 0.0000000000
127560  46.047  27.134  28.339 0.0000000000
127567  54.512  27.367  28.014 0.0000000000
128524  54.289  27.519  29.152 0.0000000000
128546  47.736  29.026  28.291 0.0000000000
129508  48.596  30.219  24.360 0.0000000000
129560  49.819  29.743  19.704 0.0000000000
130390  52.024  30.577  28.145 0.0000000000
130413  48.592  30.205  25.302 0.0000000000
130437  52.511  29.790  21.528 0.0000000000
130446  48.524  31.078  20.860 0.0000000000
130457  47.724  30.901  19.840 0.0000000000
130479  48.741  30.482  18.010 0.0000000000
130490  49.050  30.946  16.697 0.0000000000
130501  49.464  31.094  15.899 0.0000000000
131299  52.392  30.881  24.949 0.0000000000
131324  48.437  31.730  21.185 0.0000000000
131343  47.869  30.951  18.381 0.0000000000
131353  48.919  31.587  16.441 0.0000000000
131354  48.632  31.610  16.998 0.0000000000
131367  48.876  31.889  16.383 0.0000000000
131380  48.954  31.995  15.536 0.0000000000
132141  50.883  33.250  24.625 0.0000000000
132171  51.036  32.486  22.441 0.0000000000
132204  46.378  32.545  18.485 0.0000000000
132214  48.016  32.474  17.216 0.0000000000
132220  49.026  32.784  16.120 0.0000000000
132865  48.878  34.225  27.569 0.0000000000
132868  46.155  33.494  27.354 0.0000000000
132879  49.573  34.352  26.541 0.0000000000
132880  47.392  34.158  26.936 0.0000000000
132897  48.167  34.302  24.781 0.0000000000
132898  47.783  33.922  25.060 0.0000000000
132911  50.992  33.959  23.347 0.0000000000
132930  48.384  34.308  22.297 0.0000000000
132946  45.076  33.820  19.349 0.0000000000
132958  48.966  33.020  16.085 0.0000000000
132959  48.732  33.239  16.232 0.0000000000
132960  48.318  34.028  16.408 0.0000000000
132971  48.988  33.066  15.891 0.0000000000
133565  48.572  34.278  27.738 0.0000000000
133573  49.169  34.410  26.711 0.0000000000
133575  48.162  34.393  27.734 0.0000000000
133595  50.081  34.401  24.603 0.0000000000
133629  50.362  34.193  22.755 0.0000000000
133630  49.794  34.428  22.760 0.0000000000
133634  45.135  35.060  22.531 0.0000000000
133674  47.234  34.393  17.373 0.0000000000
133676  48.483  34.360  16.142 0.0000000000
134289  44.640  35.364  22.318 0.0000000000
134290  43.884  35.495  22.313 0.0000000000
134327  47.403  36.168  17.624 0.0000000000
134328  47.018  35.833  17.853 0.0000000000
134348  48.422  34.828  15.889 0.0000000000
135030  47.846  36.576  17.032 0.0000000000
