#!ascii label  , from subject 3060 vox2ras=TkReg
521
87713  23.056  -13.527  -9.704 0.0000000000
96290  28.796  -5.648  -12.507 0.0000000000
106656  24.549  4.469  -15.969 0.0000000000
101608  20.398  -0.295  -13.146 0.0000000000
82450  25.673  -18.517  -9.454 0.0000000000
85739  28.013  -15.543  -10.599 0.0000000000
91046  25.912  -10.257  -12.441 0.0000000000
97361  23.041  -4.869  -12.935 0.0000000000
101622  26.175  -0.300  -14.309 0.0000000000
108540  28.773  6.455  -13.317 0.0000000000
110441  23.833  8.673  -17.796 0.0000000000
85727  24.223  -15.612  -9.540 0.0000000000
83614  27.515  -17.520  -10.435 0.0000000000
86734  25.773  -14.580  -10.440 0.0000000000
95247  21.446  -6.898  -11.214 0.0000000000
97346  20.332  -4.638  -11.280 0.0000000000
104710  22.319  2.003  -15.016 0.0000000000
101625  23.848  -0.423  -14.754 0.0000000000
104709  25.317  2.596  -14.842 0.0000000000
105710  27.988  3.505  -13.483 0.0000000000
108555  26.943  6.133  -15.103 0.0000000000
112233  21.276  10.360  -13.386 0.0000000000
110403  20.688  8.453  -14.194 0.0000000000
113264  22.928  10.846  -17.490 0.0000000000
94241  26.944  -7.573  -12.463 0.0000000000
89942  28.236  -10.846  -12.191 0.0000000000
94212  29.360  -7.750  -11.260 0.0000000000
106642  21.399  4.454  -14.718 0.0000000000
99478  29.723  -2.287  -11.224 0.0000000000
91000  21.963  -10.618  -9.735 0.0000000000
89927  24.109  -11.603  -11.432 0.0000000000
92127  22.761  -9.461  -11.605 0.0000000000
94244  24.265  -7.388  -12.033 0.0000000000
96311  26.058  -5.370  -13.157 0.0000000000
99495  21.677  -3.108  -13.169 0.0000000000
98478  24.939  -3.012  -14.531 0.0000000000
99511  27.778  -2.286  -13.081 0.0000000000
102578  28.410  0.464  -12.551 0.0000000000
109502  21.138  6.476  -14.570 0.0000000000
108587  24.296  6.998  -16.730 0.0000000000
114287  24.401  12.597  -19.676 0.0000000000
112297  25.824  10.469  -18.279 0.0000000000
110415  26.938  8.457  -16.494 0.0000000000
112254  28.006  10.305  -14.535 0.0000000000
87747  26.992  -12.957  -11.402 0.0000000000
88800  22.160  -12.586  -9.277 0.0000000000
86717  22.372  -14.377  -8.734 0.0000000000
86715  23.874  -14.764  -9.611 0.0000000000
85726  25.207  -15.589  -9.740 0.0000000000
86736  24.133  -14.261  -10.096 0.0000000000
105741  24.048  3.600  -15.685 0.0000000000
103644  23.880  1.900  -15.583 0.0000000000
105740  24.973  3.581  -15.536 0.0000000000
106641  26.528  4.537  -14.856 0.0000000000
107584  25.815  5.461  -15.737 0.0000000000
113250  22.448  11.499  -15.143 0.0000000000
112272  22.372  10.163  -15.637 0.0000000000
114276  22.373  12.473  -18.177 0.0000000000
95261  28.234  -6.658  -12.483 0.0000000000
94239  28.528  -7.734  -12.239 0.0000000000
95246  28.972  -6.856  -11.801 0.0000000000
104712  20.901  3.128  -14.154 0.0000000000
106626  19.952  4.354  -13.578 0.0000000000
83585  24.078  -17.549  -8.883 0.0000000000
81297  24.849  -19.486  -9.091 0.0000000000
80076  26.535  -20.599  -9.557 0.0000000000
81294  27.343  -19.813  -9.947 0.0000000000
84686  27.740  -16.518  -10.562 0.0000000000
82447  28.500  -18.227  -9.972 0.0000000000
91012  22.494  -10.315  -10.751 0.0000000000
92115  21.821  -9.499  -11.025 0.0000000000
95267  22.805  -6.440  -12.035 0.0000000000
94245  23.356  -7.359  -11.962 0.0000000000
95266  23.840  -6.241  -12.247 0.0000000000
95264  25.742  -6.322  -12.407 0.0000000000
96313  24.266  -5.226  -12.549 0.0000000000
99498  19.635  -2.555  -11.589 0.0000000000
100528  20.526  -1.427  -12.762 0.0000000000
101624  24.748  -0.331  -14.632 0.0000000000
100564  24.419  -1.328  -14.595 0.0000000000
100562  25.977  -1.124  -14.427 0.0000000000
98476  26.144  -2.425  -14.274 0.0000000000
100546  26.866  -1.229  -13.740 0.0000000000
100527  28.119  -1.465  -12.678 0.0000000000
102579  27.612  0.467  -12.972 0.0000000000
107557  28.445  5.549  -13.722 0.0000000000
106603  28.833  4.229  -12.547 0.0000000000
111328  22.713  9.260  -16.519 0.0000000000
109520  21.499  7.288  -14.691 0.0000000000
109536  22.937  7.807  -15.824 0.0000000000
109518  23.348  6.928  -16.023 0.0000000000
110432  24.374  8.265  -17.385 0.0000000000
111325  26.179  9.615  -17.229 0.0000000000
112285  26.660  10.367  -16.746 0.0000000000
111314  27.397  9.256  -15.989 0.0000000000
91025  24.786  -10.914  -12.237 0.0000000000
88829  25.620  -12.313  -11.432 0.0000000000
89925  25.890  -11.570  -11.810 0.0000000000
91023  29.299  -10.687  -11.239 0.0000000000
89912  28.980  -12.135  -11.026 0.0000000000
84678  23.739  -16.457  -9.164 0.0000000000
83602  24.902  -17.599  -9.358 0.0000000000
82449  26.887  -18.413  -10.025 0.0000000000
84676  25.475  -16.651  -9.621 0.0000000000
85741  26.178  -15.597  -10.157 0.0000000000
85740  27.225  -15.569  -10.370 0.0000000000
95236  20.630  -6.792  -10.267 0.0000000000
95269  21.259  -6.238  -11.371 0.0000000000
97363  21.431  -4.588  -12.095 0.0000000000
102601  21.064  0.653  -13.568 0.0000000000
101607  21.707  -0.340  -13.739 0.0000000000
102624  22.519  0.666  -14.632 0.0000000000
102622  24.295  0.699  -15.134 0.0000000000
103621  26.207  1.462  -14.177 0.0000000000
103602  26.860  1.410  -13.769 0.0000000000
104707  26.825  2.876  -14.059 0.0000000000
106640  27.383  4.533  -14.306 0.0000000000
108553  28.321  6.441  -14.068 0.0000000000
111281  19.951  8.900  -12.633 0.0000000000
111302  20.906  9.285  -14.041 0.0000000000
112287  22.935  10.203  -16.913 0.0000000000
112286  23.390  10.156  -17.913 0.0000000000
92145  26.765  -9.329  -12.459 0.0000000000
91059  26.783  -10.181  -12.288 0.0000000000
92144  27.505  -9.461  -12.483 0.0000000000
92142  29.118  -9.579  -12.026 0.0000000000
102603  19.583  0.859  -12.630 0.0000000000
104692  21.051  2.076  -13.921 0.0000000000
104732  22.057  3.175  -15.113 0.0000000000
106658  22.883  4.485  -15.705 0.0000000000
81293  28.010  -19.150  -10.028 0.0000000000
98438  29.292  -3.516  -11.918 0.0000000000
96274  29.605  -5.595  -11.563 0.0000000000
88799  22.379  -12.301  -10.033 0.0000000000
88814  23.753  -12.843  -10.725 0.0000000000
89913  22.803  -11.531  -10.681 0.0000000000
91027  23.388  -10.753  -11.253 0.0000000000
92148  23.926  -9.418  -12.223 0.0000000000
93180  22.258  -8.390  -11.639 0.0000000000
93198  23.738  -8.302  -11.984 0.0000000000
93197  24.609  -8.419  -12.143 0.0000000000
94242  26.110  -7.498  -12.283 0.0000000000
95263  26.608  -6.629  -12.501 0.0000000000
96291  27.805  -5.453  -13.059 0.0000000000
98443  20.688  -3.488  -12.098 0.0000000000
98441  22.386  -3.919  -13.025 0.0000000000
100547  22.765  -1.632  -13.971 0.0000000000
99514  23.333  -2.641  -13.868 0.0000000000
98463  23.931  -3.536  -13.727 0.0000000000
97378  25.452  -4.363  -13.525 0.0000000000
97376  27.138  -4.118  -13.504 0.0000000000
98458  28.181  -3.949  -13.245 0.0000000000
99494  28.328  -2.389  -12.607 0.0000000000
101558  28.928  -1.116  -11.913 0.0000000000
104669  27.878  2.123  -13.034 0.0000000000
107589  21.765  5.292  -14.917 0.0000000000
107587  23.208  5.328  -16.220 0.0000000000
108572  24.574  6.274  -16.262 0.0000000000
113289  23.549  11.514  -20.014 0.0000000000
111343  24.419  9.898  -19.138 0.0000000000
113280  25.199  11.551  -19.433 0.0000000000
111335  24.814  9.451  -18.472 0.0000000000
110431  25.358  8.679  -17.508 0.0000000000
109532  25.798  8.102  -16.766 0.0000000000
108571  25.511  6.528  -16.078 0.0000000000
109515  27.138  7.462  -15.852 0.0000000000
110401  28.057  8.348  -14.721 0.0000000000
110388  28.617  8.256  -13.995 0.0000000000
87750  24.950  -13.247  -10.930 0.0000000000
87728  26.036  -13.818  -10.794 0.0000000000
86732  27.500  -14.578  -10.645 0.0000000000
89923  27.446  -11.548  -11.675 0.0000000000
87726  27.795  -13.435  -11.093 0.0000000000
87714  22.562  -13.347  -9.417 0.0000000000
87715  22.079  -13.385  -8.775 0.0000000000
86716  23.179  -14.302  -9.433 0.0000000000
86737  23.659  -14.219  -9.839 0.0000000000
87731  23.512  -13.526  -10.145 0.0000000000
106655  25.379  4.541  -15.807 0.0000000000
106654  26.022  4.531  -15.567 0.0000000000
114264  22.513  12.477  -17.093 0.0000000000
82451  25.050  -18.310  -9.296 0.0000000000
82434  24.572  -18.370  -9.057 0.0000000000
81296  25.302  -19.423  -9.337 0.0000000000
80077  25.522  -20.379  -9.518 0.0000000000
81295  26.224  -19.566  -9.701 0.0000000000
84685  28.436  -16.442  -10.528 0.0000000000
83612  28.517  -17.298  -10.404 0.0000000000
84674  28.862  -16.686  -10.219 0.0000000000
84684  28.974  -16.091  -10.270 0.0000000000
92116  21.425  -9.555  -9.954 0.0000000000
93171  20.812  -8.705  -9.860 0.0000000000
96295  23.054  -5.472  -12.447 0.0000000000
96294  23.684  -5.472  -12.400 0.0000000000
96314  23.520  -5.070  -12.657 0.0000000000
101584  19.966  -0.794  -12.642 0.0000000000
101623  25.536  -0.311  -14.506 0.0000000000
100563  25.264  -1.200  -14.476 0.0000000000
100561  26.375  -1.001  -14.069 0.0000000000
101605  26.640  -0.346  -13.841 0.0000000000
101604  27.181  -0.434  -13.308 0.0000000000
102599  26.993  0.492  -13.521 0.0000000000
107556  28.747  5.595  -12.921 0.0000000000
111327  23.376  9.301  -17.449 0.0000000000
110434  22.652  8.304  -16.022 0.0000000000
110433  23.490  8.460  -16.870 0.0000000000
109535  23.343  7.698  -16.144 0.0000000000
113262  26.090  11.329  -17.181 0.0000000000
113249  26.665  11.373  -16.056 0.0000000000
112271  26.976  10.629  -15.893 0.0000000000
91047  25.213  -10.503  -12.360 0.0000000000
89946  25.551  -11.132  -12.168 0.0000000000
89945  26.106  -10.846  -12.158 0.0000000000
91011  29.510  -10.513  -10.398 0.0000000000
89911  29.245  -11.523  -10.725 0.0000000000
85728  23.502  -15.407  -9.296 0.0000000000
84679  23.228  -15.931  -9.006 0.0000000000
83603  24.355  -17.005  -9.163 0.0000000000
84677  24.633  -16.491  -9.456 0.0000000000
85742  25.554  -15.064  -10.127 0.0000000000
86733  26.602  -14.652  -10.552 0.0000000000
96276  20.306  -5.511  -10.792 0.0000000000
95249  20.299  -6.201  -10.292 0.0000000000
96275  20.776  -5.605  -11.319 0.0000000000
96297  21.412  -5.575  -11.712 0.0000000000
97345  20.911  -4.946  -11.625 0.0000000000
103625  21.940  1.443  -14.654 0.0000000000
102625  21.746  0.655  -14.191 0.0000000000
103624  22.572  1.399  -14.972 0.0000000000
104728  24.832  2.624  -15.235 0.0000000000
103643  24.480  1.769  -15.362 0.0000000000
103642  24.869  2.005  -14.883 0.0000000000
103622  25.419  1.593  -14.563 0.0000000000
104708  26.127  2.546  -14.461 0.0000000000
107571  27.127  5.442  -14.740 0.0000000000
107570  27.944  5.514  -14.356 0.0000000000
108554  27.571  6.469  -14.676 0.0000000000
112234  20.255  9.862  -13.024 0.0000000000
111280  20.511  9.436  -13.342 0.0000000000
112257  21.626  9.812  -14.646 0.0000000000
113276  23.118  10.936  -18.375 0.0000000000
93195  26.451  -8.514  -12.347 0.0000000000
93194  27.257  -8.529  -12.475 0.0000000000
94222  29.085  -7.946  -11.927 0.0000000000
93192  28.826  -8.686  -12.197 0.0000000000
93179  29.307  -8.713  -11.631 0.0000000000
92125  29.451  -9.699  -11.180 0.0000000000
102580  18.891  0.865  -12.234 0.0000000000
103605  19.891  1.681  -13.124 0.0000000000
103604  20.727  1.565  -13.509 0.0000000000
105726  21.076  3.642  -14.488 0.0000000000
105744  21.736  3.663  -14.995 0.0000000000
105743  22.468  3.701  -15.317 0.0000000000
83600  26.756  -17.335  -10.045 0.0000000000
82463  27.600  -18.150  -10.374 0.0000000000
82432  28.976  -18.772  -9.014 0.0000000000
99492  29.446  -2.767  -11.606 0.0000000000
89900  21.315  -11.226  -9.147 0.0000000000
89899  21.868  -11.524  -9.373 0.0000000000
89898  22.286  -11.150  -10.125 0.0000000000
92114  22.304  -9.774  -11.170 0.0000000000
92126  23.586  -10.055  -11.800 0.0000000000
94224  21.246  -7.630  -10.973 0.0000000000
93181  21.638  -8.481  -11.289 0.0000000000
94223  21.811  -7.574  -11.457 0.0000000000
93199  22.934  -8.322  -11.995 0.0000000000
93196  25.553  -8.491  -12.230 0.0000000000
94243  25.189  -7.448  -12.172 0.0000000000
95280  25.520  -5.616  -12.741 0.0000000000
96293  26.372  -5.984  -12.639 0.0000000000
96292  26.899  -5.823  -12.870 0.0000000000
96310  26.960  -4.941  -13.244 0.0000000000
99496  21.128  -2.612  -12.775 0.0000000000
98442  21.688  -3.675  -12.716 0.0000000000
98465  22.102  -3.406  -13.250 0.0000000000
101626  22.737  -0.475  -14.410 0.0000000000
101606  22.254  -0.978  -13.956 0.0000000000
100565  23.542  -1.392  -14.438 0.0000000000
99531  24.077  -2.388  -14.516 0.0000000000
99532  23.409  -2.034  -14.262 0.0000000000
99513  23.908  -2.953  -14.159 0.0000000000
98462  24.823  -3.667  -13.951 0.0000000000
99512  27.177  -2.211  -13.695 0.0000000000
98460  26.575  -3.092  -14.021 0.0000000000
98459  27.642  -3.311  -13.318 0.0000000000
98439  28.529  -3.472  -12.716 0.0000000000
101583  27.884  -0.494  -12.789 0.0000000000
101582  28.755  -0.553  -12.250 0.0000000000
101581  29.213  -0.045  -11.898 0.0000000000
102577  29.095  0.543  -12.132 0.0000000000
104690  27.400  2.479  -13.593 0.0000000000
104689  28.109  2.807  -13.171 0.0000000000
110419  20.666  7.799  -14.134 0.0000000000
109503  20.425  6.943  -13.906 0.0000000000
108557  20.600  5.984  -14.233 0.0000000000
107573  20.946  5.215  -14.479 0.0000000000
108556  21.244  5.859  -14.739 0.0000000000
108588  23.743  7.111  -16.517 0.0000000000
108574  22.791  6.248  -16.015 0.0000000000
108573  23.698  6.296  -16.393 0.0000000000
108586  24.961  7.003  -16.484 0.0000000000
114289  22.841  12.409  -20.163 0.0000000000
112305  24.072  10.679  -19.691 0.0000000000
113288  24.421  11.616  -19.889 0.0000000000
113275  25.704  11.394  -18.374 0.0000000000
114280  25.233  12.311  -18.742 0.0000000000
112303  25.561  10.612  -19.195 0.0000000000
111341  25.600  10.141  -18.713 0.0000000000
110439  25.076  9.232  -17.954 0.0000000000
111334  25.557  9.651  -18.058 0.0000000000
110429  26.537  9.054  -16.823 0.0000000000
110430  26.180  8.749  -17.022 0.0000000000
110416  26.353  8.239  -16.654 0.0000000000
109516  26.261  7.564  -16.234 0.0000000000
108570  26.455  6.498  -15.617 0.0000000000
111301  27.719  9.286  -14.994 0.0000000000
110402  27.584  8.343  -15.624 0.0000000000
111300  28.627  9.356  -14.161 0.0000000000
88831  23.891  -12.387  -11.137 0.0000000000
88813  24.186  -12.795  -10.920 0.0000000000
88830  24.695  -12.561  -11.222 0.0000000000
88828  26.410  -12.267  -11.519 0.0000000000
87748  26.235  -13.035  -11.191 0.0000000000
87727  26.882  -13.716  -10.876 0.0000000000
91045  27.232  -10.453  -12.110 0.0000000000
89944  26.924  -10.851  -11.821 0.0000000000
89943  27.694  -10.955  -12.071 0.0000000000
88812  28.538  -12.659  -11.087 0.0000000000
87725  28.699  -13.650  -10.561 0.0000000000
86714  24.528  -14.892  -9.712 0.0000000000
86735  24.993  -14.511  -10.199 0.0000000000
104730  23.531  2.720  -15.604 0.0000000000
103645  23.067  1.848  -15.371 0.0000000000
104729  24.301  2.687  -15.528 0.0000000000
105725  25.212  3.098  -15.181 0.0000000000
105724  25.817  3.556  -15.109 0.0000000000
105739  25.627  4.007  -15.659 0.0000000000
107572  26.445  5.436  -15.246 0.0000000000
112255  22.712  11.012  -13.945 0.0000000000
112256  22.421  10.637  -14.314 0.0000000000
113265  22.616  11.362  -16.545 0.0000000000
113277  22.566  11.583  -17.764 0.0000000000
94240  27.746  -7.619  -12.414 0.0000000000
105727  20.486  3.629  -13.866 0.0000000000
106643  20.666  4.426  -14.168 0.0000000000
84659  23.466  -17.025  -8.687 0.0000000000
83586  23.136  -17.704  -8.465 0.0000000000
82435  23.737  -18.499  -8.670 0.0000000000
78804  26.360  -21.291  -9.341 0.0000000000
80056  26.752  -21.060  -9.318 0.0000000000
80075  27.068  -20.375  -9.587 0.0000000000
82462  27.978  -18.010  -10.653 0.0000000000
82461  28.233  -17.730  -10.524 0.0000000000
91014  21.743  -10.137  -9.707 0.0000000000
90999  22.251  -10.496  -10.138 0.0000000000
91013  22.148  -9.971  -10.066 0.0000000000
95268  21.890  -6.549  -11.736 0.0000000000
94246  22.516  -7.442  -11.784 0.0000000000
95265  24.765  -6.532  -12.261 0.0000000000
95282  24.477  -5.960  -12.410 0.0000000000
95281  24.995  -5.814  -12.601 0.0000000000
96312  25.159  -5.128  -13.002 0.0000000000
99497  19.922  -2.214  -12.036 0.0000000000
99516  21.330  -1.827  -13.223 0.0000000000
99530  25.040  -2.107  -14.459 0.0000000000
98477  25.712  -2.721  -14.395 0.0000000000
99529  25.775  -1.925  -14.362 0.0000000000
99528  26.442  -1.878  -14.160 0.0000000000
100545  27.497  -1.371  -13.251 0.0000000000
106624  28.463  4.541  -13.280 0.0000000000
105691  28.533  3.500  -12.887 0.0000000000
106623  28.880  4.931  -12.585 0.0000000000
111315  21.898  9.087  -15.781 0.0000000000
110418  21.168  8.084  -14.549 0.0000000000
110417  21.953  8.219  -15.128 0.0000000000
109519  22.667  7.354  -15.495 0.0000000000
108575  21.844  6.277  -15.302 0.0000000000
109534  24.056  7.734  -16.737 0.0000000000
113274  25.977  10.896  -17.908 0.0000000000
112296  26.100  10.467  -17.534 0.0000000000
111324  26.902  9.427  -16.653 0.0000000000
112284  27.191  9.963  -16.226 0.0000000000
112270  27.399  10.231  -15.354 0.0000000000
89926  25.032  -11.389  -11.811 0.0000000000
91024  29.130  -10.883  -11.782 0.0000000000
89922  28.533  -11.485  -11.637 0.0000000000
89921  29.152  -11.192  -11.424 0.0000000000
83584  24.501  -17.849  -9.133 0.0000000000
83601  26.047  -17.516  -9.607 0.0000000000
85725  25.791  -16.110  -9.832 0.0000000000
84687  27.004  -16.533  -10.159 0.0000000000
95248  20.846  -6.547  -10.799 0.0000000000
96296  22.116  -5.586  -12.233 0.0000000000
97362  22.392  -4.619  -12.626 0.0000000000
101627  22.182  0.116  -14.238 0.0000000000
102623  23.328  0.420  -14.999 0.0000000000
102640  23.634  1.208  -15.316 0.0000000000
102621  25.115  0.583  -14.702 0.0000000000
102620  25.827  0.580  -14.405 0.0000000000
102600  26.452  0.530  -14.037 0.0000000000
104691  26.667  2.157  -13.981 0.0000000000
105711  27.353  3.541  -13.941 0.0000000000
105723  26.668  3.600  -14.455 0.0000000000
106625  27.839  4.213  -13.771 0.0000000000
106639  28.091  4.857  -13.953 0.0000000000
111316  21.266  8.959  -14.940 0.0000000000
112273  21.737  9.501  -15.305 0.0000000000
92146  25.924  -9.569  -12.418 0.0000000000
91060  26.279  -10.277  -12.382 0.0000000000
92160  26.438  -9.878  -12.434 0.0000000000
91058  27.248  -10.033  -12.365 0.0000000000
91044  27.863  -10.273  -12.328 0.0000000000
93193  28.073  -8.600  -12.444 0.0000000000
92143  28.391  -9.524  -12.373 0.0000000000
91043  28.738  -10.462  -12.184 0.0000000000
91042  29.224  -10.283  -11.758 0.0000000000
101609  19.849  0.272  -12.825 0.0000000000
102602  20.288  0.797  -13.063 0.0000000000
103603  21.317  1.486  -14.099 0.0000000000
104693  20.496  2.618  -13.640 0.0000000000
104711  21.532  2.596  -14.572 0.0000000000
104731  22.592  2.795  -15.290 0.0000000000
105742  23.218  3.619  -15.627 0.0000000000
106657  23.675  4.461  -15.997 0.0000000000
82448  27.730  -18.658  -10.240 0.0000000000
97359  29.174  -4.549  -12.331 0.0000000000
97344  29.729  -4.394  -11.562 0.0000000000
87732  22.953  -12.990  -9.923 0.0000000000
88815  23.113  -12.532  -10.582 0.0000000000
89928  23.360  -11.942  -11.168 0.0000000000
91026  24.321  -10.582  -11.943 0.0000000000
91048  24.592  -10.002  -12.262 0.0000000000
93170  21.247  -8.589  -10.590 0.0000000000
92128  22.044  -8.990  -11.465 0.0000000000
92149  23.285  -8.897  -12.112 0.0000000000
92147  24.972  -9.414  -12.254 0.0000000000
95262  27.393  -6.616  -12.611 0.0000000000
97347  20.015  -4.571  -10.700 0.0000000000
97364  20.711  -4.299  -11.722 0.0000000000
97381  22.828  -4.330  -13.115 0.0000000000
100549  21.179  -1.053  -13.267 0.0000000000
100548  21.880  -1.404  -13.607 0.0000000000
99515  22.092  -2.549  -13.483 0.0000000000
98464  22.877  -3.575  -13.439 0.0000000000
97380  23.558  -4.459  -13.160 0.0000000000
97379  24.553  -4.371  -13.294 0.0000000000
98461  25.659  -3.554  -14.126 0.0000000000
97377  26.317  -4.253  -13.654 0.0000000000
96309  27.465  -4.724  -13.332 0.0000000000
97375  27.828  -4.378  -13.360 0.0000000000
97360  28.465  -4.598  -13.008 0.0000000000
99493  28.943  -2.518  -12.059 0.0000000000
100526  28.664  -1.617  -12.191 0.0000000000
100507  29.110  -1.614  -11.774 0.0000000000
103601  27.470  1.389  -13.291 0.0000000000
103580  28.089  1.398  -12.751 0.0000000000
104668  28.576  2.453  -12.636 0.0000000000
103579  28.820  1.455  -12.330 0.0000000000
109521  20.935  7.563  -14.308 0.0000000000
107588  22.442  5.356  -15.616 0.0000000000
106659  22.180  4.495  -15.159 0.0000000000
107586  24.111  5.338  -16.290 0.0000000000
107585  24.990  5.419  -16.001 0.0000000000
113283  22.773  11.710  -18.799 0.0000000000
113290  22.834  11.730  -19.723 0.0000000000
112298  23.625  10.236  -18.922 0.0000000000
111336  23.911  9.359  -18.390 0.0000000000
113281  24.775  12.024  -19.586 0.0000000000
112310  25.118  10.897  -19.739 0.0000000000
110440  24.535  8.888  -17.976 0.0000000000
109533  24.922  7.798  -16.791 0.0000000000
111326  25.862  9.146  -17.499 0.0000000000
109517  25.501  7.436  -16.417 0.0000000000
108569  27.128  6.816  -15.255 0.0000000000
109501  27.545  7.494  -15.043 0.0000000000
109500  28.085  7.408  -14.311 0.0000000000
109485  28.749  7.351  -13.687 0.0000000000
112253  28.975  10.486  -14.246 0.0000000000
111279  29.024  8.820  -13.726 0.0000000000
110387  29.295  8.231  -13.464 0.0000000000
87730  24.420  -13.456  -10.648 0.0000000000
87729  25.266  -13.797  -10.695 0.0000000000
87749  25.462  -13.131  -11.054 0.0000000000
89924  26.632  -11.520  -11.690 0.0000000000
88827  27.130  -12.233  -11.527 0.0000000000
88826  27.842  -12.379  -11.499 0.0000000000
87746  27.456  -12.776  -11.447 0.0000000000
86731  28.314  -14.563  -10.623 0.0000000000
85738  28.726  -15.469  -10.463 0.0000000000
95235  29.745  -6.767  -11.122 0.0000000000
80055  27.308  -20.714  -9.188 0.0000000000
81281  24.896  -19.071  -8.992 0.0000000000
81282  24.365  -19.333  -8.842 0.0000000000
82433  25.114  -18.736  -9.201 0.0000000000
83613  28.111  -17.321  -10.731 0.0000000000
84660  22.825  -16.500  -8.620 0.0000000000
84675  26.222  -16.629  -9.907 0.0000000000
88832  23.493  -12.428  -10.936 0.0000000000
89958  26.965  -10.510  -11.895 0.0000000000
89959  26.563  -10.517  -12.103 0.0000000000
91001  21.282  -10.567  -9.364 0.0000000000
92159  26.939  -9.798  -12.461 0.0000000000
92161  26.057  -9.959  -12.452 0.0000000000
98440  28.082  -2.871  -12.965 0.0000000000
98479  24.335  -3.137  -14.258 0.0000000000
99479  29.361  -2.154  -11.635 0.0000000000
100506  29.500  -1.561  -11.357 0.0000000000
102639  24.101  1.386  -15.389 0.0000000000
102641  23.004  1.078  -15.139 0.0000000000
103623  24.826  1.324  -14.930 0.0000000000
111333  25.857  10.087  -17.747 0.0000000000
111342  25.262  9.883  -19.040 0.0000000000
112231  22.712  11.021  -13.691 0.0000000000
112232  22.384  10.877  -13.716 0.0000000000
112304  24.916  10.357  -19.660 0.0000000000
112311  24.627  10.930  -19.950 0.0000000000
112312  24.150  11.109  -20.075 0.0000000000
113232  22.780  11.245  -13.883 0.0000000000
113282  23.307  11.097  -19.333 0.0000000000
113287  24.903  11.213  -19.850 0.0000000000
114288  23.680  12.471  -20.098 0.0000000000
