#!ascii label  , from subject 3060 vox2ras=TkReg
2128
10584  41.965  -82.625  -5.672 0.2000000030
11552  42.870  -81.431  -5.474 0.2000000030
9708  41.445  -83.643  -6.233 0.2000000030
12532  44.599  -80.424  -6.199 0.1000000015
9685  40.821  -83.512  -4.568 0.3000000119
11553  42.289  -81.738  -5.392 0.2000000030
10596  43.392  -81.834  -6.169 0.1000000015
10597  42.674  -82.338  -6.409 0.2000000030
11551  43.516  -81.238  -5.682 0.1000000015
11550  44.148  -80.843  -5.863 0.1000000015
13446  44.916  -79.255  -5.496 0.1000000015
14339  45.585  -78.388  -5.171 0.1000000015
16446  46.092  -76.459  -4.705 0.1000000015
14320  46.200  -78.044  -4.853 0.1000000015
15389  46.241  -77.298  -4.770 0.1000000015
18457  46.953  -74.461  -4.389 0.2000000030
16445  46.894  -76.398  -4.653 0.1000000015
13448  42.633  -79.533  -5.364 0.1000000015
14341  43.302  -78.469  -5.505 0.1000000015
11537  42.225  -81.007  -5.107 0.2000000030
14340  44.502  -78.430  -5.342 0.1000000015
12521  42.873  -80.648  -5.356 0.1000000015
13447  43.956  -79.416  -5.484 0.1000000015
15409  45.167  -77.313  -5.004 0.1000000015
17428  46.283  -75.490  -4.646 0.1000000015
20727  47.128  -72.511  -4.136 0.2000000030
19598  46.508  -73.415  -4.393 0.2000000030
21873  47.734  -71.592  -3.995 0.1000000015
19597  47.610  -73.494  -4.134 0.2000000030
22994  48.378  -70.659  -3.979 0.2000000030
24182  49.085  -69.776  -4.057 0.1000000015
25440  49.700  -69.095  -4.398 0.1000000015
15410  43.794  -77.442  -5.387 0.1000000015
16447  45.524  -76.433  -4.839 0.1000000015
22995  47.197  -70.622  -4.225 0.2000000030
24195  47.519  -68.796  -4.751 0.2000000030
25442  48.009  -68.645  -4.749 0.2000000030
25441  48.769  -68.818  -4.475 0.2000000030
26617  49.052  -67.436  -5.367 0.1000000015
26616  49.999  -67.773  -5.503 0.2000000030
16461  44.920  -76.230  -5.114 0.1000000015
16462  44.100  -76.392  -5.375 0.1000000015
17442  45.394  -75.498  -5.027 0.1000000015
18469  45.496  -74.807  -5.080 0.2000000030
20729  45.114  -72.122  -4.928 0.2000000030
21874  46.673  -71.528  -4.331 0.3000000119
26618  48.097  -67.097  -5.321 0.3000000119
27790  49.412  -67.111  -5.803 0.2000000030
27817  49.008  -66.945  -6.465 0.2000000030
25492  50.007  -68.667  -6.965 0.2000000030
22997  45.597  -70.539  -4.818 0.3000000119
19599  45.560  -73.209  -4.743 0.2000000030
26619  46.943  -67.060  -5.425 0.3000000119
27792  47.489  -65.840  -5.698 0.3000000119
29036  47.478  -65.215  -6.488 0.3000000119
27818  47.928  -66.061  -6.188 0.3000000119
27841  47.760  -66.747  -7.274 0.2000000030
26663  49.205  -67.586  -7.360 0.2000000030
26671  49.520  -67.917  -8.226 0.2000000030
28987  46.630  -64.931  -5.732 0.4000000060
24184  46.605  -69.879  -4.552 0.2000000030
24196  46.875  -68.983  -4.802 0.2000000030
27842  46.387  -66.324  -7.750 0.3000000119
27840  48.661  -67.215  -7.135 0.2000000030
26673  48.365  -67.355  -8.331 0.2000000030
31348  46.483  -63.644  -6.627 0.3000000119
30155  47.524  -64.520  -5.990 0.3000000119
27843  45.669  -66.137  -8.137 0.2000000030
27879  46.868  -66.006  -10.484 0.2000000030
27868  45.812  -66.203  -9.445 0.2000000030
29072  47.410  -65.663  -10.964 0.1000000015
27856  47.855  -67.200  -8.489 0.2000000030
27877  48.467  -66.971  -10.387 0.2000000030
27866  47.897  -67.070  -9.450 0.2000000030
26681  48.617  -67.452  -9.273 0.2000000030
30183  45.288  -64.089  -7.491 0.3000000119
29039  44.837  -64.684  -7.807 0.3000000119
30182  46.259  -64.219  -7.102 0.3000000119
29065  43.661  -65.108  -9.031 0.2000000030
29054  45.143  -65.894  -8.775 0.3000000119
30227  44.843  -64.497  -10.435 0.2000000030
29038  45.517  -65.283  -7.704 0.3000000119
29063  45.267  -65.679  -9.798 0.1000000015
29062  46.100  -65.881  -10.196 0.1000000015
30237  47.729  -64.449  -11.885 0.1000000015
29086  47.236  -65.021  -11.431 0.1000000015
30238  46.711  -64.267  -11.462 0.1000000015
29071  48.152  -66.050  -11.049 0.1000000015
31350  44.629  -63.185  -7.574 0.3000000119
30203  43.772  -64.315  -8.447 0.2000000030
31385  43.732  -63.329  -9.600 0.2000000030
32563  44.839  -62.340  -10.831 0.2000000030
34947  45.874  -60.083  -11.143 0.1000000015
31398  44.665  -63.311  -10.712 0.1000000015
32562  45.379  -62.240  -11.067 0.1000000015
31417  45.719  -63.158  -11.324 0.1000000015
30226  45.884  -64.532  -11.093 0.1000000015
31415  47.354  -63.281  -12.166 0.1000000015
30247  48.041  -63.782  -12.335 0.1000000015
32550  43.397  -62.375  -9.302 0.2000000030
34946  46.571  -60.326  -11.465 0.1000000015
34945  47.313  -60.500  -11.857 0.1000000015
33800  46.755  -61.338  -11.569 0.1000000015
33799  47.520  -61.548  -12.147 0.1000000015
31416  46.437  -63.173  -11.627 0.1000000015
33818  48.242  -61.325  -12.587 0.1000000015
32598  48.155  -62.425  -12.527 0.1000000015
32582  47.460  -62.395  -12.190 0.1000000015
37216  48.644  -58.670  -12.440 0.1000000015
34973  49.249  -60.502  -13.422 0.1000000015
33817  48.991  -61.551  -13.014 0.1000000015
37203  47.696  -58.697  -11.719 0.1000000015
15390  45.766  -76.914  -4.773 0.1000000015
21872  48.858  -71.641  -3.671 0.1000000015
28851  48.586  -65.763  4.942 0.5000000000
28818  49.713  -64.922  5.347 0.5000000000
30008  48.892  -65.127  5.294 0.5000000000
28819  48.230  -65.057  5.403 0.5000000000
28820  47.340  -65.007  5.494 0.5000000000
31131  52.380  -63.568  6.178 0.2000000030
29986  51.907  -64.305  5.648 0.2000000030
31132  51.510  -63.413  5.867 0.3000000119
29987  50.923  -64.212  5.651 0.3000000119
29988  49.876  -64.251  5.559 0.5000000000
31134  49.566  -63.243  5.701 0.5000000000
29989  48.882  -64.291  5.579 0.5000000000
31135  48.577  -63.263  5.738 0.5000000000
29990  47.947  -64.157  5.549 0.5000000000
28852  47.690  -65.823  5.079 0.5000000000
28821  46.376  -64.931  5.495 0.5000000000
27674  47.055  -66.485  4.590 0.5000000000
25317  46.453  -68.458  2.899 0.5000000000
32269  51.677  -62.055  6.426 0.3000000119
32288  51.286  -62.398  6.062 0.3000000119
31136  47.699  -63.324  5.866 0.5000000000
29991  47.052  -64.185  5.788 0.5000000000
28853  46.686  -65.714  5.092 0.5000000000
27675  45.963  -66.456  4.833 0.5000000000
21801  45.896  -72.290  0.304 0.4000000060
22945  45.740  -70.513  0.021 0.5000000000
22929  45.889  -70.072  0.214 0.5000000000
25370  46.558  -69.438  1.147 0.5000000000
26506  45.711  -67.823  3.418 0.5000000000
20661  45.340  -73.112  0.332 0.4000000060
33469  52.776  -62.187  6.862 0.3000000119
33486  51.309  -61.533  6.242 0.4000000060
33487  50.784  -61.403  5.776 0.4000000060
32290  49.258  -62.265  5.839 0.5000000000
33489  48.925  -61.315  5.846 0.5000000000
32291  48.289  -62.325  5.905 0.5000000000
33490  47.894  -61.325  5.959 0.5000000000
32292  47.463  -62.520  6.110 0.5000000000
31137  46.807  -63.397  6.085 0.5000000000
26484  45.275  -67.134  4.302 0.6000000238
25371  45.707  -69.163  1.013 0.5000000000
25347  45.279  -68.507  2.305 0.5000000000
26526  44.994  -67.955  3.028 0.5000000000
18414  44.837  -74.999  0.252 0.4000000060
19532  45.484  -74.162  0.447 0.4000000060
21816  45.256  -71.641  -0.000 0.5000000000
29918  51.519  -64.424  10.129 0.1000000015
31053  49.808  -63.752  9.433 0.1000000015
31073  51.919  -63.266  8.624 0.1000000015
31074  50.711  -63.144  8.572 0.1000000015
31075  49.721  -62.876  8.578 0.1000000015
32227  48.913  -62.151  8.349 0.1000000015
33448  52.480  -61.923  7.019 0.2000000030
32248  52.122  -61.988  7.357 0.1000000015
33470  51.900  -61.753  6.720 0.3000000119
33488  49.903  -61.326  5.714 0.5000000000
33449  51.556  -61.043  7.005 0.4000000060
34608  50.721  -60.574  6.290 0.4000000060
34622  49.490  -60.497  5.764 0.4000000060
34623  48.641  -60.395  5.730 0.5000000000
33471  47.619  -60.818  6.084 0.5000000000
33491  47.183  -61.949  6.219 0.5000000000
28854  45.699  -65.631  5.262 0.5000000000
24137  45.565  -69.919  0.050 0.5000000000
19545  44.647  -73.904  0.153 0.4000000060
16393  44.326  -76.793  0.255 0.5000000000
28678  50.148  -65.730  12.763 0.1000000015
29878  50.668  -65.117  11.863 0.1000000015
29885  50.798  -64.765  11.298 0.1000000015
29900  50.197  -64.469  10.974 0.1000000015
31036  50.381  -64.231  10.248 0.1000000015
31054  48.662  -63.556  9.881 0.1000000015
29901  49.677  -64.476  11.288 0.1000000015
32204  49.033  -63.076  9.056 0.1000000015
34580  47.409  -59.955  8.194 0.2000000030
35749  46.627  -59.135  8.302 0.2000000030
32224  52.592  -62.694  7.928 0.1000000015
32225  51.487  -62.402  7.947 0.1000000015
32226  50.274  -61.902  7.844 0.1000000015
33434  49.325  -61.285  7.718 0.1000000015
33435  48.288  -60.897  7.868 0.2000000030
32249  51.173  -61.539  7.500 0.2000000030
33433  49.938  -61.194  7.559 0.1000000015
33451  49.602  -60.683  7.458 0.2000000030
35762  48.701  -59.001  7.408 0.2000000030
35748  47.701  -58.911  7.729 0.2000000030
36886  46.798  -58.133  7.922 0.2000000030
33450  50.502  -60.932  7.357 0.2000000030
34592  50.400  -60.350  6.701 0.2000000030
35760  49.971  -59.971  6.507 0.3000000119
36903  49.093  -58.867  6.190 0.3000000119
36918  49.006  -59.015  5.872 0.4000000060
35788  48.483  -59.574  5.675 0.5000000000
26485  44.323  -67.008  4.213 0.5000000000
34624  47.812  -60.227  5.854 0.4000000060
26537  42.959  -67.726  1.966 0.5000000000
26508  43.676  -67.328  3.565 0.5000000000
27677  43.422  -66.664  4.500 0.5000000000
25373  43.215  -68.118  1.305 0.5000000000
25348  43.920  -68.315  2.082 0.5000000000
26527  44.295  -67.958  2.879 0.5000000000
31138  45.723  -63.248  6.200 0.5000000000
32293  46.665  -62.655  6.247 0.5000000000
24138  44.956  -69.861  -0.248 0.5000000000
25387  44.672  -69.235  0.285 0.5000000000
25372  44.403  -68.621  1.167 0.5000000000
27676  44.633  -66.153  4.990 0.5000000000
20673  44.594  -72.714  -0.033 0.5000000000
22946  44.722  -70.757  -0.338 0.5000000000
17379  44.164  -75.820  0.101 0.4000000060
28679  49.177  -65.569  13.224 0.1000000015
28687  50.597  -65.499  12.281 0.1000000015
29880  49.004  -64.694  12.489 0.1000000015
29888  48.687  -64.454  12.231 0.1000000015
31013  47.380  -63.811  13.086 0.1000000015
29886  50.067  -64.649  11.621 0.1000000015
29887  49.187  -64.495  11.758 0.1000000015
31024  48.697  -64.284  11.340 0.1000000015
31038  48.081  -63.992  10.901 0.1000000015
31055  47.584  -63.387  9.929 0.1000000015
32205  48.169  -62.821  9.151 0.1000000015
32229  46.757  -61.845  8.824 0.1000000015
33436  47.109  -61.043  8.377 0.2000000030
34581  46.283  -60.291  8.583 0.2000000030
36905  48.159  -58.104  7.149 0.3000000119
36904  48.489  -58.304  6.593 0.3000000119
36885  47.566  -57.877  7.445 0.2000000030
36928  48.429  -58.839  5.726 0.4000000060
38075  47.951  -57.666  6.487 0.3000000119
35789  47.864  -59.322  5.650 0.4000000060
38094  48.099  -58.203  5.901 0.4000000060
27679  41.644  -66.504  4.272 0.5000000000
27651  42.552  -66.206  4.985 0.5000000000
27650  43.468  -65.998  5.284 0.5000000000
34625  47.491  -59.720  5.862 0.5000000000
29997  40.771  -64.535  5.701 0.5000000000
29971  41.425  -64.129  6.460 0.5000000000
29970  42.345  -64.110  6.543 0.5000000000
28825  42.630  -65.493  5.558 0.5000000000
27649  44.046  -65.693  5.450 0.6000000238
32270  46.502  -62.013  6.351 0.5000000000
33472  47.158  -61.161  6.263 0.5000000000
31112  42.792  -63.311  6.899 0.5000000000
29969  43.338  -63.970  6.449 0.5000000000
29994  43.929  -64.541  6.098 0.6000000238
29992  46.055  -64.136  5.855 0.5000000000
28823  44.524  -65.208  5.694 0.5000000000
28822  45.446  -64.916  5.627 0.5000000000
14269  44.092  -78.358  0.362 0.4000000060
15343  43.696  -77.568  0.304 0.4000000060
17378  45.101  -76.116  0.357 0.4000000060
31016  45.244  -63.083  13.783 0.1000000015
31020  46.232  -63.460  12.832 0.1000000015
31028  45.636  -63.430  12.236 0.1000000015
31025  48.288  -64.226  11.933 0.1000000015
31018  47.728  -63.966  12.635 0.1000000015
31027  46.384  -63.637  11.860 0.1000000015
32183  45.598  -63.313  11.527 0.1000000015
31026  47.386  -63.894  11.828 0.1000000015
31039  46.925  -63.494  10.848 0.1000000015
31040  46.082  -63.293  11.030 0.1000000015
31056  46.764  -63.050  9.939 0.1000000015
32207  46.146  -62.302  9.521 0.1000000015
32230  46.241  -61.644  8.997 0.1000000015
34564  45.706  -60.430  8.785 0.2000000030
34582  45.666  -60.074  8.689 0.2000000030
35750  45.564  -59.385  8.627 0.2000000030
40489  42.206  -55.196  2.363 0.2000000030
38060  46.900  -57.389  7.545 0.2000000030
39335  42.438  -56.073  2.614 0.2000000030
39318  42.439  -56.444  3.297 0.2000000030
39300  42.646  -56.462  4.177 0.2000000030
39299  43.619  -56.345  4.728 0.2000000030
38076  47.644  -57.220  6.806 0.2000000030
38124  42.476  -57.250  3.540 0.2000000030
38110  42.581  -57.470  4.425 0.2000000030
38099  43.143  -57.288  5.302 0.2000000030
38088  43.881  -57.401  6.190 0.2000000030
39286  43.902  -56.603  5.174 0.3000000119
38087  44.583  -57.205  6.066 0.2000000030
38097  45.256  -56.985  5.760 0.4000000060
35791  42.067  -59.281  5.477 0.2000000030
36933  42.429  -58.376  5.335 0.3000000119
36923  42.677  -58.447  6.134 0.3000000119
36922  43.592  -58.292  6.414 0.4000000060
36921  44.846  -58.007  6.301 0.4000000060
36920  45.867  -58.443  6.221 0.5000000000
36930  46.735  -58.229  5.875 0.4000000060
35790  47.209  -59.186  5.854 0.5000000000
33478  40.917  -61.577  6.499 0.5000000000
33477  41.687  -61.176  6.903 0.4000000060
34614  42.335  -60.144  6.630 0.4000000060
34613  43.347  -60.110  7.070 0.4000000060
34612  44.550  -60.197  6.952 0.5000000000
35780  45.282  -59.194  6.551 0.5000000000
34610  46.958  -60.187  6.165 0.5000000000
32252  42.002  -61.908  7.256 0.5000000000
32273  43.269  -62.469  7.194 0.5000000000
31111  43.813  -63.224  6.707 0.5000000000
29968  44.250  -63.805  6.293 0.5000000000
29993  44.937  -64.027  5.989 0.5000000000
31109  45.361  -62.982  6.334 0.5000000000
32294  46.114  -62.602  6.313 0.5000000000
32174  44.639  -62.646  14.043 0.1000000015
32178  44.580  -62.911  13.220 0.1000000015
32179  43.715  -62.719  12.684 0.1000000015
32184  44.663  -63.083  11.937 0.1000000015
32185  43.395  -62.500  11.611 0.1000000015
32191  44.135  -62.420  10.810 0.1000000015
33396  44.565  -61.819  10.090 0.1000000015
33397  43.764  -61.641  10.311 0.1000000015
32208  45.300  -61.851  9.686 0.1000000015
33415  44.822  -61.085  9.446 0.2000000030
34566  44.203  -60.287  9.393 0.2000000030
34565  45.138  -60.163  8.918 0.2000000030
36887  45.866  -58.289  8.381 0.2000000030
38061  46.055  -57.258  7.830 0.2000000030
41552  42.020  -54.327  2.575 0.1000000015
40470  42.167  -55.417  3.557 0.2000000030
38077  46.995  -56.866  7.247 0.2000000030
42650  42.361  -53.441  2.468 0.1000000015
42651  41.911  -53.861  2.881 0.1000000015
40471  41.823  -54.723  3.380 0.1000000015
41533  42.248  -54.852  4.408 0.1000000015
40456  42.962  -55.507  4.762 0.1000000015
39285  44.581  -56.258  5.157 0.1000000015
39282  47.253  -57.047  6.123 0.3000000119
39262  47.150  -56.646  6.483 0.2000000030
40454  44.469  -55.910  4.922 0.1000000015
38095  47.403  -57.557  5.935 0.2000000030
33474  45.012  -61.290  6.788 0.5000000000
34611  45.730  -60.220  6.490 0.5000000000
33473  46.162  -61.215  6.388 0.5000000000
32272  44.344  -62.339  6.787 0.5000000000
32271  45.511  -62.386  6.428 0.5000000000
31110  44.862  -63.276  6.351 0.5000000000
32170  44.125  -62.425  14.571 0.1000000015
33370  42.569  -61.511  14.208 0.1000000015
33378  42.489  -61.896  13.218 0.1000000015
33377  43.242  -62.122  13.546 0.1000000015
32180  42.857  -62.377  12.432 0.1000000015
33385  41.377  -61.267  12.455 0.1000000015
32186  42.641  -62.123  11.739 0.1000000015
33399  42.300  -61.285  10.855 0.1000000015
33400  41.945  -61.325  11.165 0.1000000015
33417  43.491  -61.168  10.034 0.1000000015
34567  43.255  -60.563  9.817 0.2000000030
35735  44.450  -59.288  8.933 0.2000000030
36864  44.291  -58.647  8.802 0.2000000030
36888  44.827  -58.524  8.646 0.2000000030
36889  44.219  -58.319  8.765 0.2000000030
38062  45.119  -57.468  8.386 0.2000000030
38078  46.547  -56.986  7.494 0.2000000030
42636  42.229  -52.819  3.073 0.1000000015
42637  41.806  -53.424  3.441 0.1000000015
41517  41.989  -54.262  4.627 0.1000000015
40443  43.192  -55.038  5.278 0.1000000015
40455  44.108  -55.738  4.814 0.1000000015
40422  46.252  -55.750  6.890 0.1000000015
39263  46.822  -56.329  6.686 0.2000000030
39264  46.233  -56.431  7.397 0.2000000030
40442  43.941  -55.155  5.150 0.1000000015
40441  44.881  -55.668  5.379 0.1000000015
39284  45.747  -56.321  5.569 0.2000000030
39283  46.789  -56.538  5.940 0.2000000030
39271  46.910  -56.323  6.210 0.2000000030
33371  41.917  -61.098  14.508 0.1000000015
34522  40.766  -60.038  14.612 0.1000000015
33379  41.485  -61.251  13.589 0.1000000015
34533  40.773  -60.477  13.703 0.1000000015
34538  40.753  -60.592  12.596 0.1000000015
34542  41.083  -60.621  11.520 0.1000000015
33390  41.675  -61.342  11.567 0.1000000015
34554  41.694  -60.909  10.919 0.1000000015
36867  41.882  -59.167  9.916 0.1000000015
36866  42.735  -58.755  9.537 0.1000000015
36865  43.692  -58.444  9.007 0.2000000030
38063  44.074  -57.670  8.670 0.2000000030
39254  44.413  -56.677  8.324 0.2000000030
39253  45.309  -56.577  7.910 0.2000000030
40409  44.658  -56.065  7.823 0.1000000015
39265  45.682  -56.330  7.608 0.2000000030
45761  42.460  -50.826  3.910 0.1000000015
44760  41.696  -51.996  4.824 0.1000000015
43689  41.578  -52.634  5.058 0.1000000015
42626  42.028  -53.914  5.119 0.1000000015
40423  45.402  -55.717  7.343 0.2000000030
42621  41.743  -53.310  5.448 0.1000000015
42620  42.457  -53.918  5.829 0.1000000015
41516  42.574  -54.609  5.146 0.1000000015
41507  44.603  -54.939  5.696 0.1000000015
41506  45.478  -55.298  5.837 0.1000000015
41505  45.924  -55.461  5.983 0.2000000030
35678  40.581  -59.186  14.739 0.1000000015
35698  40.326  -59.551  12.753 0.1000000015
36852  40.719  -59.111  11.034 0.1000000015
38038  41.900  -58.082  9.724 0.1000000015
38037  42.850  -57.552  9.152 0.2000000030
39230  42.537  -56.418  9.071 0.1000000015
38064  43.438  -57.434  8.818 0.1000000015
39255  43.395  -56.709  8.661 0.2000000030
40410  43.786  -55.751  8.029 0.1000000015
43676  41.587  -52.087  6.371 0.1000000015
43660  41.677  -52.626  6.523 0.1000000015
42596  41.809  -53.078  6.906 0.1000000015
42611  42.270  -53.757  6.781 0.1000000015
41472  43.234  -54.840  8.044 0.1000000015
41491  43.771  -54.893  7.304 0.1000000015
44759  41.986  -51.578  4.270 0.1000000015
44752  41.572  -51.930  5.500 0.1000000015
43677  41.562  -52.537  5.881 0.1000000015
42612  41.842  -53.231  6.231 0.1000000015
41501  43.151  -54.370  6.545 0.1000000015
41500  44.158  -54.788  6.401 0.1000000015
41490  44.596  -55.170  6.998 0.1000000015
41508  43.476  -54.631  5.691 0.1000000015
40429  45.800  -55.421  6.674 0.1000000015
36813  40.412  -58.225  12.916 0.1000000015
38002  40.460  -57.434  11.899 0.1000000015
38016  40.660  -57.821  10.931 0.1000000015
38015  41.245  -57.599  10.162 0.1000000015
39231  41.697  -56.810  9.542 0.1000000015
43627  42.497  -52.430  9.257 0.1000000015
41449  42.225  -54.523  9.136 0.1000000015
44703  43.213  -50.883  8.012 0.1000000015
44682  42.630  -51.675  8.554 0.1000000015
43644  42.119  -52.406  8.259 0.1000000015
42577  42.208  -53.438  8.763 0.1000000015
41473  42.586  -54.284  8.323 0.1000000015
40411  42.784  -55.455  8.635 0.1000000015
44718  42.561  -50.997  7.124 0.1000000015
43659  41.854  -52.135  7.172 0.1000000015
39206  40.683  -56.677  11.247 0.1000000015
40365  40.853  -55.634  10.994 0.1000000015
40385  41.301  -55.676  9.999 0.1000000015
41436  41.428  -54.788  10.502 0.1000000015
40384  42.025  -55.600  9.346 0.1000000015
43626  43.099  -52.013  9.802 0.1000000015
42561  42.093  -53.663  9.862 0.1000000015
41450  41.760  -54.738  9.828 0.1000000015
44681  43.295  -51.406  9.139 0.1000000015
31133  50.589  -63.254  5.713 0.4000000060
32289  50.263  -62.260  5.780 0.4000000060
34621  50.313  -60.606  5.858 0.4000000060
31052  51.158  -64.143  9.555 0.1000000015
35786  49.707  -60.039  5.943 0.4000000060
35787  49.149  -59.677  5.763 0.4000000060
29872  49.356  -65.119  12.775 0.1000000015
31037  49.316  -64.213  10.728 0.1000000015
34579  48.244  -59.643  7.750 0.3000000119
33452  49.037  -60.735  7.607 0.2000000030
34594  48.995  -60.086  7.604 0.2000000030
34593  49.715  -59.995  7.233 0.2000000030
35761  49.531  -59.453  6.609 0.3000000119
35763  48.059  -58.443  7.419 0.2000000030
36919  48.592  -58.471  6.052 0.3000000119
27701  42.935  -66.924  3.843 0.5000000000
29873  48.685  -64.794  13.091 0.1000000015
29881  48.365  -64.361  12.667 0.1000000015
31019  47.029  -63.660  12.671 0.1000000015
32206  47.164  -62.613  9.272 0.1000000015
32228  47.684  -61.979  8.501 0.1000000015
33414  45.746  -61.134  9.055 0.1000000015
36929  47.672  -58.521  5.766 0.4000000060
28826  41.471  -65.673  5.027 0.5000000000
29996  41.904  -64.822  5.935 0.5000000000
28827  40.701  -65.120  4.951 0.5000000000
32275  41.316  -62.257  7.013 0.5000000000
31021  45.392  -63.244  12.966 0.1000000015
32189  46.254  -62.960  10.401 0.1000000015
32190  45.330  -62.684  10.599 0.1000000015
35734  45.030  -59.509  8.762 0.2000000030
39355  42.563  -55.855  1.944 0.2000000030
38109  42.921  -56.890  4.667 0.2000000030
39298  44.262  -56.041  4.772 0.1000000015
36941  42.421  -58.395  4.450 0.2000000030
38100  42.528  -57.853  4.904 0.2000000030
38089  43.176  -57.807  6.039 0.3000000119
36931  45.887  -57.706  6.033 0.4000000060
35783  42.273  -59.256  6.194 0.4000000060
35782  42.974  -59.164  6.701 0.4000000060
35781  44.114  -59.151  6.715 0.5000000000
35779  46.338  -59.230  6.198 0.5000000000
38096  46.385  -57.159  5.832 0.3000000119
33492  41.203  -60.911  6.032 0.5000000000
34615  41.703  -60.520  6.241 0.5000000000
33453  42.790  -61.393  7.278 0.5000000000
33475  43.585  -61.323  7.148 0.5000000000
33369  43.385  -61.836  13.988 0.1000000015
32175  43.893  -62.361  13.630 0.1000000015
33388  42.796  -61.848  11.108 0.1000000015
32192  43.384  -61.999  10.800 0.1000000015
33416  43.981  -61.158  9.739 0.2000000030
35736  43.472  -59.532  9.402 0.2000000030
41534  41.790  -54.367  3.874 0.1000000015
33354  43.300  -61.862  14.742 0.1000000015
33384  42.142  -61.868  12.134 0.1000000015
33386  41.053  -61.092  12.969 0.1000000015
34552  42.824  -60.683  10.152 0.1000000015
35737  42.505  -59.858  9.848 0.2000000030
38036  43.500  -57.784  8.889 0.2000000030
43707  42.324  -52.208  3.275 0.1000000015
43699  41.687  -52.543  4.183 0.1000000015
42627  41.668  -53.504  4.530 0.1000000015
40439  46.719  -56.033  5.943 0.2000000030
40440  46.158  -55.748  5.770 0.1000000015
34532  41.345  -60.926  14.140 0.1000000015
33356  41.846  -61.073  15.384 0.1000000015
34521  41.353  -60.658  14.609 0.1000000015
33380  40.930  -60.922  13.229 0.1000000015
35689  40.376  -59.316  13.815 0.1000000015
34543  40.767  -60.492  11.958 0.1000000015
35709  40.544  -59.896  11.695 0.1000000015
35722  41.401  -59.870  10.608 0.1000000015
35708  40.896  -60.052  11.199 0.1000000015
35721  41.999  -60.021  10.175 0.1000000015
40424  44.413  -55.562  7.458 0.1000000015
44764  42.362  -51.577  3.575 0.1000000015
41499  45.165  -55.112  6.450 0.1000000015
36796  40.573  -58.328  14.018 0.1000000015
36834  40.407  -58.670  11.850 0.1000000015
36851  41.254  -58.603  10.365 0.1000000015
44735  41.869  -51.331  6.143 0.1000000015
44736  41.492  -51.932  5.994 0.1000000015
42595  42.144  -53.361  7.678 0.1000000015
41492  42.791  -54.297  7.450 0.1000000015
39205  40.947  -56.691  10.404 0.1000000015
43608  42.674  -52.676  10.194 0.1000000015
44704  42.409  -51.560  7.862 0.1000000015
40366  40.736  -56.128  11.422 0.1000000015
42546  41.773  -54.030  10.667 0.1000000015
42527  41.964  -53.799  11.237 0.1000000015
44662  43.721  -51.676  9.773 0.1000000015
27667  53.717  -66.849  4.258 0.1000000015
26498  53.447  -67.601  3.714 0.1000000015
27668  53.109  -66.640  4.200 0.1000000015
28847  52.772  -65.967  4.743 0.1000000015
28815  52.330  -65.208  5.305 0.1000000015
28813  54.238  -65.926  5.478 0.1000000015
29984  53.716  -64.815  6.280 0.1000000015
26497  53.881  -67.567  4.129 0.2000000030
31130  53.191  -63.951  6.336 0.1000000015
26522  52.872  -68.086  3.160 0.2000000030
26499  52.874  -67.667  3.384 0.1000000015
25340  52.472  -68.617  2.592 0.2000000030
27695  52.607  -67.114  3.712 0.1000000015
28816  51.320  -65.072  5.350 0.1000000015
24067  52.655  -69.074  2.561 0.2000000030
26523  52.408  -68.200  2.902 0.2000000030
28848  51.756  -65.752  4.720 0.2000000030
26500  52.115  -67.696  3.282 0.2000000030
27696  51.629  -67.132  3.818 0.2000000030
28817  50.309  -64.971  5.345 0.3000000119
27670  51.126  -66.446  4.382 0.3000000119
28849  50.661  -65.639  4.795 0.3000000119
26525  51.213  -68.207  2.911 0.2000000030
26501  51.072  -67.815  3.298 0.2000000030
22910  51.877  -70.135  1.606 0.2000000030
27697  50.524  -67.155  4.037 0.2000000030
24095  51.300  -69.294  1.435 0.2000000030
17302  49.457  -75.232  3.819 0.1000000015
22892  52.224  -70.263  2.304 0.2000000030
25341  51.889  -68.504  2.276 0.2000000030
22909  52.222  -69.580  1.767 0.2000000030
27671  50.022  -66.369  4.461 0.3000000119
28850  49.531  -65.477  4.932 0.4000000060
19494  50.304  -72.962  2.878 0.1000000015
20645  51.280  -71.840  2.126 0.1000000015
25313  50.435  -68.235  3.070 0.2000000030
26502  49.981  -67.698  3.571 0.2000000030
19474  49.907  -73.946  3.977 0.1000000015
27672  49.040  -66.393  4.477 0.4000000060
20646  50.626  -72.187  1.832 0.2000000030
25368  51.194  -68.804  1.787 0.2000000030
21782  51.117  -71.160  1.251 0.2000000030
18362  49.208  -75.030  2.775 0.1000000015
18388  48.749  -74.876  2.206 0.2000000030
18361  49.515  -74.627  3.331 0.1000000015
18387  49.307  -74.383  2.588 0.1000000015
22923  51.131  -70.251  0.940 0.2000000030
25369  50.468  -68.808  2.006 0.2000000030
25314  49.551  -68.306  3.181 0.2000000030
26503  49.041  -67.727  3.729 0.4000000060
19495  49.787  -73.514  2.826 0.1000000015
25344  49.234  -68.843  2.570 0.4000000060
27673  48.117  -66.691  4.561 0.4000000060
21783  50.041  -71.709  1.150 0.3000000119
22924  50.380  -70.195  0.491 0.3000000119
20647  49.684  -72.713  1.814 0.2000000030
21784  49.056  -72.044  1.143 0.4000000060
25315  48.609  -68.450  3.209 0.4000000060
24116  49.670  -69.739  0.465 0.3000000119
22926  48.865  -70.933  0.205 0.4000000060
21798  49.321  -71.249  0.555 0.3000000119
42675  44.001  -53.270  1.558 0.1000000015
41584  42.537  -54.381  1.851 0.1000000015
26504  48.072  -67.684  3.850 0.4000000060
25345  48.267  -69.194  2.460 0.4000000060
25316  47.529  -68.593  3.079 0.5000000000
24135  48.508  -69.976  -0.072 0.4000000060
22925  49.407  -70.388  0.097 0.3000000119
24097  48.998  -69.495  0.976 0.4000000060
24098  48.090  -69.502  0.789 0.4000000060
41583  43.548  -54.525  1.287 0.1000000015
41582  44.627  -54.078  1.136 0.1000000015
40513  42.818  -55.270  1.592 0.1000000015
26482  47.444  -67.218  4.217 0.4000000060
26505  46.929  -67.845  3.623 0.5000000000
26483  46.404  -67.239  4.247 0.5000000000
40512  43.434  -55.471  1.192 0.1000000015
38164  42.611  -56.493  1.971 0.1000000015
38197  43.583  -56.790  0.983 0.1000000015
39382  43.665  -56.005  0.965 0.1000000015
38163  42.970  -57.201  1.614 0.1000000015
26479  54.245  -67.253  4.614 0.1000000015
28846  53.615  -66.232  4.754 0.1000000015
29985  52.797  -64.597  5.927 0.1000000015
28814  53.295  -65.489  5.418 0.1000000015
28845  54.006  -66.439  4.740 0.1000000015
29983  54.357  -65.112  6.411 0.1000000015
31108  53.087  -63.218  6.455 0.1000000015
38144  42.583  -57.039  2.574 0.1000000015
25289  53.897  -68.263  4.477 0.1000000015
27698  49.511  -67.133  4.193 0.3000000119
24115  50.703  -69.768  0.992 0.2000000030
27699  48.674  -67.165  4.245 0.4000000060
24069  49.114  -69.287  1.835 0.3000000119
39354  43.028  -56.174  1.412 0.1000000015
28796  54.641  -65.521  6.427 0.1000000015
16340  39.060  -76.726  1.869 0.1000000015
15298  38.591  -77.752  1.768 0.1000000015
13339  39.006  -79.811  1.967 0.1000000015
16341  38.015  -76.709  1.830 0.1000000015
14230  40.314  -78.732  2.234 0.1000000015
16359  36.264  -76.771  1.681 0.1000000015
15299  37.370  -77.727  1.655 0.1000000015
17250  39.062  -75.796  7.771 0.1000000015
18349  34.194  -74.600  3.651 0.1000000015
17331  34.170  -75.580  2.511 0.1000000015
16339  40.048  -76.715  1.977 0.1000000015
17330  35.116  -75.152  2.076 0.1000000015
15297  39.664  -77.730  1.943 0.1000000015
17329  36.272  -75.697  1.763 0.1000000015
15296  40.667  -77.717  2.064 0.1000000015
16360  35.520  -76.915  1.696 0.1000000015
18253  39.704  -74.839  8.181 0.1000000015
17260  39.089  -75.429  7.147 0.1000000015
19385  41.863  -74.107  8.217 0.1000000015
19386  41.044  -73.910  8.168 0.1000000015
18273  40.196  -74.601  7.172 0.1000000015
18293  38.426  -74.680  6.575 0.1000000015
18296  35.749  -74.836  5.855 0.1000000015
19456  35.001  -73.427  4.714 0.1000000015
17326  39.475  -75.787  2.099 0.1000000015
17328  37.503  -75.713  1.980 0.1000000015
16338  41.033  -76.692  1.862 0.1000000015
14229  41.334  -78.718  2.453 0.1000000015
13337  40.974  -79.696  2.670 0.1000000015
18291  40.664  -74.276  6.758 0.1000000015
18292  39.484  -74.681  6.820 0.1000000015
18251  41.617  -74.362  7.474 0.1000000015
18252  40.636  -74.329  7.617 0.1000000015
18272  41.168  -74.429  6.932 0.1000000015
19413  41.076  -73.988  6.609 0.1000000015
19414  40.205  -73.997  6.547 0.1000000015
19415  39.151  -73.931  6.559 0.1000000015
19416  37.996  -73.691  6.585 0.1000000015
18294  37.348  -74.544  6.367 0.1000000015
19417  36.767  -73.415  6.303 0.1000000015
20535  36.419  -72.338  6.255 0.1000000015
19433  35.456  -73.279  5.412 0.1000000015
20549  35.490  -72.357  5.084 0.1000000015
19479  34.700  -73.651  3.412 0.1000000015
19504  36.611  -73.788  2.545 0.1000000015
17325  40.419  -75.715  2.024 0.1000000015
18368  39.793  -74.822  2.210 0.1000000015
18369  38.976  -75.030  2.258 0.1000000015
19503  37.678  -73.836  2.488 0.1000000015
18371  37.027  -74.742  2.320 0.1000000015
16337  42.059  -76.661  1.819 0.1000000015
20531  40.755  -73.507  6.779 0.1000000015
18233  43.218  -74.726  8.393 0.1000000015
18250  42.677  -74.508  7.684 0.1000000015
18271  42.176  -74.256  6.763 0.1000000015
19412  41.744  -73.945  6.539 0.1000000015
20530  41.311  -73.726  6.690 0.1000000015
20532  39.785  -73.265  6.799 0.1000000015
20517  39.303  -72.411  7.337 0.1000000015
20518  38.345  -72.074  7.276 0.1000000015
21677  37.534  -71.218  6.898 0.1000000015
18249  43.906  -74.673  7.846 0.1000000015
18270  43.319  -74.231  7.040 0.1000000015
19401  42.830  -73.961  6.663 0.1000000015
20534  37.513  -72.347  6.732 0.1000000015
21679  36.103  -71.709  5.948 0.1000000015
21718  36.363  -71.083  4.773 0.1000000015
20568  35.202  -72.845  4.490 0.1000000015
21743  36.141  -71.990  3.653 0.1000000015
20596  35.477  -72.761  3.461 0.1000000015
20595  36.549  -72.305  3.224 0.1000000015
20625  38.284  -72.883  2.677 0.1000000015
20626  37.124  -72.915  2.685 0.1000000015
20627  36.120  -73.023  2.707 0.1000000015
19501  40.165  -73.803  2.326 0.1000000015
19502  38.945  -73.963  2.381 0.1000000015
17324  41.415  -75.650  1.861 0.1000000015
17323  42.444  -75.602  1.808 0.1000000015
14228  42.372  -78.646  2.619 0.1000000015
15295  41.694  -77.712  2.057 0.1000000015
15294  42.721  -77.645  2.210 0.1000000015
20498  42.215  -72.478  7.780 0.1000000015
20516  40.414  -72.558  7.310 0.1000000015
18232  43.936  -75.021  8.969 0.1000000015
17230  44.536  -74.847  8.097 0.1000000015
18269  44.149  -74.444  7.040 0.1000000015
20513  43.171  -73.580  7.090 0.1000000015
19402  42.224  -73.798  6.647 0.1000000015
20515  41.565  -73.225  6.998 0.1000000015
21661  40.279  -72.113  7.894 0.1000000015
21664  38.131  -71.248  7.383 0.1000000015
22803  37.846  -70.432  7.253 0.1000000015
22813  37.289  -70.338  6.531 0.1000000015
21696  36.311  -71.058  5.633 0.1000000015
22814  36.745  -70.538  5.956 0.1000000015
22834  36.778  -70.422  5.237 0.1000000015
22833  37.242  -69.943  5.756 0.1000000015
22862  36.932  -70.540  4.538 0.1000000015
21741  38.244  -71.294  3.542 0.1000000015
22881  37.963  -70.522  4.074 0.1000000015
19500  41.181  -73.724  2.058 0.1000000015
20622  41.576  -72.918  2.386 0.1000000015
20623  40.667  -72.976  2.518 0.1000000015
20624  39.625  -72.715  2.731 0.1000000015
20593  38.759  -72.071  3.148 0.1000000015
19499  42.204  -73.637  2.033 0.1000000015
18366  41.808  -74.626  1.889 0.1000000015
15293  43.691  -77.556  2.328 0.1000000015
17213  45.990  -75.552  9.606 0.1000000015
17214  44.989  -75.558  9.294 0.1000000015
19382  45.236  -73.957  8.603 0.1000000015
19383  44.854  -73.504  8.079 0.1000000015
20499  41.158  -72.267  7.798 0.1000000015
17228  45.473  -75.065  9.147 0.1000000015
18248  44.682  -74.423  7.943 0.1000000015
19400  43.764  -73.857  6.887 0.1000000015
20497  43.418  -72.778  7.934 0.1000000015
21642  40.465  -71.606  8.333 0.1000000015
21643  39.806  -71.297  8.312 0.1000000015
22801  39.274  -71.045  8.201 0.1000000015
22791  39.090  -70.294  8.455 0.1000000015
23960  38.271  -69.624  7.568 0.1000000015
23961  37.807  -69.764  6.924 0.1000000015
23971  37.738  -69.500  6.277 0.1000000015
23970  38.285  -69.169  6.845 0.1000000015
23998  37.825  -69.486  5.655 0.1000000015
24028  38.735  -69.461  5.244 0.1000000015
22880  39.023  -70.642  3.859 0.1000000015
21763  40.411  -72.427  2.763 0.1000000015
21740  39.312  -71.429  3.436 0.1000000015
21761  41.884  -72.244  2.679 0.1000000015
21738  41.496  -71.669  3.002 0.1000000015
20621  42.504  -72.778  2.454 0.1000000015
18365  42.864  -74.554  1.844 0.1000000015
16336  43.084  -76.627  1.878 0.1000000015
16335  44.092  -76.612  2.040 0.1000000015
21618  43.587  -71.659  9.053 0.1000000015
22768  43.472  -71.020  9.820 0.1000000015
16217  46.257  -76.079  9.892 0.1000000015
18230  45.975  -74.800  9.395 0.1000000015
19365  45.912  -73.913  9.360 0.1000000015
20496  44.365  -72.903  8.196 0.1000000015
21639  43.311  -72.026  8.413 0.1000000015
21619  42.494  -71.217  9.185 0.1000000015
22770  42.040  -70.412  9.648 0.1000000015
18247  45.340  -74.533  8.857 0.1000000015
20483  44.207  -72.324  8.569 0.1000000015
21640  42.809  -71.890  8.459 0.1000000015
22788  41.532  -70.785  9.284 0.1000000015
23937  40.808  -69.594  9.621 0.1000000015
25199  39.715  -68.724  9.215 0.1000000015
22789  40.791  -70.658  9.111 0.1000000015
23949  40.164  -69.944  9.130 0.1000000015
25220  39.236  -68.209  7.558 0.1000000015
23997  38.538  -68.871  5.997 0.1000000015
23996  39.600  -68.940  5.621 0.1000000015
22860  38.805  -69.982  4.501 0.1000000015
22858  40.955  -70.250  4.077 0.1000000015
22859  39.867  -70.080  4.229 0.1000000015
22878  41.197  -70.950  3.445 0.1000000015
22879  40.090  -70.790  3.615 0.1000000015
21737  42.223  -71.789  2.938 0.1000000015
21736  42.943  -71.836  3.047 0.1000000015
19498  43.285  -73.522  2.235 0.1000000015
20458  45.533  -72.907  11.131 0.1000000015
19343  46.475  -74.713  10.439 0.1000000015
20457  45.983  -73.287  10.682 0.1000000015
20470  45.420  -72.404  10.000 0.1000000015
21596  44.560  -71.865  9.607 0.1000000015
16203  46.328  -76.607  10.302 0.1000000015
17199  46.749  -75.988  10.507 0.1000000015
19355  46.416  -74.094  10.091 0.1000000015
20469  46.050  -73.246  10.205 0.1000000015
21617  44.408  -72.008  8.961 0.1000000015
22769  42.920  -70.673  9.773 0.1000000015
22752  42.482  -70.092  9.983 0.1000000015
23926  41.408  -69.322  9.975 0.1000000015
22771  41.326  -70.261  9.535 0.1000000015
26410  39.886  -68.010  9.039 0.1000000015
25210  39.074  -68.632  8.439 0.1000000015
26432  39.773  -67.746  8.232 0.1000000015
25272  39.596  -68.450  6.266 0.1000000015
25271  40.527  -68.415  6.000 0.1000000015
24027  39.714  -69.495  4.922 0.1000000015
24026  40.762  -69.568  4.682 0.1000000015
22877  42.342  -71.165  3.337 0.1000000015
21735  43.848  -71.825  3.258 0.1000000015
20589  44.344  -72.648  3.008 0.1000000015
19329  45.892  -74.175  11.406 0.1000000015
21573  44.605  -71.807  10.830 0.1000000015
21597  43.947  -71.236  10.102 0.1000000015
19344  46.211  -73.802  10.807 0.1000000015
22751  42.800  -69.929  10.398 0.1000000015
23915  42.193  -69.018  10.782 0.1000000015
25185  41.529  -69.061  10.208 0.1000000015
25173  41.191  -68.460  10.501 0.1000000015
27572  40.843  -67.088  9.841 0.1000000015
26409  40.464  -67.230  8.881 0.1000000015
26454  40.742  -67.456  7.416 0.1000000015
26455  39.970  -67.680  7.432 0.1000000015
25242  41.450  -67.953  6.451 0.1000000015
25243  40.440  -67.891  6.750 0.1000000015
23994  41.680  -69.089  5.173 0.1000000015
25270  41.547  -68.511  5.810 0.1000000015
23993  42.766  -69.214  5.050 0.1000000015
24025  41.855  -69.699  4.530 0.1000000015
23992  43.862  -69.479  5.058 0.1000000015
24024  42.954  -69.835  4.395 0.1000000015
22857  42.067  -70.388  3.920 0.1000000015
22855  44.105  -71.058  4.057 0.1000000015
21733  45.205  -72.015  3.702 0.1000000015
19475  46.557  -73.740  3.581 0.1000000015
19345  45.788  -73.638  11.316 0.1000000015
21574  43.718  -70.879  11.090 0.1000000015
22730  43.198  -69.901  11.088 0.1000000015
22731  42.829  -69.569  10.858 0.1000000015
19330  45.333  -73.843  11.967 0.1000000015
22750  43.377  -70.567  10.353 0.1000000015
25172  41.583  -68.697  10.585 0.1000000015
27571  41.283  -66.788  9.931 0.1000000015
27594  41.229  -66.651  9.094 0.1000000015
27619  41.579  -66.764  8.486 0.1000000015
26429  42.247  -67.080  7.547 0.1000000015
25268  43.671  -68.748  5.608 0.1000000015
25241  42.450  -68.047  6.291 0.1000000015
25269  42.596  -68.612  5.675 0.1000000015
24023  43.955  -70.245  4.533 0.1000000015
24022  44.691  -70.589  4.562 0.1000000015
22854  45.042  -71.114  4.350 0.1000000015
20565  47.359  -72.615  4.390 0.1000000015
19453  48.701  -73.445  4.980 0.1000000015
20439  44.441  -72.832  12.447 0.1000000015
21551  43.992  -71.460  12.200 0.1000000015
22714  43.466  -70.194  12.006 0.1000000015
23913  43.161  -69.410  11.816 0.1000000015
23914  42.701  -69.069  11.280 0.1000000015
25171  42.078  -68.395  11.126 0.1000000015
26352  41.367  -68.055  10.998 0.1000000015
26375  41.758  -66.954  10.593 0.1000000015
27618  42.167  -66.703  8.186 0.1000000015
26428  43.124  -67.035  7.322 0.1000000015
26445  49.815  -67.556  6.038 0.1000000015
25235  48.825  -68.290  5.787 0.1000000015
25236  47.732  -68.314  6.159 0.1000000015
25237  46.627  -68.413  6.339 0.1000000015
25238  45.555  -68.434  6.312 0.1000000015
26450  44.282  -67.708  6.769 0.1000000015
25240  43.474  -68.157  6.215 0.1000000015
25263  49.106  -69.177  5.495 0.1000000015
25264  48.089  -69.132  5.713 0.1000000015
25265  47.029  -69.070  5.727 0.1000000015
25239  44.515  -68.288  6.214 0.1000000015
25234  49.895  -68.418  5.509 0.1000000015
25262  50.061  -69.215  5.293 0.1000000015
23989  47.468  -69.920  5.474 0.1000000015
23990  46.409  -69.853  5.369 0.1000000015
25261  51.048  -68.996  5.064 0.1000000015
23986  50.433  -69.996  5.011 0.1000000015
23988  48.473  -69.997  5.456 0.1000000015
22832  45.330  -70.629  4.703 0.1000000015
21693  48.425  -71.653  5.006 0.1000000015
22853  45.866  -71.075  4.503 0.1000000015
21691  50.220  -71.777  5.044 0.1000000015
21712  47.946  -71.784  4.756 0.1000000015
19431  49.307  -73.509  5.161 0.1000000015
20440  43.787  -72.159  12.951 0.1000000015
21530  43.650  -71.482  13.533 0.1000000015
23899  43.355  -69.269  12.681 0.1000000015
23900  43.012  -68.765  12.038 0.1000000015
25156  42.645  -68.074  11.754 0.1000000015
26351  42.115  -67.331  11.093 0.1000000015
27550  42.137  -66.547  10.347 0.1000000015
27569  42.714  -66.230  9.445 0.1000000015
27591  43.553  -66.248  8.389 0.1000000015
26426  45.013  -67.271  7.328 0.1000000015
26451  43.295  -67.555  6.753 0.1000000015
26446  48.579  -67.473  6.377 0.1000000015
26447  47.296  -67.388  6.713 0.1000000015
26448  46.215  -67.814  6.793 0.1000000015
26449  45.264  -67.810  6.789 0.1000000015
25259  52.904  -68.839  5.315 0.1000000015
25260  52.006  -69.088  5.169 0.1000000015
20420  43.740  -72.819  13.784 0.1000000015
23882  43.728  -69.556  13.644 0.1000000015
25139  43.852  -68.696  13.259 0.1000000015
22691  43.620  -70.355  13.085 0.1000000015
25155  43.364  -68.078  12.534 0.1000000015
26332  43.027  -67.025  11.956 0.1000000015
27549  43.281  -66.109  10.311 0.1000000015
28756  44.025  -65.885  8.863 0.1000000015
28736  43.628  -65.936  9.504 0.1000000015
27614  45.716  -66.593  7.723 0.1000000015
27589  45.218  -66.191  8.222 0.1000000015
27590  44.380  -66.271  8.336 0.1000000015
27636  48.335  -66.685  6.877 0.1000000015
26425  45.955  -67.299  7.247 0.1000000015
27616  43.810  -66.661  7.836 0.1000000015
27634  50.912  -66.770  6.442 0.1000000015
27635  49.553  -66.677  6.703 0.1000000015
26444  51.207  -67.932  5.612 0.1000000015
22667  43.706  -70.421  14.213 0.1000000015
23863  43.827  -69.813  14.024 0.1000000015
26331  43.955  -67.121  12.513 0.1000000015
27512  43.371  -66.522  11.514 0.1000000015
27526  43.739  -66.088  11.103 0.1000000015
28696  43.987  -65.896  10.525 0.1000000015
28734  45.303  -65.660  9.507 0.1000000015
28755  44.864  -65.810  8.804 0.1000000015
28778  46.402  -65.947  8.014 0.1000000015
28754  45.831  -65.740  8.671 0.1000000015
27613  46.847  -66.594  7.341 0.1000000015
26466  52.258  -68.405  5.530 0.1000000015
23983  53.356  -69.086  4.744 0.1000000015
25138  44.805  -68.495  13.640 0.1000000015
23881  44.130  -69.054  13.696 0.1000000015
26314  45.853  -67.811  13.427 0.1000000015
26330  44.909  -67.242  12.686 0.1000000015
25154  44.286  -67.877  12.999 0.1000000015
27510  44.827  -66.680  12.061 0.1000000015
27525  44.776  -66.053  11.213 0.1000000015
28695  44.282  -65.854  10.823 0.1000000015
28753  46.893  -65.847  8.868 0.1000000015
27612  47.973  -66.179  7.439 0.1000000015
28777  47.419  -65.760  8.058 0.1000000015
27611  49.137  -66.106  7.499 0.1000000015
25258  53.786  -68.155  5.290 0.1000000015
25288  54.225  -67.747  4.849 0.1000000015
26315  45.083  -67.682  13.195 0.1000000015
26329  45.750  -67.355  12.810 0.1000000015
27509  45.725  -66.931  12.298 0.1000000015
27524  45.790  -66.421  11.641 0.1000000015
27548  45.230  -65.756  10.704 0.1000000015
28714  45.662  -65.658  10.252 0.1000000015
28733  46.295  -65.661  9.579 0.1000000015
26442  53.428  -67.487  6.356 0.1000000015
27633  52.163  -67.090  6.413 0.1000000015
26441  54.018  -67.570  5.989 0.1000000015
27508  46.263  -67.166  12.453 0.1000000015
27545  47.761  -66.642  11.242 0.1000000015
27523  46.872  -66.951  11.995 0.1000000015
28731  48.647  -66.152  10.249 0.1000000015
28711  48.219  -66.519  10.769 0.1000000015
27546  46.757  -66.197  11.200 0.1000000015
28713  46.597  -65.768  10.424 0.1000000015
28732  47.359  -65.755  9.824 0.1000000015
27608  53.208  -66.858  7.157 0.1000000015
27609  52.035  -66.455  7.366 0.1000000015
27610  50.636  -66.129  7.654 0.1000000015
28776  48.583  -65.706  8.252 0.1000000015
26421  54.433  -67.042  6.310 0.1000000015
28730  49.734  -66.280  9.898 0.1000000015
28712  47.566  -66.135  10.624 0.1000000015
28751  49.161  -65.805  9.258 0.1000000015
28752  48.008  -65.723  9.094 0.1000000015
27587  51.948  -66.361  8.597 0.1000000015
28775  49.769  -65.872  8.502 0.1000000015
17290  34.167  -75.397  4.475 0.1000000015
20569  34.881  -73.324  4.372 0.1000000015
19478  35.110  -73.422  3.045 0.1000000015
19507  34.844  -73.774  2.941 0.1000000015
19506  35.146  -73.783  2.724 0.1000000015
18373  35.286  -74.283  2.429 0.1000000015
18372  36.005  -74.532  2.240 0.1000000015
16342  37.028  -76.633  1.780 0.1000000015
15300  36.706  -77.222  1.679 0.1000000015
17305  33.961  -75.081  3.063 0.1000000015
18334  34.303  -74.936  4.384 0.1000000015
19432  35.971  -73.593  6.008 0.1000000015
18312  35.743  -73.900  5.788 0.1000000015
18370  38.109  -74.826  2.238 0.1000000015
18289  41.955  -74.101  6.557 0.1000000015
20533  38.677  -73.029  6.949 0.1000000015
21678  36.750  -71.325  6.352 0.1000000015
21697  35.900  -71.707  5.270 0.1000000015
18367  40.787  -74.703  2.024 0.1000000015
21662  39.745  -71.840  7.916 0.1000000015
21663  38.875  -71.528  7.680 0.1000000015
20519  37.832  -71.725  7.125 0.1000000015
21742  36.906  -71.231  3.820 0.1000000015
22882  37.341  -70.522  4.304 0.1000000015
20594  37.636  -72.102  3.181 0.1000000015
20592  39.495  -71.990  3.126 0.1000000015
17215  44.491  -74.950  8.503 0.1000000015
20514  42.588  -73.348  7.108 0.1000000015
22802  38.541  -70.547  7.884 0.1000000015
22861  37.688  -69.934  4.907 0.1000000015
21739  40.323  -71.764  3.098 0.1000000015
19366  45.339  -73.385  8.876 0.1000000015
21641  41.676  -71.486  8.646 0.1000000015
22790  39.828  -70.640  8.672 0.1000000015
21620  41.922  -71.014  9.253 0.1000000015
23950  39.438  -69.583  8.866 0.1000000015
23951  38.708  -69.622  8.303 0.1000000015
25211  38.540  -69.115  8.024 0.1000000015
25245  38.811  -68.529  6.846 0.1000000015
20590  43.499  -72.373  2.841 0.1000000015
18364  43.919  -74.571  2.073 0.1000000015
17322  43.489  -75.581  1.819 0.1000000015
18229  46.343  -75.111  9.907 0.1000000015
20481  45.632  -73.039  9.447 0.1000000015
20482  44.968  -72.577  8.883 0.1000000015
25186  41.044  -68.708  10.113 0.1000000015
25198  40.339  -68.708  9.637 0.1000000015
25244  39.485  -68.147  6.854 0.1000000015
22876  43.367  -71.274  3.508 0.1000000015
20619  43.762  -72.966  2.614 0.1000000015
23925  42.019  -69.524  10.230 0.1000000015
26395  40.582  -67.720  9.808 0.1000000015
26431  40.517  -67.272  8.017 0.1000000015
23995  40.618  -68.956  5.321 0.1000000015
22856  43.145  -70.582  3.872 0.1000000015
21717  44.259  -71.516  3.611 0.1000000015
19477  44.886  -73.195  3.071 0.1000000015
21550  44.631  -72.250  11.625 0.1000000015
26376  41.295  -67.339  10.453 0.1000000015
26453  41.433  -67.472  7.124 0.1000000015
26452  42.334  -67.480  6.870 0.1000000015
21715  45.613  -71.767  4.127 0.1000000015
20588  45.308  -72.696  3.423 0.1000000015
20566  46.273  -72.697  3.984 0.1000000015
19455  47.400  -73.608  4.141 0.1000000015
27570  41.885  -66.548  9.551 0.1000000015
27617  42.931  -66.520  7.872 0.1000000015
23991  45.109  -69.902  5.068 0.1000000015
20564  48.179  -72.484  4.737 0.1000000015
21714  46.582  -71.747  4.504 0.1000000015
21694  47.629  -71.304  4.931 0.1000000015
20548  48.950  -72.623  5.161 0.1000000015
27527  42.892  -66.524  11.109 0.1000000015
27592  42.775  -66.294  8.579 0.1000000015
25266  45.919  -69.048  5.677 0.1000000015
25267  44.773  -68.963  5.645 0.1000000015
23987  49.455  -70.041  5.287 0.1000000015
22831  46.039  -70.498  4.923 0.1000000015
22830  46.977  -70.700  5.215 0.1000000015
22829  47.950  -70.759  5.273 0.1000000015
26467  51.644  -68.618  5.354 0.1000000015
22828  48.902  -70.880  5.274 0.1000000015
21692  49.355  -71.782  5.201 0.1000000015
20546  50.387  -72.608  4.876 0.1000000015
20547  49.756  -72.662  5.201 0.1000000015
27615  44.716  -66.755  7.843 0.1000000015
27637  47.595  -66.667  7.023 0.1000000015
26424  46.566  -67.273  7.010 0.1000000015
28716  44.009  -65.908  10.028 0.1000000015
27632  52.859  -67.343  6.504 0.1000000015
26465  53.113  -68.109  5.729 0.1000000015
27547  45.813  -65.863  10.957 0.1000000015
24071  47.606  -69.471  1.230 0.4000000060
21799  48.186  -71.654  0.570 0.3000000119
21813  47.914  -70.995  0.059 0.3000000119
24136  47.955  -70.166  0.014 0.3000000119
24099  47.194  -69.554  0.923 0.4000000060
25346  46.941  -69.328  1.928 0.4000000060
21814  47.304  -71.184  0.240 0.3000000119
24100  46.431  -69.564  0.819 0.4000000060
8820  41.888  -84.992  -0.545 0.1000000015
8797  41.435  -84.232  0.209 0.1000000015
11482  41.872  -81.762  0.665 0.2000000030
13377  42.986  -79.564  0.322 0.3000000119
25404  43.709  -69.207  -0.173 0.4000000060
21785  48.510  -72.294  1.081 0.3000000119
16394  43.466  -76.624  0.053 0.4000000060
18415  43.995  -74.780  -0.111 0.4000000060
13363  42.666  -80.277  0.348 0.2000000030
14270  43.024  -78.626  0.261 0.3000000119
17380  43.326  -75.648  -0.298 0.4000000060
19546  43.851  -73.705  -0.283 0.4000000060
22947  43.931  -70.977  -0.479 0.4000000060
8819  42.313  -85.149  -0.109 0.1000000015
12434  42.285  -80.983  0.383 0.3000000119
18416  43.163  -74.615  -0.459 0.4000000060
20674  43.672  -72.661  -0.472 0.4000000060
21818  43.399  -71.698  -0.523 0.4000000060
8840  41.923  -85.253  -1.232 0.1000000015
25388  43.584  -68.557  0.369 0.5000000000
11489  41.114  -81.714  0.299 0.2000000030
13364  42.202  -80.406  0.254 0.3000000119
15344  42.699  -77.530  0.119 0.3000000119
19547  42.975  -73.579  -0.529 0.4000000060
25374  42.617  -67.826  0.973 0.4000000060
26509  42.862  -67.182  3.175 0.4000000060
16395  42.555  -76.519  -0.247 0.4000000060
17381  42.410  -75.506  -0.522 0.4000000060
20675  42.759  -72.579  -0.588 0.4000000060
21819  42.498  -71.586  -0.572 0.4000000060
22948  43.166  -70.754  -0.506 0.5000000000
8841  41.442  -84.977  -1.455 0.2000000030
8821  40.693  -84.349  -0.562 0.2000000030
8798  40.808  -83.959  0.123 0.2000000030
12453  41.124  -80.680  0.002 0.2000000030
10517  41.456  -82.606  0.579 0.2000000030
14271  41.930  -78.580  -0.205 0.3000000119
15345  41.726  -77.487  -0.325 0.3000000119
8029  41.743  -85.067  -2.094 0.1000000015
18417  42.244  -74.470  -0.614 0.4000000060
13378  42.082  -79.771  0.115 0.3000000119
16396  41.598  -76.433  -0.520 0.4000000060
19548  42.070  -73.471  -0.684 0.4000000060
24140  42.899  -69.739  -0.348 0.5000000000
25389  42.753  -68.072  0.489 0.5000000000
26529  42.619  -67.354  2.439 0.4000000060
17382  41.400  -75.373  -0.695 0.4000000060
20676  41.839  -72.498  -0.625 0.4000000060
25405  42.555  -68.509  -0.246 0.5000000000
26538  42.365  -67.427  1.515 0.4000000060
8822  39.941  -84.135  -1.051 0.2000000030
10523  40.643  -82.563  0.171 0.2000000030
11490  40.136  -81.577  -0.039 0.2000000030
13379  41.040  -79.548  -0.303 0.4000000060
12454  40.120  -80.416  -0.359 0.2000000030
13380  40.114  -79.385  -0.658 0.4000000060
14272  40.928  -78.480  -0.546 0.3000000119
22949  42.182  -70.553  -0.508 0.5000000000
26574  41.591  -67.520  -0.028 0.5000000000
27714  41.081  -66.945  2.549 0.4000000060
27703  41.508  -66.870  3.350 0.4000000060
16397  40.745  -76.355  -0.738 0.4000000060
18418  41.363  -74.319  -0.767 0.4000000060
24141  41.820  -69.437  -0.624 0.5000000000
9630  39.830  -83.551  -0.715 0.2000000030
8862  40.089  -84.239  -2.277 0.2000000030
10524  39.881  -82.649  -0.330 0.2000000030
27704  40.659  -66.472  3.302 0.4000000060
11491  39.428  -81.172  -0.563 0.2000000030
15346  40.727  -77.422  -0.758 0.3000000119
17395  40.777  -74.976  -0.899 0.4000000060
19549  41.120  -73.402  -0.718 0.4000000060
8861  40.961  -84.975  -2.417 0.2000000030
10535  38.990  -82.738  -1.622 0.2000000030
12455  39.237  -80.244  -0.956 0.3000000119
13381  39.441  -79.193  -0.938 0.4000000060
28856  41.019  -66.184  4.478 0.4000000060
14273  40.058  -78.459  -0.895 0.3000000119
21820  41.532  -71.485  -0.546 0.5000000000
25406  41.327  -68.374  -0.591 0.5000000000
31114  40.675  -63.445  6.568 0.4000000060
9659  40.401  -84.237  -3.056 0.2000000030
9642  39.456  -83.594  -1.640 0.2000000030
16410  40.008  -76.293  -0.904 0.4000000060
18429  40.480  -74.259  -0.892 0.4000000060
27763  40.998  -67.029  0.558 0.5000000000
27715  40.386  -66.526  2.454 0.4000000060
34626  41.887  -59.951  5.859 0.4000000060
8887  40.944  -84.441  -4.580 0.2000000030
10550  39.229  -82.973  -2.544 0.2000000030
11504  38.838  -81.677  -1.328 0.2000000030
15347  39.827  -77.723  -1.070 0.4000000060
21821  40.513  -71.455  -0.590 0.5000000000
24142  40.644  -69.287  -0.720 0.5000000000
8904  41.168  -84.501  -5.217 0.2000000030
14274  39.273  -78.500  -1.078 0.4000000060
15356  40.183  -76.986  -0.994 0.3000000119
20677  40.904  -72.440  -0.586 0.5000000000
22950  41.151  -70.414  -0.636 0.5000000000
26554  41.650  -67.175  0.892 0.5000000000
9692  41.248  -83.618  -5.328 0.2000000030
33493  40.540  -61.400  5.721 0.4000000060
34627  41.584  -60.479  5.517 0.2000000030
31140  40.156  -63.778  5.900 0.4000000060
28857  40.261  -65.683  4.284 0.4000000060
9675  40.051  -83.521  -3.294 0.2000000030
27741  40.371  -66.626  0.903 0.4000000060
28880  40.063  -65.995  3.055 0.4000000060
10563  40.225  -83.121  -3.807 0.2000000030
10551  38.748  -82.539  -2.261 0.2000000030
11515  38.397  -81.327  -2.413 0.2000000030
31141  39.611  -63.360  5.402 0.4000000060
28858  39.510  -65.143  4.081 0.4000000060
28881  39.504  -65.452  3.436 0.4000000060
17396  39.942  -75.343  -1.022 0.3000000119
22951  40.100  -70.418  -0.628 0.5000000000
26575  40.711  -67.580  -0.522 0.5000000000
27716  39.964  -66.318  2.115 0.4000000060
13393  38.745  -79.372  -1.351 0.4000000060
15357  39.520  -77.104  -1.202 0.4000000060
17397  38.965  -75.452  -1.348 0.3000000119
19564  39.938  -73.613  -0.849 0.4000000060
14282  38.652  -78.421  -1.385 0.4000000060
21822  39.459  -71.429  -0.638 0.5000000000
10564  39.405  -82.701  -3.104 0.2000000030
30010  39.439  -64.499  4.657 0.4000000060
27764  40.350  -66.985  0.004 0.5000000000
27771  39.947  -66.995  -0.591 0.5000000000
18430  39.531  -74.512  -1.121 0.4000000060
20678  39.825  -72.584  -0.737 0.5000000000
25407  40.404  -68.235  -0.678 0.5000000000
20679  38.786  -72.209  -0.765 0.5000000000
20695  38.907  -73.049  -0.932 0.5000000000
22927  47.266  -70.183  0.256 0.4000000060
21817  44.272  -71.719  -0.331 0.4000000060
31115  40.038  -63.181  6.097 0.4000000060
30009  40.194  -64.842  5.030 0.4000000060
24143  39.602  -69.514  -0.634 0.5000000000
18401  47.162  -75.209  1.147 0.3000000119
19530  46.779  -74.250  1.028 0.3000000119
20660  46.301  -73.337  0.565 0.2000000030
21800  46.891  -72.092  0.532 0.2000000030
15328  47.287  -77.554  1.249 0.2000000030
17365  46.816  -76.065  0.776 0.3000000119
17366  46.054  -76.068  0.512 0.3000000119
18403  45.700  -75.181  0.477 0.3000000119
14260  46.017  -78.441  0.738 0.2000000030
14267  45.366  -78.347  0.412 0.2000000030
16392  44.956  -77.024  0.398 0.2000000030
11481  42.689  -81.729  0.725 0.2000000030
10616  41.522  -82.769  -7.273 0.1000000015
15413  40.701  -77.442  -5.361 0.1000000015
19517  48.371  -74.082  1.676 0.1000000015
20649  48.014  -73.365  1.342 0.2000000030
20659  47.427  -73.069  0.875 0.2000000030
17364  47.467  -76.077  1.202 0.2000000030
19518  47.587  -74.205  1.340 0.2000000030
16332  48.590  -76.582  3.053 0.1000000015
15312  47.725  -77.573  2.112 0.1000000015
16358  47.680  -76.834  1.440 0.2000000030
15311  48.237  -77.130  2.474 0.1000000015
14224  47.510  -78.457  2.910 0.1000000015
8876  41.345  -84.950  -3.636 0.1000000015
12507  40.474  -80.637  -4.399 0.1000000015
12508  39.327  -80.816  -3.933 0.1000000015
13432  39.436  -79.667  -4.352 0.1000000015
14324  38.483  -78.615  -4.376 0.1000000015
12506  41.473  -80.413  -4.720 0.1000000015
13431  40.561  -79.594  -4.638 0.1000000015
14323  39.611  -78.571  -4.884 0.1000000015
14344  40.666  -78.227  -5.175 0.1000000015
16466  39.882  -76.618  -5.488 0.1000000015
17430  38.282  -75.963  -5.000 0.1000000015
17448  38.991  -75.607  -5.370 0.1000000015
18476  38.415  -74.502  -5.262 0.1000000015
18389  48.001  -75.245  1.560 0.2000000030
16357  48.240  -76.746  2.029 0.1000000015
13406  38.269  -79.675  -1.898 0.1000000015
16412  38.328  -76.427  -1.565 0.3000000119
10574  40.600  -82.670  -4.165 0.1000000015
11524  39.915  -82.238  -3.767 0.1000000015
10565  38.639  -82.008  -2.936 0.1000000015
12496  37.862  -80.024  -2.880 0.1000000015
14294  37.532  -78.379  -2.358 0.2000000030
16413  37.511  -76.416  -1.986 0.3000000119
18432  37.887  -74.558  -1.786 0.3000000119
19567  37.638  -73.579  -1.783 0.3000000119
10598  41.893  -82.903  -6.676 0.1000000015
10573  41.218  -82.735  -4.725 0.1000000015
13433  38.249  -79.731  -3.729 0.1000000015
14325  37.629  -78.493  -3.783 0.1000000015
15368  37.111  -77.358  -2.511 0.2000000030
18433  37.423  -74.484  -2.404 0.3000000119
11538  41.532  -81.585  -4.779 0.1000000015
15393  37.573  -77.433  -4.311 0.1000000015
17419  37.062  -75.234  -3.618 0.2000000030
19586  37.157  -73.470  -3.373 0.3000000119
18477  37.786  -74.603  -4.871 0.1000000015
19612  37.809  -73.528  -4.868 0.2000000030
20720  37.234  -72.547  -3.522 0.4000000060
18475  39.374  -74.528  -5.562 0.1000000015
19611  38.736  -73.524  -5.395 0.1000000015
20747  38.266  -72.626  -5.104 0.3000000119
24018  53.582  -68.947  4.028 0.1000000015
22874  52.029  -70.510  2.947 0.1000000015
25424  39.660  -68.058  -0.789 0.4000000060
22952  39.054  -70.460  -0.593 0.4000000060
19566  38.326  -73.706  -1.323 0.3000000119
20696  38.042  -72.607  -1.157 0.4000000060
21824  37.848  -71.020  -0.909 0.4000000060
21858  37.080  -71.628  -2.093 0.4000000060
21845  37.186  -70.964  -1.666 0.4000000060
20711  37.164  -72.504  -2.762 0.4000000060
21865  36.980  -71.238  -3.009 0.5000000000
20731  37.523  -72.613  -4.374 0.3000000119
21878  37.435  -71.460  -4.078 0.5000000000
20745  40.146  -72.487  -5.480 0.2000000030
21877  37.926  -71.163  -4.672 0.4000000060
19608  41.805  -73.437  -5.529 0.1000000015
20744  41.155  -72.462  -5.496 0.1000000015
21892  39.565  -71.508  -5.378 0.2000000030
20746  39.138  -72.522  -5.388 0.2000000030
18472  42.516  -74.423  -5.520 0.1000000015
19607  42.827  -73.404  -5.427 0.1000000015
21891  40.568  -71.490  -5.475 0.2000000030
19606  43.873  -73.335  -5.360 0.1000000015
20742  43.164  -72.382  -5.455 0.1000000015
27742  39.546  -66.249  0.703 0.4000000060
27725  39.823  -66.223  1.530 0.3000000119
27765  39.319  -66.635  -0.143 0.4000000060
24145  37.801  -69.708  -0.899 0.4000000060
24164  38.529  -68.647  -0.822 0.4000000060
22972  37.539  -70.522  -1.185 0.4000000060
25426  38.076  -68.103  -0.921 0.4000000060
21866  36.930  -70.545  -2.635 0.4000000060
24175  37.011  -69.156  -3.444 0.4000000060
24170  36.834  -69.246  -2.601 0.4000000060
24174  37.495  -69.401  -4.152 0.5000000000
24187  38.005  -69.515  -4.768 0.4000000060
23011  40.032  -70.493  -5.464 0.3000000119
21893  38.552  -71.536  -5.105 0.4000000060
24186  38.648  -69.510  -5.259 0.4000000060
23007  43.961  -70.383  -5.351 0.2000000030
21889  42.549  -71.423  -5.494 0.2000000030
21887  44.452  -71.275  -5.206 0.1000000015
18456  48.022  -74.378  -4.422 0.1000000015
27743  38.775  -65.901  0.365 0.4000000060
28936  38.881  -65.622  0.957 0.4000000060
26577  38.051  -66.650  -0.540 0.4000000060
26596  36.889  -67.496  -1.714 0.4000000060
26595  37.477  -67.184  -0.940 0.4000000060
25428  36.787  -68.435  -2.099 0.4000000060
25434  37.359  -68.444  -3.992 0.4000000060
25431  36.894  -68.361  -2.900 0.4000000060
25444  37.886  -68.599  -4.512 0.3000000119
25462  39.061  -68.380  -5.321 0.4000000060
25443  38.364  -68.753  -4.992 0.4000000060
25460  41.061  -68.464  -5.449 0.3000000119
24202  40.527  -69.471  -5.496 0.3000000119
24203  39.535  -69.467  -5.464 0.4000000060
23006  44.844  -70.365  -5.009 0.2000000030
24198  44.510  -69.411  -5.268 0.2000000030
24200  42.490  -69.459  -5.471 0.2000000030
23010  41.025  -70.481  -5.518 0.2000000030
21876  45.121  -71.133  -4.897 0.2000000030
17425  48.693  -74.986  -5.170 0.1000000015
17426  48.264  -75.163  -4.799 0.1000000015
19596  48.705  -73.389  -4.253 0.1000000015
30011  38.967  -63.983  3.991 0.3000000119
28917  38.734  -64.967  1.452 0.4000000060
30045  38.543  -64.297  2.254 0.3000000119
28959  37.833  -65.207  -0.250 0.4000000060
30113  36.769  -64.660  -1.523 0.4000000060
28965  37.124  -65.370  -0.696 0.4000000060
27776  36.654  -66.670  -2.313 0.4000000060
27773  36.849  -66.528  -1.456 0.4000000060
27779  37.191  -66.661  -3.627 0.4000000060
27780  36.762  -66.837  -3.015 0.4000000060
27785  38.145  -66.759  -4.493 0.4000000060
27786  37.596  -66.999  -4.111 0.3000000119
27797  42.208  -66.499  -5.740 0.3000000119
27798  41.251  -66.480  -5.504 0.3000000119
27799  40.295  -66.407  -5.370 0.3000000119
26626  39.723  -67.411  -5.311 0.3000000119
26627  39.033  -67.375  -5.110 0.3000000119
26620  45.757  -67.217  -5.513 0.2000000030
26621  44.613  -67.358  -5.566 0.2000000030
26622  43.561  -67.492  -5.663 0.3000000119
26623  42.581  -67.523  -5.608 0.2000000030
26625  40.663  -67.443  -5.413 0.3000000119
25461  40.074  -68.437  -5.456 0.3000000119
25456  45.130  -68.341  -5.290 0.2000000030
25458  43.014  -68.466  -5.463 0.2000000030
24197  45.734  -69.495  -5.036 0.2000000030
31155  38.941  -63.371  4.541 0.3000000119
32308  38.667  -62.479  4.120 0.3000000119
31156  38.506  -63.306  3.741 0.3000000119
31172  38.285  -63.366  2.858 0.4000000060
30044  38.988  -64.967  2.879 0.3000000119
31249  37.485  -63.685  -0.375 0.3000000119
31204  37.962  -62.825  0.673 0.4000000060
31266  36.929  -63.082  -1.634 0.4000000060
31265  37.128  -63.532  -1.140 0.4000000060
30107  37.267  -64.456  -0.602 0.4000000060
30121  36.800  -64.391  -2.574 0.4000000060
30114  36.667  -65.322  -1.822 0.4000000060
30131  37.775  -64.403  -3.918 0.3000000119
30125  37.265  -64.649  -3.404 0.4000000060
30126  36.747  -64.972  -2.935 0.4000000060
31328  41.466  -63.378  -6.378 0.3000000119
30143  40.254  -64.323  -5.874 0.2000000030
31311  40.062  -63.762  -6.025 0.2000000030
30145  38.713  -64.575  -4.914 0.2000000030
28981  38.260  -65.564  -4.333 0.3000000119
28976  37.550  -65.605  -3.802 0.3000000119
30159  42.889  -64.549  -6.412 0.3000000119
28991  40.961  -65.347  -5.747 0.3000000119
28992  39.842  -65.389  -5.375 0.2000000030
27800  39.310  -66.428  -5.090 0.2000000030
28993  38.891  -65.404  -4.914 0.2000000030
27793  46.318  -66.041  -5.583 0.2000000030
28989  44.735  -65.468  -6.020 0.3000000119
27819  43.868  -66.059  -6.250 0.3000000119
27821  42.847  -66.080  -6.201 0.3000000119
33494  40.086  -61.664  5.322 0.3000000119
32295  40.115  -61.915  5.750 0.3000000119
32296  39.794  -62.317  5.488 0.3000000119
31282  37.096  -63.544  -2.943 0.3000000119
33687  38.954  -61.620  -5.501 0.2000000030
33688  38.424  -62.059  -5.209 0.2000000030
32471  37.629  -62.721  -3.997 0.2000000030
32459  37.302  -62.532  -3.336 0.2000000030
33704  40.499  -61.557  -6.336 0.2000000030
31312  39.648  -63.561  -5.759 0.2000000030
31313  38.661  -63.594  -5.121 0.2000000030
31292  38.146  -63.580  -4.528 0.2000000030
34638  41.608  -60.504  5.098 0.2000000030
19605  44.778  -73.182  -5.098 0.1000000015
20741  44.141  -72.282  -5.278 0.1000000015
28988  45.624  -65.171  -5.620 0.3000000119
25455  46.303  -68.197  -5.186 0.2000000030
21815  46.316  -71.354  0.210 0.3000000119
19531  46.158  -74.445  0.637 0.3000000119
15342  44.532  -77.619  0.342 0.2000000030
24066  52.731  -68.619  2.936 0.1000000015
20648  48.664  -72.934  1.546 0.2000000030
12472  38.506  -80.441  -1.712 0.1000000015
15358  38.620  -77.419  -1.402 0.3000000119
12495  38.250  -80.700  -3.198 0.1000000015
28899  39.049  -65.104  2.081 0.3000000119
13394  38.316  -79.021  -1.749 0.3000000119
18431  38.648  -74.591  -1.406 0.2000000030
14283  38.057  -78.338  -1.783 0.2000000030
11540  39.680  -81.598  -3.855 0.1000000015
16377  47.102  -76.842  0.901 0.2000000030
18402  46.464  -75.231  0.743 0.3000000119
15329  46.638  -77.630  0.778 0.1000000015
15330  45.878  -77.638  0.532 0.2000000030
15414  39.788  -77.702  -5.241 0.1000000015
11539  40.451  -81.747  -4.184 0.1000000015
12494  38.779  -80.931  -3.592 0.1000000015
13434  37.649  -79.015  -3.397 0.1000000015
15391  39.293  -77.878  -5.056 0.1000000015
16467  38.904  -76.845  -5.287 0.1000000015
17432  37.202  -76.105  -4.222 0.1000000015
13417  37.616  -79.378  -2.942 0.2000000030
17398  38.125  -75.489  -1.747 0.3000000119
15377  37.113  -77.519  -3.456 0.2000000030
16426  36.982  -76.289  -2.546 0.3000000119
19579  37.254  -73.450  -2.599 0.4000000060
21844  37.652  -71.588  -1.327 0.4000000060
16427  36.755  -76.223  -3.099 0.3000000119
17412  36.995  -75.415  -2.877 0.3000000119
19600  37.247  -73.464  -4.147 0.3000000119
26594  38.426  -67.337  -0.714 0.4000000060
24166  36.984  -69.355  -1.860 0.4000000060
20743  42.161  -72.433  -5.557 0.2000000030
21890  41.563  -71.461  -5.509 0.2000000030
27766  38.443  -66.069  -0.241 0.4000000060
25427  37.365  -68.547  -1.338 0.4000000060
24199  43.485  -69.435  -5.437 0.2000000030
28958  38.325  -65.405  0.114 0.4000000060
26624  41.631  -67.476  -5.465 0.3000000119
25459  42.032  -68.481  -5.509 0.2000000030
25457  44.042  -68.431  -5.498 0.2000000030
31225  38.071  -63.720  0.771 0.4000000060
31187  38.132  -63.330  1.950 0.4000000060
30089  37.742  -64.311  -0.023 0.4000000060
29013  41.650  -65.304  -6.020 0.3000000119
27794  45.213  -66.287  -5.775 0.2000000030
27795  44.092  -66.419  -6.044 0.2000000030
32353  38.167  -62.602  2.465 0.4000000060
30130  38.241  -64.406  -4.391 0.2000000030
32498  42.097  -62.451  -6.291 0.2000000030
32499  41.019  -62.435  -6.416 0.2000000030
31329  40.390  -63.352  -6.212 0.2000000030
30144  39.317  -64.476  -5.354 0.2000000030
32369  38.084  -62.381  1.694 0.3000000119
32330  38.372  -62.473  3.239 0.2000000030
33555  38.454  -61.540  2.409 0.3000000119
33508  39.753  -61.657  4.686 0.2000000030
33528  40.491  -61.124  3.864 0.2000000030
13360  45.294  -79.337  0.513 0.1000000015
12430  45.647  -80.336  1.097 0.1000000015
13361  44.314  -79.793  0.498 0.1000000015
19516  49.209  -73.807  1.976 0.1000000015
13375  44.582  -78.941  0.296 0.1000000015
11480  43.450  -81.637  0.820 0.1000000015
13376  43.753  -79.197  0.364 0.1000000015
12432  43.907  -80.757  0.666 0.1000000015
34637  41.905  -60.217  4.853 0.1000000015
34654  42.528  -60.131  3.958 0.1000000015
34697  43.672  -59.986  2.179 0.1000000015
35814  42.928  -60.089  3.286 0.1000000015
33507  40.527  -61.164  4.754 0.1000000015
33526  42.325  -60.926  3.802 0.1000000015
33527  41.412  -60.984  3.766 0.1000000015
33530  38.801  -61.712  3.545 0.1000000015
33554  39.367  -60.996  2.956 0.2000000030
33552  41.400  -61.270  2.807 0.1000000015
33576  42.179  -61.713  2.042 0.2000000030
33580  37.755  -61.893  0.653 0.2000000030
34671  41.006  -60.753  2.373 0.2000000030
34673  39.158  -60.555  2.065 0.2000000030
34674  38.524  -60.822  1.613 0.2000000030
33579  38.044  -61.463  1.187 0.2000000030
33577  41.580  -61.341  1.527 0.2000000030
34699  40.031  -60.465  1.311 0.2000000030
34701  38.357  -60.710  0.977 0.2000000030
32415  37.430  -62.748  -0.411 0.2000000030
32432  37.087  -62.597  -1.372 0.2000000030
32449  36.866  -62.748  -1.993 0.2000000030
33664  37.427  -61.612  -3.380 0.1000000015
32368  42.364  -62.078  1.390 0.2000000030
34732  37.674  -61.315  0.201 0.2000000030
34776  37.501  -60.916  -1.053 0.2000000030
33642  37.185  -61.679  -1.667 0.1000000015
34796  37.461  -60.734  -1.998 0.1000000015
33658  37.242  -61.630  -2.610 0.1000000015
33505  41.860  -60.676  4.502 0.1000000015
35815  42.597  -59.209  3.667 0.1000000015
35828  43.132  -59.491  2.722 0.1000000015
34670  43.466  -60.582  2.701 0.1000000015
33525  42.935  -61.165  3.316 0.1000000015
34700  39.002  -60.341  1.149 0.2000000030
31308  45.327  -63.252  -5.712 0.2000000030
30158  43.876  -64.659  -6.237 0.2000000030
30140  44.795  -64.347  -5.770 0.2000000030
31307  46.294  -63.427  -5.894 0.2000000030
32482  45.604  -62.616  -6.055 0.2000000030
31310  43.423  -63.080  -5.827 0.2000000030
32483  44.667  -62.209  -5.753 0.2000000030
31309  44.243  -63.278  -5.718 0.2000000030
31349  45.849  -63.171  -7.118 0.2000000030
31327  42.614  -63.443  -6.290 0.2000000030
33684  44.246  -61.743  -5.915 0.1000000015
32497  45.078  -61.882  -6.302 0.2000000030
33686  43.334  -62.064  -5.705 0.2000000030
32485  42.992  -62.482  -5.784 0.2000000030
32519  43.765  -61.861  -7.554 0.1000000015
33727  43.780  -61.197  -7.030 0.1000000015
34856  43.320  -60.982  -6.663 0.1000000015
33783  43.519  -61.300  -9.969 0.1000000015
32564  43.998  -62.524  -10.259 0.1000000015
32367  42.853  -62.211  1.803 0.1000000015
33702  42.780  -61.548  -5.972 0.1000000015
34878  42.584  -60.176  -7.342 0.1000000015
33766  42.859  -61.370  -8.886 0.1000000015
33750  42.670  -60.739  -8.088 0.1000000015
34930  44.413  -60.429  -10.407 0.1000000015
34931  43.729  -60.114  -9.920 0.1000000015
36076  45.881  -59.632  -10.993 0.1000000015
32393  42.918  -62.667  0.920 0.1000000015
32391  44.868  -62.417  0.807 0.1000000015
31202  43.695  -62.711  1.319 0.1000000015
33705  39.614  -61.687  -5.980 0.1000000015
33703  41.526  -61.506  -6.321 0.1000000015
34857  42.587  -60.524  -6.530 0.1000000015
36007  42.071  -59.365  -6.838 0.1000000015
33767  42.650  -60.488  -8.748 0.1000000015
36063  45.412  -59.529  -10.683 0.1000000015
36064  44.295  -59.384  -9.992 0.1000000015
33606  41.311  -61.223  0.241 0.1000000015
36008  41.537  -59.300  -6.125 0.1000000015
36010  40.349  -60.155  -6.167 0.1000000015
38313  42.390  -57.242  -6.807 0.1000000015
37132  41.784  -58.578  -6.388 0.1000000015
34858  41.731  -60.508  -6.279 0.1000000015
36009  40.842  -59.814  -6.121 0.1000000015
38330  42.839  -57.699  -7.748 0.1000000015
38347  44.161  -57.727  -8.394 0.1000000015
37165  43.032  -58.472  -8.590 0.1000000015
34897  42.426  -59.959  -8.237 0.1000000015
36025  42.340  -59.260  -7.644 0.1000000015
38345  46.098  -57.471  -8.535 0.1000000015
37163  44.346  -58.137  -8.799 0.1000000015
37181  43.429  -58.729  -9.102 0.1000000015
38364  45.103  -58.223  -9.212 0.1000000015
31222  44.546  -63.068  0.529 0.1000000015
32394  42.235  -61.985  0.561 0.1000000015
35993  39.842  -59.599  -5.744 0.1000000015
38328  44.683  -57.259  -7.780 0.1000000015
38329  43.741  -57.282  -7.775 0.1000000015
38327  45.683  -57.210  -7.791 0.1000000015
34841  39.200  -60.676  -5.468 0.1000000015
32518  44.753  -61.937  -7.143 0.1000000015
32537  43.391  -62.164  -8.313 0.1000000015
36051  43.560  -59.412  -9.554 0.1000000015
37178  45.850  -58.023  -9.718 0.1000000015
35991  41.062  -58.715  -5.771 0.1000000015
24221  48.582  -69.985  -6.746 0.1000000015
24235  48.933  -69.640  -7.693 0.1000000015
24236  47.852  -69.822  -7.649 0.1000000015
24222  47.465  -70.130  -6.828 0.1000000015
23045  45.261  -70.766  -7.174 0.1000000015
20761  44.210  -72.502  -7.459 0.1000000015
20764  42.764  -72.465  -7.791 0.1000000015
23025  49.146  -70.389  -5.997 0.1000000015
23044  46.217  -70.470  -7.107 0.1000000015
23028  46.055  -71.117  -6.785 0.1000000015
24249  49.485  -68.939  -8.797 0.1000000015
25500  49.681  -68.498  -8.021 0.1000000015
25479  50.756  -69.028  -5.730 0.1000000015
24194  50.145  -70.032  -5.599 0.1000000015
23026  48.101  -70.710  -6.117 0.1000000015
24251  48.185  -69.622  -8.612 0.1000000015
26646  50.438  -68.041  -6.330 0.1000000015
25451  50.237  -68.612  -4.874 0.1000000015
24271  49.068  -69.143  -9.498 0.1000000015
25509  49.523  -68.320  -9.049 0.1000000015
26693  48.894  -67.509  -10.049 0.1000000015
24297  49.025  -68.632  -10.010 0.1000000015
24296  49.307  -68.442  -9.590 0.1000000015
25548  49.118  -67.721  -10.636 0.1000000015
24220  49.900  -69.591  -6.422 0.1000000015
20765  41.968  -72.545  -8.248 0.1000000015
8017  42.056  -85.403  -1.086 0.1000000015
8040  41.937  -85.264  -2.681 0.1000000015
8842  40.383  -84.456  -1.556 0.2000000030
9620  41.082  -83.414  0.348 0.2000000030
9629  40.417  -83.442  -0.095 0.2000000030
9643  39.009  -83.034  -1.924 0.2000000030
9660  39.635  -83.522  -2.614 0.2000000030
9661  39.169  -83.147  -2.193 0.2000000030
9674  40.530  -84.027  -3.886 0.2000000030
9684  41.124  -83.277  -4.867 0.3000000119
9693  40.871  -84.064  -5.024 0.2000000030
10534  39.307  -82.721  -1.006 0.2000000030
10582  43.213  -81.689  -5.731 0.2000000030
10583  42.819  -82.029  -5.766 0.2000000030
11503  39.414  -81.968  -0.592 0.2000000030
11525  38.992  -81.597  -3.498 0.1000000015
11526  38.468  -81.456  -3.051 0.1000000015
12433  43.078  -80.916  0.540 0.2000000030
12435  41.640  -81.145  0.275 0.2000000030
12452  41.855  -80.601  0.180 0.3000000119
12486  38.086  -80.186  -2.424 0.1000000015
12487  37.865  -79.720  -2.656 0.2000000030
12509  38.625  -80.560  -3.649 0.1000000015
12518  45.009  -79.754  -5.910 0.1000000015
12519  44.433  -80.071  -5.695 0.1000000015
12520  43.656  -80.355  -5.502 0.1000000015
13362  43.448  -80.065  0.461 0.1000000015
13374  45.032  -78.727  0.277 0.1000000015
13407  37.958  -79.249  -2.279 0.2000000030
13416  37.919  -79.993  -3.196 0.1000000015
13429  42.124  -79.753  -5.181 0.1000000015
14268  44.822  -78.282  0.310 0.2000000030
14306  37.220  -78.431  -3.088 0.2000000030
14345  40.176  -78.379  -5.142 0.1000000015
15289  48.108  -77.524  2.962 0.1000000015
15290  47.773  -77.848  2.752 0.1000000015
15313  36.894  -78.416  1.518 0.1000000015
15341  45.201  -77.649  0.382 0.2000000030
15348  39.159  -77.835  -1.209 0.4000000060
15359  37.697  -77.421  -1.780 0.2000000030
15369  36.850  -76.850  -2.978 0.3000000119
15378  36.968  -76.753  -3.484 0.3000000119
15392  38.667  -77.672  -4.905 0.1000000015
15394  37.179  -77.078  -3.825 0.2000000030
15408  45.843  -77.857  -4.793 0.1000000015
15415  39.139  -77.539  -5.166 0.1000000015
16378  46.395  -76.860  0.572 0.3000000119
16379  45.617  -76.899  0.437 0.2000000030
16411  39.233  -76.340  -1.252 0.4000000060
16436  36.871  -76.253  -3.599 0.3000000119
16448  37.969  -76.660  -4.839 0.1000000015
16449  37.436  -76.456  -4.387 0.1000000015
16450  37.113  -76.579  -4.007 0.1000000015
17212  46.524  -75.783  10.018 0.1000000015
17229  44.930  -74.918  8.578 0.1000000015
17318  49.207  -75.410  3.315 0.1000000015
17319  48.836  -75.619  2.771 0.1000000015
17327  38.529  -75.781  2.032 0.1000000015
17332  33.640  -75.767  3.083 0.1000000015
17345  48.460  -75.908  2.128 0.1000000015
17346  47.999  -76.180  1.615 0.2000000030
17347  35.843  -76.364  1.647 0.1000000015
17383  40.573  -75.646  -0.806 0.4000000060
17399  37.490  -75.457  -2.260 0.3000000119
17413  36.833  -75.799  -3.422 0.3000000119
17420  36.955  -75.905  -3.955 0.3000000119
17427  47.439  -75.418  -4.537 0.1000000015
17429  45.818  -75.998  -4.758 0.1000000015
17431  37.473  -75.480  -4.465 0.1000000015
17441  45.801  -75.051  -4.936 0.1000000015
17443  44.356  -75.385  -5.332 0.1000000015
17449  38.118  -75.240  -5.077 0.1000000015
18218  46.562  -75.294  10.247 0.1000000015
18274  39.506  -75.072  7.367 0.1000000015
18290  41.519  -74.164  6.665 0.1000000015
18331  48.545  -74.011  4.846 0.1000000015
18350  33.966  -75.152  4.085 0.1000000015
18374  34.585  -74.415  2.770 0.1000000015
18445  37.145  -74.409  -3.131 0.3000000119
18447  37.091  -74.382  -3.929 0.3000000119
18455  48.903  -74.074  -4.736 0.1000000015
18458  45.815  -74.330  -4.741 0.2000000030
18459  45.227  -73.774  -4.934 0.1000000015
18460  37.416  -74.284  -4.478 0.2000000030
19354  46.455  -74.734  10.111 0.1000000015
19364  46.256  -74.520  9.829 0.1000000015
19384  44.149  -73.476  7.684 0.1000000015
19399  44.357  -74.013  7.345 0.1000000015
19411  42.204  -74.057  6.528 0.1000000015
19418  36.002  -72.986  6.034 0.1000000015
19434  35.077  -73.912  4.962 0.1000000015
19457  34.591  -73.898  4.332 0.1000000015
19505  35.762  -73.752  2.563 0.1000000015
19550  40.484  -73.145  -0.716 0.5000000000
19563  40.532  -73.616  -0.784 0.4000000060
19565  39.135  -73.801  -1.080 0.4000000060
19580  37.149  -73.092  -2.982 0.4000000060
19587  37.181  -72.940  -3.196 0.4000000060
19610  39.746  -73.496  -5.571 0.1000000015
20500  40.584  -72.175  7.842 0.1000000015
20536  35.799  -72.365  5.730 0.1000000015
20567  45.603  -72.274  3.819 0.1000000015
20587  45.927  -73.192  3.506 0.1000000015
20591  42.919  -72.366  2.719 0.1000000015
20597  34.814  -73.192  4.007 0.1000000015
20618  50.251  -72.784  2.418 0.2000000030
20620  43.191  -72.774  2.551 0.1000000015
20628  35.504  -73.306  2.851 0.1000000015
20658  48.140  -72.629  1.103 0.2000000030
20680  38.322  -72.035  -0.971 0.4000000060
20694  39.463  -73.273  -0.873 0.5000000000
20697  37.382  -72.576  -1.884 0.4000000060
20712  37.178  -72.856  -2.948 0.4000000060
20721  37.201  -72.694  -3.142 0.4000000060
20728  46.096  -72.369  -4.508 0.3000000119
20730  37.837  -72.004  -4.750 0.3000000119
20748  37.811  -72.687  -4.801 0.3000000119
21695  47.034  -71.300  4.854 0.1000000015
21713  47.460  -71.840  4.663 0.1000000015
21716  44.821  -71.523  3.847 0.1000000015
21719  35.822  -71.911  4.330 0.1000000015
21734  44.641  -71.994  3.420 0.1000000015
21759  51.745  -71.030  2.321 0.2000000030
21760  42.487  -72.183  2.761 0.1000000015
21762  41.048  -72.300  2.699 0.1000000015
21796  50.775  -70.610  0.737 0.2000000030
21797  50.226  -70.880  0.617 0.3000000119
21802  45.253  -72.401  0.199 0.4000000060
21823  38.388  -71.411  -0.800 0.4000000060
21843  38.096  -71.911  -1.082 0.4000000060
21859  36.935  -70.785  -2.221 0.4000000060
21875  45.777  -71.393  -4.656 0.3000000119
21888  43.530  -71.367  -5.409 0.2000000030
21906  44.647  -71.641  -7.266 0.1000000015
22852  46.526  -71.016  4.766 0.1000000015
22873  52.455  -69.824  2.928 0.2000000030
22875  43.877  -71.381  3.602 0.1000000015
22891  52.411  -69.682  2.093 0.2000000030
22928  46.401  -70.161  0.313 0.5000000000
22941  48.887  -70.138  -0.165 0.4000000060
22942  48.445  -70.551  0.018 0.3000000119
22943  47.641  -70.587  0.096 0.3000000119
22944  46.787  -70.635  0.205 0.3000000119
22953  38.161  -70.448  -0.759 0.4000000060
22973  37.144  -70.221  -1.745 0.4000000060
22980  36.962  -70.044  -2.333 0.4000000060
22985  37.338  -70.287  -3.625 0.5000000000
22986  36.966  -70.089  -2.952 0.4000000060
22996  46.284  -70.680  -4.549 0.3000000119
22998  38.277  -70.437  -4.958 0.4000000060
22999  37.716  -70.378  -4.386 0.4000000060
23008  42.988  -70.426  -5.499 0.2000000030
23009  42.005  -70.456  -5.419 0.2000000030
23012  39.068  -70.498  -5.315 0.4000000060
23024  49.789  -70.256  -5.644 0.1000000015
23027  46.926  -70.832  -6.554 0.1000000015
23924  42.523  -69.421  10.707 0.1000000015
23936  41.516  -69.823  9.825 0.1000000015
23938  40.042  -69.302  9.345 0.1000000015
23982  53.692  -68.653  4.641 0.1000000015
24029  38.172  -69.440  5.452 0.1000000015
24048  53.112  -68.674  3.291 0.1000000015
24068  49.817  -69.012  2.078 0.2000000030
24070  48.170  -69.447  1.510 0.4000000060
24093  52.406  -69.292  1.927 0.2000000030
24094  52.030  -69.368  1.595 0.2000000030
24096  50.177  -69.361  1.464 0.2000000030
24114  51.438  -69.741  1.284 0.2000000030
24117  48.712  -69.711  0.307 0.4000000060
24118  47.821  -69.820  0.336 0.3000000119
24119  46.843  -69.847  0.541 0.4000000060
24120  45.912  -69.739  0.473 0.5000000000
24121  45.297  -69.614  0.162 0.5000000000
24134  49.065  -69.906  -0.033 0.4000000060
24139  43.969  -70.098  -0.298 0.4000000060
24144  38.596  -69.489  -0.685 0.4000000060
24162  39.917  -68.751  -0.712 0.5000000000
24163  39.208  -68.732  -0.778 0.4000000060
24165  37.387  -69.598  -1.336 0.4000000060
24183  47.802  -69.518  -4.482 0.2000000030
24185  46.058  -70.160  -4.819 0.2000000030
24193  50.455  -69.722  -5.390 0.1000000015
24201  41.510  -69.472  -5.487 0.2000000030
24219  50.636  -69.321  -5.990 0.1000000015
24223  46.795  -70.239  -6.924 0.1000000015
24234  49.531  -69.114  -7.778 0.1000000015
24237  46.719  -69.923  -7.533 0.1000000015
24250  49.064  -69.433  -8.716 0.1000000015
24270  49.334  -68.731  -9.409 0.1000000015
25221  38.611  -68.808  7.555 0.1000000015
25232  54.021  -67.697  5.692 0.1000000015
25233  50.537  -68.623  5.350 0.1000000015
25273  39.097  -68.502  6.478 0.1000000015
25310  54.037  -67.778  4.340 0.2000000030
25312  50.946  -68.214  2.969 0.2000000030
25339  53.028  -68.248  3.235 0.2000000030
25342  51.017  -68.454  2.518 0.2000000030
25343  50.086  -68.643  2.582 0.2000000030
25349  43.337  -68.012  1.994 0.5000000000
25366  52.416  -68.985  1.960 0.2000000030
25367  51.999  -68.828  1.754 0.2000000030
25386  45.388  -69.419  0.457 0.5000000000
25403  44.341  -69.566  -0.151 0.5000000000
25408  37.914  -68.942  -0.825 0.4000000060
25409  37.586  -69.203  -1.066 0.4000000060
25425  38.892  -68.004  -0.912 0.4000000060
25435  37.129  -68.221  -3.468 0.4000000060
25439  50.273  -69.422  -4.566 0.1000000015
25450  50.590  -69.229  -5.040 0.1000000015
25452  49.432  -68.244  -4.883 0.1000000015
25453  48.503  -68.074  -5.058 0.1000000015
25454  47.478  -68.146  -5.148 0.2000000030
25480  50.649  -68.868  -6.290 0.1000000015
25526  49.258  -68.080  -9.887 0.1000000015
25527  49.105  -68.246  -10.606 0.1000000015
26328  46.761  -67.503  12.709 0.1000000015
26353  41.237  -68.335  10.710 0.1000000015
26377  40.968  -68.121  10.574 0.1000000015
26394  40.945  -67.165  10.056 0.1000000015
26396  40.096  -68.274  9.451 0.1000000015
26408  40.988  -66.869  8.431 0.1000000015
26427  44.058  -67.147  7.290 0.1000000015
26430  41.384  -67.073  7.867 0.1000000015
26443  52.530  -67.729  5.997 0.1000000015
26464  53.593  -67.815  5.813 0.1000000015
26480  53.923  -67.187  4.257 0.1000000015
26481  48.005  -67.224  4.251 0.4000000060
26507  44.699  -67.570  3.582 0.5000000000
26510  42.218  -67.161  3.032 0.4000000060
26524  51.686  -68.183  2.831 0.2000000030
26528  43.366  -67.706  2.596 0.5000000000
26530  41.907  -67.090  2.416 0.4000000060
26539  41.469  -67.089  1.741 0.4000000060
26553  42.229  -67.619  0.627 0.4000000060
26573  42.315  -67.871  0.129 0.5000000000
26576  38.739  -66.791  -0.477 0.4000000060
26578  37.588  -66.510  -0.672 0.4000000060
26592  40.081  -67.512  -0.689 0.5000000000
26593  39.335  -67.268  -0.749 0.4000000060
26601  36.771  -67.557  -2.545 0.4000000060
26605  37.349  -67.596  -3.785 0.4000000060
26606  37.008  -67.540  -3.235 0.4000000060
26610  38.421  -67.777  -4.808 0.4000000060
26611  37.807  -67.699  -4.269 0.3000000119
26615  50.594  -68.493  -5.561 0.1000000015
26645  50.762  -68.575  -5.991 0.1000000015
26647  49.705  -67.618  -6.649 0.2000000030
26662  49.783  -68.071  -7.225 0.2000000030
26664  48.625  -67.343  -7.681 0.2000000030
26672  49.009  -67.582  -8.363 0.2000000030
26680  49.228  -67.772  -9.168 0.1000000015
26682  48.207  -67.326  -8.907 0.2000000030
26694  48.631  -67.345  -9.909 0.2000000030
26712  48.959  -67.349  -10.623 0.1000000015
26713  49.026  -67.250  -11.201 0.1000000015
27511  43.905  -66.516  11.798 0.1000000015
27551  41.595  -66.851  10.348 0.1000000015
27593  42.075  -66.570  8.895 0.1000000015
27595  40.794  -66.979  9.527 0.1000000015
27631  54.630  -66.425  6.092 0.1000000015
27652  42.013  -66.281  4.689 0.5000000000
27666  54.164  -66.718  4.692 0.1000000015
27669  52.207  -66.523  4.267 0.1000000015
27678  42.460  -66.621  4.352 0.5000000000
27680  40.936  -66.489  4.012 0.4000000060
27694  53.243  -67.154  3.771 0.1000000015
27700  48.262  -67.206  4.254 0.4000000060
27702  42.264  -66.916  3.690 0.4000000060
27723  40.771  -66.978  1.937 0.4000000060
27724  40.358  -66.624  1.677 0.4000000060
27740  40.925  -66.958  1.259 0.5000000000
27767  37.719  -65.993  -0.511 0.4000000060
27770  40.283  -67.234  -0.496 0.5000000000
27772  37.172  -66.225  -0.825 0.4000000060
27784  38.671  -66.123  -4.708 0.2000000030
27791  48.618  -66.608  -5.709 0.2000000030
27796  43.117  -66.716  -5.966 0.3000000119
27801  38.718  -66.892  -4.845 0.3000000119
27816  49.835  -67.394  -6.124 0.2000000030
27820  43.518  -66.081  -6.254 0.3000000119
27857  47.038  -66.981  -8.516 0.2000000030
27858  46.059  -66.503  -8.691 0.2000000030
27865  48.442  -67.244  -9.786 0.2000000030
27867  46.720  -66.599  -9.655 0.2000000030
27876  48.796  -67.232  -10.466 0.1000000015
27878  47.580  -66.479  -10.404 0.1000000015
28715  44.699  -65.734  10.325 0.1000000015
28729  50.186  -66.388  9.804 0.1000000015
28735  44.421  -65.757  9.493 0.1000000015
28757  43.328  -66.020  8.925 0.1000000015
28779  45.785  -66.047  8.084 0.1000000015
28824  43.578  -65.302  5.729 0.6000000238
28855  45.080  -65.519  5.445 0.5000000000
28897  39.972  -66.166  2.515 0.4000000060
28898  39.490  -65.810  2.404 0.4000000060
28916  39.184  -65.725  1.535 0.4000000060
28937  38.414  -65.029  0.685 0.4000000060
28938  38.081  -64.840  0.187 0.4000000060
28966  36.770  -65.663  -1.325 0.4000000060
28972  36.671  -65.848  -2.065 0.4000000060
28975  37.962  -65.373  -3.981 0.3000000119
28977  36.691  -65.777  -3.079 0.4000000060
28980  38.614  -65.696  -4.655 0.2000000030
28982  37.737  -66.310  -4.092 0.3000000119
28986  47.198  -64.736  -5.918 0.3000000119
28990  41.684  -65.807  -5.769 0.3000000119
28994  38.551  -64.983  -4.627 0.2000000030
29009  47.451  -64.928  -6.062 0.3000000119
29010  43.982  -65.600  -6.290 0.3000000119
29011  43.230  -65.424  -6.374 0.2000000030
29012  42.301  -65.473  -6.173 0.3000000119
29037  46.852  -65.269  -7.143 0.3000000119
29055  44.257  -65.074  -8.402 0.3000000119
29056  43.593  -64.825  -8.751 0.2000000030
29064  44.381  -65.155  -9.493 0.3000000119
29073  46.507  -65.205  -10.985 0.1000000015
29074  45.548  -65.233  -10.527 0.1000000015
29075  44.939  -65.214  -10.134 0.1000000015
29085  47.906  -65.275  -11.497 0.1000000015
29879  49.875  -64.954  12.280 0.1000000015
29898  51.838  -64.725  10.451 0.1000000015
29899  51.032  -64.445  10.528 0.1000000015
29967  44.669  -63.714  6.192 0.5000000000
29995  42.942  -64.723  6.066 0.5000000000
29998  39.974  -64.238  5.389 0.4000000060
30007  49.332  -64.852  5.389 0.5000000000
30029  39.152  -64.705  3.740 0.3000000119
30030  38.700  -64.111  3.266 0.3000000119
30066  38.263  -64.111  1.238 0.4000000060
30088  38.055  -64.242  0.519 0.4000000060
30122  36.652  -65.148  -2.363 0.4000000060
30124  37.943  -64.998  -3.881 0.3000000119
30137  47.340  -64.353  -5.990 0.3000000119
30138  46.901  -64.033  -5.788 0.4000000060
30139  45.974  -64.143  -5.710 0.2000000030
30141  44.104  -64.016  -5.868 0.2000000030
30142  40.954  -64.578  -6.080 0.2000000030
30156  47.290  -64.104  -6.029 0.3000000119
30157  44.384  -65.005  -6.158 0.2000000030
30160  41.709  -64.531  -6.281 0.3000000119
30161  40.950  -64.039  -6.205 0.2000000030
30180  47.400  -64.532  -6.122 0.3000000119
30181  47.051  -64.301  -6.498 0.3000000119
30202  44.432  -64.199  -7.912 0.2000000030
30214  44.259  -64.503  -9.801 0.2000000030
30215  43.562  -64.415  -9.274 0.2000000030
30225  46.374  -64.691  -11.228 0.1000000015
30239  46.018  -63.793  -11.372 0.1000000015
31035  50.844  -64.286  10.137 0.1000000015
31113  41.736  -63.373  6.997 0.5000000000
31139  45.164  -63.539  6.160 0.5000000000
31201  44.112  -62.782  1.231 0.1000000015
31203  38.100  -63.142  1.069 0.4000000060
31223  43.678  -62.946  0.816 0.1000000015
31224  43.270  -62.835  0.461 0.1000000015
31226  37.848  -63.389  0.314 0.4000000060
31248  43.483  -62.879  0.266 0.1000000015
31275  36.779  -63.532  -1.999 0.4000000060
31276  36.793  -62.976  -1.918 0.2000000030
31293  37.669  -63.568  -3.921 0.2000000030
31306  46.660  -63.728  -5.873 0.3000000119
31324  46.768  -63.717  -6.099 0.3000000119
31325  46.192  -63.075  -6.383 0.2000000030
31326  43.549  -63.809  -6.124 0.2000000030
31330  39.773  -62.847  -6.013 0.2000000030
31351  43.930  -62.532  -7.731 0.1000000015
31370  43.995  -63.783  -8.025 0.2000000030
31371  43.550  -63.326  -8.482 0.2000000030
31384  44.214  -63.890  -9.983 0.2000000030
31397  45.399  -63.764  -11.018 0.1000000015
31399  44.118  -63.278  -10.160 0.2000000030
31418  45.248  -63.254  -11.095 0.1000000015
31426  48.548  -63.370  -12.666 0.1000000015
31427  48.019  -63.232  -12.434 0.1000000015
32176  43.184  -62.404  13.144 0.1000000015
32250  50.689  -61.416  7.552 0.2000000030
32251  42.693  -61.861  7.350 0.5000000000
32253  41.701  -61.727  7.114 0.4000000060
32268  52.336  -62.558  6.462 0.3000000119
32274  42.276  -62.550  7.231 0.5000000000
32276  40.291  -62.351  6.261 0.4000000060
32277  39.881  -62.820  5.866 0.3000000119
32287  51.876  -62.959  6.155 0.3000000119
32307  39.208  -62.478  4.837 0.2000000030
32366  43.553  -62.207  1.803 0.1000000015
32370  37.956  -62.351  0.953 0.2000000030
32392  43.352  -62.625  1.344 0.1000000015
32395  37.725  -62.491  0.395 0.2000000030
32433  36.923  -62.783  -1.773 0.2000000030
32448  36.964  -62.641  -2.210 0.2000000030
32470  38.043  -62.743  -4.611 0.2000000030
32484  43.751  -62.468  -5.706 0.2000000030
32486  39.131  -62.562  -5.637 0.2000000030
32487  38.524  -62.744  -5.195 0.2000000030
32496  45.513  -62.486  -6.660 0.2000000030
32500  40.132  -62.376  -6.247 0.2000000030
32501  39.644  -62.367  -6.009 0.1000000015
32517  45.275  -62.604  -7.134 0.2000000030
32583  46.919  -62.322  -11.818 0.1000000015
32584  46.003  -62.215  -11.314 0.1000000015
32585  45.281  -62.748  -11.133 0.1000000015
33389  42.233  -61.652  11.418 0.1000000015
33398  43.007  -61.227  10.414 0.1000000015
33437  46.409  -61.201  8.730 0.1000000015
33447  52.977  -62.184  7.002 0.2000000030
33454  42.269  -61.469  7.223 0.5000000000
33455  41.893  -61.566  7.163 0.5000000000
33476  42.643  -60.919  7.112 0.5000000000
33506  41.372  -60.752  4.891 0.1000000015
33509  39.070  -61.849  4.293 0.3000000119
33529  39.618  -61.385  3.781 0.2000000030
33553  40.379  -60.914  3.107 0.1000000015
33578  40.890  -60.850  1.041 0.2000000030
33608  37.771  -61.460  0.511 0.2000000030
33609  37.477  -61.807  0.097 0.2000000030
33622  37.195  -61.769  -0.736 0.2000000030
33685  43.787  -61.851  -5.773 0.2000000030
33700  44.526  -61.660  -6.075 0.1000000015
33701  43.726  -61.474  -6.314 0.1000000015
33726  44.450  -61.558  -6.535 0.2000000030
33728  43.029  -60.834  -7.389 0.1000000015
33749  43.133  -61.409  -7.864 0.1000000015
33781  45.336  -61.685  -10.991 0.1000000015
33801  45.965  -61.065  -11.250 0.1000000015
34537  40.959  -60.764  12.118 0.1000000015
34553  42.289  -60.551  10.341 0.1000000015
34568  42.716  -60.416  10.026 0.1000000015
34591  51.056  -60.666  6.609 0.4000000060
34607  51.306  -60.981  6.468 0.4000000060
34609  47.428  -60.591  6.115 0.5000000000
34620  51.026  -60.887  5.976 0.4000000060
34653  42.996  -60.817  3.362 0.1000000015
34672  40.156  -60.479  2.344 0.2000000030
34698  40.832  -60.620  1.730 0.2000000030
34731  37.942  -60.922  0.397 0.2000000030
34752  37.602  -61.160  -0.242 0.2000000030
34805  37.589  -60.811  -2.963 0.1000000015
34842  38.444  -61.134  -5.109 0.2000000030
34859  40.827  -60.681  -6.310 0.1000000015
34860  39.978  -60.692  -6.166 0.1000000015
34877  43.127  -60.699  -6.916 0.1000000015
34914  43.012  -60.447  -9.444 0.1000000015
34915  42.722  -59.752  -8.986 0.1000000015
34962  48.642  -60.543  -12.799 0.1000000015
35723  40.840  -59.734  11.118 0.1000000015
35738  41.926  -59.729  10.107 0.1000000015
35747  48.243  -59.147  7.626 0.3000000119
35751  44.968  -59.175  8.715 0.2000000030
35777  49.990  -60.102  6.275 0.3000000119
35778  49.429  -59.493  6.097 0.3000000119
35992  40.667  -59.044  -5.794 0.1000000015
36038  42.574  -59.158  -8.448 0.1000000015
36050  44.053  -59.109  -9.716 0.1000000015
36052  42.941  -58.989  -9.058 0.1000000015
36062  45.872  -59.046  -10.815 0.1000000015
36065  43.856  -59.649  -9.832 0.1000000015
36074  47.174  -59.678  -11.641 0.1000000015
36075  46.351  -59.276  -11.153 0.1000000015
36089  47.894  -59.547  -12.081 0.1000000015
36924  42.273  -58.803  5.839 0.4000000060
36927  48.819  -59.224  5.744 0.4000000060
36932  42.790  -57.934  5.736 0.3000000119
37113  41.295  -58.211  -5.793 0.1000000015
37131  42.206  -58.326  -7.094 0.1000000015
37147  42.532  -58.557  -7.937 0.1000000015
37164  43.801  -58.269  -8.772 0.1000000015
37179  45.316  -58.350  -9.677 0.1000000015
37180  44.375  -58.617  -9.445 0.1000000015
37182  43.088  -58.722  -8.954 0.1000000015
37193  44.948  -58.827  -10.069 0.1000000015
37194  44.511  -58.910  -9.884 0.1000000015
37202  48.226  -58.436  -12.007 0.1000000015
37217  48.083  -58.980  -12.061 0.1000000015
38059  47.341  -57.277  7.280 0.2000000030
38085  48.036  -57.910  6.214 0.3000000119
38086  47.592  -57.351  6.321 0.3000000119
38098  44.224  -56.769  5.697 0.3000000119
38346  45.008  -57.832  -8.639 0.1000000015
38348  43.480  -57.855  -8.300 0.1000000015
38363  45.646  -57.907  -9.214 0.1000000015
39252  45.805  -56.654  7.689 0.2000000030
39270  47.218  -56.825  6.308 0.2000000030
40344  40.845  -55.849  11.593 0.1000000015
40421  46.496  -55.847  6.504 0.1000000015
40427  46.621  -55.908  6.174 0.2000000030
40428  46.198  -55.567  6.302 0.1000000015
40490  41.789  -54.825  2.962 0.1000000015
40538  43.752  -55.588  0.964 0.1000000015
41498  45.738  -55.347  6.230 0.2000000030
41553  41.769  -54.260  3.166 0.1000000015
42562  41.737  -54.284  10.227 0.1000000015
43698  42.026  -52.101  3.764 0.1000000015
43708  41.964  -52.617  3.537 0.1000000015
