#!ascii label  , from subject 3060 vox2ras=TkReg
329
31135  48.577  -63.263  5.738 0.0000000000
17395  40.777  -74.976  -0.899 0.0000000000
25341  51.889  -68.504  2.276 0.0000000000
25371  45.707  -69.163  1.013 0.0000000000
16377  47.102  -76.842  0.901 0.0000000000
21784  49.056  -72.044  1.143 0.0000000000
16331  48.884  -75.875  3.290 0.0000000000
21818  43.399  -71.698  -0.523 0.0000000000
26538  42.365  -67.427  1.515 0.0000000000
27671  50.022  -66.369  4.461 0.0000000000
25345  48.267  -69.194  2.460 0.0000000000
21800  46.891  -72.092  0.532 0.0000000000
17379  44.164  -75.820  0.101 0.0000000000
13361  44.314  -79.793  0.498 0.0000000000
35786  49.707  -60.039  5.943 0.0000000000
31132  51.510  -63.413  5.867 0.0000000000
28846  53.615  -66.232  4.754 0.0000000000
27650  43.468  -65.998  5.284 0.0000000000
19474  49.907  -73.946  3.977 0.0000000000
19548  42.070  -73.471  -0.684 0.0000000000
22949  42.182  -70.553  -0.508 0.0000000000
26501  51.072  -67.815  3.298 0.0000000000
25369  50.468  -68.808  2.006 0.0000000000
19517  48.371  -74.082  1.676 0.0000000000
21799  48.186  -71.654  0.570 0.0000000000
19530  46.779  -74.250  1.028 0.0000000000
19532  45.484  -74.162  0.447 0.0000000000
17366  46.054  -76.068  0.512 0.0000000000
13377  42.986  -79.564  0.322 0.0000000000
31108  53.087  -63.218  6.455 0.0000000000
29985  52.797  -64.597  5.927 0.0000000000
29983  54.357  -65.112  6.411 0.0000000000
26506  45.711  -67.823  3.418 0.0000000000
26527  44.295  -67.958  2.879 0.0000000000
27741  40.371  -66.626  0.903 0.0000000000
27704  40.659  -66.472  3.302 0.0000000000
22892  52.224  -70.263  2.304 0.0000000000
22923  51.131  -70.251  0.940 0.0000000000
20646  50.626  -72.187  1.832 0.0000000000
18387  49.307  -74.383  2.588 0.0000000000
16357  48.240  -76.746  2.029 0.0000000000
24138  44.956  -69.861  -0.248 0.0000000000
25373  43.215  -68.118  1.305 0.0000000000
24140  42.899  -69.739  -0.348 0.0000000000
25406  41.327  -68.374  -0.591 0.0000000000
15357  39.520  -77.104  -1.202 0.0000000000
30008  48.892  -65.127  5.294 0.0000000000
25316  47.529  -68.593  3.079 0.0000000000
25346  46.941  -69.328  1.928 0.0000000000
22925  49.407  -70.388  0.097 0.0000000000
24136  47.955  -70.166  0.014 0.0000000000
22929  45.889  -70.072  0.214 0.0000000000
21816  45.256  -71.641  -0.000 0.0000000000
19546  43.851  -73.705  -0.283 0.0000000000
17381  42.410  -75.506  -0.522 0.0000000000
14260  46.017  -78.441  0.738 0.0000000000
15342  44.532  -77.619  0.342 0.0000000000
15344  42.699  -77.530  0.119 0.0000000000
15346  40.727  -77.422  -0.758 0.0000000000
35788  48.483  -59.574  5.675 0.0000000000
33489  48.925  -61.315  5.846 0.0000000000
33487  50.784  -61.403  5.776 0.0000000000
31134  49.566  -63.243  5.701 0.0000000000
28817  50.309  -64.971  5.345 0.0000000000
28848  51.756  -65.752  4.720 0.0000000000
26499  52.874  -67.667  3.384 0.0000000000
26497  53.881  -67.567  4.129 0.0000000000
24066  52.731  -68.619  2.936 0.0000000000
26509  42.862  -67.182  3.175 0.0000000000
32291  48.289  -62.325  5.905 0.0000000000
32292  47.463  -62.520  6.110 0.0000000000
31136  47.699  -63.324  5.866 0.0000000000
18418  41.363  -74.319  -0.767 0.0000000000
19549  41.120  -73.402  -0.718 0.0000000000
26525  51.213  -68.207  2.911 0.0000000000
25313  50.435  -68.235  3.070 0.0000000000
25368  51.194  -68.804  1.787 0.0000000000
17364  47.467  -76.077  1.202 0.0000000000
19518  47.587  -74.205  1.340 0.0000000000
18401  47.162  -75.209  1.147 0.0000000000
18402  46.464  -75.231  0.743 0.0000000000
17365  46.816  -76.065  0.776 0.0000000000
12434  42.285  -80.983  0.383 0.0000000000
31107  53.781  -63.657  6.620 0.0000000000
25347  45.279  -68.507  2.305 0.0000000000
26526  44.994  -67.955  3.028 0.0000000000
27716  39.964  -66.318  2.115 0.0000000000
20645  51.280  -71.840  2.126 0.0000000000
20617  50.811  -72.497  2.757 0.0000000000
17302  49.457  -75.232  3.819 0.0000000000
18361  49.515  -74.627  3.331 0.0000000000
18362  49.208  -75.030  2.775 0.0000000000
18388  48.749  -74.876  2.206 0.0000000000
16332  48.590  -76.582  3.053 0.0000000000
22947  43.931  -70.977  -0.479 0.0000000000
25404  43.709  -69.207  -0.173 0.0000000000
22948  43.166  -70.754  -0.506 0.0000000000
24141  41.820  -69.437  -0.624 0.0000000000
24142  40.644  -69.287  -0.720 0.0000000000
26575  40.711  -67.580  -0.522 0.0000000000
28850  49.531  -65.477  4.932 0.0000000000
28851  48.586  -65.763  4.942 0.0000000000
27672  49.040  -66.393  4.477 0.0000000000
24071  47.606  -69.471  1.230 0.0000000000
21783  50.041  -71.709  1.150 0.0000000000
22924  50.380  -70.195  0.491 0.0000000000
21798  49.321  -71.249  0.555 0.0000000000
21813  47.914  -70.995  0.059 0.0000000000
21814  47.304  -71.184  0.240 0.0000000000
22927  47.266  -70.183  0.256 0.0000000000
21815  46.316  -71.354  0.210 0.0000000000
22945  45.740  -70.513  0.021 0.0000000000
21801  45.896  -72.290  0.304 0.0000000000
18414  44.837  -74.999  0.252 0.0000000000
19545  44.647  -73.904  0.153 0.0000000000
18415  43.995  -74.780  -0.111 0.0000000000
18416  43.163  -74.615  -0.459 0.0000000000
17380  43.326  -75.648  -0.298 0.0000000000
10495  44.358  -82.186  2.609 0.0000000000
12431  44.819  -80.563  0.707 0.0000000000
11478  45.025  -81.196  1.229 0.0000000000
12430  45.647  -80.336  1.097 0.0000000000
13360  45.294  -79.337  0.513 0.0000000000
14267  45.366  -78.347  0.412 0.0000000000
13375  44.582  -78.941  0.296 0.0000000000
13378  42.082  -79.771  0.115 0.0000000000
14270  43.024  -78.626  0.261 0.0000000000
14271  41.930  -78.580  -0.205 0.0000000000
15345  41.726  -77.487  -0.325 0.0000000000
14272  40.928  -78.480  -0.546 0.0000000000
36918  49.006  -59.015  5.872 0.0000000000
35787  49.149  -59.677  5.763 0.0000000000
34623  48.641  -60.395  5.730 0.0000000000
34622  49.490  -60.497  5.764 0.0000000000
32269  51.677  -62.055  6.426 0.0000000000
33486  51.309  -61.533  6.242 0.0000000000
32288  51.286  -62.398  6.062 0.0000000000
32289  50.263  -62.260  5.780 0.0000000000
31133  50.589  -63.254  5.713 0.0000000000
29988  49.876  -64.251  5.559 0.0000000000
29987  50.923  -64.212  5.651 0.0000000000
28814  53.295  -65.489  5.418 0.0000000000
28815  52.330  -65.208  5.305 0.0000000000
28847  52.772  -65.967  4.743 0.0000000000
27695  52.607  -67.114  3.712 0.0000000000
27668  53.109  -66.640  4.200 0.0000000000
23983  53.356  -69.086  4.744 0.0000000000
25289  53.897  -68.263  4.477 0.0000000000
25311  53.670  -68.144  3.812 0.0000000000
25374  42.617  -67.826  0.973 0.0000000000
26537  42.959  -67.726  1.966 0.0000000000
26529  42.619  -67.354  2.439 0.0000000000
28856  41.019  -66.184  4.478 0.0000000000
20675  42.759  -72.579  -0.588 0.0000000000
21819  42.498  -71.586  -0.572 0.0000000000
27697  50.524  -67.155  4.037 0.0000000000
27698  49.511  -67.133  4.193 0.0000000000
26502  49.981  -67.698  3.571 0.0000000000
24069  49.114  -69.287  1.835 0.0000000000
20648  48.664  -72.934  1.546 0.0000000000
21785  48.510  -72.294  1.081 0.0000000000
20649  48.014  -73.365  1.342 0.0000000000
20659  47.427  -73.069  0.875 0.0000000000
20660  46.301  -73.337  0.565 0.0000000000
19531  46.158  -74.445  0.637 0.0000000000
18403  45.700  -75.181  0.477 0.0000000000
17378  45.101  -76.116  0.357 0.0000000000
13376  43.753  -79.197  0.364 0.0000000000
13363  42.666  -80.277  0.348 0.0000000000
13364  42.202  -80.406  0.254 0.0000000000
31131  52.380  -63.568  6.178 0.0000000000
29986  51.907  -64.305  5.648 0.0000000000
31130  53.191  -63.951  6.336 0.0000000000
29984  53.716  -64.815  6.280 0.0000000000
28813  54.238  -65.926  5.478 0.0000000000
26485  44.323  -67.008  4.213 0.0000000000
27677  43.422  -66.664  4.500 0.0000000000
26554  41.650  -67.175  0.892 0.0000000000
27714  41.081  -66.945  2.549 0.0000000000
27715  40.386  -66.526  2.454 0.0000000000
28880  40.063  -65.995  3.055 0.0000000000
22909  52.222  -69.580  1.767 0.0000000000
24095  51.300  -69.294  1.435 0.0000000000
22910  51.877  -70.135  1.606 0.0000000000
21782  51.117  -71.160  1.251 0.0000000000
20647  49.684  -72.713  1.814 0.0000000000
19495  49.787  -73.514  2.826 0.0000000000
19516  49.209  -73.807  1.976 0.0000000000
18389  48.001  -75.245  1.560 0.0000000000
25387  44.672  -69.235  0.285 0.0000000000
25372  44.403  -68.621  1.167 0.0000000000
25388  43.584  -68.557  0.369 0.0000000000
25389  42.753  -68.072  0.489 0.0000000000
25405  42.555  -68.509  -0.246 0.0000000000
26574  41.591  -67.520  -0.028 0.0000000000
27763  40.998  -67.029  0.558 0.0000000000
27764  40.350  -66.985  0.004 0.0000000000
16410  40.008  -76.293  -0.904 0.0000000000
29989  48.882  -64.291  5.579 0.0000000000
29990  47.947  -64.157  5.549 0.0000000000
28819  48.230  -65.057  5.403 0.0000000000
25317  46.453  -68.458  2.899 0.0000000000
25370  46.558  -69.438  1.147 0.0000000000
24097  48.998  -69.495  0.976 0.0000000000
22926  48.865  -70.933  0.205 0.0000000000
24135  48.508  -69.976  -0.072 0.0000000000
24098  48.090  -69.502  0.789 0.0000000000
24099  47.194  -69.554  0.923 0.0000000000
24100  46.431  -69.564  0.819 0.0000000000
24137  45.565  -69.919  0.050 0.0000000000
22946  44.722  -70.757  -0.338 0.0000000000
21817  44.272  -71.719  -0.331 0.0000000000
20661  45.340  -73.112  0.332 0.0000000000
20673  44.594  -72.714  -0.033 0.0000000000
20674  43.672  -72.661  -0.472 0.0000000000
19547  42.975  -73.579  -0.529 0.0000000000
18417  42.244  -74.470  -0.614 0.0000000000
17382  41.400  -75.373  -0.695 0.0000000000
15312  47.725  -77.573  2.112 0.0000000000
10506  44.533  -81.972  1.906 0.0000000000
14259  46.795  -78.380  1.354 0.0000000000
15329  46.638  -77.630  0.778 0.0000000000
15330  45.878  -77.638  0.532 0.0000000000
16392  44.956  -77.024  0.398 0.0000000000
16393  44.326  -76.793  0.255 0.0000000000
14269  44.092  -78.358  0.362 0.0000000000
15343  43.696  -77.568  0.304 0.0000000000
16394  43.466  -76.624  0.053 0.0000000000
16395  42.555  -76.519  -0.247 0.0000000000
16396  41.598  -76.433  -0.520 0.0000000000
16397  40.745  -76.355  -0.738 0.0000000000
15356  40.183  -76.986  -0.994 0.0000000000
35789  47.864  -59.322  5.650 0.0000000000
36928  48.429  -58.839  5.726 0.0000000000
34624  47.812  -60.227  5.854 0.0000000000
32290  49.258  -62.265  5.839 0.0000000000
33449  51.556  -61.043  7.005 0.0000000000
34621  50.313  -60.606  5.858 0.0000000000
33488  49.903  -61.326  5.714 0.0000000000
28818  49.713  -64.922  5.347 0.0000000000
28849  50.661  -65.639  4.795 0.0000000000
28816  51.320  -65.072  5.350 0.0000000000
27670  51.126  -66.446  4.382 0.0000000000
27696  51.629  -67.132  3.818 0.0000000000
26500  52.115  -67.696  3.282 0.0000000000
26523  52.408  -68.200  2.902 0.0000000000
26498  53.447  -67.601  3.714 0.0000000000
26522  52.872  -68.086  3.160 0.0000000000
25340  52.472  -68.617  2.592 0.0000000000
25348  43.920  -68.315  2.082 0.0000000000
26508  43.676  -67.328  3.565 0.0000000000
27701  42.935  -66.924  3.843 0.0000000000
27703  41.508  -66.870  3.350 0.0000000000
27679  41.644  -66.504  4.272 0.0000000000
9601  43.725  -82.954  2.620 0.0000000000
11468  44.890  -81.529  2.017 0.0000000000
12452  41.855  -80.601  0.180 0.0000000000
13362  43.448  -80.065  0.461 0.0000000000
13374  45.032  -78.727  0.277 0.0000000000
14268  44.822  -78.282  0.310 0.0000000000
15341  45.201  -77.649  0.382 0.0000000000
16378  46.395  -76.860  0.572 0.0000000000
16379  45.617  -76.899  0.437 0.0000000000
16411  39.233  -76.340  -1.252 0.0000000000
17318  49.207  -75.410  3.315 0.0000000000
17319  48.836  -75.619  2.771 0.0000000000
17345  48.460  -75.908  2.128 0.0000000000
17383  40.573  -75.646  -0.806 0.0000000000
20618  50.251  -72.784  2.418 0.0000000000
20658  48.140  -72.629  1.103 0.0000000000
21759  51.745  -71.030  2.321 0.0000000000
21796  50.775  -70.610  0.737 0.0000000000
21797  50.226  -70.880  0.617 0.0000000000
21802  45.253  -72.401  0.199 0.0000000000
22928  46.401  -70.161  0.313 0.0000000000
22941  48.887  -70.138  -0.165 0.0000000000
22942  48.445  -70.551  0.018 0.0000000000
22943  47.641  -70.587  0.096 0.0000000000
22944  46.787  -70.635  0.205 0.0000000000
23982  53.692  -68.653  4.641 0.0000000000
24018  53.582  -68.947  4.028 0.0000000000
24048  53.112  -68.674  3.291 0.0000000000
24068  49.817  -69.012  2.078 0.0000000000
24070  48.170  -69.447  1.510 0.0000000000
24093  52.406  -69.292  1.927 0.0000000000
24094  52.030  -69.368  1.595 0.0000000000
24096  50.177  -69.361  1.464 0.0000000000
24114  51.438  -69.741  1.284 0.0000000000
24116  49.670  -69.739  0.465 0.0000000000
24117  48.712  -69.711  0.307 0.0000000000
24118  47.821  -69.820  0.336 0.0000000000
24119  46.843  -69.847  0.541 0.0000000000
24120  45.912  -69.739  0.473 0.0000000000
24121  45.297  -69.614  0.162 0.0000000000
24134  49.065  -69.906  -0.033 0.0000000000
24139  43.969  -70.098  -0.298 0.0000000000
25310  54.037  -67.778  4.340 0.0000000000
25312  50.946  -68.214  2.969 0.0000000000
25339  53.028  -68.248  3.235 0.0000000000
25342  51.017  -68.454  2.518 0.0000000000
25349  43.337  -68.012  1.994 0.0000000000
25366  52.416  -68.985  1.960 0.0000000000
25367  51.999  -68.828  1.754 0.0000000000
25386  45.388  -69.419  0.457 0.0000000000
25403  44.341  -69.566  -0.151 0.0000000000
26507  44.699  -67.570  3.582 0.0000000000
26510  42.218  -67.161  3.032 0.0000000000
26524  51.686  -68.183  2.831 0.0000000000
26528  43.366  -67.706  2.596 0.0000000000
26530  41.907  -67.090  2.416 0.0000000000
26539  41.469  -67.089  1.741 0.0000000000
26553  42.229  -67.619  0.627 0.0000000000
26573  42.315  -67.871  0.129 0.0000000000
27652  42.013  -66.281  4.689 0.0000000000
27669  52.207  -66.523  4.267 0.0000000000
27678  42.460  -66.621  4.352 0.0000000000
27680  40.936  -66.489  4.012 0.0000000000
27694  53.243  -67.154  3.771 0.0000000000
27702  42.264  -66.916  3.690 0.0000000000
27723  40.771  -66.978  1.937 0.0000000000
27724  40.358  -66.624  1.677 0.0000000000
27740  40.925  -66.958  1.259 0.0000000000
28897  39.972  -66.166  2.515 0.0000000000
28898  39.490  -65.810  2.404 0.0000000000
30007  49.332  -64.852  5.389 0.0000000000
32268  52.336  -62.558  6.462 0.0000000000
32287  51.876  -62.959  6.155 0.0000000000
34607  51.306  -60.981  6.468 0.0000000000
36927  48.819  -59.224  5.744 0.0000000000
