#!ascii label  , from subject 3060 vox2ras=TkReg
607
73837  24.112  -24.782  -7.329 0.1428571492
73815  23.603  -25.390  -6.919 0.1428571492
76372  24.381  -23.525  -8.124 0.1428571492
73814  24.577  -25.257  -6.600 0.1428571492
75077  24.578  -24.079  -7.623 0.2857142985
75078  23.772  -24.267  -7.849 0.1428571492
75058  25.561  -24.413  -6.940 0.1428571492
77558  25.332  -22.895  -8.471 0.5714285970
76356  25.701  -23.720  -7.386 0.1428571492
77556  27.039  -22.405  -8.074 0.2857142985
76369  26.786  -23.046  -7.372 0.2857142985
77555  27.656  -21.959  -7.797 0.1428571492
81268  28.744  -19.230  -8.324 0.2857142985
81279  28.170  -19.523  -9.307 0.1428571492
80054  27.813  -20.201  -9.050 0.2857142985
83598  29.541  -17.110  -9.363 0.2857142985
82421  29.343  -18.368  -8.242 0.2857142985
84673  29.430  -16.358  -9.872 0.2857142985
86712  29.831  -14.712  -9.879 0.2857142985
89911  29.245  -11.523  -10.725 0.8571428657
88811  29.135  -12.697  -10.208 0.4285714328
85723  30.078  -15.582  -9.738 0.2857142985
92113  29.823  -9.512  -10.212 0.7142857313
91011  29.510  -10.513  -10.398 0.7142857313
89912  28.980  -12.135  -11.026 0.7142857313
93168  30.111  -8.510  -9.999 0.8571428657
93169  29.677  -8.629  -10.830 0.8571428657
91023  29.299  -10.687  -11.239 0.7142857313
95233  30.825  -5.994  -10.231 0.4285714328
94211  30.001  -7.647  -10.632 0.7142857313
97329  31.654  -4.500  -9.784 0.2857142985
98421  30.569  -3.746  -10.633 0.5714285970
96262  29.924  -6.105  -10.868 0.8571428657
96261  30.296  -5.442  -10.655 0.7142857313
95235  29.745  -6.767  -11.122 0.8571428657
99465  31.783  -2.439  -9.645 0.1428571492
98404  32.300  -3.538  -9.498 0.1428571492
98405  31.205  -3.447  -10.049 0.4285714328
97343  30.196  -4.388  -10.922 0.5714285970
101544  30.890  -0.444  -9.983 0.1428571492
100491  31.338  -1.419  -9.791 0.1428571492
99466  30.951  -2.349  -10.201 0.4285714328
96273  29.763  -4.935  -11.047 0.8571428657
103545  31.237  1.372  -10.109 0.1428571492
102540  31.456  0.516  -9.747 0.1428571492
102541  30.554  0.539  -10.172 0.1428571492
101545  29.854  -0.496  -10.549 0.4285714328
99467  30.188  -2.345  -10.642 0.5714285970
98422  29.937  -3.322  -11.123 0.7142857313
97344  29.729  -4.394  -11.562 0.8571428657
103557  30.431  1.491  -10.409 0.1428571492
104646  30.382  2.601  -10.575 0.1428571492
102553  29.809  0.690  -10.617 0.1428571492
101556  29.373  0.017  -10.873 0.5714285970
99478  29.723  -2.287  -11.224 0.8571428657
99492  29.446  -2.767  -11.606 0.8571428657
105667  30.946  3.806  -10.460 0.1428571492
105668  30.031  3.615  -11.293 0.2857142985
103558  29.856  1.536  -11.030 0.1428571492
103578  29.320  1.492  -11.717 0.8571428657
101546  29.603  -1.073  -11.053 0.8571428657
100493  29.848  -1.544  -10.827 0.7142857313
101558  28.928  -1.116  -11.913 0.8571428657
106602  29.344  4.667  -12.027 0.1428571492
107535  29.737  5.555  -11.607 0.1428571492
105669  29.582  2.989  -11.733 0.4285714328
104668  28.576  2.453  -12.636 0.8571428657
103579  28.820  1.455  -12.330 0.8571428657
101581  29.213  -0.045  -11.898 0.8571428657
101582  28.755  -0.553  -12.250 0.8571428657
105690  29.270  3.492  -12.157 0.4285714328
103580  28.089  1.398  -12.751 0.8571428657
102578  28.410  0.464  -12.551 0.8571428657
107536  29.218  5.584  -12.249 0.1428571492
108539  29.280  6.369  -12.626 0.2857142985
106623  28.880  4.931  -12.585 0.5714285970
106624  28.463  4.541  -13.280 0.8571428657
106603  28.833  4.229  -12.547 0.8571428657
104669  27.878  2.123  -13.034 0.8571428657
104689  28.109  2.807  -13.171 0.8571428657
108540  28.773  6.455  -13.317 0.2857142985
107556  28.747  5.595  -12.921 0.5714285970
107557  28.445  5.549  -13.722 0.8571428657
105710  27.988  3.505  -13.483 0.8571428657
105711  27.353  3.541  -13.941 0.8571428657
107570  27.944  5.514  -14.356 0.8571428657
106625  27.839  4.213  -13.771 0.8571428657
106641  26.528  4.537  -14.856 0.7142857313
105723  26.668  3.600  -14.455 0.7142857313
108553  28.321  6.441  -14.068 0.8571428657
108554  27.571  6.469  -14.676 0.8571428657
106640  27.383  4.533  -14.306 0.8571428657
108555  26.943  6.133  -15.103 0.8571428657
108569  27.128  6.816  -15.255 0.8571428657
107571  27.127  5.442  -14.740 0.7142857313
110402  27.584  8.343  -15.624 0.7142857313
109501  27.545  7.494  -15.043 0.8571428657
109515  27.138  7.462  -15.852 0.8571428657
110429  26.537  9.054  -16.823 0.7142857313
115173  27.101  13.798  -15.713 0.1428571492
111314  27.397  9.256  -15.989 0.8571428657
111324  26.902  9.427  -16.653 0.7142857313
112285  26.660  10.367  -16.746 0.7142857313
110415  26.938  8.457  -16.494 0.8571428657
116229  25.827  14.458  -16.723 0.1428571492
113262  26.090  11.329  -17.181 0.5714285970
113275  25.704  11.394  -18.374 0.5714285970
114263  25.710  12.449  -17.005 0.1428571492
118181  25.809  16.560  -17.306 0.1428571492
114280  25.233  12.311  -18.742 0.5714285970
118188  24.817  16.641  -18.617 0.1428571492
119135  24.725  17.514  -18.881 0.1428571492
116244  24.661  14.425  -18.245 0.1428571492
120090  24.654  18.302  -19.844 0.1428571492
115187  25.027  13.370  -18.370 0.5714285970
118189  24.390  16.680  -19.190 0.1428571492
118196  24.076  16.362  -19.969 0.1428571492
120099  24.270  18.652  -20.503 0.1428571492
118197  23.785  16.809  -20.342 0.1428571492
72638  23.828  -25.785  -6.470 0.1428571492
76371  25.246  -23.350  -7.877 0.2857142985
76354  27.201  -23.375  -6.878 0.2857142985
76370  26.142  -23.095  -7.619 0.2857142985
80037  28.688  -19.756  -7.704 0.2857142985
80038  28.069  -20.437  -8.214 0.2857142985
86713  29.112  -14.628  -10.369 0.2857142985
85724  29.415  -15.484  -10.189 0.2857142985
88810  29.378  -12.014  -9.898 0.4285714328
87712  29.358  -13.823  -9.906 0.5714285970
94200  30.550  -7.629  -9.954 0.2857142985
89921  29.152  -11.192  -11.424 0.7142857313
96260  31.194  -5.406  -10.096 0.1428571492
104631  31.050  2.120  -10.280 0.1428571492
102554  29.300  0.525  -11.340 0.8571428657
100526  28.664  -1.617  -12.191 0.8571428657
101583  27.884  -0.494  -12.789 0.8571428657
110401  28.057  8.348  -14.721 0.8571428657
115175  25.453  13.416  -17.290 0.1428571492
118182  25.259  16.591  -17.937 0.1428571492
121029  25.345  19.410  -19.923 0.1428571492
72639  23.194  -26.265  -6.611 0.1428571492
77571  26.841  -21.918  -8.623 0.2857142985
77557  25.882  -22.682  -8.269 0.4285714328
77573  25.292  -22.376  -9.075 0.2857142985
80039  27.573  -21.067  -8.565 0.1428571492
81267  29.350  -19.221  -7.438 0.2857142985
82431  29.142  -17.902  -9.117 0.2857142985
82432  28.976  -18.772  -9.014 0.2857142985
88812  28.538  -12.659  -11.087 0.7142857313
101543  31.836  -0.442  -9.522 0.1428571492
104630  31.812  2.169  -10.039 0.1428571492
106585  30.611  4.688  -10.866 0.1428571492
105689  29.575  4.125  -11.654 0.2857142985
106601  29.950  4.700  -11.430 0.1428571492
104667  29.280  2.384  -12.061 0.8571428657
99493  28.943  -2.518  -12.059 0.8571428657
109461  29.949  6.890  -12.320 0.1428571492
109484  29.500  7.311  -13.021 0.1428571492
109485  28.749  7.351  -13.687 0.2857142985
104707  26.825  2.876  -14.059 0.8571428657
109500  28.085  7.408  -14.311 0.5714285970
111301  27.719  9.286  -14.994 0.5714285970
112284  27.191  9.963  -16.226 0.7142857313
113249  26.665  11.373  -16.056 0.4285714328
113248  27.608  11.416  -15.374 0.2857142985
114248  27.224  12.165  -15.653 0.2857142985
114262  26.594  12.506  -16.203 0.1428571492
115174  26.137  13.530  -16.418 0.1428571492
115194  24.712  13.486  -19.306 0.2857142985
117196  25.629  15.177  -17.047 0.1428571492
117218  24.569  15.626  -19.267 0.1428571492
117224  24.235  15.368  -20.078 0.1428571492
119134  25.448  17.582  -18.286 0.1428571492
120100  23.595  18.264  -20.879 0.1428571492
119157  23.320  17.499  -21.150 0.1428571492
120109  23.935  18.903  -21.236 0.1428571492
110388  28.617  8.256  -13.995 0.4285714328
111300  28.627  9.356  -14.161 0.4285714328
112254  28.006  10.305  -14.535 0.4285714328
113231  27.845  10.861  -14.959 0.4285714328
112270  27.399  10.231  -15.354 0.5714285970
112271  26.976  10.629  -15.893 0.5714285970
75059  24.797  -24.510  -7.160 0.1428571492
73816  22.742  -25.405  -7.210 0.1428571492
76373  23.490  -23.380  -8.042 0.2857142985
76390  24.929  -23.082  -8.524 0.5714285970
76355  26.330  -23.674  -7.106 0.1428571492
78759  27.603  -21.484  -8.153 0.1428571492
82422  29.022  -18.788  -8.553 0.2857142985
91042  29.224  -10.283  -11.758 0.7142857313
95234  30.507  -6.652  -10.461 0.8571428657
94212  29.360  -7.750  -11.260 0.8571428657
97330  30.877  -4.492  -10.397 0.5714285970
98406  30.538  -3.051  -10.503 0.5714285970
100492  30.475  -1.437  -10.297 0.1428571492
104647  29.743  2.441  -11.391 0.5714285970
100507  29.110  -1.614  -11.774 0.8571428657
102577  29.095  0.543  -12.132 0.8571428657
105691  28.533  3.500  -12.887 0.8571428657
104690  27.400  2.479  -13.593 0.8571428657
106639  28.091  4.857  -13.953 0.8571428657
116228  26.734  14.631  -16.178 0.1428571492
114275  25.382  12.428  -17.940 0.5714285970
113274  25.977  10.896  -17.908 0.5714285970
119133  26.493  17.813  -18.053 0.1428571492
115188  24.758  13.914  -18.799 0.4285714328
117211  24.605  15.186  -18.494 0.1428571492
120089  25.342  18.813  -19.575 0.1428571492
120080  25.349  18.321  -18.923 0.1428571492
116243  25.243  14.387  -17.533 0.1428571492
116250  24.662  14.506  -19.071 0.1428571492
119148  24.010  17.854  -19.937 0.1428571492
80026  28.964  -20.373  -7.143 0.1428571492
77572  26.318  -22.134  -8.729 0.4285714328
83612  28.517  -17.298  -10.404 0.5714285970
116255  24.582  14.539  -19.851 0.1428571492
82462  27.978  -18.010  -10.653 0.5714285970
83600  26.756  -17.335  -10.045 0.5714285970
83601  26.047  -17.516  -9.607 0.2857142985
84686  27.740  -16.518  -10.562 0.5714285970
84687  27.004  -16.533  -10.159 0.5714285970
82450  25.673  -18.517  -9.454 0.4285714328
83614  27.515  -17.520  -10.435 0.5714285970
83602  24.902  -17.599  -9.358 0.2857142985
84676  25.475  -16.651  -9.621 0.4285714328
85738  28.726  -15.469  -10.463 0.4285714328
85739  28.013  -15.543  -10.599 0.5714285970
85740  27.225  -15.569  -10.370 0.5714285970
85741  26.178  -15.597  -10.157 0.4285714328
86731  28.314  -14.563  -10.623 0.5714285970
86732  27.500  -14.578  -10.645 0.5714285970
87726  27.795  -13.435  -11.093 0.7142857313
87747  26.992  -12.957  -11.402 0.4285714328
85725  25.791  -16.110  -9.832 0.4285714328
84677  24.633  -16.491  -9.456 0.2857142985
86733  26.602  -14.652  -10.552 0.4285714328
87725  28.699  -13.650  -10.561 0.7142857313
88826  27.842  -12.379  -11.499 0.7142857313
89924  26.632  -11.520  -11.690 0.4285714328
91045  27.232  -10.453  -12.110 0.7142857313
91059  26.783  -10.181  -12.288 0.5714285970
91058  27.248  -10.033  -12.365 0.7142857313
92160  26.438  -9.878  -12.434 0.2857142985
89922  28.533  -11.485  -11.637 0.5714285970
89943  27.694  -10.955  -12.071 0.7142857313
92143  28.391  -9.524  -12.373 0.7142857313
93194  27.257  -8.529  -12.475 0.7142857313
94240  27.746  -7.619  -12.414 0.7142857313
94241  26.944  -7.573  -12.463 0.7142857313
93195  26.451  -8.514  -12.347 0.4285714328
92125  29.451  -9.699  -11.180 0.5714285970
91043  28.738  -10.462  -12.184 0.5714285970
93179  29.307  -8.713  -11.631 0.5714285970
94239  28.528  -7.734  -12.239 0.5714285970
95261  28.234  -6.658  -12.483 0.7142857313
96291  27.805  -5.453  -13.059 0.7142857313
95262  27.393  -6.616  -12.611 0.7142857313
96292  26.899  -5.823  -12.870 0.5714285970
96309  27.465  -4.724  -13.332 0.5714285970
95246  28.972  -6.856  -11.801 0.5714285970
96290  28.796  -5.648  -12.507 0.7142857313
97360  28.465  -4.598  -13.008 0.8571428657
95263  26.608  -6.629  -12.501 0.4285714328
98458  28.181  -3.949  -13.245 0.7142857313
97376  27.138  -4.118  -13.504 0.7142857313
98459  27.642  -3.311  -13.318 0.7142857313
96274  29.605  -5.595  -11.563 0.5714285970
98439  28.529  -3.472  -12.716 0.8571428657
99511  27.778  -2.286  -13.081 0.7142857313
99512  27.177  -2.211  -13.695 0.5714285970
100561  26.375  -1.001  -14.069 0.2857142985
98438  29.292  -3.516  -11.918 0.7142857313
101622  26.175  -0.300  -14.309 0.7142857313
99494  28.328  -2.389  -12.607 0.7142857313
103601  27.470  1.389  -13.291 0.8571428657
100545  27.497  -1.371  -13.251 0.8571428657
101605  26.640  -0.346  -13.841 0.5714285970
102599  26.993  0.492  -13.521 0.8571428657
102600  26.452  0.530  -14.037 0.8571428657
102620  25.827  0.580  -14.405 0.7142857313
100527  28.119  -1.465  -12.678 0.8571428657
102579  27.612  0.467  -12.972 0.8571428657
103621  26.207  1.462  -14.177 0.8571428657
103602  26.860  1.410  -13.769 0.8571428657
104691  26.667  2.157  -13.981 0.8571428657
104708  26.127  2.546  -14.461 0.7142857313
107572  26.445  5.436  -15.246 0.7142857313
107584  25.815  5.461  -15.737 0.7142857313
108570  26.455  6.498  -15.617 0.5714285970
109516  26.261  7.564  -16.234 0.8571428657
109532  25.798  8.102  -16.766 0.7142857313
108571  25.511  6.528  -16.078 0.7142857313
109533  24.922  7.798  -16.791 0.7142857313
110431  25.358  8.679  -17.508 0.7142857313
109534  24.056  7.734  -16.737 0.5714285970
110430  26.180  8.749  -17.022 0.7142857313
110432  24.374  8.265  -17.385 0.5714285970
110439  25.076  9.232  -17.954 0.4285714328
110440  24.535  8.888  -17.976 0.5714285970
110441  23.833  8.673  -17.796 0.5714285970
111326  25.862  9.146  -17.499 0.5714285970
109535  23.343  7.698  -16.144 0.5714285970
111335  24.814  9.451  -18.472 0.5714285970
110433  23.490  8.460  -16.870 0.4285714328
110434  22.652  8.304  -16.022 0.5714285970
109536  22.937  7.807  -15.824 0.4285714328
111327  23.376  9.301  -17.449 0.5714285970
111343  24.419  9.898  -19.138 0.5714285970
111315  21.898  9.087  -15.781 0.4285714328
109520  21.499  7.288  -14.691 0.4285714328
111328  22.713  9.260  -16.519 0.5714285970
112257  21.626  9.812  -14.646 0.4285714328
112272  22.372  10.163  -15.637 0.2857142985
112273  21.737  9.501  -15.305 0.4285714328
111302  20.906  9.285  -14.041 0.2857142985
82449  26.887  -18.413  -10.025 0.5714285970
81295  26.224  -19.566  -9.701 0.5714285970
84674  28.862  -16.686  -10.219 0.2857142985
84684  28.974  -16.091  -10.270 0.2857142985
87727  26.882  -13.716  -10.876 0.5714285970
85726  25.207  -15.589  -9.740 0.2857142985
85742  25.554  -15.064  -10.127 0.2857142985
88827  27.130  -12.233  -11.527 0.5714285970
91010  30.019  -10.403  -9.540 0.2857142985
89945  26.106  -10.846  -12.158 0.2857142985
92145  26.765  -9.329  -12.459 0.7142857313
100546  26.866  -1.229  -13.740 0.7142857313
106654  26.022  4.531  -15.567 0.7142857313
105739  25.627  4.007  -15.659 0.7142857313
108586  24.961  7.003  -16.484 0.7142857313
110417  21.953  8.219  -15.128 0.2857142985
111325  26.179  9.615  -17.229 0.5714285970
111334  25.557  9.651  -18.058 0.5714285970
112296  26.100  10.467  -17.534 0.5714285970
111341  25.600  10.141  -18.713 0.5714285970
112286  23.390  10.156  -17.913 0.2857142985
87728  26.036  -13.818  -10.794 0.4285714328
83599  28.947  -17.207  -9.900 0.2857142985
91024  29.130  -10.883  -11.782 0.5714285970
97359  29.174  -4.549  -12.331 0.7142857313
110416  26.353  8.239  -16.654 0.8571428657
92142  29.118  -9.579  -12.026 0.5714285970
82461  28.233  -17.730  -10.524 0.5714285970
82463  27.600  -18.150  -10.374 0.4285714328
84685  28.436  -16.442  -10.528 0.5714285970
86734  25.773  -14.580  -10.440 0.4285714328
87746  27.456  -12.776  -11.447 0.5714285970
89923  27.446  -11.548  -11.675 0.7142857313
89944  26.924  -10.851  -11.821 0.5714285970
89925  25.890  -11.570  -11.810 0.4285714328
88828  26.410  -12.267  -11.519 0.4285714328
89942  28.236  -10.846  -12.191 0.7142857313
91044  27.863  -10.273  -12.328 0.7142857313
91060  26.279  -10.277  -12.382 0.2857142985
92144  27.505  -9.461  -12.483 0.7142857313
93192  28.826  -8.686  -12.197 0.7142857313
93193  28.073  -8.600  -12.444 0.7142857313
94222  29.085  -7.946  -11.927 0.5714285970
97375  27.828  -4.378  -13.360 0.7142857313
97377  26.317  -4.253  -13.654 0.2857142985
99528  26.442  -1.878  -14.160 0.5714285970
99529  25.775  -1.925  -14.362 0.2857142985
101604  27.181  -0.434  -13.308 0.8571428657
111336  23.911  9.359  -18.390 0.7142857313
112287  22.935  10.203  -16.913 0.5714285970
86735  24.993  -14.511  -10.199 0.1428571492
87749  25.462  -13.131  -11.054 0.4285714328
76392  23.702  -22.536  -8.351 0.4285714328
83597  30.234  -16.884  -8.963 0.1428571492
84672  30.194  -16.358  -9.399 0.1428571492
88798  29.596  -13.246  -9.577 0.1428571492
84658  30.699  -16.289  -8.775 0.1428571492
87710  30.599  -13.254  -8.812 0.1428571492
86700  30.456  -14.864  -9.338 0.1428571492
85708  30.644  -15.617  -9.145 0.1428571492
88797  29.945  -12.555  -9.273 0.1428571492
92112  30.466  -9.423  -9.473 0.2857142985
93156  30.883  -8.480  -9.470 0.1428571492
121055  22.092  19.202  -22.398 0.1428571492
103622  25.419  1.593  -14.563 0.4285714328
120114  21.729  19.128  -22.417 0.1428571492
118204  23.989  15.850  -20.410 0.1428571492
105740  24.973  3.581  -15.536 0.4285714328
106656  24.549  4.469  -15.969 0.4285714328
115202  22.374  13.641  -19.781 0.2857142985
113289  23.549  11.514  -20.014 0.2857142985
105743  22.468  3.701  -15.317 0.1428571492
107585  24.990  5.419  -16.001 0.5714285970
109517  25.501  7.436  -16.417 0.5714285970
113283  22.773  11.710  -18.799 0.2857142985
112303  25.561  10.612  -19.195 0.4285714328
107587  23.208  5.328  -16.220 0.4285714328
108573  23.698  6.296  -16.393 0.5714285970
113276  23.118  10.936  -18.375 0.2857142985
107588  22.442  5.356  -15.616 0.4285714328
108574  22.791  6.248  -16.015 0.2857142985
113264  22.928  10.846  -17.490 0.1428571492
108556  21.244  5.859  -14.739 0.1428571492
109519  22.667  7.354  -15.495 0.4285714328
113265  22.616  11.362  -16.545 0.1428571492
114276  22.373  12.473  -18.177 0.1428571492
109502  21.138  6.476  -14.570 0.2857142985
112234  20.255  9.862  -13.024 0.1428571492
114264  22.513  12.477  -17.093 0.1428571492
112256  22.421  10.637  -14.314 0.1428571492
112255  22.712  11.012  -13.945 0.1428571492
113250  22.448  11.499  -15.143 0.1428571492
113233  22.596  11.505  -14.017 0.1428571492
77574  24.266  -21.925  -8.836 0.4285714328
80057  24.132  -20.391  -8.658 0.2857142985
83583  29.777  -17.442  -8.628 0.1428571492
86699  31.071  -14.929  -8.874 0.1428571492
105725  25.212  3.098  -15.181 0.2857142985
113281  24.775  12.024  -19.586 0.2857142985
114289  22.841  12.409  -20.163 0.2857142985
78785  23.685  -21.189  -8.422 0.2857142985
80027  28.349  -20.888  -7.460 0.1428571492
78758  27.954  -21.401  -7.593 0.1428571492
83574  29.991  -17.584  -7.883 0.1428571492
89910  29.631  -11.373  -9.720 0.1428571492
107589  21.765  5.292  -14.917 0.1428571492
104709  25.317  2.596  -14.842 0.4285714328
106658  22.883  4.485  -15.705 0.2857142985
108588  23.743  7.111  -16.517 0.5714285970
114287  24.401  12.597  -19.676 0.2857142985
114288  23.680  12.471  -20.098 0.2857142985
115211  22.839  14.065  -20.328 0.2857142985
117233  22.372  15.517  -20.950 0.1428571492
117242  21.883  15.848  -21.205 0.1428571492
118205  23.579  16.384  -20.880 0.1428571492
118206  22.968  15.910  -21.075 0.1428571492
119158  22.712  17.602  -21.446 0.1428571492
116262  24.098  14.648  -20.272 0.1428571492
117231  23.834  15.422  -20.419 0.1428571492
94199  31.204  -7.573  -9.471 0.2857142985
114281  24.867  12.435  -19.216 0.4285714328
116257  21.843  14.851  -19.585 0.2857142985
115200  24.074  13.653  -20.195 0.2857142985
115209  23.854  14.265  -20.398 0.1428571492
77591  24.857  -21.852  -9.250 0.4285714328
76391  24.349  -22.810  -8.491 0.4285714328
112297  25.824  10.469  -18.279 0.4285714328
113280  25.199  11.551  -19.433 0.2857142985
106655  25.379  4.541  -15.807 0.4285714328
108572  24.574  6.274  -16.262 0.5714285970
108587  24.296  6.998  -16.730 0.5714285970
112310  25.118  10.897  -19.739 0.2857142985
105724  25.817  3.556  -15.109 0.5714285970
109518  23.348  6.928  -16.023 0.5714285970
112298  23.625  10.236  -18.922 0.2857142985
87711  30.163  -13.873  -9.196 0.1428571492
105741  24.048  3.600  -15.685 0.2857142985
114282  22.557  12.559  -19.238 0.2857142985
113290  22.834  11.730  -19.723 0.2857142985
112305  24.072  10.679  -19.691 0.2857142985
113288  24.421  11.616  -19.889 0.2857142985
107586  24.111  5.338  -16.290 0.4285714328
113277  22.566  11.583  -17.764 0.1428571492
106659  22.180  4.495  -15.159 0.2857142985
108575  21.844  6.277  -15.302 0.4285714328
88796  31.313  -12.653  -8.721 0.1428571492
104728  24.832  2.624  -15.235 0.2857142985
115201  23.164  13.330  -20.287 0.2857142985
116264  23.021  14.808  -20.331 0.2857142985
118214  22.570  16.501  -21.300 0.1428571492
96310  26.960  -4.941  -13.244 0.4285714328
98476  26.144  -2.425  -14.274 0.2857142985
116246  21.269  14.848  -17.574 0.1428571492
115203  21.732  14.109  -19.089 0.1428571492
117212  21.150  15.713  -18.032 0.1428571492
114232  22.156  12.565  -14.539 0.1428571492
116231  21.389  14.907  -16.565 0.1428571492
116251  21.748  14.295  -18.089 0.1428571492
115196  21.722  14.149  -18.584 0.1428571492
115163  22.132  13.659  -15.778 0.1428571492
115148  22.141  13.588  -14.972 0.1428571492
116245  21.639  13.975  -17.287 0.1428571492
116215  21.603  14.963  -15.669 0.1428571492
117197  21.339  15.853  -16.960 0.1428571492
115189  22.309  13.233  -17.554 0.1428571492
116230  21.792  14.199  -16.197 0.1428571492
117182  21.281  15.999  -15.017 0.1428571492
117183  21.474  15.888  -15.825 0.1428571492
98460  26.575  -3.092  -14.021 0.2857142985
116214  21.777  14.301  -15.324 0.1428571492
118190  20.795  16.483  -18.555 0.1428571492
115195  22.044  13.536  -18.496 0.1428571492
116252  21.531  14.794  -18.579 0.1428571492
117219  21.243  15.669  -19.071 0.1428571492
117171  21.453  15.476  -15.202 0.1428571492
116200  21.883  14.582  -14.464 0.1428571492
80076  26.535  -20.599  -9.557 0.4285714328
80075  27.068  -20.375  -9.587 0.2857142985
81294  27.343  -19.813  -9.947 0.2857142985
81280  27.671  -20.087  -9.411 0.1428571492
81293  28.010  -19.150  -10.028 0.2857142985
78804  26.360  -21.291  -9.341 0.2857142985
82447  28.500  -18.227  -9.972 0.2857142985
82448  27.730  -18.658  -10.240 0.2857142985
106657  23.675  4.461  -15.997 0.2857142985
80056  26.752  -21.060  -9.318 0.2857142985
78806  24.795  -21.141  -9.254 0.2857142985
80077  25.522  -20.379  -9.518 0.2857142985
80078  24.797  -20.043  -9.220 0.2857142985
87748  26.235  -13.035  -11.191 0.2857142985
96293  26.372  -5.984  -12.639 0.1428571492
98477  25.712  -2.721  -14.395 0.1428571492
100562  25.977  -1.124  -14.427 0.1428571492
101623  25.536  -0.311  -14.506 0.1428571492
100563  25.264  -1.200  -14.476 0.1428571492
102621  25.115  0.583  -14.702 0.1428571492
104730  23.531  2.720  -15.604 0.1428571492
104731  22.592  2.795  -15.290 0.1428571492
110418  21.168  8.084  -14.549 0.1428571492
109503  20.425  6.943  -13.906 0.1428571492
110403  20.688  8.453  -14.194 0.1428571492
111316  21.266  8.959  -14.940 0.1428571492
78805  25.667  -21.366  -9.412 0.1428571492
102622  24.295  0.699  -15.134 0.1428571492
105742  23.218  3.619  -15.627 0.1428571492
77576  22.885  -21.973  -7.944 0.2857142985
88829  25.620  -12.313  -11.432 0.2857142985
94242  26.110  -7.498  -12.283 0.1428571492
96311  26.058  -5.370  -13.157 0.1428571492
97378  25.452  -4.363  -13.525 0.1428571492
98478  24.939  -3.012  -14.531 0.1428571492
99530  25.040  -2.107  -14.459 0.1428571492
100564  24.419  -1.328  -14.595 0.1428571492
103642  24.869  2.005  -14.883 0.1428571492
109521  20.935  7.563  -14.308 0.1428571492
88830  24.695  -12.561  -11.222 0.2857142985
77590  25.143  -21.731  -9.343 0.2857142985
87729  25.266  -13.797  -10.695 0.1428571492
104729  24.301  2.687  -15.528 0.1428571492
89926  25.032  -11.389  -11.811 0.1428571492
101624  24.748  -0.331  -14.632 0.1428571492
99531  24.077  -2.388  -14.516 0.1428571492
77575  23.366  -21.931  -8.291 0.1428571492
78760  22.232  -21.436  -7.503 0.1428571492
78786  22.731  -21.291  -8.008 0.1428571492
81297  24.849  -19.486  -9.091 0.1428571492
95216  30.841  -7.056  -9.843 0.1428571492
80058  23.108  -20.381  -8.426 0.1428571492
81282  24.365  -19.333  -8.842 0.1428571492
81296  25.302  -19.423  -9.337 0.1428571492
81283  23.448  -19.457  -8.551 0.1428571492
83584  24.501  -17.849  -9.133 0.1428571492
111279  29.024  8.820  -13.726 0.1428571492
112253  28.975  10.486  -14.246 0.1428571492
83603  24.355  -17.005  -9.163 0.1428571492
110387  29.295  8.231  -13.464 0.1428571492
95215  31.306  -6.471  -9.633 0.1428571492
82451  25.050  -18.310  -9.296 0.1428571492
78784  24.271  -21.174  -8.725 0.1428571492
77559  23.052  -22.551  -7.957 0.1428571492
82434  24.572  -18.370  -9.057 0.1428571492
75076  25.171  -24.005  -7.372 0.1428571492
78783  26.081  -21.784  -9.182 0.1428571492
80040  22.032  -20.905  -7.667 0.1428571492
80055  27.308  -20.714  -9.188 0.2857142985
81281  24.896  -19.071  -8.992 0.1428571492
82433  25.114  -18.736  -9.201 0.1428571492
82446  29.005  -17.604  -9.586 0.2857142985
83613  28.111  -17.321  -10.731 0.5714285970
84675  26.222  -16.629  -9.907 0.4285714328
89958  26.965  -10.510  -11.895 0.5714285970
89959  26.563  -10.517  -12.103 0.5714285970
91046  25.912  -10.257  -12.441 0.2857142985
92159  26.939  -9.798  -12.461 0.7142857313
92161  26.057  -9.959  -12.452 0.2857142985
98440  28.082  -2.871  -12.965 0.7142857313
99479  29.361  -2.154  -11.635 0.8571428657
100506  29.500  -1.561  -11.357 0.8571428657
101557  29.279  -0.661  -11.458 0.8571428657
103623  24.826  1.324  -14.930 0.1428571492
108519  29.601  6.256  -11.931 0.1428571492
111333  25.857  10.087  -17.747 0.5714285970
111342  25.262  9.883  -19.040 0.5714285970
112231  22.712  11.021  -13.691 0.1428571492
112232  22.384  10.877  -13.716 0.1428571492
112304  24.916  10.357  -19.660 0.2857142985
112311  24.627  10.930  -19.950 0.2857142985
112312  24.150  11.109  -20.075 0.2857142985
113212  22.567  11.159  -13.746 0.1428571492
113213  21.980  11.351  -13.409 0.1428571492
113232  22.780  11.245  -13.883 0.1428571492
113263  25.607  11.821  -17.615 0.5714285970
113282  23.307  11.097  -19.333 0.2857142985
113287  24.903  11.213  -19.850 0.2857142985
115193  24.982  12.887  -18.927 0.4285714328
115210  23.438  14.111  -20.397 0.2857142985
116201  21.492  14.951  -15.010 0.1428571492
116263  23.616  14.774  -20.363 0.1428571492
117170  21.669  15.629  -14.659 0.1428571492
117210  25.084  15.526  -17.645 0.1428571492
117217  24.784  15.915  -18.364 0.1428571492
117232  23.224  15.496  -20.623 0.2857142985
117234  21.604  15.736  -20.890 0.1428571492
117241  22.088  15.999  -21.309 0.1428571492
118213  23.146  16.936  -21.401 0.1428571492
119125  25.836  17.269  -17.635 0.1428571492
119140  24.248  17.437  -19.491 0.1428571492
119141  23.805  17.158  -19.933 0.1428571492
119149  23.689  17.508  -20.485 0.1428571492
120081  24.815  18.131  -19.347 0.1428571492
121043  24.335  19.327  -21.096 0.1428571492
121059  21.934  19.862  -22.606 0.1428571492
