#!ascii label  , from subject 3060 vox2ras=TkReg
224
96290  28.796  -5.648  -12.507 0.0000000000
85739  28.013  -15.543  -10.599 0.0000000000
101622  26.175  -0.300  -14.309 0.0000000000
110441  23.833  8.673  -17.796 0.0000000000
83614  27.515  -17.520  -10.435 0.0000000000
105710  27.988  3.505  -13.483 0.0000000000
108555  26.943  6.133  -15.103 0.0000000000
94241  26.944  -7.573  -12.463 0.0000000000
89942  28.236  -10.846  -12.191 0.0000000000
94212  29.360  -7.750  -11.260 0.0000000000
99478  29.723  -2.287  -11.224 0.0000000000
96261  30.296  -5.442  -10.655 0.0000000000
99511  27.778  -2.286  -13.081 0.0000000000
102578  28.410  0.464  -12.551 0.0000000000
108587  24.296  6.998  -16.730 0.0000000000
110415  26.938  8.457  -16.494 0.0000000000
87712  29.358  -13.823  -9.906 0.0000000000
106641  26.528  4.537  -14.856 0.0000000000
107584  25.815  5.461  -15.737 0.0000000000
95261  28.234  -6.658  -12.483 0.0000000000
94239  28.528  -7.734  -12.239 0.0000000000
95246  28.972  -6.856  -11.801 0.0000000000
84686  27.740  -16.518  -10.562 0.0000000000
100546  26.866  -1.229  -13.740 0.0000000000
100527  28.119  -1.465  -12.678 0.0000000000
102579  27.612  0.467  -12.972 0.0000000000
107557  28.445  5.549  -13.722 0.0000000000
106603  28.833  4.229  -12.547 0.0000000000
111328  22.713  9.260  -16.519 0.0000000000
109518  23.348  6.928  -16.023 0.0000000000
110432  24.374  8.265  -17.385 0.0000000000
115187  25.027  13.370  -18.370 0.0000000000
113262  26.090  11.329  -17.181 0.0000000000
111325  26.179  9.615  -17.229 0.0000000000
112285  26.660  10.367  -16.746 0.0000000000
111314  27.397  9.256  -15.989 0.0000000000
91023  29.299  -10.687  -11.239 0.0000000000
89912  28.980  -12.135  -11.026 0.0000000000
82449  26.887  -18.413  -10.025 0.0000000000
103602  26.860  1.410  -13.769 0.0000000000
104707  26.825  2.876  -14.059 0.0000000000
106640  27.383  4.533  -14.306 0.0000000000
108553  28.321  6.441  -14.068 0.0000000000
91059  26.783  -10.181  -12.288 0.0000000000
92144  27.505  -9.461  -12.483 0.0000000000
92142  29.118  -9.579  -12.026 0.0000000000
92113  29.823  -9.512  -10.212 0.0000000000
98438  29.292  -3.516  -11.918 0.0000000000
96274  29.605  -5.595  -11.563 0.0000000000
98421  30.569  -3.746  -10.633 0.0000000000
96291  27.805  -5.453  -13.059 0.0000000000
97376  27.138  -4.118  -13.504 0.0000000000
98458  28.181  -3.949  -13.245 0.0000000000
99494  28.328  -2.389  -12.607 0.0000000000
101558  28.928  -1.116  -11.913 0.0000000000
102554  29.300  0.525  -11.340 0.0000000000
104669  27.878  2.123  -13.034 0.0000000000
104667  29.280  2.384  -12.061 0.0000000000
108572  24.574  6.274  -16.262 0.0000000000
111335  24.814  9.451  -18.472 0.0000000000
110431  25.358  8.679  -17.508 0.0000000000
109532  25.798  8.102  -16.766 0.0000000000
108571  25.511  6.528  -16.078 0.0000000000
109515  27.138  7.462  -15.852 0.0000000000
110401  28.057  8.348  -14.721 0.0000000000
86732  27.500  -14.578  -10.645 0.0000000000
89923  27.446  -11.548  -11.675 0.0000000000
95235  29.745  -6.767  -11.122 0.0000000000
93168  30.111  -8.510  -9.999 0.0000000000
106654  26.022  4.531  -15.567 0.0000000000
81295  26.224  -19.566  -9.701 0.0000000000
84685  28.436  -16.442  -10.528 0.0000000000
101605  26.640  -0.346  -13.841 0.0000000000
101604  27.181  -0.434  -13.308 0.0000000000
102599  26.993  0.492  -13.521 0.0000000000
108540  28.773  6.455  -13.317 0.0000000000
107556  28.747  5.595  -12.921 0.0000000000
111327  23.376  9.301  -17.449 0.0000000000
110434  22.652  8.304  -16.022 0.0000000000
109535  23.343  7.698  -16.144 0.0000000000
112271  26.976  10.629  -15.893 0.0000000000
91011  29.510  -10.513  -10.398 0.0000000000
89911  29.245  -11.523  -10.725 0.0000000000
85740  27.225  -15.569  -10.370 0.0000000000
104708  26.127  2.546  -14.461 0.0000000000
107571  27.127  5.442  -14.740 0.0000000000
107570  27.944  5.514  -14.356 0.0000000000
108554  27.571  6.469  -14.676 0.0000000000
112287  22.935  10.203  -16.913 0.0000000000
92145  26.765  -9.329  -12.459 0.0000000000
93194  27.257  -8.529  -12.475 0.0000000000
94222  29.085  -7.946  -11.927 0.0000000000
93192  28.826  -8.686  -12.197 0.0000000000
93179  29.307  -8.713  -11.631 0.0000000000
92125  29.451  -9.699  -11.180 0.0000000000
93169  29.677  -8.629  -10.830 0.0000000000
83600  26.756  -17.335  -10.045 0.0000000000
99492  29.446  -2.767  -11.606 0.0000000000
97344  29.729  -4.394  -11.562 0.0000000000
98422  29.937  -3.322  -11.123 0.0000000000
96292  26.899  -5.823  -12.870 0.0000000000
99512  27.177  -2.211  -13.695 0.0000000000
98459  27.642  -3.311  -13.318 0.0000000000
98439  28.529  -3.472  -12.716 0.0000000000
101583  27.884  -0.494  -12.789 0.0000000000
101582  28.755  -0.553  -12.250 0.0000000000
101581  29.213  -0.045  -11.898 0.0000000000
102577  29.095  0.543  -12.132 0.0000000000
104690  27.400  2.479  -13.593 0.0000000000
104689  28.109  2.807  -13.171 0.0000000000
105690  29.270  3.492  -12.157 0.0000000000
104647  29.743  2.441  -11.391 0.0000000000
108588  23.743  7.111  -16.517 0.0000000000
108574  22.791  6.248  -16.015 0.0000000000
108573  23.698  6.296  -16.393 0.0000000000
107587  23.208  5.328  -16.220 0.0000000000
108586  24.961  7.003  -16.484 0.0000000000
113275  25.704  11.394  -18.374 0.0000000000
114280  25.233  12.311  -18.742 0.0000000000
111341  25.600  10.141  -18.713 0.0000000000
111334  25.557  9.651  -18.058 0.0000000000
110429  26.537  9.054  -16.823 0.0000000000
110430  26.180  8.749  -17.022 0.0000000000
110416  26.353  8.239  -16.654 0.0000000000
109516  26.261  7.564  -16.234 0.0000000000
108570  26.455  6.498  -15.617 0.0000000000
111301  27.719  9.286  -14.994 0.0000000000
110402  27.584  8.343  -15.624 0.0000000000
87727  26.882  -13.716  -10.876 0.0000000000
91045  27.232  -10.453  -12.110 0.0000000000
89944  26.924  -10.851  -11.821 0.0000000000
89943  27.694  -10.955  -12.071 0.0000000000
88812  28.538  -12.659  -11.087 0.0000000000
87725  28.699  -13.650  -10.561 0.0000000000
96262  29.924  -6.105  -10.868 0.0000000000
105724  25.817  3.556  -15.109 0.0000000000
105739  25.627  4.007  -15.659 0.0000000000
107572  26.445  5.436  -15.246 0.0000000000
94240  27.746  -7.619  -12.414 0.0000000000
82462  27.978  -18.010  -10.653 0.0000000000
82461  28.233  -17.730  -10.524 0.0000000000
83612  28.517  -17.298  -10.404 0.0000000000
100493  29.848  -1.544  -10.827 0.0000000000
99467  30.188  -2.345  -10.642 0.0000000000
99528  26.442  -1.878  -14.160 0.0000000000
100545  27.497  -1.371  -13.251 0.0000000000
106624  28.463  4.541  -13.280 0.0000000000
105691  28.533  3.500  -12.887 0.0000000000
106623  28.880  4.931  -12.585 0.0000000000
109534  24.056  7.734  -16.737 0.0000000000
114275  25.382  12.428  -17.940 0.0000000000
113274  25.977  10.896  -17.908 0.0000000000
112296  26.100  10.467  -17.534 0.0000000000
111324  26.902  9.427  -16.653 0.0000000000
112284  27.191  9.963  -16.226 0.0000000000
112270  27.399  10.231  -15.354 0.0000000000
91024  29.130  -10.883  -11.782 0.0000000000
89922  28.533  -11.485  -11.637 0.0000000000
89921  29.152  -11.192  -11.424 0.0000000000
82450  25.673  -18.517  -9.454 0.0000000000
83601  26.047  -17.516  -9.607 0.0000000000
84687  27.004  -16.533  -10.159 0.0000000000
102620  25.827  0.580  -14.405 0.0000000000
102600  26.452  0.530  -14.037 0.0000000000
103621  26.207  1.462  -14.177 0.0000000000
104691  26.667  2.157  -13.981 0.0000000000
105711  27.353  3.541  -13.941 0.0000000000
105723  26.668  3.600  -14.455 0.0000000000
106625  27.839  4.213  -13.771 0.0000000000
106639  28.091  4.857  -13.953 0.0000000000
91058  27.248  -10.033  -12.365 0.0000000000
91044  27.863  -10.273  -12.328 0.0000000000
93193  28.073  -8.600  -12.444 0.0000000000
92143  28.391  -9.524  -12.373 0.0000000000
91043  28.738  -10.462  -12.184 0.0000000000
91042  29.224  -10.283  -11.758 0.0000000000
97359  29.174  -4.549  -12.331 0.0000000000
96273  29.763  -4.935  -11.047 0.0000000000
97343  30.196  -4.388  -10.922 0.0000000000
98406  30.538  -3.051  -10.503 0.0000000000
97330  30.877  -4.492  -10.397 0.0000000000
95262  27.393  -6.616  -12.611 0.0000000000
96309  27.465  -4.724  -13.332 0.0000000000
97375  27.828  -4.378  -13.360 0.0000000000
97360  28.465  -4.598  -13.008 0.0000000000
99493  28.943  -2.518  -12.059 0.0000000000
100526  28.664  -1.617  -12.191 0.0000000000
100507  29.110  -1.614  -11.774 0.0000000000
101546  29.603  -1.073  -11.053 0.0000000000
101556  29.373  0.017  -10.873 0.0000000000
103601  27.470  1.389  -13.291 0.0000000000
103580  28.089  1.398  -12.751 0.0000000000
104668  28.576  2.453  -12.636 0.0000000000
103579  28.820  1.455  -12.330 0.0000000000
103578  29.320  1.492  -11.717 0.0000000000
107585  24.990  5.419  -16.001 0.0000000000
111336  23.911  9.359  -18.390 0.0000000000
111343  24.419  9.898  -19.138 0.0000000000
110440  24.535  8.888  -17.976 0.0000000000
109533  24.922  7.798  -16.791 0.0000000000
111326  25.862  9.146  -17.499 0.0000000000
109517  25.501  7.436  -16.417 0.0000000000
108569  27.128  6.816  -15.255 0.0000000000
109501  27.545  7.494  -15.043 0.0000000000
109500  28.085  7.408  -14.311 0.0000000000
88827  27.130  -12.233  -11.527 0.0000000000
88826  27.842  -12.379  -11.499 0.0000000000
87746  27.456  -12.776  -11.447 0.0000000000
87726  27.795  -13.435  -11.093 0.0000000000
86731  28.314  -14.563  -10.623 0.0000000000
95234  30.507  -6.652  -10.461 0.0000000000
94211  30.001  -7.647  -10.632 0.0000000000
83613  28.111  -17.321  -10.731 0.0000000000
89958  26.965  -10.510  -11.895 0.0000000000
89959  26.563  -10.517  -12.103 0.0000000000
92159  26.939  -9.798  -12.461 0.0000000000
98440  28.082  -2.871  -12.965 0.0000000000
99479  29.361  -2.154  -11.635 0.0000000000
100506  29.500  -1.561  -11.357 0.0000000000
101557  29.279  -0.661  -11.458 0.0000000000
111333  25.857  10.087  -17.747 0.0000000000
111342  25.262  9.883  -19.040 0.0000000000
113249  26.665  11.373  -16.056 0.0000000000
113263  25.607  11.821  -17.615 0.0000000000
